6498.27365207	0.041459167
6498.27365207267	1.054774284362793
6498.31511123967	1.054814338684082
6498.3565704066705	1.0554189682006836
6498.39802957367	1.0549405813217163
6498.439488740671	1.0542056560516357
6498.48094790767	1.0551178455352783
6498.52240707467	1.054648995399475
6498.56386624167	1.0542924404144287
6498.60532540867	1.0555052757263184
6498.646784575671	1.058168888092041
6498.68824374267	1.0622302293777466
6498.72970290967	1.064604640007019
6498.77116207667	1.062035083770752
6498.81262124367	1.0564090013504028
6498.854080410671	1.0519638061523438
6498.89553957767	1.04939603805542
6498.936998744671	1.050045371055603
6498.97845791167	1.0550222396850586
6499.01991707867	1.0583786964416504
6499.0613762456705	1.0579931735992432
6499.10283541267	1.0584406852722168
6499.144294579671	1.0599501132965088
6499.18575374667	1.062476396560669
6499.22721291367	1.0660605430603027
6499.2686720806705	1.0662680864334106
6499.31013124767	1.0628941059112549
6499.351590414671	1.0595736503601074
6499.39304958167	1.0577239990234375
6499.43450874867	1.0575451850891113
6499.4759679156705	1.0574069023132324
6499.51742708267	1.0595290660858154
6499.558886249671	1.0661063194274902
6499.60034541667	1.070824384689331
6499.64180458367	1.071521282196045
6499.68326375067	1.0702718496322632
6499.72472291767	1.066237211227417
6499.766182084671	1.0624769926071167
6499.80764125167	1.0613887310028076
6499.84910041867	1.0596485137939453
6499.89055958567	1.0571703910827637
6499.93201875267	1.0574208498001099
6499.973477919671	1.058670163154602
6500.01493708667	1.0623447895050049
6500.056396253671	1.072817325592041
6500.09785542067	1.0776112079620361
6500.13931458767	1.0663124322891235
6500.180773754671	1.0554497241973877
6500.22223292167	1.0558534860610962
6500.263692088671	1.0636529922485352
6500.30515125567	1.077047348022461
6500.34661042267	1.086637020111084
6500.3880695896705	1.088822364807129
6500.42952875667	1.086388349533081
6500.470987923671	1.081984043121338
6500.51244709067	1.0795859098434448
6500.55390625767	1.0713155269622803
6500.5953654246705	1.0610548257827759
6500.63682459167	1.0601780414581299
6500.678283758671	1.0625324249267578
6500.71974292567	1.0636311769485474
6500.76120209267	1.064760446548462
6500.8026612596705	1.067553162574768
6500.84412042667	1.0724740028381348
6500.885579593671	1.0754473209381104
6500.92703876067	1.0765275955200195
6500.96849792767	1.0744467973709106
6501.00995709467	1.068120002746582
6501.05141626167	1.0661475658416748
6501.092875428671	1.0693439245224
6501.13433459567	1.0712311267852783
6501.17579376267	1.0710593461990356
6501.21725292967	1.0694129467010498
6501.25871209667	1.0666389465332031
6501.300171263671	1.0623273849487305
6501.34163043067	1.0599757432937622
6501.383089597671	1.0625022649765015
6501.42454876467	1.0658198595046997
6501.46600793167	1.067793607711792
6501.5074670986705	1.0679653882980347
6501.54892626567	1.0658421516418457
6501.590385432671	1.0645668506622314
6501.63184459967	1.0695793628692627
6501.67330376667	1.0771117210388184
6501.7147629336705	1.0763906240463257
6501.75622210067	1.0704176425933838
6501.797681267671	1.068966031074524
6501.83914043467	1.070735216140747
6501.88059960167	1.0702388286590576
6501.9220587686705	1.0685839653015137
6501.96351793567	1.0700719356536865
6502.004977102671	1.07377290725708
6502.04643626967	1.0768451690673828
6502.08789543667	1.0791504383087158
6502.12935460367	1.0809569358825684
6502.17081377067	1.0829932689666748
6502.212272937671	1.085015058517456
6502.25373210467	1.0862661600112915
6502.29519127167	1.0857726335525513
6502.33665043867	1.081627368927002
6502.37810960567	1.0763018131256104
6502.419568772671	1.0726537704467773
6502.46102793967	1.067612886428833
6502.502487106671	1.0604526996612549
6502.54394627367	1.057739496231079
6502.58540544067	1.0618598461151123
6502.6268646076705	1.0666694641113281
6502.66832377467	1.0670905113220215
6502.709782941671	1.0643514394760132
6502.75124210867	1.0643861293792725
6502.79270127567	1.0704163312911987
6502.8341604426705	1.0774881839752197
6502.87561960967	1.0755436420440674
6502.917078776671	1.066476821899414
6502.95853794367	1.064504861831665
6502.99999711067	1.0697871446609497
6503.0414562776705	1.073697566986084
6503.08291544467	1.075716257095337
6503.124374611671	1.0750936269760132
6503.16583377867	1.0734087228775024
6503.20729294567	1.0742683410644531
6503.24875211267	1.0768769979476929
6503.29021127967	1.0796763896942139
6503.331670446671	1.079113483428955
6503.37312961367	1.0750659704208374
6503.41458878067	1.0699286460876465
6503.45604794767	1.0671560764312744
6503.49750711467	1.0710499286651611
6503.538966281671	1.074769139289856
6503.58042544867	1.0700300931930542
6503.621884615671	1.0635673999786377
6503.66334378267	1.0622764825820923
6503.70480294967	1.0639512538909912
6503.746262116671	1.067734718322754
6503.78772128367	1.0711286067962646
6503.829180450671	1.0718438625335693
6503.87063961767	1.069936752319336
6503.91209878467	1.0671935081481934
6503.9535579516705	1.0667433738708496
6503.99501711867	1.0624048709869385
6504.036476285671	1.0531206130981445
6504.07793545267	1.047966480255127
6504.11939461967	1.0505226850509644
6504.1608537866705	1.059689998626709
6504.20231295367	1.0671762228012085
6504.243772120671	1.0662752389907837
6504.28523128767	1.0617895126342773
6504.32669045467	1.0577832460403442
6504.36814962167	1.0584187507629395
6504.40960878867	1.0679352283477783
6504.451067955671	1.0759031772613525
6504.49252712267	1.0733840465545654
6504.53398628967	1.0706275701522827
6504.57544545667	1.0772705078125
6504.61690462367	1.0875308513641357
6504.658363790671	1.0940320491790771
6504.69982295767	1.0970814228057861
6504.74128212467	1.0985016822814941
6504.78274129167	1.0963125228881836
6504.82420045867	1.0886223316192627
6504.865659625671	1.0810003280639648
6504.90711879267	1.0791599750518799
6504.948577959671	1.0809211730957031
6504.99003712667	1.0813055038452148
6505.03149629367	1.0791842937469482
6505.0729554606705	1.0777738094329834
6505.11441462767	1.0793421268463135
6505.155873794671	1.081387996673584
6505.19733296167	1.0798497200012207
6505.23879212867	1.0760746002197266
6505.2802512956705	1.0762367248535156
6505.32171046267	1.0813688039779663
6505.363169629671	1.0844091176986694
6505.40462879667	1.0812996625900269
6505.44608796367	1.0770007371902466
6505.4875471306705	1.0760319232940674
6505.52900629767	1.0767290592193604
6505.570465464671	1.076920509338379
6505.61192463167	1.079116702079773
6505.65338379867	1.0867254734039307
6505.69484296567	1.095489263534546
6505.73630213267	1.0989190340042114
6505.777761299671	1.0971014499664307
6505.81922046667	1.090683937072754
6505.86067963367	1.0826536417007446
6505.90213880067	1.081109881401062
6505.94359796767	1.0860750675201416
6505.985057134671	1.0870726108551025
6506.02651630167	1.080335259437561
6506.067975468671	1.0774929523468018
6506.10943463567	1.08171808719635
6506.15089380267	1.078449010848999
6506.1923529696705	1.0657944679260254
6506.23381213667	1.0600298643112183
6506.275271303671	1.065945029258728
6506.31673047067	1.0734333992004395
6506.35818963767	1.078047513961792
6506.3996488046705	1.0789570808410645
6506.44110797167	1.0777298212051392
6506.482567138671	1.081263542175293
6506.52402630567	1.0893797874450684
6506.56548547267	1.092517614364624
6506.6069446396705	1.087528944015503
6506.64840380667	1.0823335647583008
6506.689862973671	1.0797340869903564
6506.73132214067	1.0769999027252197
6506.77278130767	1.074455738067627
6506.81424047467	1.0704960823059082
6506.85569964167	1.0650289058685303
6506.897158808671	1.0654222965240479
6506.93861797567	1.072028636932373
6506.98007714267	1.076003074645996
6507.02153630967	1.0741736888885498
6507.06299547667	1.0707348585128784
6507.104454643671	1.069519281387329
6507.14591381067	1.069906234741211
6507.187372977671	1.0734522342681885
6507.22883214467	1.0776314735412598
6507.27029131167	1.0777660608291626
6507.311750478671	1.079031229019165
6507.35320964567	1.0823023319244385
6507.394668812671	1.0798580646514893
6507.43612797967	1.0711872577667236
6507.47758714667	1.064313292503357
6507.5190463136705	1.06316077709198
6507.56050548067	1.0646436214447021
6507.601964647671	1.0689380168914795
6507.64342381467	1.0754995346069336
6507.68488298167	1.07718026638031
6507.7263421486705	1.0728352069854736
6507.76780131567	1.066744089126587
6507.809260482671	1.0643362998962402
6507.85071964967	1.0701663494110107
6507.89217881667	1.0791420936584473
6507.93363798367	1.0873045921325684
6507.97509715067	1.0921906232833862
6508.016556317671	1.0877726078033447
6508.05801548467	1.0803277492523193
6508.09947465167	1.0787503719329834
6508.14093381867	1.081037998199463
6508.18239298567	1.0853618383407593
6508.223852152671	1.0880866050720215
6508.26531131967	1.081728458404541
6508.30677048667	1.0705292224884033
6508.34822965367	1.0628111362457275
6508.38968882067	1.0572967529296875
6508.431147987671	1.0528287887573242
6508.47260715467	1.0483226776123047
6508.514066321671	1.0397875308990479
6508.55552548867	1.030994176864624
6508.59698465567	1.0278303623199463
6508.6384438226705	1.0302751064300537
6508.67990298967	1.035938024520874
6508.721362156671	1.0398133993148804
6508.76282132367	1.0431137084960938
6508.80428049067	1.049879550933838
6508.8457396576705	1.0577112436294556
6508.88719882467	1.067667007446289
6508.928657991671	1.08280611038208
6508.97011715867	1.0970277786254883
6509.01157632567	1.1022508144378662
6509.0530354926705	1.100644826889038
6509.09449465967	1.0993032455444336
6509.135953826671	1.1001083850860596
6509.17741299367	1.0970423221588135
6509.21887216067	1.0858529806137085
6509.26033132767	1.0782852172851562
6509.30179049467	1.0830248594284058
6509.343249661671	1.0888726711273193
6509.38470882867	1.0900784730911255
6509.42616799567	1.0942273139953613
6509.46762716267	1.1006379127502441
6509.50908632967	1.1020939350128174
6509.550545496671	1.1001858711242676
6509.59200466367	1.098724126815796
6509.633463830671	1.096618890762329
6509.67492299767	1.0928924083709717
6509.71638216467	1.0873477458953857
6509.7578413316705	1.0854768753051758
6509.79930049867	1.0902245044708252
6509.840759665671	1.0908455848693848
6509.88221883267	1.0846338272094727
6509.92367799967	1.0822986364364624
6509.9651371666705	1.0850704908370972
6510.00659633367	1.0856983661651611
6510.048055500671	1.0827405452728271
6510.08951466767	1.0818519592285156
6510.13097383467	1.08674955368042
6510.1724330016705	1.0901399850845337
6510.21389216867	1.0876891613006592
6510.255351335671	1.0891594886779785
6510.29681050267	1.0944111347198486
6510.33826966967	1.0945582389831543
6510.37972883667	1.0929388999938965
6510.42118800367	1.0916597843170166
6510.462647170671	1.0897908210754395
6510.50410633767	1.0902655124664307
6510.54556550467	1.0891680717468262
6510.58702467167	1.0814614295959473
6510.62848383867	1.0684200525283813
6510.669943005671	1.0615851879119873
6510.71140217267	1.0693061351776123
6510.752861339671	1.078564167022705
6510.79432050667	1.082662582397461
6510.83577967367	1.0853573083877563
6510.8772388406705	1.0845353603363037
6510.91869800767	1.0851736068725586
6510.960157174671	1.0899102687835693
6511.00161634167	1.0917737483978271
6511.04307550867	1.0948843955993652
6511.0845346756705	1.1014034748077393
6511.12599384267	1.1030943393707275
6511.167453009671	1.1024549007415771
6511.20891217667	1.1037206649780273
6511.25037134367	1.1047163009643555
6511.2918305106705	1.103963017463684
6511.33328967767	1.1006500720977783
6511.374748844671	1.0968447923660278
6511.41620801167	1.0977957248687744
6511.45766717867	1.1022238731384277
6511.49912634567	1.1012598276138306
6511.54058551267	1.0921430587768555
6511.582044679671	1.0833992958068848
6511.62350384667	1.0810127258300781
6511.66496301367	1.0820056200027466
6511.70642218067	1.0821433067321777
6511.74788134767	1.0790839195251465
6511.789340514671	1.0713400840759277
6511.83079968167	1.0601983070373535
6511.87225884867	1.0516002178192139
6511.91371801567	1.0484675168991089
6511.95517718267	1.0458626747131348
6511.996636349671	1.0435078144073486
6512.03809551667	1.041515588760376
6512.079554683671	1.0395276546478271
6512.12101385067	1.0440077781677246
6512.16247301767	1.0522494316101074
6512.2039321846705	1.0576143264770508
6512.24539135167	1.0606255531311035
6512.286850518671	1.0619699954986572
6512.32830968567	1.0620578527450562
6512.36976885267	1.064982295036316
6512.4112280196705	1.0699894428253174
6512.45268718667	1.0720343589782715
6512.494146353671	1.0735958814620972
6512.53560552067	1.0779117345809937
6512.57706468767	1.0824170112609863
6512.6185238546705	1.084935188293457
6512.65998302167	1.0858285427093506
6512.701442188671	1.088993787765503
6512.74290135567	1.0959298610687256
6512.78436052267	1.1016957759857178
6512.82581968967	1.1025071144104004
6512.86727885667	1.0988132953643799
6512.908738023671	1.0964398384094238
6512.95019719067	1.0987762212753296
6512.99165635767	1.1001636981964111
6513.03311552467	1.0967621803283691
6513.07457469167	1.0921152830123901
6513.116033858671	1.0906273126602173
6513.15749302567	1.0925476551055908
6513.198952192671	1.094491958618164
6513.24041135967	1.0926268100738525
6513.28187052667	1.0868518352508545
6513.3233296936705	1.0822701454162598
6513.36478886067	1.0812463760375977
6513.406248027671	1.0809435844421387
6513.44770719467	1.0808011293411255
6513.48916636167	1.0815510749816895
6513.5306255286705	1.082249641418457
6513.57208469567	1.0825951099395752
6513.613543862671	1.0838658809661865
6513.65500302967	1.0858904123306274
6513.69646219667	1.0860342979431152
6513.7379213636705	1.084122657775879
6513.77938053067	1.080923318862915
6513.820839697671	1.0769100189208984
6513.86229886467	1.0760231018066406
6513.90375803167	1.079941749572754
6513.94521719867	1.08231520652771
6513.98667636567	1.078309416770935
6514.028135532671	1.073981523513794
6514.06959469967	1.0736192464828491
6514.11105386667	1.0714519023895264
6514.15251303367	1.0656144618988037
6514.19397220067	1.0623384714126587
6514.235431367671	1.0623722076416016
6514.27689053467	1.0617595911026
6514.318349701671	1.0610735416412354
6514.35980886867	1.0592036247253418
6514.40126803567	1.0534796714782715
6514.4427272026705	1.0425175428390503
6514.48418636967	1.0247563123703003
6514.525645536671	1.007958173751831
6514.56710470367	0.9996139407157898
6514.60856387067	0.9956286549568176
6514.6500230376705	0.9887008666992188
6514.69148220467	0.9796603918075562
6514.732941371671	0.9749541282653809
6514.77440053867	0.9781346321105957
6514.81585970567	0.990835428237915
6514.8573188726705	1.0041171312332153
6514.89877803967	1.0115642547607422
6514.940237206671	1.0202641487121582
6514.98169637367	1.0344243049621582
6515.02315554067	1.048548936843872
6515.06461470767	1.060236930847168
6515.10607387467	1.0666664838790894
6515.147533041671	1.0669567584991455
6515.18899220867	1.0673747062683105
6515.23045137567	1.0687389373779297
6515.27191054267	1.073300838470459
6515.31336970967	1.082849144935608
6515.354828876671	1.0870217084884644
6515.39628804367	1.0828971862792969
6515.43774721067	1.0813286304473877
6515.47920637767	1.0826869010925293
6515.52066554467	1.0809459686279297
6515.562124711671	1.0752828121185303
6515.60358387867	1.069238543510437
6515.645043045671	1.0644569396972656
6515.68650221267	1.060485601425171
6515.72796137967	1.0560688972473145
6515.7694205466705	1.0515393018722534
6515.81087971367	1.0478307008743286
6515.852338880671	1.0444600582122803
6515.89379804767	1.0441606044769287
6515.93525721467	1.0488218069076538
6515.9767163816705	1.0557551383972168
6516.01817554867	1.0585370063781738
6516.059634715671	1.057086706161499
6516.10109388267	1.0564969778060913
6516.14255304967	1.055065393447876
6516.18401221667	1.0485336780548096
6516.22547138367	1.0383210182189941
6516.266930550671	1.0252372026443481
6516.30838971767	1.0032379627227783
6516.34984888467	0.9786564111709595
6516.39130805167	0.9578186273574829
6516.43276721867	0.9406313300132751
6516.474226385671	0.9276463389396667
6516.51568555267	0.9207379817962646
6516.55714471967	0.921151876449585
6516.59860388667	0.9233262538909912
6516.64006305367	0.9280539751052856
6516.681522220671	0.9365925788879395
6516.72298138767	0.9498076438903809
6516.764440554671	0.9661704301834106
6516.80589972167	0.9833850860595703
6516.84735888867	0.9965074062347412
6516.8888180556705	1.0010051727294922
6516.93027722267	1.003188133239746
6516.971736389671	1.0101649761199951
6517.01319555667	1.0174994468688965
6517.05465472367	1.0203111171722412
6517.0961138906705	1.0248451232910156
6517.13757305767	1.0325102806091309
6517.179032224671	1.0385547876358032
6517.22049139167	1.0487415790557861
6517.26195055867	1.0605183839797974
6517.3034097256705	1.0601555109024048
6517.34486889267	1.056727647781372
6517.386328059671	1.0644015073776245
6517.42778722667	1.0752002000808716
6517.46924639367	1.083791971206665
6517.51070556067	1.0913504362106323
6517.55216472767	1.0949623584747314
6517.593623894671	1.0950958728790283
6517.63508306167	1.091356635093689
6517.67654222867	1.0856800079345703
6517.71800139567	1.0806894302368164
6517.75946056267	1.0739914178848267
6517.800919729671	1.0631440877914429
6517.84237889667	1.052372694015503
6517.883838063671	1.0466113090515137
6517.92529723067	1.045370101928711
6517.96675639767	1.047159194946289
6518.0082155646705	1.0491690635681152
6518.04967473167	1.048168420791626
6518.091133898671	1.045734167098999
6518.13259306567	1.0453567504882812
6518.17405223267	1.04658842086792
6518.2155113996705	1.0495525598526
6518.25697056667	1.0556385517120361
6518.298429733671	1.0626020431518555
6518.33988890067	1.067357063293457
6518.38134806767	1.0722836256027222
6518.4228072346705	1.0801420211791992
6518.46426640167	1.0894360542297363
6518.505725568671	1.093543291091919
6518.54718473567	1.0887765884399414
6518.58864390267	1.084244728088379
6518.63010306967	1.0850253105163574
6518.67156223667	1.085428237915039
6518.713021403671	1.083014726638794
6518.75448057067	1.0806360244750977
6518.79593973767	1.0804696083068848
6518.83739890467	1.079694151878357
6518.87885807167	1.0745923519134521
6518.920317238671	1.0679842233657837
6518.96177640567	1.0630682706832886
6519.00323557267	1.060738205909729
6519.04469473967	1.0644919872283936
6519.08615390667	1.0710890293121338
6519.127613073671	1.0698453187942505
6519.16907224067	1.0598187446594238
6519.210531407671	1.047917127609253
6519.25199057467	1.0369623899459839
6519.29344974167	1.0271706581115723
6519.3349089086705	1.0216050148010254
6519.37636807567	1.0241496562957764
6519.417827242671	1.0316033363342285
6519.45928640967	1.0358819961547852
6519.50074557667	1.0322353839874268
6519.5422047436705	1.0236501693725586
6519.58366391067	1.018254280090332
6519.625123077671	1.0183560848236084
6519.66658224467	1.0219142436981201
6519.70804141167	1.030991554260254
6519.74950057867	1.0428637266159058
6519.79095974567	1.0508041381835938
6519.832418912671	1.058284044265747
6519.87387807967	1.0695244073867798
6519.91533724667	1.0805490016937256
6519.95679641367	1.087769627571106
6519.99825558067	1.0917524099349976
6520.039714747671	1.0928289890289307
6520.08117391467	1.0902208089828491
6520.12263308167	1.0857959985733032
6520.16409224867	1.0824477672576904
6520.20555141567	1.081312656402588
6520.247010582671	1.0812835693359375
6520.28846974967	1.0812296867370605
6520.329928916671	1.080986738204956
6520.37138808367	1.080862045288086
6520.41284725067	1.0817230939865112
6520.4543064176705	1.0834635496139526
6520.49576558467	1.0838649272918701
6520.537224751671	1.08116614818573
6520.57868391867	1.078138828277588
6520.62014308567	1.0786668062210083
6520.6616022526705	1.0806608200073242
6520.70306141967	1.0813677310943604
6520.744520586671	1.083085536956787
6520.78597975367	1.0835694074630737
6520.82743892067	1.0795607566833496
6520.8688980876705	1.0777289867401123
6520.91035725467	1.0815120935440063
6520.951816421671	1.0849665403366089
6520.99327558867	1.08712637424469
6521.03473475567	1.0903635025024414
6521.07619392267	1.0918283462524414
6521.11765308967	1.0922300815582275
6521.159112256671	1.095600962638855
6521.20057142367	1.0969475507736206
6521.24203059067	1.0904796123504639
6521.28348975767	1.0828931331634521
6521.32494892467	1.0804424285888672
6521.366408091671	1.0817174911499023
6521.40786725867	1.0860090255737305
6521.449326425671	1.0872082710266113
6521.49078559267	1.0803747177124023
6521.53224475967	1.0769906044006348
6521.5737039266705	1.0827100276947021
6521.61516309367	1.0858378410339355
6521.656622260671	1.082524061203003
6521.69808142767	1.0797452926635742
6521.73954059467	1.0797146558761597
6521.7809997616705	1.0805535316467285
6521.82245892867	1.0826082229614258
6521.863918095671	1.085797905921936
6521.90537726267	1.0890095233917236
6521.94683642967	1.0897891521453857
6521.9882955966705	1.085017442703247
6522.02975476367	1.0755484104156494
6522.071213930671	1.0654003620147705
6522.11267309767	1.0624734163284302
6522.15413226467	1.0660068988800049
6522.19559143167	1.0657336711883545
6522.23705059867	1.061254620552063
6522.278509765671	1.0618045330047607
6522.31996893267	1.0712047815322876
6522.36142809967	1.0803272724151611
6522.40288726667	1.085230827331543
6522.44434643367	1.0880014896392822
6522.485805600671	1.087029218673706
6522.52726476767	1.081812858581543
6522.56872393467	1.0748648643493652
6522.61018310167	1.0726394653320312
6522.65164226867	1.071689248085022
6522.6931014356705	1.072317123413086
6522.73456060267	1.0834567546844482
6522.776019769671	1.093068242073059
6522.81747893667	1.089827299118042
6522.85893810367	1.0817750692367554
6522.9003972706705	1.0778038501739502
6522.94185643767	1.080522894859314
6522.983315604671	1.0852773189544678
6523.02477477167	1.0855642557144165
6523.06623393867	1.0802561044692993
6523.1076931056705	1.0741100311279297
6523.14915227267	1.0703198909759521
6523.190611439671	1.0694466829299927
6523.23207060667	1.0698473453521729
6523.27352977367	1.0690217018127441
6523.31498894067	1.067979335784912
6523.35644810767	1.066472053527832
6523.397907274671	1.0655068159103394
6523.43936644167	1.0663599967956543
6523.48082560867	1.065093994140625
6523.52228477567	1.0553250312805176
6523.56374394267	1.035891056060791
6523.605203109671	1.0207537412643433
6523.64666227667	1.0178825855255127
6523.68812144367	1.0190058946609497
6523.72958061067	1.01803457736969
6523.77103977767	1.014251470565796
6523.812498944671	1.0067514181137085
6523.85395811167	1.0009887218475342
6523.895417278671	1.0037879943847656
6523.93687644567	1.0099446773529053
6523.97833561267	1.0191032886505127
6524.0197947796705	1.0289087295532227
6524.06125394667	1.0331602096557617
6524.102713113671	1.0379998683929443
6524.14417228067	1.0486838817596436
6524.18563144767	1.0604928731918335
6524.2270906146705	1.0701618194580078
6524.26854978167	1.0743937492370605
6524.310008948671	1.0751187801361084
6524.35146811567	1.0771865844726562
6524.39292728267	1.0769881010055542
6524.4343864496705	1.0727989673614502
6524.47584561667	1.0690357685089111
6524.517304783671	1.0687637329101562
6524.55876395067	1.0697941780090332
6524.60022311767	1.0710530281066895
6524.64168228467	1.072462797164917
6524.68314145167	1.0734062194824219
6524.724600618671	1.071662187576294
6524.76605978567	1.0694618225097656
6524.80751895267	1.076236367225647
6524.84897811967	1.0859520435333252
6524.89043728667	1.0857326984405518
6524.931896453671	1.0810222625732422
6524.97335562067	1.079679250717163
6525.014814787671	1.0793678760528564
6525.05627395467	1.0769749879837036
6525.09773312167	1.0756425857543945
6525.1391922886705	1.0771458148956299
6525.18065145567	1.0801020860671997
6525.222110622671	1.0815948247909546
6525.26356978967	1.079451322555542
6525.30502895667	1.0796642303466797
6525.3464881236705	1.0848380327224731
6525.38794729067	1.0888670682907104
6525.429406457671	1.0868353843688965
6525.47086562467	1.0801308155059814
6525.51232479167	1.0759596824645996
6525.5537839586705	1.0797920227050781
6525.59524312567	1.0855319499969482
6525.636702292671	1.0852612257003784
6525.67816145967	1.0827844142913818
6525.71962062667	1.0824836492538452
6525.76107979367	1.0831478834152222
6525.80253896067	1.084470272064209
6525.843998127671	1.0845534801483154
6525.88545729467	1.0806461572647095
6525.92691646167	1.0757020711898804
6525.96837562867	1.0734410285949707
6526.00983479567	1.0745136737823486
6526.051293962671	1.0737278461456299
6526.09275312967	1.0693213939666748
6526.13421229667	1.0681483745574951
6526.17567146367	1.0689854621887207
6526.21713063067	1.0685943365097046
6526.2585897976705	1.0698745250701904
6526.30004896467	1.07095205783844
6526.341508131671	1.0710170269012451
6526.38296729867	1.077540636062622
6526.42442646567	1.085179090499878
6526.4658856326705	1.0810859203338623
6526.50734479967	1.0745251178741455
6526.548803966671	1.0741713047027588
6526.59026313367	1.0730981826782227
6526.63172230067	1.0721877813339233
6526.6731814676705	1.073674201965332
6526.71464063467	1.0747084617614746
6526.756099801671	1.0758328437805176
6526.79755896867	1.07743239402771
6526.83901813567	1.0775889158248901
6526.88047730267	1.074074625968933
6526.92193646967	1.0700100660324097
6526.963395636671	1.0709819793701172
6527.00485480367	1.07496976852417
6527.04631397067	1.0773346424102783
6527.08777313767	1.0771498680114746
6527.12923230467	1.0758824348449707
6527.170691471671	1.0775747299194336
6527.21215063867	1.0870387554168701
6527.25360980567	1.0962347984313965
6527.29506897267	1.0902330875396729
6527.33652813967	1.0781168937683105
6527.377987306671	1.0737416744232178
6527.41944647367	1.0720819234848022
6527.460905640671	1.0709936618804932
6527.50236480767	1.0714879035949707
6527.54382397467	1.0691947937011719
6527.5852831416705	1.0655009746551514
6527.62674230867	1.0668452978134155
6527.668201475671	1.070824384689331
6527.70966064267	1.0740305185317993
6527.75111980967	1.0789146423339844
6527.7925789766705	1.0815157890319824
6527.83403814367	1.079594373703003
6527.875497310671	1.07889723777771
6527.91695647767	1.081413984298706
6527.95841564467	1.0865014791488647
6527.99987481167	1.0909881591796875
6528.04133397867	1.091494083404541
6528.082793145671	1.0872581005096436
6528.12425231267	1.0799429416656494
6528.16571147967	1.0759251117706299
6528.20717064667	1.0762417316436768
6528.24862981367	1.0770506858825684
6528.290088980671	1.076702356338501
6528.33154814767	1.0762245655059814
6528.37300731467	1.077868103981018
6528.41446648167	1.0798554420471191
6528.45592564867	1.0780044794082642
6528.497384815671	1.072908639907837
6528.53884398267	1.0678558349609375
6528.580303149671	1.0665994882583618
6528.62176231667	1.072706937789917
6528.66322148367	1.0799472332000732
6528.7046806506705	1.0828895568847656
6528.74613981767	1.0844465494155884
6528.787598984671	1.0843759775161743
6528.82905815167	1.0822036266326904
6528.87051731867	1.077423334121704
6528.9119764856705	1.070652961730957
6528.95343565267	1.0655591487884521
6528.994894819671	1.0659629106521606
6529.03635398667	1.0732533931732178
6529.07781315367	1.0801377296447754
6529.1192723206705	1.0807085037231445
6529.16073148767	1.0794695615768433
6529.202190654671	1.080634355545044
6529.24364982167	1.079880952835083
6529.28510898867	1.0742409229278564
6529.32656815567	1.0703117847442627
6529.36802732267	1.0736749172210693
6529.409486489671	1.0798611640930176
6529.45094565667	1.0828663110733032
6529.49240482367	1.0819010734558105
6529.53386399067	1.079061508178711
6529.57532315767	1.0762815475463867
6529.616782324671	1.071881890296936
6529.65824149167	1.0682042837142944
6529.69970065867	1.068929672241211
6529.74115982567	1.0716562271118164
6529.78261899267	1.0735161304473877
6529.8240781596705	1.0728117227554321
6529.86553732667	1.067295789718628
6529.906996493671	1.0610136985778809
6529.94845566067	1.061967372894287
6529.98991482767	1.0660333633422852
6530.0313739946705	1.0651991367340088
6530.07283316167	1.0618369579315186
6530.114292328671	1.0628429651260376
6530.15575149567	1.0659884214401245
6530.19721066267	1.063687801361084
6530.2386698296705	1.061038613319397
6530.28012899667	1.063011884689331
6530.321588163671	1.0636765956878662
6530.36304733067	1.0635240077972412
6530.40450649767	1.064798355102539
6530.44596566467	1.0653266906738281
6530.48742483167	1.0654819011688232
6530.528883998671	1.0640450716018677
6530.57034316567	1.0594863891601562
6530.61180233267	1.053081750869751
6530.65326149967	1.0487885475158691
6530.69472066667	1.0479321479797363
6530.736179833671	1.0487028360366821
6530.77763900067	1.0535378456115723
6530.81909816767	1.0602936744689941
6530.86055733467	1.0629820823669434
6530.90201650167	1.0614478588104248
6530.9434756686705	1.0589005947113037
6530.98493483567	1.0589532852172852
6531.026394002671	1.058870792388916
6531.06785316967	1.0567234754562378
6531.10931233667	1.0597188472747803
6531.1507715036705	1.066422700881958
6531.19223067067	1.0673410892486572
6531.233689837671	1.0646824836730957
6531.27514900467	1.0652666091918945
6531.31660817167	1.0659184455871582
6531.3580673386705	1.0638844966888428
6531.39952650567	1.0640077590942383
6531.440985672671	1.0684125423431396
6531.48244483967	1.071779489517212
6531.52390400667	1.0708928108215332
6531.56536317367	1.0701556205749512
6531.60682234067	1.0698604583740234
6531.648281507671	1.0660442113876343
6531.68974067467	1.0606770515441895
6531.73119984167	1.0601145029067993
6531.77265900867	1.0653643608093262
6531.81411817567	1.068027138710022
6531.855577342671	1.064413070678711
6531.89703650967	1.0601519346237183
6531.93849567667	1.057466745376587
6531.97995484367	1.055506706237793
6532.02141401067	1.0515179634094238
6532.062873177671	1.042770266532898
6532.10433234467	1.0311098098754883
6532.145791511671	1.0217002630233765
6532.18725067867	1.0164227485656738
6532.22870984567	1.0122079849243164
6532.2701690126705	1.0093415975570679
6532.31162817967	1.0087014436721802
6532.353087346671	1.0069758892059326
6532.39454651367	1.003305435180664
6532.43600568067	1.000341773033142
6532.4774648476705	1.0006086826324463
6532.51892401467	1.005544900894165
6532.560383181671	1.010892629623413
6532.60184234867	1.0159614086151123
6532.64330151567	1.0244721174240112
6532.6847606826705	1.0337828397750854
6532.72621984967	1.040137529373169
6532.767679016671	1.0446279048919678
6532.80913818367	1.048813819885254
6532.85059735067	1.0530314445495605
6532.89205651767	1.0552434921264648
6532.93351568467	1.0543665885925293
6532.974974851671	1.0563888549804688
6533.01643401867	1.061793565750122
6533.05789318567	1.0631098747253418
6533.09935235267	1.0587905645370483
6533.14081151967	1.0545730590820312
6533.182270686671	1.0552911758422852
6533.22372985367	1.059790849685669
6533.26518902067	1.0623384714126587
6533.30664818767	1.0607073307037354
6533.34810735467	1.0605690479278564
6533.3895665216705	1.0638998746871948
6533.43102568867	1.0651531219482422
6533.472484855671	1.0624521970748901
6533.51394402267	1.0604512691497803
6533.55540318967	1.0615382194519043
6533.5968623566705	1.0588150024414062
6533.63832152367	1.0507947206497192
6533.679780690671	1.0455563068389893
6533.72123985767	1.045135736465454
6533.76269902467	1.0457055568695068
6533.8041581916705	1.0413305759429932
6533.84561735867	1.030924916267395
6533.887076525671	1.024001121520996
6533.92853569267	1.020811676979065
6533.96999485967	1.0169956684112549
6534.01145402667	1.0160706043243408
6534.05291319367	1.0161088705062866
6534.094372360671	1.0129274129867554
6534.13583152767	1.0084607601165771
6534.17729069467	1.010136365890503
6534.21874986167	1.017808437347412
6534.26020902867	1.0257383584976196
6534.301668195671	1.0316107273101807
6534.34312736267	1.0340776443481445
6534.38458652967	1.0365691184997559
6534.42604569667	1.0417518615722656
6534.46750486367	1.044668197631836
6534.5089640306705	1.043363094329834
6534.55042319767	1.0432887077331543
6534.591882364671	1.0467267036437988
6534.63334153167	1.0513620376586914
6534.67480069867	1.052748203277588
6534.7162598656705	1.0480217933654785
6534.75771903267	1.0430800914764404
6534.799178199671	1.0426816940307617
6534.84063736667	1.0426212549209595
6534.88209653367	1.0413082838058472
6534.9235557006705	1.0408127307891846
6534.96501486767	1.043548822402954
6535.006474034671	1.0517873764038086
6535.04793320167	1.0584423542022705
6535.08939236867	1.0549578666687012
6535.13085153567	1.046783685684204
6535.17231070267	1.0430898666381836
6535.213769869671	1.0471489429473877
6535.25522903667	1.0584814548492432
6535.29668820367	1.06572425365448
6535.33814737067	1.0577387809753418
6535.37960653767	1.0468950271606445
6535.421065704671	1.0482170581817627
6535.46252487167	1.0534074306488037
6535.50398403867	1.053741455078125
6535.54544320567	1.0517606735229492
6535.58690237267	1.0476932525634766
6535.628361539671	1.0463643074035645
6535.66982070667	1.0496397018432617
6535.711279873671	1.0508828163146973
6535.75273904067	1.0526697635650635
6535.79419820767	1.0571342706680298
6535.8356573746705	1.0590579509735107
6535.87711654167	1.057621717453003
6535.918575708671	1.0558772087097168
6535.96003487567	1.0545978546142578
6536.00149404267	1.0517957210540771
6536.0429532096705	1.0493613481521606
6536.08441237667	1.051835060119629
6536.125871543671	1.0547232627868652
6536.16733071067	1.0503664016723633
6536.20878987767	1.0435807704925537
6536.25024904467	1.0395578145980835
6536.29170821167	1.0373634099960327
6536.333167378671	1.0371687412261963
6536.37462654567	1.0399774312973022
6536.41608571267	1.0449761152267456
6536.45754487967	1.0444426536560059
6536.49900404667	1.0366607904434204
6536.540463213671	1.032833456993103
6536.58192238067	1.0363879203796387
6536.62338154767	1.03984797000885
6536.66484071467	1.0414153337478638
6536.70629988167	1.0367494821548462
6536.747759048671	1.0228121280670166
6536.78921821567	1.0174161195755005
6536.83067738267	1.026062250137329
6536.87213654967	1.0326590538024902
6536.91359571667	1.0324985980987549
6536.9550548836705	1.031601905822754
6536.99651405067	1.040372371673584
6537.037973217671	1.0536181926727295
6537.07943238467	1.0592381954193115
6537.12089155167	1.0596296787261963
6537.1623507186705	1.0561413764953613
6537.20380988567	1.0510425567626953
6537.245269052671	1.0482008457183838
6537.28672821967	1.0464503765106201
6537.32818738667	1.0432567596435547
6537.3696465536705	1.042517900466919
6537.41110572067	1.0477478504180908
6537.452564887671	1.0489096641540527
6537.49402405467	1.043052077293396
6537.53548322167	1.0423107147216797
6537.57694238867	1.0501573085784912
6537.61840155567	1.0572199821472168
6537.659860722671	1.056421160697937
6537.70131988967	1.0523868799209595
6537.74277905667	1.0501086711883545
6537.78423822367	1.0493199825286865
6537.82569739067	1.0495131015777588
6537.867156557671	1.0474034547805786
6537.90861572467	1.0435432195663452
6537.95007489167	1.0410192012786865
6537.99153405867	1.037215232849121
6538.03299322567	1.03733491897583
6538.0744523926705	1.0467593669891357
6538.11591155967	1.0534136295318604
6538.157370726671	1.0495226383209229
6538.19882989367	1.0437877178192139
6538.24028906067	1.0431761741638184
6538.2817482276705	1.0460323095321655
6538.32320739467	1.0488662719726562
6538.364666561671	1.049617052078247
6538.40612572867	1.050584077835083
6538.44758489567	1.052847146987915
6538.4890440626705	1.0519380569458008
6538.53050322967	1.048060655593872
6538.571962396671	1.0471131801605225
6538.61342156367	1.0494716167449951
6538.65488073067	1.05006742477417
6538.69633989767	1.048358678817749
6538.73779906467	1.044927954673767
6538.779258231671	1.0426039695739746
6538.82071739867	1.044384241104126
6538.86217656567	1.0473968982696533
6538.90363573267	1.0532538890838623
6538.94509489967	1.0608725547790527
6538.986554066671	1.065824270248413
6539.02801323367	1.0644221305847168
6539.06947240067	1.0551773309707642
6539.11093156767	1.0502569675445557
6539.15239073467	1.0570591688156128
6539.193849901671	1.0645934343338013
6539.23530906867	1.0626122951507568
6539.276768235671	1.0554906129837036
6539.31822740267	1.0526349544525146
6539.35968656967	1.0516059398651123
6539.4011457366705	1.0447759628295898
6539.44260490367	1.0395580530166626
6539.484064070671	1.0447486639022827
6539.52552323767	1.052769660949707
6539.56698240467	1.0561277866363525
6539.6084415716705	1.0561821460723877
6539.64990073867	1.0574924945831299
6539.691359905671	1.0563106536865234
6539.73281907267	1.04766845703125
6539.77427823967	1.0394024848937988
6539.81573740667	1.035128116607666
6539.85719657367	1.0351876020431519
6539.898655740671	1.0392593145370483
6539.94011490767	1.0398751497268677
6539.98157407467	1.0377085208892822
6540.02303324167	1.0411343574523926
6540.06449240867	1.0500690937042236
6540.105951575671	1.0527886152267456
6540.14741074267	1.0459201335906982
6540.18886990967	1.0427014827728271
6540.23032907667	1.045562744140625
6540.27178824367	1.0447195768356323
6540.313247410671	1.0410100221633911
6540.35470657767	1.037269949913025
6540.39616574467	1.031601905822754
6540.43762491167	1.0276341438293457
6540.47908407867	1.029547095298767
6540.5205432456705	1.0365949869155884
6540.56200241267	1.045728087425232
6540.603461579671	1.0483720302581787
6540.64492074667	1.0414130687713623
6540.68637991367	1.0375280380249023
6540.7278390806705	1.0421319007873535
6540.76929824767	1.0457496643066406
6540.810757414671	1.0456476211547852
6540.85221658167	1.0447276830673218
6540.89367574867	1.0422840118408203
6540.9351349156705	1.0404226779937744
6540.97659408267	1.040769100189209
6541.018053249671	1.042788028717041
6541.05951241667	1.0466148853302002
6541.10097158367	1.0509161949157715
6541.14243075067	1.054620385169983
6541.18388991767	1.0537046194076538
6541.225349084671	1.04715096950531
6541.26680825167	1.043563723564148
6541.30826741867	1.0453689098358154
6541.34972658567	1.0453312397003174
6541.39118575267	1.0401562452316284
6541.432644919671	1.0320565700531006
6541.47410408667	1.0260415077209473
6541.51556325367	1.0247008800506592
6541.55702242067	1.0261904001235962
6541.59848158767	1.0328449010849
6541.6399407546705	1.043806791305542
6541.68139992167	1.0494236946105957
6541.722859088671	1.047461748123169
6541.76431825567	1.042175531387329
6541.80577742267	1.036522388458252
6541.8472365896705	1.0338680744171143
6541.88869575667	1.033376693725586
6541.930154923671	1.0313341617584229
6541.97161409067	1.0272526741027832
6542.01307325767	1.0221428871154785
6542.0545324246705	1.0184476375579834
6542.09599159167	1.0203182697296143
6542.137450758671	1.0245760679244995
6542.17890992567	1.0222843885421753
6542.22036909267	1.014225721359253
6542.26182825967	1.008730173110962
6542.30328742667	1.0058189630508423
6542.344746593671	1.00174880027771
6542.38620576067	0.9988404512405396
6542.42766492767	1.0014054775238037
6542.46912409467	1.0078181028366089
6542.51058326167	1.0103611946105957
6542.552042428671	1.0102505683898926
6542.59350159567	1.0158971548080444
6542.63496076267	1.024409294128418
6542.67641992967	1.029367208480835
6542.71787909667	1.0314853191375732
6542.7593382636705	1.0321166515350342
6542.80079743067	1.0313384532928467
6542.842256597671	1.0288338661193848
6542.88371576467	1.0265223979949951
6542.92517493167	1.0259370803833008
6542.9666340986705	1.0252070426940918
6543.00809326567	1.0237267017364502
6543.049552432671	1.0231250524520874
6543.09101159967	1.0253087282180786
6543.13247076667	1.0288560390472412
6543.1739299336705	1.0305941104888916
6543.21538910067	1.0306451320648193
6543.256848267671	1.0299944877624512
6543.29830743467	1.0286016464233398
6543.33976660167	1.0258082151412964
6543.38122576867	1.0220885276794434
6543.42268493567	1.0206466913223267
6543.464144102671	1.0233265161514282
6543.50560326967	1.0283081531524658
6543.54706243667	1.0301897525787354
6543.58852160367	1.0218377113342285
6543.62998077067	1.0032579898834229
6543.671439937671	0.9804829359054565
6543.71289910467	0.9629848003387451
6543.75435827167	0.9553407430648804
6543.79581743867	0.9525507688522339
6543.83727660567	0.9533974528312683
6543.878735772671	0.9560081958770752
6543.92019493967	0.9553810358047485
6543.96165410667	0.9541652202606201
6544.00311327367	0.9580215811729431
6544.04457244067	0.9655320644378662
6544.0860316076705	0.972113847732544
6544.12749077467	0.97628253698349
6544.168949941671	0.982869565486908
6544.21040910867	0.9960360527038574
6544.25186827567	1.012449026107788
6544.2933274426705	1.0210187435150146
6544.33478660967	1.0161185264587402
6544.376245776671	1.0091735124588013
6544.41770494367	1.010080099105835
6544.45916411067	1.0155636072158813
6544.5006232776705	1.02457594871521
6544.54208244467	1.034207820892334
6544.583541611671	1.0347501039505005
6544.62500077867	1.0313262939453125
6544.66645994567	1.0326619148254395
6544.70791911267	1.0330445766448975
6544.74937827967	1.0292465686798096
6544.790837446671	1.0270662307739258
6544.83229661367	1.0279254913330078
6544.87375578067	1.0299320220947266
6544.91521494767	1.0317226648330688
6544.95667411467	1.031280279159546
6544.998133281671	1.0316109657287598
6545.03959244867	1.0359562635421753
6545.08105161567	1.042928695678711
6545.12251078267	1.0451321601867676
6545.16396994967	1.0384678840637207
6545.2054291166705	1.0327582359313965
6545.24688828367	1.031256079673767
6545.288347450671	1.0303173065185547
6545.32980661767	1.031463623046875
6545.37126578467	1.0319706201553345
6545.4127249516705	1.0243096351623535
6545.45418411867	1.0140706300735474
6545.495643285671	1.0133039951324463
6545.53710245267	1.0160138607025146
6545.57856161967	1.013063907623291
6545.6200207866705	1.0089683532714844
6545.66147995367	1.0065950155258179
6545.702939120671	1.0026202201843262
6545.74439828767	0.9951127171516418
6545.78585745467	0.9903496503829956
6545.82731662167	0.9935591220855713
6545.86877578867	0.9983460903167725
6545.910234955671	1.0011142492294312
6545.95169412267	1.0037696361541748
6545.99315328967	1.0083987712860107
6546.03461245667	1.0110461711883545
6546.07607162367	1.0100023746490479
6546.117530790671	1.0105762481689453
6546.15898995767	1.0098917484283447
6546.20044912467	1.0091007947921753
6546.24190829167	1.0139307975769043
6546.28336745867	1.0172189474105835
6546.3248266256705	1.0156047344207764
6546.36628579267	1.0140217542648315
6546.407744959671	1.0128014087677002
6546.44920412667	1.0123012065887451
6546.49066329367	1.0123603343963623
6546.5321224606705	1.0116091966629028
6546.57358162767	1.0113513469696045
6546.615040794671	1.0111281871795654
6546.65649996167	1.0065406560897827
6546.69795912867	0.9987134337425232
6546.7394182956705	0.9965554475784302
6546.78087746267	1.003692865371704
6546.822336629671	1.014030933380127
6546.86379579667	1.0178067684173584
6546.90525496367	1.0107929706573486
6546.94671413067	1.0001709461212158
6546.98817329767	0.9948306679725647
6547.029632464671	0.9949021339416504
6547.07109163167	0.9970589876174927
6547.11255079867	1.0019285678863525
6547.15400996567	1.0099608898162842
6547.19546913267	1.016703724861145
6547.236928299671	1.0180222988128662
6547.27838746667	1.0141258239746094
6547.31984663367	1.00889253616333
6547.36130580067	1.0043141841888428
6547.40276496767	0.9987409114837646
6547.444224134671	0.9931707978248596
6547.48568330167	0.9878820776939392
6547.52714246867	0.9795013070106506
6547.56860163567	0.9691946506500244
6547.61006080267	0.9662951827049255
6547.6515199696705	0.9713574647903442
6547.69297913667	0.9767261147499084
6547.734438303671	0.982006311416626
6547.77589747067	0.9861848950386047
6547.81735663767	0.9857826828956604
6547.8588158046705	0.98243647813797
6547.90027497167	0.9828108549118042
6547.941734138671	0.9914632439613342
6547.98319330567	1.0017423629760742
6548.02465247267	1.0058250427246094
6548.06611163967	1.007734775543213
6548.10757080667	1.0071632862091064
6548.149029973671	1.0020854473114014
6548.19048914067	1.0039074420928955
6548.23194830767	1.0119340419769287
6548.27340747467	1.010114073753357
6548.31486664167	0.9978111982345581
6548.356325808671	0.9824188947677612
6548.39778497567	0.9663388133049011
6548.43924414267	0.953650712966919
6548.48070330967	0.9488630294799805
6548.52216247667	0.9509474039077759
6548.563621643671	0.9516036510467529
6548.60508081067	0.9489710330963135
6548.64653997767	0.9480650424957275
6548.68799914467	0.9459550976753235
6548.72945831167	0.9419409036636353
6548.7709174786705	0.9465155005455017
6548.81237664567	0.959500789642334
6548.853835812671	0.9680204391479492
6548.89529497967	0.969060480594635
6548.93675414667	0.9707622528076172
6548.9782133136705	0.9778865575790405
6549.01967248067	0.9875012040138245
6549.061131647671	0.9935286045074463
6549.10259081467	0.9940764904022217
6549.14404998167	0.9926684498786926
6549.1855091486705	0.991172194480896
6549.22696831567	0.9918414354324341
6549.268427482671	0.9953914880752563
6549.30988664967	0.9990687966346741
6549.35134581667	1.000954270362854
6549.39280498367	1.000166654586792
6549.43426415067	0.9994615316390991
6549.475723317671	1.0001957416534424
6549.51718248467	1.000196099281311
6549.55864165167	1.0025396347045898
6549.60010081867	1.008723258972168
6549.64155998567	1.012096881866455
6549.683019152671	1.007296085357666
6549.72447831967	0.9998822212219238
6549.76593748667	0.9984033107757568
6549.80739665367	1.0015428066253662
6549.84885582067	1.0059903860092163
6549.8903149876705	1.0069003105163574
6549.93177415467	0.999436616897583
6549.973233321671	0.9945440888404846
6550.01469248867	0.9987430572509766
6550.05615165567	1.0005664825439453
6550.0976108226705	0.995906412601471
6550.13906998967	0.9929946660995483
6550.180529156671	0.9936957955360413
6550.22198832367	0.9956554770469666
6550.26344749067	0.9992448091506958
6550.3049066576705	0.9982565641403198
6550.34636582467	0.9893962144851685
6550.387824991671	0.9824777841567993
6550.42928415867	0.9836890697479248
6550.47074332567	0.9865398406982422
6550.51220249267	0.9860279560089111
6550.55366165967	0.9861981272697449
6550.595120826671	0.9902585744857788
6550.63657999367	0.9941555261611938
6550.67803916067	0.9946490526199341
6550.71949832767	0.9944917559623718
6550.76095749467	0.9956747889518738
6550.802416661671	0.9943372011184692
6550.84387582867	0.9897955060005188
6550.88533499567	0.9896072149276733
6550.92679416267	0.9959228038787842
6550.96825332967	1.000465750694275
6551.0097124966705	1.0007610321044922
6551.05117166367	0.9996089935302734
6551.09263083067	0.9984402060508728
6551.13408999767	0.9992183446884155
6551.17554916467	0.997321367263794
6551.2170083316705	0.9915138483047485
6551.25846749867	0.9876775741577148
6551.299926665671	0.9896576404571533
6551.34138583267	0.996727705001831
6551.38284499967	1.0000660419464111
6551.4243041666705	0.9959418773651123
6551.46576333367	0.9913855791091919
6551.507222500671	0.9897030591964722
6551.54868166767	0.9893653392791748
6551.59014083467	0.9890528321266174
6551.63160000167	0.9875233173370361
6551.67305916867	0.982394814491272
6551.714518335671	0.9745422005653381
6551.75597750267	0.9683263301849365
6551.79743666967	0.9669322371482849
6551.83889583667	0.9698859453201294
6551.88035500367	0.9712505340576172
6551.921814170671	0.9690399169921875
6551.96327333767	0.9676541686058044
6552.00473250467	0.9686031341552734
6552.04619167167	0.970637321472168
6552.08765083867	0.971960186958313
6552.129110005671	0.9722607135772705
6552.17056917267	0.9734064340591431
6552.21202833967	0.9705007076263428
6552.25348750667	0.9594254493713379
6552.29494667367	0.9481167197227478
6552.3364058406705	0.9402511119842529
6552.37786500767	0.928926944732666
6552.419324174671	0.913271427154541
6552.46078334167	0.9018522500991821
6552.50224250867	0.8969261646270752
6552.5437016756705	0.8955485820770264
6552.58516084267	0.8991167545318604
6552.626620009671	0.9054770469665527
6552.66807917667	0.9073019623756409
6552.70953834367	0.9049698710441589
6552.7509975106705	0.9046437740325928
6552.79245667767	0.9058073163032532
6552.833915844671	0.9062066078186035
6552.87537501167	0.910080075263977
6552.91683417867	0.9203298091888428
6552.95829334567	0.9331767559051514
6552.99975251267	0.9447102546691895
6553.041211679671	0.9525021314620972
6553.08267084667	0.9532188177108765
6553.12413001367	0.9509196281433105
6553.16558918067	0.9521031379699707
6553.20704834767	0.9522305727005005
6553.248507514671	0.9516153335571289
6553.28996668167	0.9552634358406067
6553.33142584867	0.9575610160827637
6553.37288501567	0.9540469646453857
6553.41434418267	0.9491403698921204
6553.4558033496705	0.9440790414810181
6553.49726251667	0.9363747835159302
6553.538721683671	0.9288794994354248
6553.58018085067	0.924526572227478
6553.62164001767	0.9214684963226318
6553.6630991846705	0.9204370379447937
6553.70455835167	0.9219326972961426
6553.746017518671	0.9224004745483398
6553.78747668567	0.9220459461212158
6553.82893585267	0.9240243434906006
6553.8703950196705	0.9276590347290039
6553.91185418667	0.9298644661903381
6553.953313353671	0.9314808249473572
6553.99477252067	0.9308668375015259
6554.03623168767	0.9256798028945923
6554.07769085467	0.9222232103347778
6554.11915002167	0.9267767667770386
6554.160609188671	0.9371222257614136
6554.20206835567	0.9474855661392212
6554.24352752267	0.9512008428573608
6554.28498668967	0.945401668548584
6554.32644585667	0.9399173259735107
6554.367905023671	0.9409932494163513
6554.40936419067	0.9382787942886353
6554.45082335767	0.9268309473991394
6554.49228252467	0.9215203523635864
6554.53374169167	0.9314792156219482
6554.5752008586705	0.9419941902160645
6554.61666002567	0.941341757774353
6554.658119192671	0.9354791641235352
6554.69957835967	0.9306849241256714
6554.74103752667	0.9292855262756348
6554.7824966936705	0.9309481382369995
6554.82395586067	0.9301940202713013
6554.865415027671	0.9260079264640808
6554.90687419467	0.9214547872543335
6554.94833336167	0.9169815182685852
6554.9897925286705	0.9184142351150513
6555.03125169567	0.9272977113723755
6555.072710862671	0.9337249994277954
6555.11417002967	0.9357839822769165
6555.15562919667	0.9335711598396301
6555.19708836367	0.9265727996826172
6555.23854753067	0.9228665828704834
6555.280006697671	0.9246950149536133
6555.32146586467	0.9289239645004272
6555.36292503167	0.9343588352203369
6555.40438419867	0.9358220100402832
6555.44584336567	0.9303870797157288
6555.487302532671	0.9258853197097778
6555.52876169967	0.9255688786506653
6555.57022086667	0.9227131009101868
6555.61168003367	0.9167215824127197
6555.65313920067	0.9114639759063721
6555.694598367671	0.9092296361923218
6555.73605753467	0.9100139141082764
6555.77751670167	0.9092192649841309
6555.81897586867	0.9083554744720459
6555.86043503567	0.9110703468322754
6555.9018942026705	0.9114494323730469
6555.94335336967	0.9087227582931519
6555.984812536671	0.9109987020492554
6556.02627170367	0.9172706604003906
6556.06773087067	0.9182605147361755
6556.1091900376705	0.9110446572303772
6556.15064920467	0.901663064956665
6556.192108371671	0.8973193168640137
6556.23356753867	0.898023247718811
6556.27502670567	0.8990857601165771
6556.3164858726705	0.9007759690284729
6556.35794503967	0.9034303426742554
6556.399404206671	0.9010897874832153
6556.44086337367	0.8963223695755005
6556.48232254067	0.8981657028198242
6556.52378170767	0.9030776023864746
6556.56524087467	0.9037925004959106
6556.606700041671	0.9028552770614624
6556.64815920867	0.904025673866272
6556.68961837567	0.9049413800239563
6556.73107754267	0.9034257531166077
6556.77253670967	0.8983203172683716
6556.813995876671	0.8888660669326782
6556.85545504367	0.8789976835250854
6556.89691421067	0.8676834106445312
6556.93837337767	0.8556293249130249
6556.97983254467	0.8503274917602539
6557.0212917116705	0.8500405550003052
6557.06275087867	0.8496484756469727
6557.104210045671	0.8476476669311523
6557.14566921267	0.8438359498977661
6557.18712837967	0.8398393392562866
6557.2285875466705	0.8386913537979126
6557.27004671367	0.8414814472198486
6557.311505880671	0.8451830148696899
6557.35296504767	0.8472679853439331
6557.39442421467	0.8496581315994263
6557.4358833816705	0.8518418073654175
6557.47734254867	0.8534199595451355
6557.518801715671	0.856589674949646
6557.56026088267	0.8603323698043823
6557.60172004967	0.8647621273994446
6557.64317921667	0.8693687915802002
6557.68463838367	0.8691061735153198
6557.726097550671	0.8632620573043823
6557.76755671767	0.8571285605430603
6557.80901588467	0.8516330718994141
6557.85047505167	0.845992922782898
6557.89193421867	0.8431555032730103
6557.933393385671	0.8438161015510559
6557.97485255267	0.8415453433990479
6558.01631171967	0.8358931541442871
6558.05777088667	0.8337030410766602
6558.09923005367	0.832239031791687
6558.1406892206705	0.8282970190048218
6558.18214838767	0.8271763324737549
6558.22360755467	0.828411340713501
6558.26506672167	0.8270543813705444
6558.30652588867	0.8239587545394897
6558.3479850556705	0.8230094313621521
6558.38944422267	0.8242288827896118
6558.430903389671	0.8240780830383301
6558.47236255667	0.8230689764022827
6558.51382172367	0.8228869438171387
6558.5552808906705	0.8227473497390747
6558.59674005767	0.8206130266189575
6558.638199224671	0.8163139224052429
6558.67965839167	0.8167429566383362
6558.72111755867	0.8229081034660339
6558.76257672567	0.8266762495040894
6558.80403589267	0.8284965753555298
6558.845495059671	0.8317668437957764
6558.88695422667	0.8344113826751709
6558.92841339367	0.8328540325164795
6558.96987256067	0.8272173404693604
6559.01133172767	0.8244774341583252
6559.052790894671	0.8257003426551819
6559.09425006167	0.8240293264389038
6559.13570922867	0.8197919130325317
6559.17716839567	0.8210298418998718
6559.21862756267	0.8264172077178955
6559.260086729671	0.8239254951477051
6559.30154589667	0.8153754472732544
6559.34300506367	0.8123388290405273
6559.38446423067	0.8113378882408142
6559.42592339767	0.8025503754615784
6559.4673825646705	0.7915860414505005
6559.50884173167	0.7897817492485046
6559.550300898671	0.792891263961792
6559.59176006567	0.7948553562164307
6559.63321923267	0.7983921766281128
6559.6746783996705	0.8022185564041138
6559.71613756667	0.8011175394058228
6559.757596733671	0.7934939861297607
6559.79905590067	0.7859808206558228
6559.84051506767	0.7850919365882874
6559.88197423467	0.7852321267127991
6559.92343340167	0.7795656323432922
6559.964892568671	0.7732424736022949
6560.00635173567	0.7726185917854309
6560.04781090267	0.7730903029441833
6560.08927006967	0.7712494134902954
6560.13072923667	0.7722095847129822
6560.172188403671	0.776084303855896
6560.21364757067	0.7776275873184204
6560.25510673767	0.7771762013435364
6560.29656590467	0.7752017378807068
6560.33802507167	0.7700495719909668
6560.379484238671	0.7643240690231323
6560.42094340567	0.7605674266815186
6560.46240257267	0.7587743401527405
6560.50386173967	0.7579569816589355
6560.54532090667	0.7569366097450256
6560.5867800736705	0.7537709474563599
6560.62823924067	0.7505238056182861
6560.669698407671	0.754880428314209
6560.71115757467	0.7608566284179688
6560.75261674167	0.7586284279823303
6560.7940759086705	0.7559463381767273
6560.83553507567	0.7561015486717224
6560.876994242671	0.7541978359222412
6560.91845340967	0.752304196357727
6560.95991257667	0.7518570423126221
6561.0013717436705	0.7537182569503784
6561.04283091067	0.7572628259658813
6561.084290077671	0.7586289644241333
6561.12574924467	0.7569607496261597
6561.16720841167	0.7526490688323975
6561.20866757867	0.7493646144866943
6561.25012674567	0.7524417042732239
6561.291585912671	0.7593390941619873
6561.33304507967	0.7672121524810791
6561.37450424667	0.7725173234939575
6561.41596341367	0.7703182101249695
6561.45742258067	0.7632938623428345
6561.498881747671	0.7561236619949341
6561.54034091467	0.7534091472625732
6561.58180008167	0.7564060688018799
6561.62325924867	0.7604039907455444
6561.66471841567	0.7639511823654175
6561.7061775826705	0.7680362462997437
6561.74763674967	0.771784782409668
6561.789095916671	0.7740505933761597
6561.83055508367	0.7739522457122803
6561.87201425067	0.7705543041229248
6561.9134734176705	0.7642752528190613
6561.95493258467	0.7575362920761108
6561.996391751671	0.7531862258911133
6562.03785091867	0.7548691034317017
6562.07931008567	0.7591570615768433
6562.1207692526705	0.7576718330383301
6562.16222841967	0.7528765797615051
6562.203687586671	0.7517653703689575
6562.24514675367	0.7522101402282715
6562.28660592067	0.7511518001556396
6562.32806508767	0.75052809715271
6562.36952425467	0.7510274648666382
6562.410983421671	0.7526015639305115
6562.45244258867	0.7542881369590759
6562.49390175567	0.7529228925704956
6562.53536092267	0.7486937642097473
6562.57682008967	0.7453579306602478
6562.618279256671	0.7460248470306396
6562.65973842367	0.748427152633667
6562.70119759067	0.74665367603302
6562.74265675767	0.7423957586288452
6562.78411592467	0.7411643266677856
6562.8255750916705	0.741587221622467
6562.86703425867	0.7388920783996582
6562.90849342567	0.7325679659843445
6562.94995259267	0.7246758937835693
6562.99141175967	0.7181860208511353
6563.0328709266705	0.7133615016937256
6563.07433009367	0.7083022594451904
6563.115789260671	0.7058010101318359
6563.15724842767	0.7075120210647583
6563.19870759467	0.7119051218032837
6563.2401667616705	0.7139816284179688
6563.28162592867	0.7143508791923523
6563.323085095671	0.7161381244659424
6563.36454426267	0.7123249769210815
6563.40600342967	0.7049325704574585
6563.44746259667	0.7012466788291931
6563.48892176367	0.701747477054596
6563.530380930671	0.7069120407104492
6563.57184009767	0.7118446826934814
6563.61329926467	0.7172473669052124
6563.65475843167	0.7240077257156372
6563.69621759867	0.7250291109085083
6563.737676765671	0.7225263118743896
6563.77913593267	0.7209206819534302
6563.82059509967	0.7196897864341736
6563.86205426667	0.7195752859115601
6563.90351343367	0.7198920249938965
6563.944972600671	0.7181481122970581
6563.98643176767	0.7150136232376099
6564.02789093467	0.7140936851501465
6564.06935010167	0.7135121822357178
6564.11080926867	0.7089492678642273
6564.1522684356705	0.7071117162704468
6564.19372760267	0.7126862406730652
6564.235186769671	0.7161598205566406
6564.27664593667	0.7167312502861023
6564.31810510367	0.7216052412986755
6564.3595642706705	0.7274971008300781
6564.40102343767	0.733741819858551
6564.442482604671	0.743682861328125
6564.48394177167	0.7483577132225037
6564.52540093867	0.7462842464447021
6564.5668601056705	0.7532091736793518
6564.60831927267	0.7698560953140259
6564.649778439671	0.781527042388916
6564.69123760667	0.7837084531784058
6564.73269677367	0.7797982096672058
6564.77415594067	0.7750980854034424
6564.81561510767	0.7727409601211548
6564.857074274671	0.7711876630783081
6564.89853344167	0.7695986032485962
6564.93999260867	0.7683404684066772
6564.98145177567	0.7677042484283447
6565.02291094267	0.7690966129302979
6565.064370109671	0.7730840444564819
6565.10582927667	0.7746177911758423
6565.14728844367	0.770589292049408
6565.18874761067	0.7668089866638184
6565.23020677767	0.768660843372345
6565.2716659446705	0.7734242677688599
6565.31312511167	0.7747817039489746
6565.35458427867	0.7705788612365723
6565.39604344567	0.7651724219322205
6565.43750261267	0.7648662328720093
6565.4789617796705	0.7695116996765137
6565.52042094667	0.7740179300308228
6565.561880113671	0.7780334949493408
6565.60333928067	0.7798665761947632
6565.64479844767	0.7769213914871216
6565.6862576146705	0.7745627164840698
6565.72771678167	0.776253342628479
6565.769175948671	0.7799921035766602
6565.81063511567	0.7837110161781311
6565.85209428267	0.7843272089958191
6565.89355344967	0.780672013759613
6565.93501261667	0.7747844457626343
6565.976471783671	0.7651142477989197
6566.01793095067	0.7609316110610962
6566.05939011767	0.7727446556091309
6566.10084928467	0.7836284637451172
6566.14230845167	0.7856312990188599
6566.183767618671	0.7872593998908997
6566.22522678567	0.7852809429168701
6566.26668595267	0.7771763801574707
6566.30814511967	0.7670333385467529
6566.34960428667	0.7632802724838257
6566.3910634536705	0.7689473032951355
6566.43252262067	0.774511992931366
6566.47398178767	0.7751551866531372
6566.51544095467	0.7749037742614746
6566.55690012167	0.7754740715026855
6566.5983592886705	0.7754342555999756
6566.63981845567	0.7752918004989624
6566.681277622671	0.7797455787658691
6566.72273678967	0.7885501384735107
6566.76419595667	0.7920588254928589
6566.8056551236705	0.7890790700912476
6566.84711429067	0.7865786552429199
6566.888573457671	0.7866331338882446
6566.93003262467	0.7889609336853027
6566.97149179167	0.7925052642822266
6567.01295095867	0.7963265180587769
6567.05441012567	0.7999464273452759
6567.095869292671	0.8001115322113037
6567.13732845967	0.7968943119049072
6567.17878762667	0.7997389435768127
6567.22024679367	0.8094484210014343
6567.26170596067	0.8137154579162598
6567.303165127671	0.809930145740509
6567.34462429467	0.8057960271835327
6567.38608346167	0.8053141832351685
6567.42754262867	0.8067187070846558
6567.46900179567	0.8090171813964844
6567.510460962671	0.8122240900993347
6567.55192012967	0.8140057325363159
6567.59337929667	0.8124555945396423
6567.63483846367	0.8096060752868652
6567.67629763067	0.8093519806861877
6567.7177567976705	0.8117227554321289
6567.75921596467	0.814773440361023
6567.800675131671	0.8184372782707214
6567.84213429867	0.8220807313919067
6567.88359346567	0.8243781924247742
6567.9250526326705	0.8259798288345337
6567.96651179967	0.8292871713638306
6568.007970966671	0.8364042639732361
6568.04943013367	0.8433634638786316
6568.09088930067	0.8416529893875122
6568.13234846767	0.8350844383239746
6568.17380763467	0.8353346586227417
6568.215266801671	0.8382282257080078
6568.25672596867	0.8386752605438232
6568.29818513567	0.8407437205314636
6568.33964430267	0.8386058211326599
6568.38110346967	0.8343467712402344
6568.422562636671	0.838563084602356
6568.46402180367	0.843757152557373
6568.50548097067	0.8419389724731445
6568.54694013767	0.8397890329360962
6568.58839930467	0.8374007940292358
6568.629858471671	0.8316388130187988
6568.67131763867	0.8282338380813599
6568.71277680567	0.8317599892616272
6568.75423597267	0.8411546349525452
6568.79569513967	0.8474567532539368
6568.8371543066705	0.8461791276931763
6568.87861347367	0.84355628490448
6568.920072640671	0.8427003622055054
6568.96153180767	0.8427447080612183
6569.00299097467	0.8453162312507629
6569.0444501416705	0.8513084650039673
6569.08590930867	0.8572415113449097
6569.127368475671	0.8597863912582397
6569.16882764267	0.859447181224823
6569.21028680967	0.8588980436325073
6569.2517459766705	0.860253095626831
6569.29320514367	0.8642076849937439
6569.334664310671	0.8697282671928406
6569.37612347767	0.8751205801963806
6569.41758264467	0.8791928291320801
6569.45904181167	0.8788677453994751
6569.50050097867	0.874872088432312
6569.541960145671	0.8748749494552612
6569.58341931267	0.8806347846984863
6569.62487847967	0.8836061954498291
6569.66633764667	0.8818193674087524
6569.70779681367	0.8840650916099548
6569.749255980671	0.8906527757644653
6569.79071514767	0.8916507959365845
6569.83217431467	0.8877652287483215
6569.87363348167	0.8884832859039307
6569.91509264867	0.8915950059890747
6569.9565518156705	0.8908557295799255
6569.99801098267	0.8880671262741089
6570.03947014967	0.8851257562637329
6570.08092931667	0.886667013168335
6570.12238848367	0.8961936831474304
6570.1638476506705	0.9062561988830566
6570.20530681767	0.9132778644561768
6570.246765984671	0.9169509410858154
6570.28822515167	0.9145417213439941
6570.32968431867	0.9097632765769958
6570.3711434856705	0.9053267240524292
6570.41260265267	0.9024598002433777
6570.454061819671	0.9024701118469238
6570.49552098667	0.9033052921295166
6570.53698015367	0.904443621635437
6570.57843932067	0.9054214954376221
6570.61989848767	0.9049688577651978
6570.661357654671	0.9042943716049194
6570.70281682167	0.9046573638916016
6570.74427598867	0.9040094017982483
6570.78573515567	0.899577260017395
6570.82719432267	0.8966511487960815
6570.868653489671	0.9011359214782715
6570.91011265667	0.9065285921096802
6570.95157182367	0.9074287414550781
6570.99303099067	0.9069341421127319
6571.03449015767	0.9069346785545349
6571.075949324671	0.9099982976913452
6571.11740849167	0.9164220094680786
6571.15886765867	0.9205220937728882
6571.20032682567	0.9221314191818237
6571.24178599267	0.9239723682403564
6571.2832451596705	0.9226114749908447
6571.32470432667	0.9188294410705566
6571.366163493671	0.9192095994949341
6571.40762266067	0.9223347902297974
6571.44908182767	0.9250500202178955
6571.4905409946705	0.9308944940567017
6571.53200016167	0.9384932518005371
6571.573459328671	0.9427721500396729
6571.61491849567	0.9426814913749695
6571.65637766267	0.9343268275260925
6571.69783682967	0.9214087724685669
6571.73929599667	0.9164693355560303
6571.780755163671	0.9161916375160217
6571.82221433067	0.9101056456565857
6571.86367349767	0.9001514911651611
6571.90513266467	0.8911879062652588
6571.94659183167	0.8856358528137207
6571.988050998671	0.8821508884429932
6572.02951016567	0.879852294921875
6572.07096933267	0.8835151791572571
6572.11242849967	0.8884320259094238
6572.15388766667	0.887633204460144
6572.195346833671	0.8854788541793823
6572.23680600067	0.8867734670639038
6572.27826516767	0.8915619850158691
6572.31972433467	0.9008665084838867
6572.36118350167	0.9132906198501587
6572.4026426686705	0.9256461262702942
6572.44410183567	0.9320257306098938
6572.48556100267	0.9322365522384644
6572.52702016967	0.9331300258636475
6572.56847933667	0.9329217672348022
6572.6099385036705	0.9323320388793945
6572.65139767067	0.935817539691925
6572.692856837671	0.9398221969604492
6572.73431600467	0.9433435201644897
6572.77577517167	0.9475277662277222
6572.8172343386705	0.948637843132019
6572.85869350567	0.9485311508178711
6572.900152672671	0.9491071701049805
6572.94161183967	0.9483493566513062
6572.98307100667	0.9489365816116333
6573.02453017367	0.949323832988739
6573.06598934067	0.9454473257064819
6573.107448507671	0.9436219930648804
6573.14890767467	0.9464437961578369
6573.19036684167	0.9481858015060425
6573.23182600867	0.9492064714431763
6573.27328517567	0.951439619064331
6573.314744342671	0.9521689414978027
6573.35620350967	0.9521411657333374
6573.39766267667	0.9545104503631592
6573.43912184367	0.9549777507781982
6573.48058101067	0.949331521987915
6573.5220401776705	0.9444684982299805
6573.56349934467	0.9456344842910767
6573.60495851167	0.9471597671508789
6573.64641767867	0.9460185766220093
6573.68787684567	0.9507036805152893
6573.7293360126705	0.9633757472038269
6573.77079517967	0.9729726314544678
6573.812254346671	0.9734930992126465
6573.85371351367	0.9691665768623352
6573.89517268067	0.9652984142303467
6573.9366318476705	0.9612765312194824
6573.97809101467	0.9577517509460449
6574.019550181671	0.9569520950317383
6574.06100934867	0.9564590454101562
6574.10246851567	0.957815408706665
6574.14392768267	0.9612236022949219
6574.18538684967	0.961851954460144
6574.226846016671	0.9617559909820557
6574.26830518367	0.9647117853164673
6574.30976435067	0.9667606353759766
6574.35122351767	0.9606877565383911
6574.39268268467	0.9551318883895874
6574.434141851671	0.9623944163322449
6574.47560101867	0.9673636555671692
6574.51706018567	0.9599218964576721
6574.55851935267	0.9506754875183105
6574.59997851967	0.9366974830627441
6574.6414376866705	0.9200609922409058
6574.68289685367	0.9088419675827026
6574.72435602067	0.9047986268997192
6574.76581518767	0.9079054594039917
6574.80727435467	0.9096077084541321
6574.8487335216705	0.9064362049102783
6574.89019268867	0.9034602642059326
6574.931651855671	0.9034479856491089
6574.97311102267	0.907424807548523
6575.01457018967	0.9142551422119141
6575.0560293566705	0.9219493865966797
6575.09748852367	0.9320971369743347
6575.138947690671	0.9411677122116089
6575.18040685767	0.9468889236450195
6575.22186602467	0.9538074135780334
6575.26332519167	0.9641119241714478
6575.30478435867	0.9720909595489502
6575.346243525671	0.9732348322868347
6575.38770269267	0.9724321365356445
6575.42916185967	0.9742454290390015
6575.47062102667	0.974236249923706
6575.51208019367	0.9699833989143372
6575.553539360671	0.9699828624725342
6575.59499852767	0.9771605730056763
6575.63645769467	0.9828854203224182
6575.67791686167	0.9836925268173218
6575.71937602867	0.9824728965759277
6575.760835195671	0.9817768335342407
6575.80229436267	0.9838894605636597
6575.84375352967	0.9868123531341553
6575.88521269667	0.9891411662101746
6575.92667186367	0.9914463758468628
6575.9681310306705	0.9908019304275513
6576.00959019767	0.9886658191680908
6576.051049364671	0.9907998442649841
6576.09250853167	0.9950702786445618
6576.13396769867	0.9944754242897034
6576.1754268656705	0.9890862703323364
6576.21688603267	0.9841735363006592
6576.258345199671	0.9832586050033569
6576.29980436667	0.9851480722427368
6576.34126353367	0.9883054494857788
6576.3827227006705	0.9939087629318237
6576.42418186767	0.997622549533844
6576.465641034671	0.9959075450897217
6576.50710020167	0.995109498500824
6576.54855936867	0.9975351095199585
6576.59001853567	0.9981424808502197
6576.63147770267	0.9970196485519409
6576.672936869671	0.9952449798583984
6576.71439603667	0.9920966625213623
6576.75585520367	0.9917595386505127
6576.79731437067	0.996066689491272
6576.83877353767	0.9985719323158264
6576.880232704671	0.9986754655838013
6576.92169187167	1.000612497329712
6576.96315103867	1.0020709037780762
6577.00461020567	0.9995309114456177
6577.04606937267	0.9954040050506592
6577.0875285396705	0.9954615831375122
6577.12898770667	0.9990377426147461
6577.17044687367	1.0026497840881348
6577.21190604067	1.0046231746673584
6577.25336520767	1.0047199726104736
6577.2948243746705	1.004742980003357
6577.33628354167	1.0045907497406006
6577.377742708671	1.004847526550293
6577.41920187567	1.006494164466858
6577.46066104267	1.0073587894439697
6577.5021202096705	1.0055313110351562
6577.54357937667	1.0038816928863525
6577.585038543671	1.0063881874084473
6577.62649771067	1.010965347290039
6577.66795687767	1.0131958723068237
6577.70941604467	1.0105605125427246
6577.75087521167	1.0021215677261353
6577.792334378671	0.9937773942947388
6577.83379354567	0.9935780763626099
6577.87525271267	0.9983285665512085
6577.91671187967	0.9986356496810913
6577.95817104667	0.9948251247406006
6577.999630213671	0.9939944744110107
6578.04108938067	0.9956519603729248
6578.08254854767	0.9952179193496704
6578.12400771467	0.9970930814743042
6578.16546688167	1.006554365158081
6578.2069260486705	1.012520670890808
6578.24838521567	1.0055997371673584
6578.28984438267	0.998275876045227
6578.33130354967	1.0004546642303467
6578.37276271667	1.002326250076294
6578.4142218836705	1.0008844137191772
6578.45568105067	1.0027878284454346
6578.497140217671	1.0045346021652222
6578.53859938467	1.0007494688034058
6578.58005855167	0.9922146797180176
6578.6215177186705	0.9874600172042847
6578.66297688567	0.9893506765365601
6578.704436052671	0.9892823696136475
6578.74589521967	0.9860455393791199
6578.78735438667	0.9833065271377563
6578.82881355367	0.9819595217704773
6578.87027272067	0.9845885038375854
6578.911731887671	0.9919720888137817
6578.95319105467	0.9998884201049805
6578.99465022167	1.0027135610580444
6579.03610938867	1.0000739097595215
6579.07756855567	0.99665367603302
6579.119027722671	0.9953243136405945
6579.16048688967	0.9964600801467896
6579.20194605667	0.9988874793052673
6579.24340522367	0.9992449879646301
6579.28486439067	0.9989477396011353
6579.326323557671	1.0020774602890015
6579.36778272467	1.0045439004898071
6579.40924189167	1.0050098896026611
6579.45070105867	1.0088951587677002
6579.49216022567	1.0141372680664062
6579.5336193926705	1.0178873538970947
6579.57507855967	1.0199580192565918
6579.61653772667	1.0163123607635498
6579.65799689367	1.0122666358947754
6579.69945606067	1.0128300189971924
6579.7409152276705	1.013208270072937
6579.78237439467	1.01573646068573
6579.823833561671	1.0202374458312988
6579.86529272867	1.0200374126434326
6579.90675189567	1.017162561416626
6579.94821106267	1.0181522369384766
6579.98967022967	1.019949197769165
6580.031129396671	1.0161781311035156
6580.07258856367	1.012559175491333
6580.11404773067	1.01517653465271
6580.15550689767	1.0190441608428955
6580.19696606467	1.0179038047790527
6580.238425231671	1.014432668685913
6580.27988439867	1.0115315914154053
6580.32134356567	1.009235143661499
6580.36280273267	1.009080171585083
6580.40426189967	1.0099709033966064
6580.445721066671	1.0108282566070557
6580.48718023367	1.0109848976135254
6580.52863940067	1.0104782581329346
6580.57009856767	1.0097086429595947
6580.61155773467	1.0064878463745117
6580.6530169016705	0.9999825954437256
6580.69447606867	0.9921581745147705
6580.73593523567	0.9874833822250366
6580.77739440267	0.986890971660614
6580.81885356967	0.9859322309494019
6580.8603127366705	0.9848910570144653
6580.90177190367	0.9885907173156738
6580.943231070671	0.9950646162033081
6580.98469023767	1.0002485513687134
6581.02614940467	1.0038731098175049
6581.0676085716705	1.0072731971740723
6581.10906773867	1.0128579139709473
6581.150526905671	1.0201318264007568
6581.19198607267	1.0266878604888916
6581.23344523967	1.0319372415542603
6581.27490440667	1.034611463546753
6581.31636357367	1.0332798957824707
6581.357822740671	1.029477596282959
6581.39928190767	1.0262846946716309
6581.44074107467	1.025510311126709
6581.48220024167	1.0256173610687256
6581.52365940867	1.025691270828247
6581.565118575671	1.02467942237854
6581.60657774267	1.0264029502868652
6581.64803690967	1.0335757732391357
6581.68949607667	1.0370951890945435
6581.73095524367	1.0346789360046387
6581.7724144106705	1.0324243307113647
6581.81387357767	1.031246304512024
6581.85533274467	1.028440237045288
6581.89679191167	1.0236213207244873
6581.93825107867	1.0179157257080078
6581.9797102456705	1.0114498138427734
6582.02116941267	1.0072064399719238
6582.062628579671	1.0083686113357544
6582.10408774667	1.0133600234985352
6582.14554691367	1.018967866897583
6582.1870060806705	1.0221045017242432
6582.22846524767	1.0216045379638672
6582.269924414671	1.0208637714385986
6582.31138358167	1.02213716506958
6582.35284274867	1.024218201637268
6582.39430191567	1.025815725326538
6582.43576108267	1.0235610008239746
6582.477220249671	1.0195300579071045
6582.51867941667	1.0207264423370361
6582.56013858367	1.0268940925598145
6582.60159775067	1.0329678058624268
6582.64305691767	1.0333540439605713
6582.684516084671	1.0282924175262451
6582.72597525167	1.0227601528167725
6582.76743441867	1.0165519714355469
6582.80889358567	1.0120915174484253
6582.85035275267	1.0149985551834106
6582.8918119196705	1.020983338356018
6582.93327108667	1.0224189758300781
6582.97473025367	1.0181195735931396
6583.01618942067	1.0125501155853271
6583.05764858767	1.010737657546997
6583.0991077546705	1.014064073562622
6583.14056692167	1.0178141593933105
6583.182026088671	1.0152041912078857
6583.22348525567	1.0121848583221436
6583.26494442267	1.0132814645767212
6583.3064035896705	1.0114383697509766
6583.34786275667	1.0053907632827759
6583.389321923671	1.000219464302063
6583.43078109067	1.0007543563842773
6583.47224025767	1.0049437284469604
6583.51369942467	1.0071789026260376
6583.55515859167	1.006143569946289
6583.596617758671	1.0017673969268799
6583.63807692567	0.9964559078216553
6583.67953609267	0.9962594509124756
6583.72099525967	1.002717137336731
6583.76245442667	1.0102784633636475
6583.803913593671	1.0135231018066406
6583.84537276067	1.0155878067016602
6583.88683192767	1.022586464881897
6583.92829109467	1.0299639701843262
6583.96975026167	1.0301339626312256
6584.011209428671	1.027111530303955
6584.05266859567	1.0279645919799805
6584.09412776267	1.0299937725067139
6584.13558692967	1.0269911289215088
6584.17704609667	1.0219764709472656
6584.2185052636705	1.0210716724395752
6584.25996443067	1.0223995447158813
6584.30142359767	1.0208134651184082
6584.34288276467	1.0178778171539307
6584.38434193167	1.0180284976959229
6584.4258010986705	1.021543025970459
6584.46726026567	1.0282347202301025
6584.508719432671	1.0336966514587402
6584.55017859967	1.0352685451507568
6584.59163776667	1.034545660018921
6584.6330969336705	1.027806282043457
6584.67455610067	1.021139144897461
6584.716015267671	1.0245763063430786
6584.75747443467	1.0305157899856567
6584.79893360167	1.031491994857788
6584.84039276867	1.0337517261505127
6584.88185193567	1.038454294204712
6584.923311102671	1.0375113487243652
6584.96477026967	1.0296533107757568
6585.00622943667	1.022235631942749
6585.04768860367	1.0219088792800903
6585.08914777067	1.0259926319122314
6585.130606937671	1.0271706581115723
6585.17206610467	1.026151180267334
6585.21352527167	1.0265812873840332
6585.25498443867	1.028710961341858
6585.29644360567	1.02959144115448
6585.3379027726705	1.0267157554626465
6585.37936193967	1.0241167545318604
6585.42082110667	1.026778221130371
6585.46228027367	1.0314364433288574
6585.50373944067	1.029665470123291
6585.5451986076705	1.0233561992645264
6585.58665777467	1.0201594829559326
6585.628116941671	1.0183987617492676
6585.66957610867	1.018094539642334
6585.71103527567	1.0245441198349
6585.7524944426705	1.0321720838546753
6585.79395360967	1.0329408645629883
6585.835412776671	1.0306681394577026
6585.87687194367	1.0295941829681396
6585.91833111067	1.0298900604248047
6585.95979027767	1.0303609371185303
6586.00124944467	1.0316083431243896
6586.042708611671	1.036160945892334
6586.08416777867	1.0411980152130127
6586.12562694567	1.0400141477584839
6586.16708611267	1.0327558517456055
6586.20854527967	1.0297091007232666
6586.250004446671	1.029710292816162
6586.29146361367	1.0245838165283203
6586.33292278067	1.0167343616485596
6586.37438194767	1.0107414722442627
6586.41584111467	1.008915901184082
6586.4573002816705	1.0115748643875122
6586.49875944867	1.016014575958252
6586.54021861567	1.0156488418579102
6586.58167778267	1.0076836347579956
6586.62313694967	1.000232219696045
6586.6645961166705	1.0000866651535034
6586.70605528367	1.0062586069107056
6586.74751445067	1.0126087665557861
6586.78897361767	1.0156183242797852
6586.83043278467	1.019982099533081
6586.8718919516705	1.026126742362976
6586.91335111867	1.0310168266296387
6586.954810285671	1.0341932773590088
6586.99626945267	1.0354831218719482
6587.03772861967	1.0375380516052246
6587.07918778667	1.041611671447754
6587.12064695367	1.0403670072555542
6587.162106120671	1.0344220399856567
6587.20356528767	1.0359153747558594
6587.24502445467	1.0446844100952148
6587.28648362167	1.0509774684906006
6587.32794278867	1.0514047145843506
6587.369401955671	1.048656940460205
6587.41086112267	1.046555995941162
6587.45232028967	1.0423582792282104
6587.49377945667	1.0376111268997192
6587.53523862367	1.0396264791488647
6587.576697790671	1.0424044132232666
6587.61815695767	1.0409300327301025
6587.65961612467	1.0418248176574707
6587.70107529167	1.0462970733642578
6587.74253445867	1.0476226806640625
6587.7839936256705	1.044736623764038
6587.82545279267	1.0419201850891113
6587.86691195967	1.039055347442627
6587.90837112667	1.0366785526275635
6587.94983029367	1.0364145040512085
6587.9912894606705	1.0390315055847168
6588.03274862767	1.0446631908416748
6588.074207794671	1.047965407371521
6588.11566696167	1.0467560291290283
6588.15712612867	1.0426828861236572
6588.1985852956705	1.0364406108856201
6588.24004446267	1.0334099531173706
6588.281503629671	1.035132646560669
6588.32296279667	1.0366995334625244
6588.36442196367	1.0376172065734863
6588.40588113067	1.0428721904754639
6588.44734029767	1.0489860773086548
6588.488799464671	1.0437819957733154
6588.53025863167	1.031378149986267
6588.57171779867	1.0253453254699707
6588.61317696567	1.025348424911499
6588.65463613267	1.0277869701385498
6588.696095299671	1.0326344966888428
6588.73755446667	1.038482904434204
6588.77901363367	1.042688250541687
6588.82047280067	1.0402450561523438
6588.86193196767	1.034110188484192
6588.9033911346705	1.033778190612793
6588.94485030167	1.036543369293213
6588.98630946867	1.0365145206451416
6589.02776863567	1.0363777875900269
6589.06922780267	1.03621506690979
6589.1106869696705	1.0343775749206543
6589.15214613667	1.0353989601135254
6589.193605303671	1.0390453338623047
6589.23506447067	1.0422048568725586
6589.27652363767	1.0440845489501953
6589.3179828046705	1.0432689189910889
6589.35944197167	1.0423589944839478
6589.400901138671	1.0400922298431396
6589.44236030567	1.0366705656051636
6589.48381947267	1.0368372201919556
6589.52527863967	1.0373013019561768
6589.56673780667	1.033003807067871
6589.608196973671	1.0286781787872314
6589.64965614067	1.0283912420272827
6589.69111530767	1.0320631265640259
6589.73257447467	1.0385119915008545
6589.77403364167	1.041404366493225
6589.815492808671	1.0394227504730225
6589.85695197567	1.0364099740982056
6589.89841114267	1.032570481300354
6589.93987030967	1.0298004150390625
6589.98132947667	1.0312373638153076
6590.0227886436705	1.0376856327056885
6590.06424781067	1.045498251914978
6590.10570697767	1.0486798286437988
6590.14716614467	1.0478757619857788
6590.18862531167	1.0459421873092651
6590.2300844786705	1.0465924739837646
6590.27154364567	1.0512492656707764
6590.313002812671	1.052359938621521
6590.35446197967	1.045374870300293
6590.39592114667	1.037768840789795
6590.4373803136705	1.0375983715057373
6590.47883948067	1.0422842502593994
6590.520298647671	1.0439335107803345
6590.56175781467	1.0424668788909912
6590.60321698167	1.042654037475586
6590.64467614867	1.0442571640014648
6590.68613531567	1.0460118055343628
6590.727594482671	1.0429465770721436
6590.76905364967	1.0351134538650513
6590.81051281667	1.032480001449585
6590.85197198367	1.0342543125152588
6590.89343115067	1.0370726585388184
6590.934890317671	1.0427203178405762
6590.97634948467	1.0442779064178467
6591.01780865167	1.0400505065917969
6591.05926781867	1.0408743619918823
6591.10072698567	1.047555923461914
6591.142186152671	1.0510139465332031
6591.18364531967	1.0497567653656006
6591.22510448667	1.0479004383087158
6591.26656365367	1.0479027032852173
6591.30802282067	1.0492441654205322
6591.3494819876705	1.0482113361358643
6591.39094115467	1.0435152053833008
6591.43240032167	1.041345238685608
6591.47385948867	1.046534776687622
6591.51531865567	1.0522985458374023
6591.5567778226705	1.0494526624679565
6591.59823698967	1.043168544769287
6591.639696156671	1.0433248281478882
6591.68115532367	1.0482505559921265
6591.72261449067	1.0519421100616455
6591.76407365767	1.0503230094909668
6591.80553282467	1.0441550016403198
6591.846991991671	1.0398573875427246
6591.88845115867	1.0433934926986694
6591.92991032567	1.0511271953582764
6591.97136949267	1.0549685955047607
6592.01282865967	1.0512824058532715
6592.054287826671	1.0422048568725586
6592.09574699367	1.0353481769561768
6592.13720616067	1.0294560194015503
6592.17866532767	1.0289106369018555
6592.22012449467	1.0401287078857422
6592.261583661671	1.0475304126739502
6592.30304282867	1.0437045097351074
6592.34450199567	1.0396445989608765
6592.38596116267	1.0392968654632568
6592.42742032967	1.0431900024414062
6592.4688794966705	1.050626516342163
6592.51033866367	1.0503911972045898
6592.55179783067	1.041338562965393
6592.59325699767	1.0382306575775146
6592.63471616467	1.0445791482925415
6592.6761753316705	1.047539472579956
6592.71763449867	1.0420289039611816
6592.759093665671	1.0361753702163696
6592.80055283267	1.0348186492919922
6592.84201199967	1.0383126735687256
6592.8834711666705	1.0416646003723145
6592.92493033367	1.0401952266693115
6592.966389500671	1.0363506078720093
6593.00784866767	1.0315525531768799
6593.04930783467	1.030400276184082
6593.09076700167	1.0324585437774658
6593.13222616867	1.0303263664245605
6593.173685335671	1.028810977935791
6593.21514450267	1.0325361490249634
6593.25660366967	1.0378508567810059
6593.29806283667	1.0425502061843872
6593.33952200367	1.0437123775482178
6593.380981170671	1.0431621074676514
6593.42244033767	1.0457417964935303
6593.46389950467	1.0486702919006348
6593.50535867167	1.0508642196655273
6593.54681783867	1.0512261390686035
6593.5882770056705	1.0467945337295532
6593.62973617267	1.042388677597046
6593.67119533967	1.0416277647018433
6593.71265450667	1.0421489477157593
6593.75411367367	1.0418062210083008
6593.7955728406705	1.0399658679962158
6593.83703200767	1.0391039848327637
6593.87849117467	1.0385582447052002
6593.91995034167	1.0365437269210815
6593.96140950867	1.038454532623291
6594.0028686756705	1.0427613258361816
6594.04432784267	1.0415229797363281
6594.085787009671	1.0379681587219238
6594.12724617667	1.0361247062683105
6594.16870534367	1.0328015089035034
6594.21016451067	1.02635657787323
6594.25162367767	1.0205711126327515
6594.293082844671	1.0199307203292847
6594.33454201167	1.0215356349945068
6594.37600117867	1.021989345550537
6594.41746034567	1.022764801979065
6594.45891951267	1.026914119720459
6594.500378679671	1.033279538154602
6594.54183784667	1.0380655527114868
6594.58329701367	1.0398098230361938
6594.62475618067	1.0357688665390015
6594.66621534767	1.0296772718429565
6594.7076745146705	1.0284099578857422
6594.74913368167	1.0302913188934326
6594.79059284867	1.0330203771591187
6594.83205201567	1.0367114543914795
6594.87351118267	1.0397858619689941
6594.9149703496705	1.0400669574737549
6594.95642951667	1.04096519947052
6594.99788868367	1.0447399616241455
6595.03934785067	1.0457206964492798
6595.08080701767	1.0425152778625488
6595.1222661846705	1.037987232208252
6595.16372535167	1.0348708629608154
6595.205184518671	1.033742070198059
6595.24664368567	1.0332512855529785
6595.28810285267	1.0343482494354248
6595.32956201967	1.0388844013214111
6595.37102118667	1.0465147495269775
6595.412480353671	1.0500993728637695
6595.45393952067	1.0453062057495117
6595.49539868767	1.04178786277771
6595.53685785467	1.0463461875915527
6595.57831702167	1.0501508712768555
6595.619776188671	1.0483109951019287
6595.66123535567	1.0430731773376465
6595.70269452267	1.0362191200256348
6595.74415368967	1.0338857173919678
6595.78561285667	1.03584885597229
6595.827072023671	1.037837028503418
6595.86853119067	1.0393112897872925
6595.90999035767	1.0377216339111328
6595.95144952467	1.0376147031784058
6595.99290869167	1.0465948581695557
6596.0343678586705	1.0528825521469116
6596.07582702567	1.0455703735351562
6596.11728619267	1.0357575416564941
6596.15874535967	1.0291938781738281
6596.20020452667	1.023784875869751
6596.2416636936705	1.0228314399719238
6596.28312286067	1.0271061658859253
6596.324582027671	1.0335867404937744
6596.36604119467	1.039512276649475
6596.40750036167	1.043984293937683
6596.4489595286705	1.043255090713501
6596.49041869567	1.03753662109375
6596.531877862671	1.0372724533081055
6596.57333702967	1.0428650379180908
6596.61479619667	1.0440661907196045
6596.65625536367	1.0411036014556885
6596.69771453067	1.0406091213226318
6596.739173697671	1.045302152633667
6596.78063286467	1.050586462020874
6596.82209203167	1.0492613315582275
6596.86355119867	1.0459424257278442
6596.90501036567	1.0451836585998535
6596.946469532671	1.0408923625946045
6596.98792869967	1.0362629890441895
6597.02938786667	1.037822961807251
6597.07084703367	1.0429036617279053
6597.11230620067	1.049635410308838
6597.1537653676705	1.053400993347168
6597.19522453467	1.0523639917373657
6597.23668370167	1.0509488582611084
6597.27814286867	1.0482697486877441
6597.31960203567	1.0446486473083496
6597.3610612026705	1.0409572124481201
6597.40252036967	1.0371944904327393
6597.443979536671	1.037534475326538
6597.48543870367	1.0428829193115234
6597.52689787067	1.0486595630645752
6597.5683570376705	1.0508277416229248
6597.60981620467	1.0484580993652344
6597.651275371671	1.042468786239624
6597.69273453867	1.0359835624694824
6597.73419370567	1.0385141372680664
6597.77565287267	1.047682762145996
6597.81711203967	1.0483654737472534
6597.858571206671	1.0439844131469727
6597.90003037367	1.0432820320129395
6597.94148954067	1.0434319972991943
6597.98294870767	1.0398237705230713
6598.02440787467	1.0343424081802368
6598.065867041671	1.0356712341308594
6598.10732620867	1.040055274963379
6598.14878537567	1.0385938882827759
6598.19024454267	1.0355534553527832
6598.23170370967	1.03598153591156
6598.2731628766705	1.0370090007781982
6598.31462204367	1.0360057353973389
6598.35608121067	1.0362548828125
6598.39754037767	1.0365294218063354
6598.43899954467	1.0293986797332764
6598.4804587116705	1.0204830169677734
6598.52191787867	1.0217578411102295
6598.56337704567	1.0285468101501465
6598.60483621267	1.0316418409347534
6598.64629537967	1.0291547775268555
6598.6877545466705	1.0249043703079224
6598.72921371367	1.0258302688598633
6598.770672880671	1.0324866771697998
6598.81213204767	1.0405399799346924
6598.85359121467	1.0444488525390625
6598.89505038167	1.0444130897521973
6598.93650954867	1.0453742742538452
6598.977968715671	1.0446293354034424
6599.01942788267	1.0340611934661865
6599.06088704967	1.018440842628479
6599.10234621667	1.0124680995941162
6599.14380538367	1.0136816501617432
6599.185264550671	1.0158650875091553
6599.22672371767	1.0205552577972412
6599.26818288467	1.0241219997406006
6599.30964205167	1.0248830318450928
6599.35110121867	1.0213372707366943
6599.392560385671	1.0145256519317627
6599.43401955267	1.010449767112732
6599.47547871967	1.0111331939697266
6599.51693788667	1.015974521636963
6599.55839705367	1.019412636756897
6599.5998562206705	1.0174027681350708
6599.64131538767	1.017026662826538
6599.68277455467	1.0257161855697632
6599.72423372167	1.0348502397537231
6599.76569288867	1.0362627506256104
6599.8071520556705	1.0346355438232422
6599.84861122267	1.0322558879852295
6599.890070389671	1.029219627380371
6599.93152955667	1.0264649391174316
6599.97298872367	1.02484929561615
6600.01444789067	1.0263569355010986
6600.05590705767	1.0289591550827026
6600.097366224671	1.0299004316329956
6600.13882539167	1.0313546657562256
6600.18028455867	1.0321478843688965
6600.22174372567	1.0345330238342285
6600.26320289267	1.0401331186294556
6600.304662059671	1.0395793914794922
6600.34612122667	1.0331801176071167
6600.38758039367	1.0267901420593262
6600.42903956067	1.0210957527160645
6600.47049872767	1.018778681755066
6600.511957894671	1.0204799175262451
6600.55341706167	1.0270371437072754
6600.59487622867	1.0338263511657715
6600.63633539567	1.0352518558502197
6600.67779456267	1.0335217714309692
6600.7192537296705	1.0289546251296997
6600.76071289667	1.0278902053833008
6600.80217206367	1.0320781469345093
6600.84363123067	1.0332691669464111
6600.88509039767	1.0323431491851807
6600.9265495646705	1.0309054851531982
6600.96800873167	1.0298595428466797
6601.00946789867	1.0325452089309692
6601.05092706567	1.0361971855163574
6601.09238623267	1.0367063283920288
6601.1338453996705	1.0358054637908936
6601.17530456667	1.0333694219589233
6601.216763733671	1.0313640832901
6601.25822290067	1.0315730571746826
6601.29968206767	1.0303187370300293
6601.34114123467	1.0324146747589111
6601.38260040167	1.041745662689209
6601.424059568671	1.0496606826782227
6601.46551873567	1.0491541624069214
6601.50697790267	1.041061520576477
6601.54843706967	1.0340051651000977
6601.58989623667	1.0367071628570557
6601.631355403671	1.0416510105133057
6601.67281457067	1.0404765605926514
6601.71427373767	1.0385935306549072
6601.75573290467	1.038063406944275
6601.79719207167	1.0373952388763428
6601.8386512386705	1.0345375537872314
6601.88011040567	1.0290946960449219
6601.92156957267	1.0267589092254639
6601.96302873967	1.0257906913757324
6602.00448790667	1.0208921432495117
6602.0459470736705	1.0161018371582031
6602.08740624067	1.0178437232971191
6602.12886540767	1.0220253467559814
6602.17032457467	1.0204545259475708
6602.21178374167	1.018315315246582
6602.2532429086705	1.021482229232788
6602.29470207567	1.0239408016204834
6602.336161242671	1.0240416526794434
6602.37762040967	1.029707908630371
6602.41907957667	1.0409159660339355
6602.46053874367	1.0451347827911377
6602.50199791067	1.0395641326904297
6602.543457077671	1.0324556827545166
6602.58491624467	1.0282853841781616
6602.62637541167	1.029221534729004
6602.66783457867	1.0350183248519897
6602.70929374567	1.0399112701416016
6602.750752912671	1.0397226810455322
6602.79221207967	1.0371627807617188
6602.83367124667	1.0341215133666992
6602.87513041367	1.0274019241333008
6602.91658958067	1.0204434394836426
6602.958048747671	1.019853115081787
6602.99950791467	1.0224132537841797
6603.04096708167	1.0278937816619873
6603.08242624867	1.0356183052062988
6603.12388541567	1.0359694957733154
6603.1653445826705	1.0307579040527344
6603.20680374967	1.0324662923812866
6603.24826291667	1.0407764911651611
6603.28972208367	1.044149398803711
6603.33118125067	1.0408787727355957
6603.3726404176705	1.0387382507324219
6603.41409958467	1.039816975593567
6603.455558751671	1.041691541671753
6603.49701791867	1.0408012866973877
6603.53847708567	1.0367658138275146
6603.57993625267	1.0373804569244385
6603.62139541967	1.0418299436569214
6603.662854586671	1.0401663780212402
6603.70431375367	1.0352575778961182
6603.74577292067	1.033461570739746
6603.78723208767	1.0341551303863525
6603.82869125467	1.0365110635757446
6603.870150421671	1.0371592044830322
6603.91160958867	1.0372653007507324
6603.95306875567	1.0396931171417236
6603.99452792267	1.0398144721984863
6604.03598708967	1.0369412899017334
6604.077446256671	1.0330698490142822
6604.11890542367	1.0289576053619385
6604.16036459067	1.026580810546875
6604.20182375767	1.0268365144729614
6604.24328292467	1.0290488004684448
6604.2847420916705	1.030674934387207
6604.32620125867	1.0333781242370605
6604.36766042567	1.0368568897247314
6604.40911959267	1.0368103981018066
6604.45057875967	1.0303983688354492
6604.4920379266705	1.0195051431655884
6604.53349709367	1.013864517211914
6604.574956260671	1.0182576179504395
6604.61641542767	1.025399923324585
6604.65787459467	1.0287710428237915
6604.6993337616705	1.0277355909347534
6604.74079292867	1.0243208408355713
6604.782252095671	1.021763563156128
6604.82371126267	1.0208735466003418
6604.86517042967	1.017688274383545
6604.90662959667	1.012847900390625
6604.94808876367	1.0141905546188354
6604.989547930671	1.0191292762756348
6605.03100709767	1.020139455795288
6605.07246626467	1.0203473567962646
6605.11392543167	1.0246343612670898
6605.15538459867	1.0281829833984375
6605.196843765671	1.025417447090149
6605.23830293267	1.022873878479004
6605.27976209967	1.0224461555480957
6605.32122126667	1.0207269191741943
6605.36268043367	1.0237071514129639
6605.4041396006705	1.0280929803848267
6605.44559876767	1.0264899730682373
6605.48705793467	1.0234811305999756
6605.52851710167	1.0218980312347412
6605.56997626867	1.0197093486785889
6605.6114354356705	1.0164744853973389
6605.65289460267	1.0176689624786377
6605.69435376967	1.023709774017334
6605.73581293667	1.0268973112106323
6605.77727210367	1.027490258216858
6605.8187312706705	1.0290477275848389
6605.86019043767	1.0308616161346436
6605.901649604671	1.0314972400665283
6605.94310877167	1.031083106994629
6605.98456793867	1.0306881666183472
6606.02602710567	1.0304526090621948
6606.06748627267	1.0297086238861084
6606.108945439671	1.0303752422332764
6606.15040460667	1.0312583446502686
6606.19186377367	1.0270832777023315
6606.23332294067	1.0178446769714355
6606.27478210767	1.0103508234024048
6606.316241274671	1.0127605199813843
6606.35770044167	1.0199570655822754
6606.39915960867	1.020589828491211
6606.44061877567	1.0174102783203125
6606.48207794267	1.0184094905853271
6606.5235371096705	1.0237596035003662
6606.56499627667	1.026240587234497
6606.60645544367	1.0193774700164795
6606.64791461067	1.0088762044906616
6606.68937377767	1.0072489976882935
6606.7308329446705	1.0142464637756348
6606.77229211167	1.017435908317566
6606.81375127867	1.0169568061828613
6606.85521044567	1.0218210220336914
6606.89666961267	1.0265146493911743
6606.9381287796705	1.0242533683776855
6606.97958794667	1.0196661949157715
6607.021047113671	1.0162968635559082
6607.06250628067	1.0149598121643066
6607.10396544767	1.0152523517608643
6607.14542461467	1.016036033630371
6607.18688378167	1.014757752418518
6607.228342948671	1.012641429901123
6607.26980211567	1.0192265510559082
6607.31126128267	1.0265741348266602
6607.35272044967	1.0186715126037598
6607.39417961667	1.0065815448760986
6607.435638783671	1.0049974918365479
6607.47709795067	1.0108294486999512
6607.51855711767	1.0187640190124512
6607.56001628467	1.02298903465271
6607.60147545167	1.020336389541626
6607.642934618671	1.0148143768310547
6607.68439378567	1.0126733779907227
6607.72585295267	1.0176186561584473
6607.76731211967	1.024904489517212
6607.80877128667	1.029695749282837
6607.8502304536705	1.0330567359924316
6607.89168962067	1.030151128768921
6607.93314878767	1.0186808109283447
6607.97460795467	1.0085219144821167
6608.01606712167	1.005359411239624
6608.0575262886705	1.0085067749023438
6608.09898545567	1.0123605728149414
6608.14044462267	1.011393427848816
6608.18190378967	1.0107316970825195
6608.22336295667	1.0144915580749512
6608.2648221236705	1.0198173522949219
6608.30628129067	1.025068998336792
6608.347740457671	1.0276364088058472
6608.38919962467	1.0259274244308472
6608.43065879167	1.0221232175827026
6608.47211795867	1.0164330005645752
6608.51357712567	1.0089329481124878
6608.555036292671	1.0026131868362427
6608.59649545967	1.0011637210845947
6608.63795462667	1.005192518234253
6608.67941379367	1.0104379653930664
6608.72087296067	1.0126208066940308
6608.762332127671	1.012525200843811
6608.80379129467	1.0133886337280273
6608.84525046167	1.0159080028533936
6608.88670962867	1.0162475109100342
6608.92816879567	1.0127649307250977
6608.9696279626705	1.0081045627593994
6609.01108712967	1.0073148012161255
6609.05254629667	1.0118838548660278
6609.09400546367	1.0156185626983643
6609.13546463067	1.0149939060211182
6609.1769237976705	1.011271595954895
6609.21838296467	1.0078972578048706
6609.25984213167	1.0097906589508057
6609.30130129867	1.0144939422607422
6609.34276046567	1.0177552700042725
6609.3842196326705	1.018423080444336
6609.42567879967	1.014636516571045
6609.467137966671	1.010409951210022
6609.50859713367	1.0074375867843628
6609.55005630067	1.004608154296875
6609.59151546767	1.0042577981948853
6609.63297463467	1.0036673545837402
6609.674433801671	1.0031466484069824
6609.71589296867	1.0063376426696777
6609.75735213567	1.009350299835205
6609.79881130267	1.008965253829956
6609.84027046967	1.0069942474365234
6609.881729636671	1.0047920942306519
6609.92318880367	1.0051203966140747
6609.96464797067	1.0093387365341187
6610.00610713767	1.0131542682647705
6610.04756630467	1.0138535499572754
6610.0890254716705	1.0119091272354126
6610.13048463867	1.0093860626220703
6610.17194380567	1.0110363960266113
6610.21340297267	1.015366792678833
6610.25486213967	1.0143773555755615
6610.2963213066705	1.0102348327636719
6610.33778047367	1.008068561553955
6610.37923964067	1.0043187141418457
6610.42069880767	1.0014970302581787
6610.46215797467	1.0054068565368652
6610.5036171416705	1.0118508338928223
6610.54507630867	1.0143177509307861
6610.586535475671	1.0135011672973633
6610.62799464267	1.0101237297058105
6610.66945380967	1.0055298805236816
6610.71091297667	1.0039335489273071
6610.75237214367	1.0037795305252075
6610.793831310671	1.001853346824646
6610.83529047767	1.0011630058288574
6610.87674964467	1.0051684379577637
6610.91820881167	1.0138483047485352
6610.95966797867	1.0127644538879395
6611.001127145671	0.8386718034744263
