6520.27456088	0.11387704213
6520.27456088	1.0212746858596802
6520.38843792213	1.0205012559890747
6520.502314964259	1.022047996520996
6520.61619200639	1.021661400794983
6520.73006904852	1.0239815711975098
6520.843946090649	1.0351959466934204
6520.95782313278	1.034422516822815
6521.07170017491	1.0375159978866577
6521.185577217039	1.042156457901001
6521.29945425917	1.0340358018875122
6521.4133313013	1.0406097173690796
6521.527208343429	1.0448634624481201
6521.64108538556	1.0348092317581177
6521.75496242769	1.0259150266647339
6521.868839469819	1.0301687717437744
6521.98271651195	1.0212746858596802
6522.09659355408	1.021661400794983
6522.210470596209	1.015860915184021
6522.3243476383395	1.021661400794983
6522.43822468047	1.0239815711975098
6522.552101722599	1.0274620056152344
6522.6659787647295	1.03790283203125
6522.77985580686	1.0375159978866577
6522.893732848989	1.0382895469665527
6523.0076098911195	1.0297820568084717
6523.12148693325	1.01431405544281
6523.235363975379	1.010060429573059
6523.3492410175095	1.0073535442352295
6523.46311805964	0.9953657984733582
6523.57699510177	0.9822180271148682
6523.6908721438995	0.9617229104042053
6523.80474918603	0.936200737953186
6523.91862622816	0.9323337078094482
6524.032503270289	0.9605627655982971
6524.14638031242	0.9980727434158325
6524.26025735455	1.0208879709243774
6524.374134396679	1.0228215456008911
6524.48801143881	1.019341230392456
6524.60188848094	1.0305554866790771
6524.715765523069	1.0305554866790771
6524.8296425652	1.0351959466934204
6524.94351960733	1.0317155122756958
6525.057396649459	1.0293954610824585
6525.17127369159	1.036355972290039
6525.28515073372	1.0278486013412476
6525.399027775849	1.0309422016143799
6525.51290481798	1.0282353162765503
6525.62678186011	1.0274620056152344
6525.740658902239	1.0243682861328125
6525.85453594437	1.0278486013412476
6525.9684129865	1.0324889421463013
6526.082290028629	1.0340358018875122
6526.19616707076	1.0359692573547363
6526.31004411289	1.0390629768371582
6526.423921155019	1.0371294021606445
6526.53779819715	1.034422516822815
6526.65167523928	1.0317155122756958
6526.765552281409	1.0293954610824585
6526.87942932354	1.0324889421463013
6526.99330636567	1.0321022272109985
6527.107183407799	1.0317155122756958
6527.22106044993	1.0321022272109985
6527.33493749206	1.0282353162765503
6527.448814534189	1.0224348306655884
6527.56269157632	1.0205012559890747
6527.67656861845	1.022047996520996
6527.790445660579	1.0255284309387207
6527.90432270271	1.0324889421463013
6528.01819974484	1.036355972290039
6528.132076786969	1.0328757762908936
6528.2459538291	1.028622031211853
6528.35983087123	1.0309422016143799
6528.473707913359	1.0367426872253418
6528.58758495549	1.034422516822815
6528.70146199762	1.0375159978866577
6528.815339039749	1.0351959466934204
6528.9292160818795	1.0297820568084717
6529.04309312401	1.0321022272109985
6529.156970166139	1.0336490869522095
6529.2708472082695	1.034422516822815
6529.3847242504	1.0348092317581177
6529.498601292529	1.0336490869522095
6529.6124783346595	1.0239815711975098
6529.72635537679	1.0239815711975098
6529.840232418919	1.0355825424194336
6529.9541094610495	1.0340358018875122
6530.06798650318	1.0336490869522095
6530.18186354531	1.0282353162765503
6530.2957405874395	1.0247550010681152
6530.40961762957	1.0235949754714966
6530.5234946717	1.008126974105835
6530.637371713829	1.0034865140914917
6530.75124875596	1.008126974105835
6530.86512579809	1.0205012559890747
6530.979002840219	1.0309422016143799
6531.09287988235	1.0336490869522095
6531.20675692448	1.0340358018875122
6531.320633966609	1.0290087461471558
6531.43451100874	1.0367426872253418
6531.54838805087	1.0235949754714966
6531.662265092999	1.0235949754714966
6531.77614213513	1.0348092317581177
6531.89001917726	1.027075171470642
6532.003896219389	1.0104470252990723
6532.11777326152	0.9822180271148682
6532.23165030365	0.9470282793045044
6532.345527345779	0.9222794771194458
6532.45940438791	0.923826277256012
6532.57328143004	0.9601761102676392
6532.687158472169	0.9980727434158325
6532.8010355143	1.017407774925232
6532.91491255643	1.0259150266647339
6533.028789598559	1.0228215456008911
6533.14266664069	1.022047996520996
6533.25654368282	1.0255284309387207
6533.370420724949	1.025141716003418
6533.48429776708	1.0205012559890747
6533.59817480921	1.0263017416000366
6533.712051851339	1.0135407447814941
6533.82592889347	0.9911120533943176
6533.9398059356	0.9737105965614319
6534.053682977729	0.96791011095047
6534.16756001986	0.9737105965614319
6534.28143706199	0.9984594583511353
6534.395314104119	1.010060429573059
6534.50919114625	1.0019397735595703
6534.62306818838	1.0058066844940186
6534.736945230509	1.0085135698318481
6534.85082227264	1.0131540298461914
6534.96469931477	1.0135407447814941
6535.078576356899	1.0073535442352295
6535.19245339903	1.015860915184021
6535.30633044116	1.0278486013412476
6535.420207483289	1.0305554866790771
6535.5340845254195	1.0324889421463013
6535.64796156755	1.0313289165496826
6535.761838609679	1.0282353162765503
6535.8757156518095	1.0232082605361938
6535.98959269394	1.0197279453277588
6536.103469736069	1.0290087461471558
6536.2173467781995	1.0340358018875122
6536.33122382033	1.021661400794983
6536.445100862459	1.0127673149108887
6536.5589779045895	1.0046465396881104
6536.67285494672	0.9887918829917908
6536.78673198885	0.9911120533943176
6536.9006090309795	1.0042599439620972
6537.01448607311	1.0170209407806396
6537.12836311524	1.0305554866790771
6537.242240157369	1.0263017416000366
6537.3561171995	1.020114541053772
6537.46999424163	1.0282353162765503
6537.583871283759	1.0243682861328125
6537.69774832589	1.0317155122756958
6537.81162536802	1.0406097173690796
6537.925502410149	1.0297820568084717
6538.03937945228	1.0301687717437744
6538.15325649441	1.0398362874984741
6538.267133536539	1.0394495725631714
6538.38101057867	1.0340358018875122
6538.4948876208	1.0293954610824585
6538.608764662929	1.0282353162765503
6538.72264170506	1.0328757762908936
6538.83651874719	1.0263017416000366
6538.950395789319	1.016634225845337
6539.06427283145	1.0228215456008911
6539.17814987358	1.0263017416000366
6539.292026915709	1.0243682861328125
6539.40590395784	1.0232082605361938
6539.51978099997	1.0228215456008911
6539.633658042099	1.0297820568084717
6539.74753508423	1.027075171470642
6539.86141212636	1.0282353162765503
6539.975289168489	1.0290087461471558
6540.08916621062	1.0278486013412476
6540.20304325275	1.0309422016143799
6540.316920294879	1.0228215456008911
6540.43079733701	1.0177944898605347
6540.54467437914	1.0181810855865479
6540.658551421269	1.0212746858596802
6540.7724284634	1.0274620056152344
6540.88630550553	1.0232082605361938
6541.000182547659	1.0263017416000366
6541.11405958979	1.0297820568084717
6541.22793663192	1.0278486013412476
6541.341813674049	1.0274620056152344
6541.45569071618	1.0243682861328125
6541.56956775831	1.0205012559890747
6541.683444800439	1.0181810855865479
6541.7973218425695	1.019341230392456
6541.9111988847	1.010833740234375
6542.025075926829	1.0034865140914917
6542.1389529689595	0.9856982827186584
6542.25283001109	0.9694569110870361
6542.366707053219	0.9713903665542603
6542.4805840953495	0.9864717125892639
6542.59446113748	1.0003929138183594
6542.708338179609	1.0058066844940186
6542.8222152217395	1.016634225845337
6542.93609226387	1.0170209407806396
6543.049969305999	1.0127673149108887
6543.1638463481295	1.0205012559890747
6543.27772339026	1.0147007703781128
6543.39160043239	1.0085135698318481
6543.5054774745195	1.0061933994293213
6543.61935451665	0.9829913973808289
6543.73323155878	0.9315602779388428
6543.847108600909	0.8716217875480652
6543.96098564304	0.8681414723396301
6544.07486268517	0.9064247608184814
6544.188739727299	0.9601761102676392
6544.30261676943	0.9930455684661865
6544.41649381156	1.0046465396881104
6544.530370853689	1.0058066844940186
6544.64424789582	1.0150874853134155
6544.75812493795	1.0112204551696777
6544.872001980079	1.010833740234375
6544.98587902221	1.0077402591705322
6545.09975606434	0.9984594583511353
6545.213633106469	1.0027130842208862
6545.3275101486	1.008126974105835
6545.44138719073	1.0042599439620972
6545.555264232859	1.0034865140914917
6545.66914127499	0.9891785979270935
6545.78301831712	0.9768041968345642
6545.896895359249	0.9744840264320374
6546.01077240138	0.9907254576683044
6546.12464944351	1.0069668292999268
6546.238526485639	1.0046465396881104
6546.35240352777	1.0038732290267944
6546.4662805699	1.0019397735595703
6546.580157612029	1.0015530586242676
6546.69403465416	1.0015530586242676
6546.80791169629	1.0038732290267944
6546.921788738419	1.0085135698318481
6547.03566578055	1.0054199695587158
6547.14954282268	0.9980727434158325
6547.263419864809	0.9992327690124512
6547.37729690694	0.9891785979270935
6547.49117394907	0.9783509969711304
6547.605050991199	0.9450947642326355
6547.71892803333	0.9392942786216736
6547.83280507546	0.9551489949226379
6547.946682117589	0.9841514825820923
6548.06055915972	1.0003929138183594
6548.17443620185	0.993818998336792
6548.288313243979	0.9802845120429993
6548.4021902861095	0.9551489949226379
6548.51606732824	0.9060381054878235
6548.629944370369	0.8820627331733704
6548.7438214124995	0.8998509049415588
6548.85769845463	0.9485751390457153
6548.971575496759	0.9768041968345642
6549.0854525388895	0.9841514825820923
6549.19932958102	0.9826047420501709
6549.313206623149	0.989952027797699
6549.4270836652795	1.0011662244796753
6549.54096070741	1.0054199695587158
6549.654837749539	0.9984594583511353
6549.7687147916695	1.0000061988830566
6549.8825918338	1.0061933994293213
6549.99646887593	0.9969125390052795
6550.1103459180595	0.9914987683296204
6550.22422296019	0.9961392283439636
6550.33810000232	0.993818998336792
6550.451977044449	0.9887918829917908
6550.56585408658	0.989952027797699
6550.67973112871	0.9945924282073975
6550.793608170839	0.9972992539405823
6550.90748521297	0.9884052276611328
6551.0213622551	0.9841514825820923
6551.135239297229	0.9853116273880005
6551.24911633936	0.980671226978302
6551.36299338149	0.9744840264320374
6551.476870423619	0.9771909117698669
6551.59074746575	0.9655898809432983
6551.70462450788	0.9748707413673401
6551.818501550009	0.9706169962882996
6551.93237859214	0.9594027400016785
6552.04625563427	0.9516687393188477
6552.160132676399	0.9481883645057678
6552.27400971853	0.9520553946495056
6552.38788676066	0.9102917909622192
6552.501763802789	0.8580873012542725
6552.61564084492	0.8248311281204224
6552.72951788705	0.8383656144142151
6552.843394929179	0.8932769894599915
6552.95727197131	0.9334937930107117
6553.07114901344	0.9474149942398071
6553.185026055569	0.9536021947860718
6553.2989030977	0.9551489949226379
6553.41278013983	0.9508952498435974
6553.526657181959	0.9346538782119751
6553.64053422409	0.9164789915084839
6553.75441126622	0.9052647352218628
6553.868288308349	0.9010109901428223
6553.98216535048	0.9122253060340881
6554.09604239261	0.9257597923278809
6554.209919434739	0.9338805079460144
6554.32379647687	0.936200737953186
6554.437673519	0.9327203631401062
6554.551550561129	0.927306592464447
6554.66542760326	0.9176391363143921
6554.77930464539	0.9203460216522217
6554.893181687519	0.9184125065803528
6555.0070587296495	0.9157056212425232
6555.12093577178	0.91802579164505
6555.234812813909	0.9114518761634827
6555.3486898560395	0.9079716205596924
6555.46256689817	0.9141587615013123
6555.576443940299	0.9064247608184814
6555.6903209824295	0.9083582758903503
6555.80419802456	0.9075849056243896
6555.918075066689	0.9052647352218628
6556.0319521088195	0.8936637043952942
6556.14582915095	0.8990774750709534
6556.259706193079	0.9002376198768616
6556.3735832352095	0.8986907601356506
6556.48746027734	0.8874765038490295
6556.60133731947	0.8948237895965576
6556.7152143615995	0.8859297037124634
6556.82909140373	0.870074987411499
6556.94296844586	0.8503533005714417
6557.056845487989	0.8228976130485535
6557.17072253012	0.8070428967475891
6557.28459957225	0.8097497820854187
6557.398476614379	0.8283113837242126
6557.51235365651	0.8433927297592163
6557.62623069864	0.8433927297592163
6557.740107740769	0.844552755355835
6557.8539847829	0.8352720141410828
6557.96786182503	0.8178704977035522
6558.081738867159	0.8085896968841553
6558.19561590929	0.805496096611023
6558.30949295142	0.8140035271644592
6558.423369993549	0.8170971274375916
6558.53724703568	0.8078162670135498
6558.65112407781	0.8051093816757202
6558.765001119939	0.8082029819488525
6558.87887816207	0.808976411819458
6558.9927552042	0.8043360114097595
6559.106632246329	0.7977620959281921
6559.22050928846	0.7892547249794006
6559.33438633059	0.7880946397781372
6559.448263372719	0.7850009799003601
6559.56214041485	0.7884812951087952
6559.67601745698	0.7788137793540955
6559.789894499109	0.7772669792175293
6559.90377154124	0.7853876948356628
6560.01764858337	0.7873212099075317
6560.131525625499	0.7842276096343994
6560.24540266763	0.7853876948356628
6560.35927970976	0.773786723613739
6560.473156751889	0.7621857523918152
6560.58703379402	0.7695329785346985
6560.70091083615	0.7753335237503052
6560.814787878279	0.7811340093612671
6560.92866492041	0.7749467492103577
6561.04254196254	0.7726266384124756
6561.156419004669	0.7730132937431335
6561.2702960468	0.7792004942893982
6561.38417308893	0.7861611247062683
6561.498050131059	0.7942817807197571
6561.6119271731895	0.7973753809928894
6561.72580421532	0.7904147505760193
6561.839681257449	0.7803606390953064
6561.9535582995795	0.7734000086784363
6562.06743534171	0.7710797786712646
6562.181312383839	0.7625724077224731
6562.2951894259695	0.7455576062202454
6562.4090664681	0.7355033755302429
6562.522943510229	0.7347300052642822
6562.6368205523595	0.7397571206092834
6562.75069759449	0.7467177510261536
6562.86457463662	0.7455576062202454
6562.9784516787495	0.7471044063568115
6563.09232872088	0.755611777305603
6563.20620576301	0.7544517517089844
6563.3200828051395	0.7521315217018127
6563.43395984727	0.7548384070396423
6563.5478368894	0.7602522373199463
6563.661713931529	0.7668260931968689
6563.77559097366	0.7753335237503052
6563.88946801579	0.7718532085418701
6564.003345057919	0.7378236055374146
6564.11722210005	0.7126880884170532
6564.23109914218	0.7142348885536194
6564.344976184309	0.7347300052642822
6564.45885322644	0.7637324929237366
6564.57273026857	0.7904147505760193
6564.686607310699	0.7931216955184937
6564.80048435283	0.7865477800369263
6564.91436139496	0.7942817807197571
6565.028238437089	0.8027892112731934
6565.14211547922	0.7927349805831909
6565.25599252135	0.7931216955184937
6565.369869563479	0.7857744097709656
6565.48374660561	0.7834542393684387
6565.59762364774	0.7799738645553589
6565.711500689869	0.7846142649650574
6565.825377732	0.7784271240234375
6565.93925477413	0.7857744097709656
6566.053131816259	0.7969887256622314
6566.16700885839	0.8008556962013245
6566.28088590052	0.800082266330719
6566.394762942649	0.799695611000061
6566.50863998478	0.8228976130485535
6566.62251702691	0.8178704977035522
6566.736394069039	0.8140035271644592
6566.85027111117	0.82173752784729
6566.9641481533	0.8286980986595154
6567.078025195429	0.8317916989326477
6567.19190223756	0.8395256996154785
6567.30577927969	0.8430060148239136
6567.419656321819	0.838752269744873
6567.53353336395	0.8418458700180054
6567.64741040608	0.8476464152336121
6567.761287448209	0.8460996150970459
6567.87516449034	0.8499665856361389
6567.98904153247	0.8553804159164429
6568.102918574599	0.8615676164627075
6568.2167956167295	0.8623409867286682
6568.33067265886	0.8631144165992737
6568.444549700989	0.8727818727493286
6568.5584267431195	0.862727701663971
6568.67230378525	0.8476464152336121
6568.786180827379	0.8468729853630066
6568.9000578695095	0.8526734709739685
6569.01393491164	0.8673681020736694
6569.127811953769	0.8762622475624084
6569.2416889958995	0.8839962482452393
6569.35556603803	0.8897967338562012
6569.469443080159	0.892116904258728
6569.5833201222895	0.9021711349487305
6569.69719716442	0.9064247608184814
6569.81107420655	0.9091317057609558
6569.9249512486795	0.9184125065803528
6570.03882829081	0.9176391363143921
6570.15270533294	0.9168657064437866
6570.266582375069	0.9176391363143921
6570.3804594172	0.91802579164505
6570.49433645933	0.9153189063072205
6570.608213501459	0.9218927621841431
6570.72209054359	0.9249863624572754
6570.83596758572	0.9408411383628845
6570.949844627849	0.9512820243835449
6571.06372166998	0.9512820243835449
6571.17759871211	0.9485751390457153
6571.291475754239	0.9381342530250549
6571.40535279637	0.9381342530250549
6571.5192298385	0.9396809935569763
6571.633106880629	0.9389076232910156
6571.74698392276	0.9354272484779358
6571.86086096489	0.9056513905525208
6571.974738007019	0.8693016171455383
6572.08861504915	0.857313871383667
6572.20249209128	0.8689149022102356
6572.316369133409	0.9056513905525208
6572.43024617554	0.942001223564148
6572.54412321767	0.9528287649154663
6572.658000259799	0.9617229104042053
6572.77187730193	0.9570825099945068
6572.88575434406	0.9597893953323364
6572.999631386189	0.9563091397285461
6573.11350842832	0.9632697105407715
6573.22738547045	0.9671367406845093
6573.341262512579	0.9717771410942078
6573.45513955471	0.9667500257492065
6573.56901659684	0.962496280670166
6573.682893638969	0.9578558802604675
6573.7967706811	0.96791011095047
6573.91064772323	0.9733238816261292
6574.024524765359	0.9725505113601685
6574.13840180749	0.9690701961517334
6574.25227884962	0.9764174818992615
6574.366155891749	0.9798977971076965
6574.48003293388	0.9690701961517334
6574.59390997601	0.9334937930107117
6574.707787018139	0.8720085024833679
6574.8216640602695	0.8433927297592163
6574.9355411024	0.8600207567214966
6575.049418144529	0.9083582758903503
6575.1632951866595	0.9516687393188477
6575.27717222879	0.9682967662811279
6575.391049270919	0.9868583679199219
6575.5049263130495	0.9907254576683044
6575.61880335518	0.9895652532577515
6575.732680397309	0.9965259432792664
6575.8465574394395	0.9907254576683044
6575.96043448157	0.9860849976539612
6576.0743115237	0.9853116273880005
6576.1881885658295	0.9822180271148682
6576.30206560796	0.9802845120429993
6576.41594265009	0.9868583679199219
6576.5298196922195	0.9934322834014893
6576.64369673435	0.993818998336792
6576.75757377648	0.9949790239334106
6576.871450818609	0.9903387427330017
6576.98532786074	0.9895652532577515
6577.09920490287	0.9914987683296204
6577.213081944999	0.9942057132720947
6577.32695898713	0.9907254576683044
6577.44083602926	0.9961392283439636
6577.554713071389	0.9969125390052795
6577.66859011352	0.9996194839477539
6577.78246715565	0.9961392283439636
6577.896344197779	0.9976860284805298
6578.01022123991	0.9895652532577515
6578.12409828204	0.9942057132720947
6578.237975324169	0.9965259432792664
6578.3518523663	1.0007795095443726
6578.46572940843	0.993818998336792
6578.579606450559	1.0011662244796753
6578.69348349269	1.0038732290267944
6578.80736053482	1.0007795095443726
6578.921237576949	0.9988460540771484
6579.03511461908	0.9922721982002258
6579.14899166121	0.9918854832649231
6579.262868703339	1.002326488494873
6579.37674574547	0.9988460540771484
6579.4906227876	1.0073535442352295
6579.604499829729	1.0119940042495728
6579.71837687186	1.0162475109100342
6579.83225391399	1.010833740234375
6579.946130956119	1.010833740234375
6580.06000799825	1.0077402591705322
6580.17388504038	1.008126974105835
6580.287762082509	1.0096737146377563
6580.40163912464	1.0092869997024536
6580.51551616677	0.9957525134086609
6580.629393208899	0.9733238816261292
6580.74327025103	0.9617229104042053
6580.85714729316	0.9710037112236023
6580.971024335289	0.9802845120429993
6581.08490137742	1.0003929138183594
6581.19877841955	1.0073535442352295
6581.312655461679	1.0131540298461914
6581.4265325038095	1.0147007703781128
6581.54040954594	1.010060429573059
6581.654286588069	1.0104470252990723
6581.7681636301995	0.9988460540771484
6581.88204067233	1.0058066844940186
6581.995917714459	1.0147007703781128
6582.1097947565895	1.0073535442352295
6582.22367179872	1.0077402591705322
6582.337548840849	1.0046465396881104
6582.4514258829795	0.9992327690124512
6582.56530292511	1.0027130842208862
6582.67917996724	1.003099799156189
6582.7930570093695	0.9992327690124512
6582.9069340515	0.9992327690124512
6583.02081109363	0.9957525134086609
6583.1346881357595	0.9949790239334106
6583.24856517789	0.9911120533943176
6583.36244222002	0.9853116273880005
6583.476319262149	0.9880185127258301
6583.59019630428	0.9926589727401733
6583.70407334641	1.0015530586242676
6583.817950388539	1.0065799951553345
6583.93182743067	1.0150874853134155
6584.0457044728	1.0139274597167969
6584.159581514929	1.0150874853134155
6584.27345855706	1.0255284309387207
6584.38733559919	1.021661400794983
6584.501212641319	1.0208879709243774
6584.61508968345	1.0189545154571533
6584.72896672558	1.0162475109100342
6584.842843767709	1.0177944898605347
6584.95672080984	1.0154742002487183
6585.07059785197	1.0069668292999268
6585.184474894099	1.0054199695587158
6585.29835193623	1.0119940042495728
6585.41222897836	1.0228215456008911
6585.526106020489	1.0073535442352295
6585.63998306262	0.9969125390052795
6585.75386010475	1.0096737146377563
6585.867737146879	1.0073535442352295
6585.98161418901	1.0077402591705322
6586.09549123114	1.0127673149108887
6586.209368273269	1.0003929138183594
6586.3232453154	0.9795110821723938
6586.43712235753	0.9574692249298096
6586.550999399659	0.953215479850769
6586.66487644179	0.9636563658714294
6586.77875348392	0.9783509969711304
6586.892630526049	0.9972992539405823
6587.00650756818	1.0065799951553345
6587.12038461031	1.0116071701049805
6587.234261652439	1.0119940042495728
6587.34813869457	1.0147007703781128
6587.4620157367	1.020114541053772
6587.575892778829	1.0162475109100342
6587.68976982096	1.0162475109100342
6587.80364686309	1.0147007703781128
6587.917523905219	1.0189545154571533
6588.0314009473495	1.0208879709243774
6588.14527798948	1.0205012559890747
6588.259155031609	1.0150874853134155
6588.3730320737395	1.01431405544281
6588.48690911587	1.0092869997024536
6588.600786157999	1.0135407447814941
6588.7146632001295	1.0069668292999268
6588.82854024226	1.016634225845337
6588.942417284389	1.021661400794983
6589.0562943265195	1.0243682861328125
6589.17017136865	1.0282353162765503
6589.28404841078	1.0309422016143799
6589.3979254529095	1.0243682861328125
6589.51180249504	1.0255284309387207
6589.62567953717	1.028622031211853
6589.7395565792995	1.0235949754714966
6589.85343362143	1.0228215456008911
6589.96731066356	1.0255284309387207
6590.081187705689	1.0259150266647339
6590.19506474782	1.0181810855865479
6590.30894178995	1.0189545154571533
6590.422818832079	1.022047996520996
6590.53669587421	1.022047996520996
6590.65057291634	1.0139274597167969
6590.764449958469	1.0208879709243774
6590.8783270006	1.020114541053772
6590.99220404273	1.0170209407806396
6591.106081084859	1.0185678005218506
6591.21995812699	1.0150874853134155
6591.33383516912	1.0212746858596802
6591.447712211249	1.0243682861328125
6591.56158925338	1.016634225845337
6591.67546629551	1.021661400794983
6591.789343337639	1.0317155122756958
6591.90322037977	1.0177944898605347
6592.0170974219	1.0131540298461914
6592.130974464029	1.0208879709243774
6592.24485150616	1.010060429573059
6592.35872854829	1.0139274597167969
6592.472605590419	1.0239815711975098
6592.58648263255	1.022047996520996
6592.70035967468	1.0232082605361938
6592.814236716809	1.0177944898605347
6592.92811375894	1.0131540298461914
6593.04199080107	1.01431405544281
6593.155867843199	1.0162475109100342
6593.26974488533	1.0177944898605347
6593.38362192746	1.0139274597167969
6593.497498969589	1.0189545154571533
6593.61137601172	1.0208879709243774
6593.72525305385	1.012380599975586
6593.839130095979	1.0228215456008911
6593.95300713811	1.0293954610824585
6594.06688418024	1.019341230392456
6594.180761222369	1.0089002847671509
6594.2946382645	0.9988460540771484
6594.40851530663	0.9988460540771484
6594.522392348759	1.0092869997024536
6594.6362693908895	1.0162475109100342
6594.75014643302	1.0147007703781128
6594.864023475149	1.0197279453277588
6594.9779005172795	1.022047996520996
6595.09177755941	1.0189545154571533
6595.205654601539	1.0263017416000366
6595.3195316436695	1.0205012559890747
6595.4334086858	1.0239815711975098
6595.547285727929	1.0212746858596802
6595.6611627700595	1.0185678005218506
6595.77503981219	1.0197279453277588
6595.88891685432	1.0189545154571533
6596.0027938964495	1.0197279453277588
6596.11667093858	1.0127673149108887
6596.23054798071	1.0150874853134155
6596.3444250228395	1.0301687717437744
6596.45830206497	1.022047996520996
6596.5721791071	1.0154742002487183
6596.686056149229	1.0177944898605347
6596.79993319136	1.016634225845337
6596.91381023349	1.0112204551696777
6597.027687275619	1.015860915184021
6597.14156431775	1.0185678005218506
6597.25544135988	1.020114541053772
6597.369318402009	1.0112204551696777
6597.48319544414	1.012380599975586
6597.59707248627	1.017407774925232
6597.710949528399	1.0147007703781128
6597.82482657053	1.016634225845337
6597.93870361266	1.0135407447814941
6598.052580654789	1.017407774925232
6598.16645769692	1.017407774925232
6598.28033473905	1.01431405544281
6598.394211781179	1.0181810855865479
6598.50808882331	1.0127673149108887
6598.62196586544	1.0011662244796753
6598.735842907569	1.0131540298461914
6598.8497199497	1.0127673149108887
6598.96359699183	1.01431405544281
6599.077474033959	1.0042599439620972
6599.19135107609	0.9926589727401733
6599.30522811822	0.9872450828552246
6599.419105160349	0.9884052276611328
6599.53298220248	0.9957525134086609
6599.64685924461	1.0069668292999268
6599.760736286739	1.0065799951553345
6599.87461332887	1.0197279453277588
6599.988490371	1.0189545154571533
6600.102367413129	1.025141716003418
6600.21624445526	1.0147007703781128
6600.33012149739	1.010060429573059
6600.443998539519	1.0162475109100342
6600.55787558165	1.020114541053772
6600.67175262378	1.020114541053772
6600.785629665909	1.0116071701049805
6600.89950670804	1.0243682861328125
6601.01338375017	1.0247550010681152
6601.127260792299	1.0228215456008911
6601.2411378344295	1.021661400794983
6601.35501487656	1.0228215456008911
6601.468891918689	1.020114541053772
6601.5827689608195	1.008126974105835
6601.69664600295	1.0127673149108887
6601.810523045079	1.0034865140914917
6601.9244000872095	0.9918854832649231
6602.03827712934	0.9953657984733582
6602.15215417147	0.9949790239334106
6602.2660312135995	1.0096737146377563
6602.37990825573	1.0139274597167969
6602.49378529786	1.019341230392456
6602.6076623399895	1.0208879709243774
6602.72153938212	1.0127673149108887
6602.83541642425	1.0212746858596802
6602.9492934663795	1.0224348306655884
6603.06317050851	1.0247550010681152
6603.17704755064	1.0162475109100342
6603.290924592769	1.020114541053772
6603.4048016349	1.01431405544281
6603.51867867703	1.017407774925232
6603.632555719159	1.0096737146377563
6603.74643276129	1.0104470252990723
6603.86030980342	1.0147007703781128
6603.974186845549	1.0185678005218506
6604.08806388768	1.0189545154571533
6604.20194092981	1.0228215456008911
6604.315817971939	1.0212746858596802
6604.42969501407	1.0208879709243774
6604.5435720562	1.0247550010681152
6604.657449098329	1.0293954610824585
6604.77132614046	1.0212746858596802
6604.88520318259	1.0177944898605347
6604.999080224719	1.0259150266647339
6605.11295726685	1.0170209407806396
6605.22683430898	1.015860915184021
6605.340711351109	1.0208879709243774
6605.45458839324	1.0185678005218506
6605.56846543537	1.0089002847671509
6605.682342477499	1.0077402591705322
6605.79621951963	1.0181810855865479
6605.91009656176	1.0162475109100342
6606.023973603889	1.0085135698318481
6606.13785064602	1.0177944898605347
6606.25172768815	1.0247550010681152
6606.365604730279	1.025141716003418
6606.47948177241	1.0263017416000366
6606.59335881454	1.0274620056152344
6606.707235856669	1.021661400794983
6606.8211128988	1.0224348306655884
6606.93498994093	1.0305554866790771
6607.048866983059	1.0228215456008911
6607.16274402519	1.0185678005218506
6607.27662106732	1.034422516822815
6607.390498109449	1.0263017416000366
6607.50437515158	1.020114541053772
6607.61825219371	1.027075171470642
6607.732129235839	1.0224348306655884
6607.8460062779695	1.0239815711975098
6607.9598833201	1.0154742002487183
6608.073760362229	1.019341230392456
6608.1876374043595	1.025141716003418
6608.30151444649	1.0259150266647339
6608.415391488619	1.020114541053772
6608.5292685307495	1.0189545154571533
6608.64314557288	1.020114541053772
6608.757022615009	1.0147007703781128
6608.8708996571395	1.016634225845337
6608.98477669927	1.0162475109100342
6609.0986537414	1.0239815711975098
6609.2125307835295	1.021661400794983
6609.32640782566	1.0189545154571533
6609.44028486779	1.0154742002487183
6609.5541619099195	1.0104470252990723
6609.66803895205	1.0189545154571533
6609.78191599418	1.020114541053772
6609.895793036309	1.0131540298461914
6610.00967007844	1.0154742002487183
6610.12354712057	1.022047996520996
6610.237424162699	1.0181810855865479
6610.35130120483	1.0274620056152344
6610.46517824696	1.0197279453277588
6610.579055289089	1.022047996520996
6610.69293233122	1.0185678005218506
6610.80680937335	1.016634225845337
6610.920686415479	1.0162475109100342
6611.03456345761	1.017407774925232
6611.14844049974	1.0205012559890747
6611.262317541869	1.0197279453277588
6611.376194584	1.021661400794983
6611.49007162613	1.015860915184021
6611.603948668259	1.0116071701049805
6611.71782571039	1.0147007703781128
6611.83170275252	1.0139274597167969
6611.945579794649	1.020114541053772
6612.05945683678	1.016634225845337
6612.17333387891	1.015860915184021
6612.287210921039	1.0189545154571533
6612.40108796317	1.0011662244796753
6612.5149650053	0.9988460540771484
6612.628842047429	1.0046465396881104
6612.74271908956	1.0089002847671509
6612.85659613169	1.0015530586242676
6612.970473173819	1.0085135698318481
6613.08435021595	0.9969125390052795
6613.19822725808	1.0034865140914917
6613.312104300209	1.0073535442352295
6613.42598134234	0.9988460540771484
6613.53985838447	1.0042599439620972
6613.653735426599	0.9972992539405823
6613.76761246873	1.0015530586242676
6613.88148951086	1.0027130842208862
6613.995366552989	1.0085135698318481
6614.10924359512	1.0154742002487183
6614.22312063725	1.0131540298461914
6614.336997679379	1.0077402591705322
6614.4508747215095	1.0092869997024536
6614.56475176364	1.0042599439620972
6614.678628805769	1.0135407447814941
6614.7925058478995	1.0162475109100342
6614.90638289003	1.017407774925232
6615.020259932159	1.0104470252990723
6615.1341369742895	1.0069668292999268
6615.24801401642	1.0112204551696777
6615.36189105855	1.0046465396881104
6615.4757681006795	1.0092869997024536
6615.58964514281	1.0147007703781128
6615.70352218494	1.0073535442352295
6615.8173992270695	1.0282353162765503
6615.9312762692	1.0116071701049805
6616.04515331133	1.016634225845337
6616.1590303534595	1.0104470252990723
6616.27290739559	1.0112204551696777
6616.38678443772	1.0116071701049805
6616.500661479849	1.0154742002487183
6616.61453852198	1.0112204551696777
6616.72841556411	1.01431405544281
6616.842292606239	1.0116071701049805
6616.95616964837	1.0135407447814941
6617.0700466905	1.016634225845337
6617.183923732629	1.0089002847671509
6617.29780077476	1.008126974105835
6617.41167781689	1.0096737146377563
6617.525554859019	1.0054199695587158
6617.63943190115	1.0096737146377563
6617.75330894328	1.0119940042495728
6617.867185985409	1.0061933994293213
6617.98106302754	1.0054199695587158
6618.09494006967	1.0104470252990723
6618.208817111799	1.0116071701049805
6618.32269415393	1.0058066844940186
6618.43657119606	1.0127673149108887
6618.550448238189	1.0112204551696777
6618.66432528032	1.0089002847671509
6618.77820232245	1.0061933994293213
6618.892079364579	0.9976860284805298
6619.00595640671	1.0073535442352295
6619.11983344884	1.0046465396881104
6619.233710490969	1.0061933994293213
6619.3475875331	1.012380599975586
6619.46146457523	1.0042599439620972
6619.575341617359	1.0073535442352295
6619.68921865949	1.0034865140914917
6619.80309570162	1.0065799951553345
6619.916972743749	1.0069668292999268
6620.03084978588	1.0019397735595703
6620.14472682801	1.0104470252990723
6620.258603870139	1.0054199695587158
6620.37248091227	1.008126974105835
6620.4863579544	1.0089002847671509
6620.600234996529	1.010833740234375
6620.71411203866	1.0112204551696777
6620.82798908079	1.0038732290267944
6620.941866122919	1.0007795095443726
6621.0557431650495	0.9992327690124512
6621.16962020718	1.010060429573059
6621.283497249309	1.0096737146377563
6621.3973742914395	1.0058066844940186
6621.51125133357	1.0003929138183594
6621.625128375699	1.005033254623413
6621.7390054178295	1.0065799951553345
6621.85288245996	1.0011662244796753
6621.966759502089	1.0034865140914917
6622.0806365442195	1.002326488494873
6622.19451358635	1.0096737146377563
6622.30839062848	1.0096737146377563
6622.4222676706095	1.0092869997024536
6622.53614471274	1.0046465396881104
6622.65002175487	1.0054199695587158
6622.7638987969995	1.0073535442352295
6622.87777583913	1.0061933994293213
6622.99165288126	1.005033254623413
6623.105529923389	1.0065799951553345
6623.21940696552	1.0104470252990723
6623.33328400765	1.0085135698318481
6623.447161049779	1.0116071701049805
6623.56103809191	1.008126974105835
6623.67491513404	1.0011662244796753
6623.788792176169	1.008126974105835
6623.9026692183	1.0058066844940186
6624.01654626043	1.0058066844940186
6624.130423302559	1.0085135698318481
6624.24430034469	1.010833740234375
6624.35817738682	1.0058066844940186
6624.472054428949	1.0027130842208862
6624.58593147108	1.0058066844940186
6624.69980851321	1.0073535442352295
6624.813685555339	1.0085135698318481
6624.92756259747	1.0089002847671509
6625.0414396396	1.0069668292999268
6625.155316681729	1.0077402591705322
6625.26919372386	0.9996194839477539
6625.38307076599	0.9957525134086609
6625.496947808119	1.002326488494873
6625.61082485025	1.0034865140914917
6625.72470189238	1.0011662244796753
6625.838578934509	1.0077402591705322
6625.95245597664	1.0077402591705322
6626.06633301877	1.0069668292999268
6626.180210060899	1.0011662244796753
6626.29408710303	0.9930455684661865
6626.40796414516	0.9969125390052795
6626.521841187289	1.0015530586242676
6626.63571822942	1.0042599439620972
6626.74959527155	1.0092869997024536
6626.863472313679	1.0019397735595703
6626.97734935581	1.0038732290267944
6627.09122639794	1.005033254623413
6627.205103440069	1.0065799951553345
6627.3189804822	1.0092869997024536
6627.43285752433	1.0061933994293213
6627.546734566459	1.005033254623413
6627.6606116085895	1.0038732290267944
6627.77448865072	0.9996194839477539
6627.888365692849	1.0015530586242676
6628.0022427349795	0.9957525134086609
6628.11611977711	0.9980727434158325
6628.229996819239	0.9992327690124512
6628.3438738613695	1.005033254623413
6628.4577509035	1.0119940042495728
6628.57162794563	0.9965259432792664
6628.6855049877595	0.9891785979270935
6628.79938202989	0.9949790239334106
6628.91325907202	1.0034865140914917
6629.0271361141495	1.0042599439620972
6629.14101315628	1.0000061988830566
6629.25489019841	1.0096737146377563
6629.3687672405395	1.0027130842208862
6629.48264428267	1.008126974105835
6629.5965213248	1.0061933994293213
6629.710398366929	1.0077402591705322
6629.82427540906	1.0154742002487183
6629.93815245119	1.0015530586242676
6630.052029493319	1.0065799951553345
6630.16590653545	1.0077402591705322
6630.27978357758	1.010833740234375
6630.393660619709	1.0007795095443726
6630.50753766184	1.002326488494873
6630.62141470397	0.9984594583511353
6630.735291746099	1.0061933994293213
6630.84916878823	1.008126974105835
6630.96304583036	1.0127673149108887
6631.076922872489	1.0073535442352295
6631.19079991462	1.0034865140914917
6631.30467695675	1.0011662244796753
6631.418553998879	0.9992327690124512
6631.53243104101	1.0054199695587158
6631.64630808314	1.0054199695587158
6631.760185125269	1.0061933994293213
6631.8740621674	0.9984594583511353
6631.98793920953	0.9992327690124512
6632.101816251659	0.9969125390052795
6632.21569329379	0.9945924282073975
6632.32957033592	1.003099799156189
6632.443447378049	1.0027130842208862
6632.55732442018	1.0011662244796753
6632.67120146231	0.9969125390052795
6632.785078504439	1.0038732290267944
6632.89895554657	1.005033254623413
6633.0128325887	1.0000061988830566
6633.126709630829	1.0065799951553345
6633.24058667296	1.0003929138183594
6633.35446371509	1.0000061988830566
6633.468340757219	1.0065799951553345
6633.58221779935	1.0069668292999268
6633.69609484148	1.005033254623413
6633.809971883609	0.9984594583511353
6633.92384892574	1.005033254623413
6634.03772596787	1.0104470252990723
6634.151603009999	1.002326488494873
6634.2654800521295	1.003099799156189
6634.37935709426	1.005033254623413
6634.493234136389	1.0069668292999268
6634.6071111785195	1.0058066844940186
6634.72098822065	0.9980727434158325
6634.834865262779	0.9945924282073975
6634.9487423049095	0.993818998336792
6635.06261934704	0.9980727434158325
6635.176496389169	0.9980727434158325
6635.2903734312995	1.002326488494873
6635.40425047343	1.0011662244796753
6635.51812751556	0.9984594583511353
6635.6320045576895	1.0054199695587158
6635.74588159982	1.003099799156189
6635.85975864195	1.0015530586242676
6635.973635684079	1.0092869997024536
6636.08751272621	1.008126974105835
6636.20138976834	0.9961392283439636
6636.315266810469	0.9942057132720947
6636.4291438526	1.0019397735595703
6636.54302089473	0.9992327690124512
6636.656897936859	0.9988460540771484
6636.77077497899	1.0003929138183594
6636.88465202112	1.0027130842208862
6636.998529063249	0.9984594583511353
6637.11240610538	0.9984594583511353
6637.22628314751	1.0027130842208862
6637.340160189639	0.9934322834014893
6637.45403723177	1.003099799156189
6637.5679142739	1.0003929138183594
6637.681791316029	1.0034865140914917
6637.79566835816	1.0058066844940186
6637.90954540029	1.0054199695587158
6638.023422442419	0.9976860284805298
6638.13729948455	0.9992327690124512
6638.25117652668	1.0015530586242676
6638.365053568809	0.9980727434158325
6638.47893061094	0.9992327690124512
6638.59280765307	1.0011662244796753
6638.706684695199	1.0011662244796753
6638.82056173733	1.0015530586242676
6638.93443877946	1.0046465396881104
6639.048315821589	1.0019397735595703
6639.16219286372	0.9988460540771484
6639.27606990585	1.0042599439620972
6639.389946947979	0.9992327690124512
6639.50382399011	1.0015530586242676
6639.61770103224	1.003099799156189
6639.731578074369	0.9988460540771484
6639.8454551165	1.0096737146377563
6639.95933215863	1.0046465396881104
6640.073209200759	1.005033254623413
6640.18708624289	1.0085135698318481
6640.30096328502	1.012380599975586
6640.414840327149	1.0038732290267944
6640.52871736928	0.9996194839477539
6640.64259441141	1.0077402591705322
6640.756471453539	1.0034865140914917
6640.8703484956695	0.9976860284805298
6640.9842255378	1.0027130842208862
6641.098102579929	1.0077402591705322
6641.2119796220595	1.0003929138183594
6641.32585666419	1.0003929138183594
6641.439733706319	1.0034865140914917
6641.5536107484495	1.0015530586242676
6641.66748779058	0.9992327690124512
6641.78136483271	1.0000061988830566
6641.8952418748395	1.0042599439620972
6642.00911891697	0.9953657984733582
6642.1229959591	0.993818998336792
6642.2368730012295	0.9860849976539612
6642.35075004336	0.9884052276611328
6642.46462708549	0.9914987683296204
6642.578504127619	0.9976860284805298
6642.69238116975	0.9988460540771484
6642.80625821188	1.002326488494873
6642.920135254009	0.9996194839477539
6643.03401229614	0.9969125390052795
6643.14788933827	0.9972992539405823
6643.261766380399	1.003099799156189
6643.37564342253	1.0015530586242676
6643.48952046466	0.9984594583511353
6643.603397506789	1.0034865140914917
6643.71727454892	0.9992327690124512
6643.83115159105	0.9972992539405823
6643.945028633179	1.0019397735595703
6644.05890567531	1.0092869997024536
6644.17278271744	1.0003929138183594
6644.286659759569	0.9972992539405823
6644.4005368017	1.0015530586242676
6644.51441384383	0.9969125390052795
6644.628290885959	0.9980727434158325
6644.74216792809	1.003099799156189
6644.85604497022	0.9988460540771484
6644.969922012349	0.9957525134086609
6645.08379905448	0.9976860284805298
6645.19767609661	1.0069668292999268
6645.311553138739	1.0046465396881104
6645.42543018087	1.0027130842208862
6645.539307223	1.0003929138183594
6645.653184265129	0.9969125390052795
6645.76706130726	0.9934322834014893
6645.88093834939	1.002326488494873
6645.994815391519	1.0015530586242676
6646.10869243365	1.0069668292999268
6646.22256947578	1.0000061988830566
6646.336446517909	0.9972992539405823
6646.45032356004	0.9926589727401733
6646.56420060217	0.9961392283439636
6646.678077644299	1.0019397735595703
6646.79195468643	0.9965259432792664
6646.90583172856	1.0015530586242676
6647.019708770689	1.0058066844940186
6647.13358581282	0.9957525134086609
6647.24746285495	0.9965259432792664
6647.361339897079	1.0015530586242676
6647.4752169392095	1.003099799156189
6647.58909398134	1.0015530586242676
6647.702971023469	0.9965259432792664
6647.8168480655995	0.9969125390052795
6647.93072510773	0.9976860284805298
6648.044602149859	1.0027130842208862
6648.1584791919895	1.0019397735595703
6648.27235623412	1.0046465396881104
6648.386233276249	1.003099799156189
6648.5001103183795	0.9969125390052795
6648.61398736051	0.9992327690124512
6648.72786440264	1.0019397735595703
6648.8417414447695	1.0015530586242676
6648.9556184869	0.9949790239334106
6649.06949552903	1.0061933994293213
6649.183372571159	1.0069668292999268
6649.29724961329	0.9984594583511353
6649.41112665542	1.0069668292999268
6649.525003697549	1.0003929138183594
6649.63888073968	1.0092869997024536
6649.75275778181	1.0046465396881104
6649.866634823939	0.9980727434158325
6649.98051186607	0.9961392283439636
6650.0943889082	0.9957525134086609
6650.208265950329	0.9969125390052795
6650.32214299246	0.9988460540771484
6650.43602003459	0.9980727434158325
6650.549897076719	0.9980727434158325
6650.66377411885	0.9988460540771484
6650.77765116098	1.010833740234375
6650.891528203109	0.9965259432792664
6651.00540524524	0.9996194839477539
6651.11928228737	0.9957525134086609
6651.233159329499	0.9953657984733582
6651.34703637163	0.9976860284805298
6651.46091341376	0.9945924282073975
6651.574790455889	0.9984594583511353
6651.68866749802	1.003099799156189
6651.80254454015	1.0027130842208862
6651.916421582279	1.0007795095443726
6652.03029862441	1.002326488494873
6652.14417566654	1.003099799156189
6652.258052708669	1.0034865140914917
6652.3719297508	1.0046465396881104
6652.48580679293	0.9992327690124512
6652.599683835059	0.9957525134086609
6652.71356087719	0.9918854832649231
6652.82743791932	0.9972992539405823
6652.941314961449	1.005033254623413
6653.05519200358	1.0038732290267944
6653.16906904571	1.0034865140914917
6653.282946087839	0.9976860284805298
6653.39682312997	0.9957525134086609
6653.5107001721	0.9953657984733582
6653.624577214229	0.9976860284805298
6653.73845425636	0.9953657984733582
6653.85233129849	0.9984594583511353
6653.966208340619	1.002326488494873
6654.0800853827495	0.9969125390052795
6654.19396242488	0.9961392283439636
6654.307839467009	1.0007795095443726
6654.4217165091395	0.9918854832649231
6654.53559355127	0.993818998336792
6654.6494705934	0.9965259432792664
6654.7633476355295	0.9914987683296204
6654.87722467766	0.9988460540771484
6654.99110171979	0.9984594583511353
6655.1049787619195	0.9976860284805298
6655.21885580405	1.0007795095443726
6655.33273284618	0.9980727434158325
6655.4466098883095	1.0011662244796753
6655.56048693044	0.9934322834014893
6655.67436397257	0.9953657984733582
6655.788241014699	1.0007795095443726
6655.90211805683	0.9992327690124512
6656.01599509896	0.9891785979270935
6656.129872141089	0.9969125390052795
6656.24374918322	0.9829913973808289
6656.35762622535	0.993818998336792
6656.471503267479	1.0054199695587158
6656.58538030961	1.0015530586242676
6656.69925735174	0.9996194839477539
6656.813134393869	1.0069668292999268
6656.927011436	1.0000061988830566
6657.04088847813	1.0069668292999268
6657.154765520259	0.9942057132720947
6657.26864256239	0.9992327690124512
6657.38251960452	0.9988460540771484
6657.496396646649	0.993818998336792
6657.61027368878	0.9949790239334106
6657.72415073091	0.9922721982002258
6657.838027773039	0.9972992539405823
6657.95190481517	0.9984594583511353
6658.0657818573	0.9992327690124512
6658.179658899429	0.9953657984733582
6658.29353594156	0.993818998336792
6658.40741298369	0.9934322834014893
6658.521290025819	1.0027130842208862
6658.63516706795	1.0015530586242676
6658.74904411008	0.9895652532577515
6658.862921152209	0.9884052276611328
6658.97679819434	0.9853116273880005
6659.09067523647	0.9969125390052795
6659.204552278599	0.9934322834014893
6659.31842932073	0.9922721982002258
6659.43230636286	0.9957525134086609
6659.546183404989	0.9914987683296204
6659.66006044712	0.9826047420501709
6659.77393748925	0.9942057132720947
6659.887814531379	0.9868583679199219
6660.00169157351	0.9880185127258301
6660.11556861564	0.9887918829917908
6660.229445657769	0.9841514825820923
6660.3433226998995	0.9880185127258301
6660.45719974203	0.9868583679199219
6660.571076784159	0.9887918829917908
6660.6849538262895	0.9880185127258301
6660.79883086842	0.9760307669639587
6660.912707910549	0.9841514825820923
6661.0265849526795	0.9872450828552246
6661.14046199481	0.9918854832649231
6661.254339036939	0.9849249124526978
6661.3682160790695	0.9853116273880005
6661.4820931212	0.9856982827186584
6661.59597016333	0.9876317977905273
6661.7098472054595	0.9833781123161316
6661.82372424759	0.975257396697998
6661.93760128972	0.9856982827186584
6662.0514783318495	0.9926589727401733
6662.16535537398	0.9887918829917908
6662.27923241611	0.9860849976539612
6662.393109458239	0.9856982827186584
6662.50698650037	0.9887918829917908
6662.6208635425	0.9891785979270935
6662.734740584629	0.9860849976539612
6662.84861762676	0.9837647676467896
6662.96249466889	0.9837647676467896
6663.076371711019	0.9787377119064331
6663.19024875315	0.9872450828552246
6663.30412579528	0.9868583679199219
6663.418002837409	0.9833781123161316
6663.53187987954	0.9822180271148682
6663.64575692167	0.9856982827186584
6663.759633963799	0.9945924282073975
6663.87351100593	0.9934322834014893
6663.98738804806	0.989952027797699
6664.101265090189	0.9826047420501709
6664.21514213232	0.9853116273880005
6664.32901917445	0.9856982827186584
6664.442896216579	0.9841514825820923
6664.55677325871	0.9930455684661865
6664.67065030084	0.9876317977905273
6664.784527342969	0.9814445972442627
6664.8984043851	0.9787377119064331
6665.01228142723	0.9822180271148682
6665.126158469359	0.9833781123161316
6665.24003551149	0.9872450828552246
6665.35391255362	0.9880185127258301
6665.467789595749	0.9856982827186584
6665.58166663788	0.9779642820358276
6665.69554368001	0.9822180271148682
6665.809420722139	0.984538197517395
6665.92329776427	0.9860849976539612
6666.0371748064	0.989952027797699
6666.151051848529	0.9837647676467896
6666.26492889066	0.9880185127258301
6666.37880593279	0.9891785979270935
6666.492682974919	0.9860849976539612
6666.60656001705	0.9837647676467896
6666.72043705918	0.9833781123161316
6666.834314101309	0.9903387427330017
6666.9481911434395	0.9911120533943176
6667.06206818557	0.9856982827186584
6667.175945227699	0.9822180271148682
6667.2898222698295	0.980671226978302
6667.40369931196	0.9868583679199219
6667.517576354089	0.9945924282073975
6667.6314533962195	0.9914987683296204
6667.74533043835	0.9930455684661865
6667.85920748048	0.993818998336792
6667.9730845226095	0.989952027797699
6668.08696156474	0.9853116273880005
6668.20083860687	0.9856982827186584
6668.3147156489995	0.9860849976539612
6668.42859269113	0.9798977971076965
6668.54246973326	0.9907254576683044
6668.6563467753895	0.9849249124526978
6668.77022381752	0.9818312525749207
6668.88410085965	0.9856982827186584
6668.997977901779	0.9903387427330017
6669.11185494391	0.9771909117698669
6669.22573198604	0.9690701961517334
6669.339609028169	0.9740972518920898
6669.4534860703	0.9829913973808289
6669.56736311243	0.9853116273880005
6669.681240154559	0.9802845120429993
6669.79511719669	0.9775776267051697
6669.90899423882	0.9802845120429993
6670.022871280949	0.980671226978302
6670.13674832308	0.9802845120429993
6670.25062536521	0.9733238816261292
6670.364502407339	0.9729372262954712
6670.47837944947	0.9771909117698669
6670.5922564916	0.9802845120429993
6670.706133533729	0.9795110821723938
6670.82001057586	0.9791243672370911
6670.93388761799	0.9694569110870361
6671.047764660119	0.9744840264320374
6671.16164170225	0.9795110821723938
6671.27551874438	0.9721637964248657
6671.389395786509	0.9779642820358276
6671.50327282864	0.9733238816261292
6671.61714987077	0.9876317977905273
6671.731026912899	0.9768041968345642
6671.84490395503	0.9764174818992615
6671.95878099716	0.9775776267051697
6672.072658039289	0.9737105965614319
6672.18653508142	0.9771909117698669
6672.30041212355	0.9760307669639587
6672.414289165679	0.9779642820358276
6672.52816620781	0.9744840264320374
6672.64204324994	0.9706169962882996
6672.755920292069	0.9725505113601685
6672.8697973342	0.9764174818992615
6672.98367437633	0.9791243672370911
6673.097551418459	0.9802845120429993
6673.21142846059	0.9779642820358276
6673.32530550272	0.9710037112236023
6673.439182544849	0.9771909117698669
6673.5530595869795	0.9841514825820923
6673.66693662911	0.9872450828552246
6673.780813671239	0.9914987683296204
6673.8946907133695	0.9822180271148682
6674.0085677555	0.980671226978302
6674.122444797629	0.9891785979270935
6674.2363218397595	0.9802845120429993
6674.35019888189	0.9771909117698669
6674.464075924019	0.9818312525749207
6674.5779529661495	0.9802845120429993
6674.69183000828	0.9818312525749207
6674.80570705041	0.9849249124526978
6674.9195840925395	0.9837647676467896
6675.03346113467	0.9787377119064331
6675.1473381768	0.9791243672370911
6675.2612152189295	0.9880185127258301
6675.37509226106	0.9795110821723938
6675.48896930319	0.980671226978302
6675.602846345319	0.9791243672370911
6675.71672338745	0.9756441116333008
6675.83060042958	0.9694569110870361
6675.944477471709	0.9717771410942078
6676.05835451384	0.9574692249298096
6676.17223155597	0.9423878788948059
6676.286108598099	0.9342672228813171
6676.39998564023	0.9334937930107117
6676.51386268236	0.9245997071266174
6676.627739724489	0.927693247795105
6676.74161676662	0.9211193919181824
6676.85549380875	0.9160922765731812
6676.969370850879	0.9087449908256531
6677.08324789301	0.9052647352218628
6677.19712493514	0.8998509049415588
6677.311001977269	0.8936637043952942
6677.4248790194	0.895983874797821
6677.53875606153	0.8986907601356506
6677.652633103659	0.8963705897331238
6677.76651014579	0.8882498741149902
6677.88038718792	0.8913434743881226
6677.994264230049	0.8932769894599915
6678.10814127218	0.8878632187843323
6678.22201831431	0.8983041048049927
6678.335895356439	0.8897967338562012
6678.44977239857	0.9010109901428223
6678.5636494407	0.8990774750709534
6678.677526482829	0.901784360408783
6678.79140352496	0.9141587615013123
6678.90528056709	0.9195725917816162
6679.019157609219	0.9257597923278809
6679.13303465135	0.9265332221984863
6679.24691169348	0.9269198775291443
6679.360788735609	0.9315602779388428
6679.47466577774	0.9296267628669739
6679.58854281987	0.9338805079460144
6679.702419861999	0.9427745938301086
6679.81629690413	0.9315602779388428
6679.93017394626	0.9315602779388428
6680.044050988389	0.9385209083557129
6680.1579280305195	0.9450947642326355
6680.27180507265	0.9485751390457153
6680.385682114779	0.9543756246566772
6680.4995591569095	0.9590160250663757
6680.61343619904	0.9675233960151672
6680.72731324117	0.9570825099945068
6680.8411902832995	0.9536021947860718
6680.95506732543	0.9729372262954712
6681.06894436756	0.9644297957420349
6681.1828214096895	0.9702302813529968
6681.29669845182	0.9775776267051697
6681.41057549395	0.980671226978302
6681.5244525360795	0.9787377119064331
6681.63832957821	0.9702302813529968
6681.75220662034	0.9737105965614319
6681.8660836624695	0.9849249124526978
6681.9799607046	0.9884052276611328
6682.09383774673	0.9849249124526978
6682.207714788859	0.98105788230896
6682.32159183099	0.9787377119064331
6682.43546887312	0.9814445972442627
6682.549345915249	0.9787377119064331
6682.66322295738	0.9814445972442627
6682.77709999951	0.980671226978302
6682.890977041639	0.9733238816261292
6683.00485408377	0.9818312525749207
6683.1187311259	0.98105788230896
6683.232608168029	0.9837647676467896
6683.34648521016	0.9740972518920898
6683.46036225229	0.9725505113601685
6683.574239294419	0.9682967662811279
6683.68811633655	0.9698436260223389
6683.80199337868	0.9779642820358276
6683.915870420809	0.9721637964248657
6684.02974746294	0.9798977971076965
6684.14362450507	0.980671226978302
6684.257501547199	0.9706169962882996
6684.37137858933	0.9779642820358276
6684.48525563146	0.9717771410942078
6684.599132673589	0.9802845120429993
6684.71300971572	0.9802845120429993
6684.82688675785	0.9833781123161316
6684.940763799979	0.9833781123161316
6685.05464084211	0.9760307669639587
6685.16851788424	0.9667500257492065
6685.282394926369	0.9713903665542603
6685.3962719685	0.9795110821723938
6685.51014901063	0.9756441116333008
6685.624026052759	0.9791243672370911
6685.73790309489	0.9795110821723938
6685.85178013702	0.9779642820358276
6685.965657179149	0.9791243672370911
6686.07953422128	0.9729372262954712
6686.19341126341	0.9771909117698669
6686.307288305539	0.9713903665542603
6686.42116534767	0.9829913973808289
6686.5350423898	0.9733238816261292
6686.648919431929	0.9717771410942078
6686.7627964740595	0.9682967662811279
6686.87667351619	0.9748707413673401
6686.990550558319	0.9764174818992615
6687.1044276004495	0.9783509969711304
6687.21830464258	0.9814445972442627
6687.332181684709	0.9729372262954712
6687.4460587268395	0.9775776267051697
6687.55993576897	0.9756441116333008
6687.673812811099	0.9756441116333008
6687.7876898532295	0.9748707413673401
6687.90156689536	0.9729372262954712
6688.01544393749	0.9760307669639587
6688.1293209796195	0.9744840264320374
6688.24319802175	0.9702302813529968
6688.35707506388	0.980671226978302
6688.4709521060095	0.9737105965614319
6688.58482914814	0.964043140411377
6688.69870619027	0.9710037112236023
6688.812583232399	0.9740972518920898
6688.92646027453	0.9764174818992615
6689.04033731666	0.9764174818992615
6689.154214358789	0.9775776267051697
6689.26809140092	0.9740972518920898
6689.38196844305	0.9737105965614319
6689.495845485179	0.9717771410942078
6689.60972252731	0.9721637964248657
6689.72359956944	0.9841514825820923
6689.837476611569	0.9756441116333008
6689.9513536537	0.9717771410942078
6690.06523069583	0.9756441116333008
6690.179107737959	0.9702302813529968
6690.29298478009	0.9671367406845093
6690.40686182222	0.9636563658714294
6690.520738864349	0.9543756246566772
