6520.87491396	0.113859166736
6520.87491396	1.0247106552124023
6520.988773126736	1.0277553796768188
6521.102632293472	1.0348596572875977
6521.216491460208	1.0372278690338135
6521.330350626944	1.032491683959961
6521.444209793681	1.035536289215088
6521.558068960417	1.0308001041412354
6521.671928127153	1.032491683959961
6521.7857872938885	1.0379043817520142
6521.899646460624	1.028093695640564
6522.01350562736	1.0287703275680542
6522.127364794096	1.0270788669586182
6522.241223960832	1.028093695640564
6522.355083127569	1.0321533679962158
6522.468942294305	1.0399341583251953
6522.582801461041	1.043655514717102
6522.6966606277765	1.0446703433990479
6522.810519794512	1.0460236072540283
6522.924378961248	1.0409491062164307
6523.038238127984	1.02978515625
6523.15209729472	1.0216660499572754
6523.265956461456	1.0125318765640259
6523.379815628193	0.9962934851646423
6523.493674794929	0.988174319267273
6523.607533961665	0.9678763151168823
6523.7213931284	0.9452101588249207
6523.835252295136	0.9259271621704102
6523.949111461872	0.9381058812141418
6524.062970628608	0.9722741842269897
6524.176829795344	1.0057659149169922
6524.290688962081	1.0253872871398926
6524.404548128817	1.0291086435317993
6524.518407295553	1.035536289215088
6524.6322664622885	1.0389193296432495
6524.746125629024	1.032491683959961
6524.85998479576	1.0335065126419067
6524.973843962496	1.0389193296432495
6525.087703129232	1.0338448286056519
6525.201562295968	1.0318150520324707
6525.315421462705	1.0375661849975586
6525.429280629441	1.0409491062164307
6525.543139796177	1.0372278690338135
6525.656998962912	1.0321533679962158
6525.770858129648	1.0291086435317993
6525.884717296384	1.0291086435317993
6525.99857646312	1.031138300895691
6526.112435629856	1.0230191946029663
6526.226294796593	1.0318150520324707
6526.340153963329	1.041625738143921
6526.454013130065	1.041964054107666
6526.5678722968005	1.0382426977157593
6526.681731463536	1.0368895530700684
6526.795590630272	1.041625738143921
6526.909449797008	1.0409491062164307
6527.023308963744	1.045008659362793
6527.13716813048	1.0402724742889404
6527.251027297217	1.031138300895691
6527.364886463953	1.0270788669586182
6527.4787456306885	1.0209894180297852
6527.592604797424	1.0216660499572754
6527.70646396416	1.0233575105667114
6527.820323130896	1.02978515625
6527.934182297632	1.0368895530700684
6528.048041464368	1.043317198753357
6528.161900631105	1.0379043817520142
6528.275759797841	1.0389193296432495
6528.389618964577	1.0368895530700684
6528.5034781313125	1.035536289215088
6528.617337298048	1.0399341583251953
6528.731196464784	1.0348596572875977
6528.84505563152	1.035536289215088
6528.958914798256	1.0379043817520142
6529.072773964992	1.0362128019332886
6529.186633131729	1.0338448286056519
6529.300492298465	1.041625738143921
6529.4143514652005	1.0372278690338135
6529.528210631936	1.031138300895691
6529.642069798672	1.0321533679962158
6529.755928965408	1.0318150520324707
6529.869788132144	1.0304617881774902
6529.98364729888	1.0338448286056519
6530.097506465617	1.0338448286056519
6530.211365632353	1.0277553796768188
6530.325224799089	1.0213277339935303
6530.4390839658245	1.0132085084915161
6530.55294313256	1.0081340074539185
6530.666802299296	1.0088106393814087
6530.780661466032	1.0138851404190063
6530.894520632768	1.0250489711761475
6531.008379799505	1.0314767360687256
6531.122238966241	1.034183144569397
6531.236098132977	1.0351979732513428
6531.3499572997125	1.0328298807144165
6531.463816466448	1.0446703433990479
6531.577675633184	1.0291086435317993
6531.69153479992	1.0287703275680542
6531.805393966656	1.032491683959961
6531.919253133392	1.026402235031128
6532.033112300129	1.0077956914901733
6532.146971466865	0.966861367225647
6532.260830633601	0.9313398599624634
6532.3746898003365	0.9184845089912415
6532.488548967072	0.9414888620376587
6532.602408133808	0.9773486852645874
6532.716267300544	1.0105020999908447
6532.83012646728	1.0274171829223633
6532.943985634017	1.0291086435317993
6533.057844800753	1.028093695640564
6533.171703967489	1.02978515625
6533.2855631342245	1.0348596572875977
6533.39942230096	1.0314767360687256
6533.513281467696	1.0270788669586182
6533.627140634432	1.0260637998580933
6533.740999801168	1.01151704788208
6533.854858967904	0.9908806681632996
6533.968718134641	0.969229519367218
6534.082577301377	0.9634783864021301
6534.196436468113	0.9783636331558228
6534.310295634848	1.0006914138793945
6534.424154801584	1.0105020999908447
6534.53801396832	1.01151704788208
6534.651873135056	1.0098254680633545
6534.765732301792	1.011178731918335
6534.879591468529	1.0209894180297852
6534.993450635265	1.0182830095291138
6535.107309802001	1.0098254680633545
6535.2211689687365	1.0199744701385498
6535.335028135472	1.0301234722137451
6535.448887302208	1.0304617881774902
6535.562746468944	1.034183144569397
6535.67660563568	1.0338448286056519
6535.790464802416	1.032491683959961
6535.904323969153	1.028432011604309
6536.018183135889	1.0240341424942017
6536.1320423026245	1.0216660499572754
6536.24590146936	1.02065110206604
6536.359760636096	1.0220043659210205
6536.473619802832	1.014223337173462
6536.587478969568	0.9959551692008972
6536.701338136304	0.9854678511619568
6536.815197303041	0.9908806681632996
6536.929056469777	1.0061042308807373
6537.042915636513	1.017268180847168
6537.1567748032485	1.0226808786392212
6537.270633969984	1.0294468402862549
6537.38449313672	1.0301234722137451
6537.498352303456	1.02978515625
6537.612211470192	1.0314767360687256
6537.726070636928	1.0406107902526855
6537.839929803665	1.031138300895691
6537.953788970401	1.0351979732513428
6538.0676481371365	1.0395958423614502
6538.181507303872	1.0351979732513428
6538.295366470608	1.0385810136795044
6538.409225637344	1.0375661849975586
6538.52308480408	1.0331681966781616
6538.636943970816	1.0250489711761475
6538.750803137553	1.0257256031036377
6538.864662304289	1.0291086435317993
6538.978521471025	1.0321533679962158
6539.0923806377605	1.0287703275680542
6539.206239804496	1.0277553796768188
6539.320098971232	1.0301234722137451
6539.433958137968	1.0274171829223633
6539.547817304704	1.02978515625
6539.66167647144	1.031138300895691
6539.775535638177	1.0318150520324707
6539.889394804913	1.0379043817520142
6540.0032539716485	1.0379043817520142
6540.117113138384	1.035536289215088
6540.23097230512	1.0301234722137451
6540.344831471856	1.0243723392486572
6540.458690638592	1.0192978382110596
6540.572549805328	1.0182830095291138
6540.686408972065	1.0250489711761475
6540.800268138801	1.0318150520324707
6540.914127305537	1.0362128019332886
6541.0279864722725	1.0335065126419067
6541.141845639008	1.0318150520324707
6541.255704805744	1.0257256031036377
6541.36956397248	1.026740550994873
6541.483423139216	1.0338448286056519
6541.597282305952	1.0253872871398926
6541.711141472689	1.0260637998580933
6541.825000639425	1.0294468402862549
6541.9388598061605	1.0287703275680542
6542.052718972896	0.997646689414978
6542.166578139632	0.9820848703384399
6542.280437306368	0.9631401300430298
6542.394296473104	0.9614486694335938
6542.50815563984	0.9885126352310181
6542.622014806577	1.014561653137207
6542.735873973313	1.0209894180297852
6542.849733140049	1.014561653137207
6542.963592306784	1.0091488361358643
6543.07745147352	1.0121936798095703
6543.191310640256	1.0169298648834229
6543.305169806992	1.0176063776016235
6543.419028973728	1.0162532329559326
6543.532888140464	1.005089282989502
6543.646747307201	0.9651698470115662
6543.760606473937	0.8988631367683411
6543.8744656406725	0.8498095870018005
6543.988324807408	0.8562372922897339
6544.102183974144	0.9103653430938721
6544.21604314088	0.9682146310806274
6544.329902307616	1.0010297298431396
6544.443761474352	1.0105020999908447
6544.557620641089	1.0121936798095703
6544.671479807825	1.0135468244552612
6544.785338974561	1.0169298648834229
6544.899198141296	1.0081340074539185
6545.013057308032	1.0064425468444824
6545.126916474768	1.005427598953247
6545.240775641504	1.0047509670257568
6545.35463480824	1.0057659149169922
6545.468493974976	1.0084723234176636
6545.582353141713	0.9942637085914612
6545.696212308449	0.986144483089447
6545.8100714751845	0.9776870012283325
6545.92393064192	0.9871593713760376
6546.037789808656	0.9952786564826965
6546.151648975392	0.997646689414978
6546.265508142128	1.003397822380066
6546.379367308864	1.0084723234176636
6546.493226475601	1.0074573755264282
6546.607085642337	1.0084723234176636
6546.7209448090725	1.0064425468444824
6546.834803975808	1.0013680458068848
6546.948663142544	0.9979850053787231
6547.06252230928	0.9979850053787231
6547.176381476016	1.0023828744888306
6547.290240642752	1.0027211904525757
6547.404099809489	0.9969701170921326
6547.517958976225	0.969229519367218
6547.631818142961	0.9340463280677795
6547.7456773096965	0.9313398599624634
6547.859536476432	0.9512996673583984
6547.973395643168	0.9783636331558228
6548.087254809904	0.9871593713760376
6548.20111397664	0.9905423521995544
6548.314973143376	0.97295081615448
6548.428832310113	0.9323548078536987
6548.542691476849	0.8802566528320312
6548.6565506435845	0.8677394986152649
6548.77040981032	0.8995397090911865
6548.884268977056	0.9472399950027466
6548.998128143792	0.9715976119041443
6549.111987310528	0.984453022480011
6549.225846477264	0.9939253330230713
6549.339705644001	0.9949403405189514
6549.453564810737	0.9952786564826965
6549.567423977473	1.0047509670257568
6549.6812831442085	1.0064425468444824
6549.795142310944	1.0057659149169922
6549.90900147768	1.0017063617706299
6550.022860644416	0.9962934851646423
6550.136719811152	0.9922338724136353
6550.250578977888	0.9895275235176086
6550.364438144625	0.9874976873397827
6550.478297311361	0.9847913384437561
6550.5921564780965	0.9858061671257019
6550.706015644832	0.9898658394813538
6550.819874811568	0.9868211150169373
6550.933733978304	0.9868211150169373
6551.04759314504	0.9922338724136353
6551.161452311776	0.9864827990531921
6551.275311478513	0.9841147065162659
6551.389170645249	0.986144483089447
6551.503029811985	0.9814082980155945
6551.61688897872	0.9770103693008423
6551.730748145456	0.9743040204048157
6551.844607312192	0.9665231704711914
6551.958466478928	0.957727313041687
6552.072325645664	0.9543443322181702
6552.1861848124	0.9550208449363708
6552.300043979137	0.9435186982154846
6552.413903145873	0.894803524017334
6552.5277623126085	0.8366159200668335
6552.641621479344	0.812934935092926
6552.75548064608	0.835939347743988
6552.869339812816	0.8870226144790649
6552.983198979552	0.9289718270301819
6553.097058146288	0.9441953301429749
6553.210917313025	0.9509612917900085
6553.324776479761	0.9502846598625183
6553.438635646497	0.9421654939651489
6553.552494813232	0.9286335110664368
6553.666353979968	0.9069823026657104
6553.780213146704	0.8920971155166626
6553.89407231344	0.8978481888771057
6554.007931480176	0.9144248366355896
6554.121790646912	0.9205143451690674
6554.235649813649	0.92491215467453
6554.349508980385	0.9320164918899536
6554.4633681471205	0.9323548078536987
6554.577227313856	0.923220694065094
6554.691086480592	0.9157781600952148
6554.804945647328	0.9194993376731873
6554.918804814064	0.9225441217422485
6555.0326639808	0.9164546728134155
6555.146523147537	0.9144248366355896
6555.260382314273	0.9154398441314697
6555.3742414810085	0.9110418558120728
6555.488100647744	0.907997190952301
6555.60195981448	0.9073206186294556
6555.715818981216	0.907997190952301
6555.829678147952	0.9025843739509583
6555.943537314688	0.9015694856643677
6556.057396481424	0.9035993218421936
6556.171255648161	0.9012311697006226
6556.285114814897	0.8968333005905151
6556.3989739816325	0.8907438516616821
6556.512833148368	0.8876991868019104
6556.626692315104	0.8890523314476013
6556.74055148184	0.8782268166542053
6556.854410648576	0.8640182018280029
6556.968269815312	0.8369541764259338
6557.082128982049	0.7994028925895691
6557.195988148785	0.7922986149787903
6557.3098473155205	0.8081986904144287
6557.423706482256	0.8328945636749268
6557.537565648992	0.8430435657501221
6557.651424815728	0.845073401927948
6557.765283982464	0.8399989008903503
6557.8791431492	0.8339095115661621
6557.993002315936	0.8136115074157715
6558.106861482673	0.8010944128036499
6558.220720649409	0.7987263202667236
6558.3345798161445	0.8071838021278381
6558.44843898288	0.808875322341919
6558.562298149616	0.8044773936271667
6558.676157316352	0.8102285265922546
6558.790016483088	0.8098901510238647
6558.903875649824	0.7977114319801331
6559.017734816561	0.7956815958023071
6559.131593983297	0.7963581681251526
6559.2454531500325	0.7916219830513
6559.359312316768	0.7879006862640381
6559.473171483504	0.7862091660499573
6559.58703065024	0.7807964086532593
6559.700889816976	0.7763984799385071
6559.814748983712	0.7774134278297424
6559.928608150448	0.7723389267921448
6560.042467317185	0.7770751118659973
6560.156326483921	0.7811346650123596
6560.2701856506565	0.7807964086532593
6560.384044817392	0.7689558863639832
6560.497903984128	0.7618516087532043
6560.611763150864	0.7621899247169495
6560.7256223176	0.7743687033653259
6560.839481484336	0.7703090906143188
6560.953340651073	0.7628664970397949
6561.067199817809	0.7638813853263855
6561.1810589845445	0.7723389267921448
6561.29491815128	0.7828261852264404
6561.408777318016	0.7865474820137024
6561.522636484752	0.7875624299049377
6561.636495651488	0.7807964086532593
6561.750354818224	0.7767367959022522
6561.86421398496	0.7757219076156616
6561.978073151697	0.7696325182914734
6562.091932318433	0.7604984045028687
6562.205791485168	0.7567771077156067
6562.319650651904	0.7374939918518066
6562.43350981864	0.7334344387054443
6562.547368985376	0.7358024716377258
6562.661228152112	0.7388471961021423
6562.775087318848	0.7435833811759949
6562.888946485585	0.746289849281311
6563.002805652321	0.7557621598243713
6563.1166648190565	0.7621899247169495
6563.230523985792	0.760836660861969
6563.344383152528	0.7527174949645996
6563.458242319264	0.7523791790008545
6563.572101486	0.76320481300354
6563.685960652736	0.7699708342552185
6563.799819819473	0.7743687033653259
6563.913678986209	0.76320481300354
6564.0275381529445	0.7280215620994568
6564.14139731968	0.7029874324798584
6564.255256486416	0.7050172090530396
6564.369115653152	0.7307279706001282
6564.482974819888	0.7635430693626404
6564.596833986624	0.7797815203666687
6564.71069315336	0.7848560214042664
6564.824552320097	0.7858709096908569
6564.938411486833	0.7835028171539307
6565.0522706535685	0.7848560214042664
6565.166129820304	0.7865474820137024
6565.27998898704	0.7818112969398499
6565.393848153776	0.7733538150787354
6565.507707320512	0.7757219076156616
6565.621566487248	0.7845177054405212
6565.735425653985	0.7818112969398499
6565.849284820721	0.7831645011901855
6565.9631439874565	0.7879006862640381
6566.077003154192	0.7956815958023071
6566.190862320928	0.7980496883392334
6566.304721487664	0.793651819229126
6566.4185806544	0.7977114319801331
6566.532439821136	0.7980496883392334
6566.646298987872	0.8034625053405762
6566.760158154609	0.8085370063781738
6566.874017321345	0.8163179159164429
6566.9878764880805	0.8149646520614624
6567.101735654816	0.8264669179916382
6567.215594821552	0.8328945636749268
6567.329453988288	0.833571195602417
6567.443313155024	0.8440585136413574
6567.55717232176	0.8379690647125244
6567.671031488497	0.835939347743988
6567.784890655233	0.8457499742507935
6567.8987498219685	0.8538691997528076
6568.012608988704	0.8575904965400696
6568.12646815544	0.8575904965400696
6568.240327322176	0.8646948337554932
6568.354186488912	0.8623266816139221
6568.468045655648	0.8599585890769958
6568.581904822384	0.8498095870018005
6568.695763989121	0.8379690647125244
6568.809623155857	0.8386456966400146
6568.9234823225925	0.8508244752883911
6569.037341489328	0.8731523156166077
6569.151200656064	0.883301317691803
6569.2650598228	0.8765352964401245
6569.378918989536	0.8751821517944336
6569.492778156272	0.8866842985153198
6569.606637323009	0.8958183526992798
6569.720496489745	0.9002163410186768
6569.8343556564805	0.9029226899147034
6569.948214823216	0.9039376378059387
6570.062073989952	0.9063056707382202
6570.175933156688	0.9035993218421936
6570.289792323424	0.9052908420562744
6570.40365149016	0.9090121388435364
6570.517510656896	0.907997190952301
6570.631369823633	0.9103653430938721
6570.745228990369	0.9184845089912415
6570.859088157104	0.9164546728134155
6570.97294732384	0.9208526611328125
6571.086806490576	0.9286335110664368
6571.200665657312	0.9310016632080078
6571.314524824048	0.9320164918899536
6571.428383990784	0.9337080121040344
6571.542243157521	0.9343846440315247
6571.656102324257	0.9377676248550415
6571.7699614909925	0.9286335110664368
6571.883820657728	0.8934503197669983
6571.997679824464	0.8454116582870483
6572.1115389912	0.8386456966400146
6572.225398157936	0.864356517791748
6572.339257324672	0.9090121388435364
6572.453116491408	0.9435186982154846
6572.566975658145	0.9492698311805725
6572.680834824881	0.9546826481819153
6572.794693991616	0.9587422013282776
6572.908553158352	0.9556974768638611
6573.022412325088	0.9587422013282776
6573.136271491824	0.9560357928276062
6573.25013065856	0.9584038853645325
6573.363989825296	0.9604336619377136
6573.477848992033	0.9594188332557678
6573.591708158769	0.9590805172920227
6573.7055673255045	0.9624634981155396
6573.81942649224	0.9655081629753113
6573.933285658976	0.9695678353309631
6574.047144825712	0.9749806523323059
6574.161003992448	0.9810699820518494
6574.274863159184	0.9715976119041443
6574.38872232592	0.9732891321182251
6574.502581492657	0.9641550183296204
6574.6164406593925	0.9198376536369324
6574.730299826128	0.8515011072158813
6574.844158992864	0.8251136541366577
6574.9580181596	0.8575904965400696
6575.071877326336	0.9090121388435364
6575.185736493072	0.9556974768638611
6575.299595659808	0.9766721129417419
6575.413454826545	0.9820848703384399
6575.527313993281	0.9847913384437561
6575.6411731600165	0.986144483089447
6575.755032326752	0.9891892075538635
6575.868891493488	0.9817466139793396
6575.982750660224	0.9773486852645874
6576.09660982696	0.986144483089447
6576.210468993696	0.9874976873397827
6576.324328160432	0.9793785214424133
6576.438187327169	0.9759954810142517
6576.5520464939045	0.9851296544075012
6576.66590566064	0.9871593713760376
6576.779764827376	0.9888508319854736
6576.893623994112	0.9888508319854736
6577.007483160848	0.9830998182296753
6577.121342327584	0.983776330947876
6577.23520149432	0.9888508319854736
6577.349060661057	0.9918956160545349
6577.462919827793	0.9847913384437561
6577.5767789945285	0.9864827990531921
6577.690638161264	0.9895275235176086
6577.804497328	0.9851296544075012
6577.918356494736	0.9895275235176086
6578.032215661472	0.9939253330230713
6578.146074828208	0.9888508319854736
6578.259933994944	0.9898658394813538
6578.373793161681	0.9949403405189514
6578.4876523284165	0.9932488203048706
6578.601511495152	0.9935871362686157
6578.715370661888	1.0006914138793945
6578.829229828624	0.9895275235176086
6578.94308899536	0.9891892075538635
6579.056948162096	0.9885126352310181
6579.170807328832	1.0010297298431396
6579.284666495569	1.0027211904525757
6579.398525662305	1.003397822380066
6579.5123848290405	1.0044126510620117
6579.626243995776	1.0040743350982666
6579.740103162512	1.0074573755264282
6579.853962329248	1.0077956914901733
6579.967821495984	1.0061042308807373
6580.08168066272	1.005427598953247
6580.195539829456	1.0044126510620117
6580.309398996193	1.003736138343811
6580.4232581629285	0.9932488203048706
6580.537117329664	0.9858061671257019
6580.6509764964	0.9665231704711914
6580.764835663136	0.9584038853645325
6580.878694829872	0.9634783864021301
6580.992553996608	0.9759954810142517
6581.106413163344	0.9902041554450989
6581.220272330081	1.0040743350982666
6581.334131496817	1.0081340074539185
6581.447990663552	1.0074573755264282
6581.561849830288	1.0094871520996094
6581.675708997024	1.0006914138793945
6581.78956816376	0.9962934851646423
6581.903427330496	1.0010297298431396
6582.017286497232	1.0003530979156494
6582.131145663969	1.0027211904525757
6582.245004830705	0.9986616373062134
6582.3588639974405	0.9956168532371521
6582.472723164176	1.0017063617706299
6582.586582330912	1.0013680458068848
6582.700441497648	1.0000147819519043
6582.814300664384	1.0023828744888306
6582.92815983112	0.997646689414978
6583.042018997856	0.9891892075538635
6583.155878164593	0.9841147065162659
6583.2697373313285	0.9790402054786682
6583.383596498064	0.9746423363685608
6583.4974556648	0.9820848703384399
6583.611314831536	0.9902041554450989
6583.725173998272	0.9939253330230713
6583.839033165008	1.003397822380066
6583.952892331744	1.0091488361358643
6584.066751498481	1.0121936798095703
6584.180610665217	1.011178731918335
6584.2944698319525	1.01151704788208
6584.408328998688	1.0121936798095703
6584.522188165424	1.012870192527771
6584.63604733216	1.0125318765640259
6584.749906498896	1.0108404159545898
6584.863765665632	1.0125318765640259
6584.977624832368	1.014561653137207
6585.091483999105	1.0108404159545898
6585.2053431658405	1.0091488361358643
6585.319202332576	1.0135468244552612
6585.433061499312	1.0105020999908447
6585.546920666048	1.003397822380066
6585.660779832784	0.9973083734512329
6585.77463899952	1.0006914138793945
6585.888498166256	1.0064425468444824
6586.002357332993	1.0057659149169922
6586.116216499729	1.0091488361358643
6586.2300756664645	0.997646689414978
6586.3439348332	0.970920979976654
6586.457793999936	0.9414888620376587
6586.571653166672	0.9377676248550415
6586.685512333408	0.9536677002906799
6586.799371500144	0.9753188490867615
6586.91323066688	0.9898658394813538
6587.027089833617	1.0000147819519043
6587.1409490003525	1.0135468244552612
6587.254808167088	1.0162532329559326
6587.368667333824	1.0091488361358643
6587.48252650056	1.0169298648834229
6587.596385667296	1.0108404159545898
6587.710244834032	1.0118553638458252
6587.824104000768	1.0148999691009521
6587.937963167505	1.0155766010284424
6588.051822334241	1.0132085084915161
6588.1656815009765	1.0118553638458252
6588.279540667712	1.0199744701385498
6588.393399834448	1.0148999691009521
6588.507259001184	1.0098254680633545
6588.62111816792	1.0044126510620117
6588.734977334656	1.0071191787719727
6588.848836501392	1.0047509670257568
6588.962695668129	1.0176063776016235
6589.0765548348645	1.011178731918335
6589.1904140016	1.0118553638458252
6589.304273168336	1.0152382850646973
6589.418132335072	1.0199744701385498
6589.531991501808	1.0199744701385498
6589.645850668544	1.014561653137207
6589.75970983528	1.0155766010284424
6589.873569002017	1.0209894180297852
6589.987428168753	1.0236958265304565
6590.101287335488	1.0176063776016235
6590.215146502224	1.0209894180297852
6590.32900566896	1.0257256031036377
6590.442864835696	1.017268180847168
6590.556724002432	1.0162532329559326
6590.670583169168	1.0165915489196777
6590.784442335904	1.0196361541748047
6590.898301502641	1.018959641456604
6591.0121606693765	1.0148999691009521
6591.126019836112	1.0176063776016235
6591.239879002848	1.0155766010284424
6591.353738169584	1.014561653137207
6591.46759733632	1.0162532329559326
6591.581456503056	1.0169298648834229
6591.695315669792	1.011178731918335
6591.809174836529	1.0108404159545898
6591.923034003265	1.0179446935653687
6592.03689317	1.020312786102295
6592.150752336736	1.0199744701385498
6592.264611503472	1.0159149169921875
6592.378470670208	1.0216660499572754
6592.492329836944	1.0250489711761475
6592.60618900368	1.0199744701385498
6592.720048170416	1.0179446935653687
6592.833907337153	1.0091488361358643
6592.9477665038885	1.0010297298431396
6593.061625670624	1.0040743350982666
6593.17548483736	1.0077956914901733
6593.289344004096	1.0101637840270996
6593.403203170832	1.014223337173462
6593.517062337568	1.02065110206604
6593.630921504304	1.0226808786392212
6593.744780671041	1.0186213254928589
6593.8586398377765	1.011178731918335
6593.972499004512	1.011178731918335
6594.086358171248	1.0101637840270996
6594.200217337984	1.0006914138793945
6594.31407650472	0.9942637085914612
6594.427935671456	0.9929105043411255
6594.541794838192	1.0003530979156494
6594.655654004928	1.0108404159545898
6594.769513171665	1.014223337173462
6594.8833723384005	1.0094871520996094
6594.997231505136	1.0118553638458252
6595.111090671872	1.0220043659210205
6595.224949838608	1.0253872871398926
6595.338809005344	1.0230191946029663
6595.45266817208	1.014561653137207
6595.566527338816	1.011178731918335
6595.680386505553	1.0216660499572754
6595.7942456722885	1.0223426818847656
6595.908104839024	1.018959641456604
6596.02196400576	1.0162532329559326
6596.135823172496	1.0182830095291138
6596.249682339232	1.012870192527771
6596.363541505968	1.0030595064163208
6596.477400672704	1.0027211904525757
6596.591259839441	1.0017063617706299
6596.705119006177	1.0047509670257568
6596.8189781729125	1.0040743350982666
6596.932837339648	1.0057659149169922
6597.046696506384	1.0067808628082275
6597.16055567312	1.0044126510620117
6597.274414839856	1.005427598953247
6597.388274006592	1.0125318765640259
6597.502133173328	1.0162532329559326
6597.615992340065	1.0169298648834229
6597.7298515068005	1.0148999691009521
6597.843710673536	1.0132085084915161
6597.957569840272	1.0071191787719727
6598.071429007008	1.0057659149169922
6598.185288173744	1.0118553638458252
6598.29914734048	1.0138851404190063
6598.413006507216	1.0118553638458252
6598.526865673952	1.011178731918335
6598.640724840689	1.0125318765640259
6598.7545840074245	1.0135468244552612
6598.86844317416	1.0067808628082275
6598.982302340896	0.9983233213424683
6599.096161507632	0.9868211150169373
6599.210020674368	0.9726125001907349
6599.323879841104	0.9736273884773254
6599.43773900784	0.9776870012283325
6599.551598174577	0.9858061671257019
6599.6654573413125	0.997646689414978
6599.779316508048	1.0047509670257568
6599.893175674784	1.0098254680633545
6600.00703484152	1.012870192527771
6600.120894008256	1.014561653137207
6600.234753174992	1.0196361541748047
6600.348612341728	1.0152382850646973
6600.462471508465	1.0138851404190063
6600.576330675201	1.0159149169921875
6600.690189841936	1.0125318765640259
6600.804049008672	1.0125318765640259
6600.917908175408	1.0182830095291138
6601.031767342144	1.020312786102295
6601.14562650888	1.0213277339935303
6601.259485675616	1.02065110206604
6601.373344842352	1.0199744701385498
6601.487204009089	1.018959641456604
6601.6010631758245	1.0182830095291138
6601.71492234256	1.0091488361358643
6601.828781509296	1.0084723234176636
6601.942640676032	0.9952786564826965
6602.056499842768	0.9885126352310181
6602.170359009504	0.9918956160545349
6602.28421817624	0.9983233213424683
6602.398077342977	1.0023828744888306
6602.5119365097125	1.0027211904525757
6602.625795676448	1.005089282989502
6602.739654843184	1.0088106393814087
6602.85351400992	1.0091488361358643
6602.967373176656	1.0155766010284424
6603.081232343392	1.0182830095291138
6603.195091510128	1.0196361541748047
6603.308950676864	1.0165915489196777
6603.422809843601	1.0071191787719727
6603.5366690103365	1.0067808628082275
6603.650528177072	1.0077956914901733
6603.764387343808	1.011178731918335
6603.878246510544	1.0125318765640259
6603.99210567728	1.0132085084915161
6604.105964844016	1.0176063776016235
6604.219824010752	1.0169298648834229
6604.333683177489	1.0108404159545898
6604.4475423442245	1.0192978382110596
6604.56140151096	1.0125318765640259
6604.675260677696	1.0152382850646973
6604.789119844432	1.0152382850646973
6604.902979011168	1.011178731918335
6605.016838177904	1.0105020999908447
6605.13069734464	1.0101637840270996
6605.244556511376	1.0044126510620117
6605.358415678113	1.0023828744888306
6605.4722748448485	1.005089282989502
6605.586134011584	1.011178731918335
6605.69999317832	1.0084723234176636
6605.813852345056	1.0176063776016235
6605.927711511792	1.0213277339935303
6606.041570678528	1.014223337173462
6606.155429845264	1.0091488361358643
6606.269289012001	1.0135468244552612
6606.3831481787365	1.020312786102295
6606.497007345472	1.0209894180297852
6606.610866512208	1.0101637840270996
6606.724725678944	1.014561653137207
6606.83858484568	1.0209894180297852
6606.952444012416	1.0162532329559326
6607.066303179152	1.0213277339935303
6607.180162345888	1.0179446935653687
6607.294021512625	1.0169298648834229
6607.4078806793605	1.0135468244552612
6607.521739846096	1.0155766010284424
6607.635599012832	1.0148999691009521
6607.749458179568	1.0138851404190063
6607.863317346304	1.0253872871398926
6607.97717651304	1.0196361541748047
6608.091035679776	1.0152382850646973
6608.204894846513	1.0152382850646973
6608.3187540132485	1.0121936798095703
6608.432613179984	1.0152382850646973
6608.54647234672	1.0165915489196777
6608.660331513456	1.018959641456604
6608.774190680192	1.0135468244552612
6608.888049846928	1.0155766010284424
6609.001909013664	1.0165915489196777
6609.1157681804	1.0105020999908447
6609.229627347137	1.0138851404190063
6609.343486513872	1.012870192527771
6609.457345680608	1.0091488361358643
6609.571204847344	1.01151704788208
6609.68506401408	1.0077956914901733
6609.798923180816	1.0121936798095703
6609.912782347552	1.011178731918335
6610.026641514288	1.0088106393814087
6610.140500681025	1.0159149169921875
6610.2543598477605	1.014223337173462
6610.368219014496	1.0159149169921875
6610.482078181232	1.0199744701385498
6610.595937347968	1.0155766010284424
6610.709796514704	1.0155766010284424
6610.82365568144	1.0118553638458252
6610.937514848176	1.0132085084915161
6611.051374014912	1.0044126510620117
6611.165233181649	1.005427598953247
6611.279092348384	1.0091488361358643
6611.39295151512	1.0152382850646973
6611.506810681856	1.0098254680633545
6611.620669848592	1.0010297298431396
6611.734529015328	1.0094871520996094
6611.848388182064	1.0084723234176636
6611.9622473488	1.0088106393814087
6612.076106515537	1.0098254680633545
6612.1899656822725	1.0088106393814087
6612.303824849008	0.9986616373062134
6612.417684015744	0.9962934851646423
6612.53154318248	0.9925721883773804
6612.645402349216	0.9915573000907898
6612.759261515952	1.0047509670257568
6612.873120682688	1.003736138343811
6612.986979849424	0.9942637085914612
6613.1008390161605	0.9979850053787231
6613.214698182896	1.0017063617706299
6613.328557349632	1.0006914138793945
6613.442416516368	1.0013680458068848
6613.556275683104	0.997646689414978
6613.67013484984	0.9966318011283875
6613.783994016576	0.9993381500244141
6613.897853183312	1.0010297298431396
6614.011712350049	1.0081340074539185
6614.1255715167845	1.005427598953247
6614.23943068352	1.0091488361358643
6614.353289850256	1.0091488361358643
6614.467149016992	1.0077956914901733
6614.581008183728	1.0074573755264282
6614.694867350464	1.0061042308807373
6614.8087265172	1.0074573755264282
6614.922585683937	1.0091488361358643
6615.0364448506725	1.0155766010284424
6615.150304017408	1.005089282989502
6615.264163184144	1.003736138343811
6615.37802235088	1.0030595064163208
6615.491881517616	1.005427598953247
6615.605740684352	1.0003530979156494
6615.719599851088	1.0081340074539185
6615.833459017824	1.0061042308807373
6615.947318184561	1.005089282989502
6616.0611773512965	1.0064425468444824
6616.175036518032	1.0152382850646973
6616.288895684768	1.0105020999908447
6616.402754851504	1.0077956914901733
6616.51661401824	1.0094871520996094
6616.630473184976	1.0071191787719727
6616.744332351712	1.0135468244552612
6616.858191518449	1.0067808628082275
6616.9720506851845	0.998999834060669
6617.08590985192	1.0074573755264282
6617.199769018656	1.011178731918335
6617.313628185392	1.0030595064163208
6617.427487352128	1.003736138343811
6617.541346518864	1.0040743350982666
6617.6552056856	1.0023828744888306
6617.769064852336	1.0006914138793945
6617.882924019073	1.003397822380066
6617.996783185808	1.0074573755264282
6618.110642352544	1.0071191787719727
6618.22450151928	1.014561653137207
6618.338360686016	1.011178731918335
6618.452219852752	1.0047509670257568
6618.566079019488	1.0023828744888306
6618.679938186224	1.0064425468444824
6618.793797352961	1.0000147819519043
6618.9076565196965	0.9983233213424683
6619.021515686432	1.003397822380066
6619.135374853168	1.0091488361358643
6619.249234019904	1.0094871520996094
6619.36309318664	1.005089282989502
6619.476952353376	1.0098254680633545
6619.590811520112	1.0081340074539185
6619.704670686848	1.0108404159545898
6619.818529853585	1.0064425468444824
6619.93238902032	0.9979850053787231
6620.046248187056	1.0047509670257568
6620.160107353792	1.0101637840270996
6620.273966520528	1.0067808628082275
6620.387825687264	1.005427598953247
6620.501684854	1.0084723234176636
6620.615544020736	1.0074573755264282
6620.729403187473	1.0023828744888306
6620.8432623542085	1.0044126510620117
6620.957121520944	1.0064425468444824
6621.07098068768	1.003397822380066
6621.184839854416	1.0040743350982666
6621.298699021152	1.0013680458068848
6621.412558187888	1.0010297298431396
6621.526417354624	0.9932488203048706
6621.64027652136	0.999676525592804
6621.7541356880965	0.9966318011283875
6621.867994854832	0.9986616373062134
6621.981854021568	0.9942637085914612
6622.095713188304	0.9979850053787231
6622.20957235504	1.005427598953247
6622.323431521776	1.0023828744888306
6622.437290688512	1.003736138343811
6622.551149855248	1.005427598953247
6622.665009021985	1.0030595064163208
6622.7788681887205	1.0027211904525757
6622.892727355456	1.0057659149169922
6623.006586522192	1.0101637840270996
6623.120445688928	1.0077956914901733
6623.234304855664	1.0027211904525757
6623.3481640224	1.005427598953247
6623.462023189136	1.003736138343811
6623.575882355872	1.0027211904525757
6623.6897415226085	1.0074573755264282
6623.803600689344	1.0077956914901733
6623.91745985608	1.0074573755264282
6624.031319022816	1.0101637840270996
6624.145178189552	1.0017063617706299
6624.259037356288	1.0064425468444824
6624.372896523024	1.011178731918335
6624.48675568976	1.005089282989502
6624.600614856497	1.0081340074539185
6624.7144740232325	1.014223337173462
6624.828333189968	1.0176063776016235
6624.942192356704	1.0094871520996094
6625.05605152344	1.0091488361358643
6625.169910690176	1.0098254680633545
6625.283769856912	1.0000147819519043
6625.397629023648	1.0003530979156494
6625.511488190384	1.005089282989502
6625.6253473571205	1.0094871520996094
6625.739206523856	1.0098254680633545
6625.853065690592	1.002044677734375
6625.966924857328	1.0027211904525757
6626.080784024064	0.999676525592804
6626.1946431908	0.997646689414978
6626.308502357536	0.9966318011283875
6626.422361524272	0.9935871362686157
6626.536220691009	1.002044677734375
6626.6500798577445	1.003397822380066
6626.76393902448	1.005427598953247
6626.877798191216	1.005089282989502
6626.991657357952	1.0010297298431396
6627.105516524688	1.0040743350982666
6627.219375691424	1.0084723234176636
6627.33323485816	1.0030595064163208
6627.447094024896	0.9939253330230713
6627.5609531916325	0.9966318011283875
6627.674812358368	1.005089282989502
6627.788671525104	1.0061042308807373
6627.90253069184	1.0006914138793945
6628.016389858576	0.9915573000907898
6628.130249025312	0.9969701170921326
6628.244108192048	0.9912189841270447
6628.357967358784	0.9905423521995544
6628.471826525521	1.0006914138793945
6628.585685692256	1.005427598953247
6628.699544858992	0.9993381500244141
6628.813404025728	0.999676525592804
6628.927263192464	0.9946020245552063
6629.0411223592	1.0017063617706299
6629.154981525936	1.0081340074539185
6629.268840692672	1.0040743350982666
6629.382699859409	1.0044126510620117
6629.4965590261445	1.002044677734375
6629.61041819288	1.0047509670257568
6629.724277359616	1.0101637840270996
6629.838136526352	1.0071191787719727
6629.951995693088	1.003397822380066
6630.065854859824	1.005427598953247
6630.17971402656	1.0013680458068848
6630.293573193296	1.0047509670257568
6630.4074323600325	1.0013680458068848
6630.521291526768	1.0030595064163208
6630.635150693504	1.002044677734375
6630.74900986024	0.9935871362686157
6630.862869026976	1.0013680458068848
6630.976728193712	1.0088106393814087
6631.090587360448	1.0098254680633545
6631.204446527184	1.0081340074539185
6631.31830569392	1.0077956914901733
6631.4321648606565	1.0017063617706299
6631.546024027392	0.9983233213424683
6631.659883194128	1.0000147819519043
6631.773742360864	1.0074573755264282
6631.8876015276	1.0108404159545898
6632.001460694336	1.0006914138793945
6632.115319861072	0.9979850053787231
6632.229179027808	0.9932488203048706
6632.3430381945445	0.999676525592804
6632.45689736128	1.0074573755264282
6632.570756528016	1.0077956914901733
6632.684615694752	1.0071191787719727
6632.798474861488	0.998999834060669
6632.912334028224	0.9959551692008972
6633.02619319496	0.9986616373062134
6633.140052361696	1.0030595064163208
6633.253911528433	0.9993381500244141
6633.3677706951685	0.998999834060669
6633.481629861904	1.0071191787719727
6633.59548902864	1.0125318765640259
6633.709348195376	1.0057659149169922
6633.823207362112	1.003397822380066
6633.937066528848	1.0027211904525757
6634.050925695584	1.0061042308807373
6634.16478486232	1.0094871520996094
6634.2786440290565	1.0081340074539185
6634.392503195792	1.0057659149169922
6634.506362362528	1.0064425468444824
6634.620221529264	1.002044677734375
6634.734080696	1.0006914138793945
6634.847939862736	1.0010297298431396
6634.961799029472	1.0010297298431396
6635.075658196208	1.0000147819519043
6635.189517362945	1.0057659149169922
6635.3033765296805	1.0017063617706299
6635.417235696416	1.0030595064163208
6635.531094863152	1.003736138343811
6635.644954029888	1.002044677734375
6635.758813196624	1.0023828744888306
6635.87267236336	1.005089282989502
6635.986531530096	1.0067808628082275
6636.100390696832	1.0064425468444824
6636.2142498635685	1.0077956914901733
6636.328109030304	1.0040743350982666
6636.44196819704	0.9973083734512329
6636.555827363776	0.9966318011283875
6636.669686530512	0.999676525592804
6636.783545697248	1.0010297298431396
6636.897404863984	1.0017063617706299
6637.01126403072	1.0003530979156494
6637.125123197457	1.003736138343811
6637.238982364192	1.005089282989502
6637.352841530928	1.0094871520996094
6637.466700697664	1.0074573755264282
6637.5805598644	1.0006914138793945
6637.694419031136	0.9986616373062134
6637.808278197872	1.0006914138793945
6637.922137364608	0.999676525592804
6638.035996531344	1.0013680458068848
6638.1498556980805	0.9956168532371521
6638.263714864816	0.9973083734512329
6638.377574031552	1.0017063617706299
6638.491433198288	0.9983233213424683
6638.605292365024	0.9979850053787231
6638.71915153176	1.0030595064163208
6638.833010698496	1.0044126510620117
6638.946869865232	0.9973083734512329
6639.060729031969	1.005427598953247
6639.174588198704	1.0047509670257568
6639.28844736544	1.0010297298431396
6639.402306532176	1.0006914138793945
6639.516165698912	1.0013680458068848
6639.630024865648	1.005089282989502
6639.743884032384	1.0023828744888306
6639.85774319912	1.0084723234176636
6639.971602365856	1.002044677734375
6640.0854615325925	0.999676525592804
6640.199320699328	1.0013680458068848
6640.313179866064	0.999676525592804
6640.4270390328	1.003736138343811
6640.540898199536	1.0023828744888306
6640.654757366272	1.005427598953247
6640.768616533008	1.0067808628082275
6640.882475699744	1.0000147819519043
6640.9963348664805	0.9966318011283875
6641.110194033216	1.0023828744888306
6641.224053199952	0.9993381500244141
6641.337912366688	1.0010297298431396
6641.451771533424	0.998999834060669
6641.56563070016	1.003736138343811
6641.679489866896	1.0003530979156494
6641.793349033632	0.9983233213424683
6641.907208200368	1.0061042308807373
6642.0210673671045	0.9966318011283875
6642.13492653384	0.9959551692008972
6642.248785700576	0.9969701170921326
6642.362644867312	0.9959551692008972
6642.476504034048	0.9952786564826965
6642.590363200784	0.9973083734512329
6642.70422236752	0.9966318011283875
6642.818081534256	0.9898658394813538
6642.9319407009925	0.9935871362686157
6643.045799867728	1.0027211904525757
6643.159659034464	0.9949403405189514
6643.2735182012	0.9939253330230713
6643.387377367936	0.9979850053787231
6643.501236534672	0.9983233213424683
6643.615095701408	1.0013680458068848
6643.728954868144	0.9949403405189514
6643.84281403488	0.9986616373062134
6643.9566732016165	1.0040743350982666
6644.070532368352	0.998999834060669
6644.184391535088	0.9898658394813538
6644.298250701824	1.0013680458068848
6644.41210986856	1.0067808628082275
6644.525969035296	1.0003530979156494
6644.639828202032	1.005427598953247
6644.753687368768	1.0006914138793945
6644.8675465355045	1.0091488361358643
6644.98140570224	1.0098254680633545
6645.095264868976	1.002044677734375
6645.209124035712	1.0074573755264282
6645.322983202448	0.9993381500244141
6645.436842369184	1.0030595064163208
6645.55070153592	1.0064425468444824
6645.664560702656	1.002044677734375
6645.778419869392	1.0017063617706299
6645.8922790361285	0.997646689414978
6646.006138202864	0.9979850053787231
6646.1199973696	1.0067808628082275
6646.233856536336	0.9946020245552063
6646.347715703072	0.9979850053787231
6646.461574869808	1.0047509670257568
6646.575434036544	0.9962934851646423
6646.68929320328	1.0006914138793945
6646.8031523700165	1.0017063617706299
6646.917011536752	1.0003530979156494
6647.030870703488	1.0000147819519043
6647.144729870224	1.002044677734375
6647.25858903696	0.9925721883773804
6647.372448203696	0.999676525592804
6647.486307370432	1.0047509670257568
6647.600166537168	1.0006914138793945
6647.714025703905	0.9956168532371521
6647.82788487064	0.9949403405189514
6647.941744037376	1.003397822380066
6648.055603204112	1.0027211904525757
6648.169462370848	1.0010297298431396
6648.283321537584	0.9979850053787231
6648.39718070432	0.9966318011283875
6648.511039871056	1.0044126510620117
6648.624899037792	1.0000147819519043
6648.7387582045285	0.9915573000907898
6648.852617371264	0.9929105043411255
6648.966476538	0.998999834060669
6649.080335704736	0.9973083734512329
6649.194194871472	0.9969701170921326
6649.308054038208	1.0000147819519043
6649.421913204944	1.0003530979156494
6649.53577237168	0.9939253330230713
6649.649631538416	0.9966318011283875
6649.763490705152	1.0010297298431396
6649.877349871888	0.9979850053787231
6649.991209038624	0.9983233213424683
6650.10506820536	1.0030595064163208
6650.218927372096	1.0047509670257568
6650.332786538832	1.0010297298431396
6650.446645705568	0.9932488203048706
6650.560504872304	0.9939253330230713
6650.6743640390405	0.9986616373062134
6650.788223205776	0.998999834060669
6650.902082372512	1.0091488361358643
6651.015941539248	1.0077956914901733
6651.129800705984	1.0044126510620117
6651.24365987272	1.0006914138793945
6651.357519039456	0.9962934851646423
6651.471378206192	1.0003530979156494
6651.5852373729285	0.9939253330230713
6651.699096539664	1.0047509670257568
6651.8129557064	0.998999834060669
6651.926814873136	0.9949403405189514
6652.040674039872	1.002044677734375
6652.154533206608	0.999676525592804
6652.268392373344	0.9966318011283875
6652.38225154008	1.0105020999908447
6652.496110706816	1.0013680458068848
6652.6099698735525	0.9993381500244141
6652.723829040288	0.998999834060669
6652.837688207024	1.0017063617706299
6652.95154737376	1.0000147819519043
6653.065406540496	1.0003530979156494
6653.179265707232	0.9993381500244141
6653.293124873968	0.9979850053787231
6653.406984040704	1.0023828744888306
6653.5208432074405	1.0023828744888306
6653.634702374176	0.9983233213424683
6653.748561540912	0.999676525592804
6653.862420707648	0.9959551692008972
6653.976279874384	0.9946020245552063
6654.09013904112	1.0030595064163208
6654.203998207856	0.999676525592804
6654.317857374592	0.9979850053787231
6654.431716541328	0.9979850053787231
6654.5455757080645	0.9993381500244141
6654.6594348748	0.999676525592804
6654.773294041536	0.999676525592804
6654.887153208272	0.9973083734512329
6655.001012375008	0.9925721883773804
6655.114871541744	0.9912189841270447
6655.22873070848	0.997646689414978
6655.342589875216	0.9986616373062134
6655.4564490419525	1.0010297298431396
6655.570308208688	1.003397822380066
6655.684167375424	0.999676525592804
6655.79802654216	1.0040743350982666
6655.911885708896	1.0023828744888306
6656.025744875632	0.9993381500244141
6656.139604042368	0.9962934851646423
6656.253463209104	1.0003530979156494
6656.36732237584	1.0057659149169922
6656.481181542576	1.0010297298431396
6656.595040709312	0.997646689414978
6656.708899876048	0.9929105043411255
6656.822759042784	1.0006914138793945
6656.93661820952	1.0013680458068848
6657.050477376256	1.0040743350982666
6657.164336542992	1.0057659149169922
6657.278195709728	0.9935871362686157
6657.3920548764645	0.998999834060669
6657.5059140432	0.9966318011283875
6657.619773209936	0.9969701170921326
6657.733632376672	1.0064425468444824
6657.847491543408	1.005427598953247
6657.961350710144	0.9986616373062134
6658.07520987688	0.9946020245552063
6658.189069043616	0.9952786564826965
6658.302928210352	0.998999834060669
6658.416787377088	0.998999834060669
6658.530646543824	0.9983233213424683
6658.64450571056	0.9979850053787231
6658.758364877296	0.9949403405189514
6658.872224044032	0.9962934851646423
6658.986083210768	0.9908806681632996
6659.099942377504	0.9939253330230713
6659.21380154424	1.0003530979156494
6659.3276607109765	0.9949403405189514
6659.441519877712	0.9932488203048706
6659.555379044448	0.9949403405189514
6659.669238211184	0.9949403405189514
6659.78309737792	0.999676525592804
6659.896956544656	0.997646689414978
6660.010815711392	0.9946020245552063
6660.124674878128	0.9902041554450989
6660.238534044864	0.988174319267273
6660.3523932116	0.9858061671257019
6660.466252378336	0.9891892075538635
6660.580111545072	0.9898658394813538
6660.693970711808	0.9888508319854736
6660.807829878544	0.9905423521995544
6660.92168904528	0.9912189841270447
6661.035548212016	0.9929105043411255
6661.149407378752	0.9918956160545349
6661.2632665454885	0.9891892075538635
6661.377125712224	0.9929105043411255
6661.49098487896	0.9905423521995544
6661.604844045696	0.9915573000907898
6661.718703212432	0.9858061671257019
6661.832562379168	0.9814082980155945
6661.946421545904	0.9895275235176086
6662.06028071264	0.9902041554450989
6662.1741398793765	0.9932488203048706
6662.287999046112	0.9925721883773804
6662.401858212848	0.9949403405189514
6662.515717379584	0.9969701170921326
6662.62957654632	0.988174319267273
6662.743435713056	0.9969701170921326
6662.857294879792	1.0017063617706299
6662.971154046528	0.9969701170921326
6663.085013213264	0.998999834060669
6663.1988723800005	0.9932488203048706
6663.312731546736	0.9929105043411255
6663.426590713472	0.9946020245552063
6663.540449880208	0.9959551692008972
6663.654309046944	0.9973083734512329
6663.76816821368	0.9956168532371521
6663.882027380416	0.988174319267273
6663.995886547152	0.9966318011283875
6664.109745713888	0.9966318011283875
6664.223604880624	0.9925721883773804
6664.33746404736	0.9915573000907898
6664.451323214096	0.9891892075538635
6664.565182380832	0.988174319267273
6664.679041547568	0.984453022480011
6664.792900714304	0.9905423521995544
6664.90675988104	0.9912189841270447
6665.020619047776	0.9946020245552063
6665.1344782145125	0.9942637085914612
6665.248337381248	0.9905423521995544
6665.362196547984	0.984453022480011
6665.47605571472	0.9874976873397827
6665.589914881456	0.9871593713760376
6665.703774048192	0.9949403405189514
6665.817633214928	0.9942637085914612
6665.931492381664	0.9969701170921326
6666.0453515484005	0.997646689414978
6666.159210715136	0.9949403405189514
6666.273069881872	0.9932488203048706
6666.386929048608	0.9956168532371521
6666.500788215344	0.9962934851646423
6666.61464738208	0.9946020245552063
6666.728506548816	0.9925721883773804
6666.842365715552	0.9935871362686157
6666.956224882288	0.9935871362686157
6667.070084049024	1.0000147819519043
6667.18394321576	0.9942637085914612
6667.297802382496	0.997646689414978
6667.411661549232	0.9993381500244141
6667.525520715968	0.9932488203048706
6667.639379882704	0.9878360033035278
6667.75323904944	0.986144483089447
6667.867098216176	0.9935871362686157
6667.980957382912	0.9925721883773804
6668.094816549648	0.9925721883773804
6668.208675716384	0.9891892075538635
6668.32253488312	0.9946020245552063
6668.436394049856	0.9929105043411255
6668.550253216592	0.9905423521995544
6668.664112383328	0.9922338724136353
6668.777971550064	0.9895275235176086
6668.8918307168	0.9888508319854736
6669.005689883536	0.9885126352310181
6669.119549050272	0.9864827990531921
6669.233408217008	0.9888508319854736
6669.347267383744	0.9952786564826965
6669.46112655048	0.9912189841270447
6669.574985717216	0.9888508319854736
6669.688844883952	0.9888508319854736
6669.802704050688	0.9902041554450989
6669.9165632174245	0.9915573000907898
6670.03042238416	0.9891892075538635
6670.144281550896	0.988174319267273
6670.258140717632	0.9854678511619568
6670.371999884368	0.9814082980155945
6670.485859051104	0.9766721129417419
6670.59971821784	0.9834381341934204
6670.713577384576	0.9827615022659302
6670.827436551312	0.9824231863021851
6670.941295718048	0.9766721129417419
6671.055154884784	0.9810699820518494
6671.16901405152	0.9830998182296753
6671.282873218256	0.9854678511619568
6671.396732384992	0.984453022480011
6671.510591551728	0.9787018299102783
6671.624450718464	0.9773486852645874
6671.7383098852	0.9803933501243591
6671.8521690519365	0.986144483089447
6671.966028218672	0.9858061671257019
6672.079887385408	0.9817466139793396
6672.193746552144	0.9871593713760376
6672.30760571888	0.9902041554450989
6672.421464885616	0.9891892075538635
6672.535324052352	0.9851296544075012
6672.649183219088	0.9824231863021851
6672.763042385824	0.9891892075538635
6672.87690155256	0.9841147065162659
6672.990760719296	0.9841147065162659
6673.104619886032	0.9858061671257019
6673.218479052768	0.9878360033035278
6673.332338219504	0.9922338724136353
6673.44619738624	0.9895275235176086
6673.560056552976	0.9871593713760376
6673.673915719712	0.9956168532371521
6673.7877748864485	0.9918956160545349
6673.901634053184	0.986144483089447
6674.01549321992	0.9874976873397827
6674.129352386656	0.9905423521995544
6674.243211553392	0.9939253330230713
6674.357070720128	0.9939253330230713
6674.470929886864	0.9918956160545349
6674.5847890536	0.9918956160545349
6674.698648220336	0.9942637085914612
6674.812507387072	0.9851296544075012
6674.926366553808	0.9891892075538635
6675.040225720544	0.9868211150169373
6675.15408488728	0.9908806681632996
6675.267944054016	0.9885126352310181
6675.381803220752	0.9895275235176086
6675.495662387488	0.9858061671257019
6675.609521554224	0.9871593713760376
6675.72338072096	0.9820848703384399
6675.837239887696	0.9871593713760376
6675.951099054432	0.9851296544075012
6676.064958221168	0.9787018299102783
6676.178817387904	0.9682146310806274
6676.29267655464	0.9631401300430298
6676.406535721376	0.955359160900116
6676.520394888112	0.9472399950027466
6676.634254054848	0.9452101588249207
6676.748113221584	0.936414361000061
6676.86197238832	0.9276186227798462
6676.975831555056	0.9178078770637512
6677.089690721792	0.9120568037033081
6677.203549888528	0.9103653430938721
6677.317409055264	0.9073206186294556
6677.431268222	0.9059673547744751
6677.545127388736	0.8975098729133606
6677.658986555472	0.8981865048408508
6677.772845722208	0.894803524017334
6677.886704888944	0.8954801559448242
6678.00056405568	0.9029226899147034
6678.114423222416	0.8988631367683411
6678.228282389152	0.9063056707382202
6678.342141555888	0.9134100079536438
6678.456000722624	0.9110418558120728
6678.56985988936	0.9137483239173889
6678.683719056096	0.9225441217422485
6678.797578222832	0.9279568791389465
6678.911437389568	0.936414361000061
6679.025296556304	0.94453364610672
6679.13915572304	0.9462251663208008
6679.253014889776	0.9418271780014038
6679.366874056512	0.9482548832893372
6679.480733223248	0.9475783109664917
6679.594592389984	0.9563741683959961
6679.70845155672	0.9506229758262634
6679.822310723456	0.9482548832893372
6679.936169890192	0.9529911279678345
6680.050029056928	0.9584038853645325
6680.163888223664	0.9594188332557678
6680.2777473904	0.9590805172920227
6680.391606557136	0.9634783864021301
6680.5054657238725	0.9648316502571106
6680.619324890608	0.9719358682632446
6680.733184057344	0.9749806523323059
6680.84704322408	0.9736273884773254
6680.960902390816	0.9766721129417419
6681.074761557552	0.9787018299102783
6681.188620724288	0.9824231863021851
6681.302479891024	0.986144483089447
6681.41633905776	0.9776870012283325
6681.530198224496	0.9807316660881042
6681.644057391232	0.9885126352310181
6681.757916557968	0.9830998182296753
6681.871775724704	0.9864827990531921
6681.98563489144	0.9888508319854736
6682.099494058176	0.9902041554450989
6682.213353224912	0.9847913384437561
6682.327212391648	0.9969701170921326
6682.441071558384	0.9956168532371521
6682.55493072512	0.9912189841270447
6682.668789891856	0.9905423521995544
6682.782649058592	0.9942637085914612
6682.896508225328	0.9912189841270447
6683.010367392064	0.9946020245552063
6683.1242265588	0.986144483089447
6683.238085725536	0.9885126352310181
6683.351944892272	0.9878360033035278
6683.465804059008	0.9834381341934204
6683.579663225744	0.9874976873397827
6683.69352239248	0.9800551533699036
6683.807381559216	0.9834381341934204
6683.921240725952	0.9891892075538635
6684.035099892688	0.9905423521995544
6684.148959059424	0.9874976873397827
6684.26281822616	0.9925721883773804
6684.376677392896	0.9915573000907898
6684.490536559632	0.9905423521995544
6684.604395726368	0.9925721883773804
6684.718254893104	1.0013680458068848
6684.83211405984	0.9935871362686157
6684.945973226576	0.9888508319854736
6685.059832393312	0.988174319267273
6685.173691560048	0.9827615022659302
6685.287550726784	0.9830998182296753
6685.40140989352	0.9915573000907898
6685.515269060256	0.9851296544075012
6685.629128226992	0.984453022480011
6685.742987393728	0.988174319267273
6685.856846560464	0.9868211150169373
6685.9707057272	0.986144483089447
6686.084564893936	0.9932488203048706
6686.198424060672	0.9888508319854736
6686.3122832274075	0.9851296544075012
6686.426142394144	0.9878360033035278
6686.54000156088	0.9871593713760376
6686.653860727616	0.9908806681632996
6686.767719894352	0.9878360033035278
6686.881579061088	0.9858061671257019
6686.995438227824	0.9878360033035278
6687.10929739456	0.9820848703384399
6687.223156561296	0.9830998182296753
6687.337015728032	0.9908806681632996
6687.450874894768	0.9915573000907898
6687.564734061504	0.9891892075538635
6687.67859322824	0.9858061671257019
6687.792452394976	0.9841147065162659
6687.906311561712	0.9925721883773804
6688.020170728448	0.9898658394813538
6688.134029895184	0.9912189841270447
6688.24788906192	0.9915573000907898
6688.361748228656	0.9871593713760376
6688.475607395392	0.9885126352310181
6688.589466562128	0.9942637085914612
6688.703325728864	0.9918956160545349
6688.8171848956	0.9878360033035278
6688.931044062336	0.9908806681632996
6689.044903229072	0.9776870012283325
6689.158762395808	0.9746423363685608
6689.272621562544	0.983776330947876
6689.38648072928	0.9854678511619568
6689.500339896016	0.9858061671257019
6689.614199062752	0.9834381341934204
6689.728058229488	0.9878360033035278
6689.841917396224	0.9885126352310181
6689.95577656296	0.9868211150169373
6690.069635729696	0.988174319267273
6690.183494896432	0.9827615022659302
6690.297354063168	0.9780253171920776
6690.411213229904	0.9770103693008423
6690.52507239664	0.9780253171920776
