6506.25663286	0.042104167
6506.25663286135	0.9998884797096252
6506.29873702835	0.9934311509132385
6506.340841195351	0.9940175414085388
6506.38294536235	1.0032187700271606
6506.42504952935	1.016094446182251
6506.467153696351	1.0176087617874146
6506.50925786335	1.0047770738601685
6506.55136203035	1.0001338720321655
6506.593466197351	1.0130294561386108
6506.63557036435	1.01906156539917
6506.67767453135	1.0073199272155762
6506.719778698351	1.0044589042663574
6506.76188286535	1.0233674049377441
6506.80398703235	1.0380973815917969
6506.846091199351	1.0304378271102905
6506.88819536635	1.0101820230484009
6506.93029953335	0.9925315380096436
6506.97240370035	0.9920790195465088
6507.01450786735	1.0078108310699463
6507.05661203435	1.0105372667312622
6507.09871620135	0.9889517426490784
6507.14082036835	0.9751660227775574
6507.18292453535	0.9878948926925659
6507.22502870235	1.004686951637268
6507.2671328693505	1.0089715719223022
6507.30923703635	1.0113084316253662
6507.35134120335	1.0195263624191284
6507.3934453703505	1.0259774923324585
6507.43554953735	1.0233449935913086
6507.47765370435	1.0103659629821777
6507.5197578713505	0.990764856338501
6507.56186203835	0.9743731021881104
6507.60396620535	0.9692964553833008
6507.646070372351	0.9789822697639465
6507.68817453935	0.9979292154312134
6507.73027870635	1.0065628290176392
6507.772382873351	0.9961702227592468
6507.81448704035	0.9827627539634705
6507.85659120735	0.9789900183677673
6507.898695374351	0.9813942909240723
6507.94079954135	0.9854608178138733
6507.98290370835	0.9917707443237305
6508.025007875351	0.9980099201202393
6508.06711204235	0.9940081238746643
6508.10921620935	0.9804737567901611
6508.151320376351	0.9811688661575317
6508.19342454335	1.0048338174819946
6508.23552871035	1.0245983600616455
6508.27763287735	1.0209498405456543
6508.31973704435	1.0009243488311768
6508.36184121135	0.9778370261192322
6508.40394537835	0.9659135937690735
6508.44604954535	0.9669817090034485
6508.48815371235	0.9599424600601196
6508.53025787935	0.935999870300293
6508.5723620463505	0.917370617389679
6508.61446621335	0.9196254014968872
6508.65657038035	0.9350742697715759
6508.6986745473505	0.9511268734931946
6508.74077871435	0.9551060199737549
6508.78288288135	0.9467819333076477
6508.8249870483505	0.9479652643203735
6508.86709121535	0.9710603952407837
6508.90919538235	1.0040868520736694
6508.951299549351	1.0313812494277954
6508.99340371635	1.0401533842086792
6509.03550788335	1.0270506143569946
6509.077612050351	1.0029908418655396
6509.11971621735	0.982063353061676
6509.16182038435	0.9787412285804749
6509.203924551351	0.9943392872810364
6509.24602871835	1.0075407028198242
6509.28813288535	1.0053032636642456
6509.330237052351	0.9973377585411072
6509.37234121935	0.9944671392440796
6509.41444538635	1.0012527704238892
6509.45654955335	1.0140964984893799
6509.49865372035	1.0171114206314087
6509.54075788735	1.0059505701065063
6509.58286205435	1.0010145902633667
6509.62496622135	1.0120658874511719
6509.66707038835	1.0214446783065796
6509.70917455535	1.0182887315750122
6509.75127872235	1.0132378339767456
6509.79338288935	1.0146526098251343
6509.83548705635	1.019553542137146
6509.8775912233505	1.0228908061981201
6509.91969539035	1.0197850465774536
6509.96179955735	1.0107123851776123
6510.0039037243505	1.0052138566970825
6510.04600789135	1.0081874132156372
6510.08811205835	1.0138438940048218
6510.1302162253505	1.0155069828033447
6510.17232039235	1.0082179307937622
6510.21442455935	0.9949624538421631
6510.256528726351	0.9915565848350525
6510.29863289335	1.0045266151428223
6510.34073706035	1.0213541984558105
6510.382841227351	1.0282602310180664
6510.42494539435	1.0147794485092163
6510.46704956135	0.9862255454063416
6510.509153728351	0.9728674292564392
6510.55125789535	0.9871795177459717
6510.59336206235	1.0046601295471191
6510.635466229351	1.0096343755722046
6510.67757039635	1.0131062269210815
6510.71967456335	1.0200380086898804
6510.76177873035	1.0164252519607544
6510.80388289735	1.0010007619857788
6510.84598706435	0.999123752117157
6510.88809123135	1.0196533203125
6510.93019539835	1.037137508392334
6510.97229956535	1.0372724533081055
6511.01440373235	1.0339691638946533
6511.05650789935	1.0344566106796265
6511.09861206635	1.0264476537704468
6511.14071623335	1.0076175928115845
6511.1828204003505	0.9969696402549744
6511.22492456735	1.0033327341079712
6511.26702873435	1.0140354633331299
6511.3091329013505	1.018240213394165
6511.35123706835	1.013393521308899
6511.39334123535	1.007251262664795
6511.4354454023505	1.0219491720199585
6511.47754956935	1.0583837032318115
6511.51965373635	1.0811761617660522
6511.561757903351	1.0723977088928223
6511.60386207035	1.0496878623962402
6511.64596623735	1.0287399291992188
6511.688070404351	1.0126632452011108
6511.73017457135	1.002824306488037
6511.77227873835	1.001855731010437
6511.814382905351	1.0040658712387085
6511.85648707235	0.9906880259513855
6511.89859123935	0.9614267349243164
6511.940695406351	0.9466288685798645
6511.98279957335	0.9558822512626648
6512.02490374035	0.9610147476196289
6512.06700790735	0.9493237733840942
6512.10911207435	0.9393378496170044
6512.15121624135	0.9426808953285217
6512.19332040835	0.9541711807250977
6512.23542457535	0.9658234715461731
6512.27752874235	0.9691446423530579
6512.31963290935	0.9653652310371399
6512.36173707635	0.9696968793869019
6512.40384124335	0.9867974519729614
6512.44594541035	1.0037901401519775
6512.4880495773505	1.0102285146713257
6512.53015374435	1.0021538734436035
6512.57225791135	0.9878126382827759
6512.6143620783505	0.9912601709365845
6512.65646624535	1.0148086547851562
6512.69857041235	1.0279686450958252
6512.7406745793505	1.0197768211364746
6512.78277874635	1.0118651390075684
6512.82488291335	1.0161247253417969
6512.866987080351	1.0253832340240479
6512.90909124735	1.0334528684616089
6512.95119541435	1.0390756130218506
6512.993299581351	1.0395797491073608
6513.03540374835	1.029221773147583
6513.07750791535	1.0133646726608276
6513.119612082351	1.012474536895752
6513.16171624935	1.0287680625915527
6513.20382041635	1.0386102199554443
6513.245924583351	1.0323920249938965
6513.28802875035	1.0223737955093384
6513.33013291735	1.0177631378173828
6513.37223708435	1.0205978155136108
6513.41434125135	1.026416301727295
6513.45644541835	1.0236804485321045
6513.49854958535	1.0117700099945068
6513.54065375235	1.0045078992843628
6513.58275791935	1.0079517364501953
6513.62486208635	1.0168195962905884
6513.66696625335	1.022829532623291
6513.70907042035	1.0155317783355713
6513.75117458735	0.9979002475738525
6513.7932787543505	0.9890477061271667
6513.83538292135	0.9973233342170715
6513.87748708835	1.016533613204956
6513.9195912553505	1.0366613864898682
6513.96169542235	1.0451079607009888
6514.00379958935	1.0405316352844238
6514.0459037563505	1.0347260236740112
6514.08800792335	1.03115713596344
6514.13011209035	1.0223037004470825
6514.172216257351	1.010270595550537
6514.21432042435	1.0091015100479126
6514.25642459135	1.0177348852157593
6514.298528758351	1.01730215549469
6514.34063292535	1.0054932832717896
6514.38273709235	0.9997395873069763
6514.424841259351	0.9994272589683533
6514.46694542635	0.9827826023101807
6514.50904959335	0.9498661756515503
6514.551153760351	0.9256301522254944
6514.59325792735	0.9118038415908813
6514.63536209435	0.8839266300201416
6514.67746626135	0.8479399681091309
6514.71957042835	0.8428906202316284
6514.76167459535	0.8679656982421875
6514.80377876235	0.8795992136001587
6514.84588292935	0.8738480806350708
6514.88798709635	0.8893686532974243
6514.93009126335	0.9292110204696655
6514.97219543035	0.9584357738494873
6515.01429959735	0.9689484238624573
6515.05640376435	0.9813458323478699
6515.0985079313505	1.002556324005127
6515.14061209835	1.0242958068847656
6515.18271626535	1.036256194114685
6515.2248204323505	1.0281437635421753
6515.26692459935	1.0193129777908325
6515.30902876635	1.054658055305481
6515.3511329333505	1.1103811264038086
6515.39323710035	1.1006869077682495
6515.43534126735	1.0336395502090454
6515.477445434351	1.0039546489715576
6515.51954960135	1.0276373624801636
6515.56165376835	1.0467039346694946
6515.603757935351	1.0439761877059937
6515.64586210235	1.0406570434570312
6515.68796626935	1.0335612297058105
6515.730070436351	0.9988448619842529
6515.77217460335	0.9515845775604248
6515.81427877035	0.9387667775154114
6515.856382937351	0.9579479694366455
6515.89848710435	0.9652646780014038
6515.94059127135	0.9566150307655334
6515.98269543835	0.9613310694694519
6516.02479960535	0.984173595905304
6516.06690377235	1.0084619522094727
6516.10900793935	1.0192968845367432
6516.15111210635	1.005528450012207
6516.19321627335	0.9790061712265015
6516.23532044035	0.9675590395927429
6516.27742460735	0.9633045196533203
6516.31952877435	0.9325352907180786
6516.36163294135	0.8801171183586121
6516.4037371083505	0.8390457630157471
6516.44584127535	0.8091845512390137
6516.48794544235	0.7675044536590576
6516.5300496093505	0.725158154964447
6516.57215377635	0.716156005859375
6516.61425794335	0.73832106590271
6516.6563621103505	0.7642132639884949
6516.69846627735	0.7915205359458923
6516.74057044435	0.8337764143943787
6516.782674611351	0.8782933950424194
6516.82477877835	0.8973913788795471
6516.86688294535	0.8995314240455627
6516.908987112351	0.9155333042144775
6516.95109127935	0.9429998993873596
6516.99319544635	0.9579321146011353
6517.035299613351	0.9533646106719971
6517.07740378035	0.9355946779251099
6517.11950794735	0.9203389883041382
6517.16161211435	0.9260680079460144
6517.20371628135	0.9424043893814087
6517.24582044835	0.9443063139915466
6517.28792461535	0.9430874586105347
6517.33002878235	0.967801034450531
6517.37213294935	1.0044389963150024
6517.41423711635	1.0172618627548218
6517.45634128335	1.012499451637268
6517.49844545035	1.0184139013290405
6517.54054961735	1.0318466424942017
6517.58265378435	1.0340524911880493
6517.62475795135	1.0308786630630493
6517.66686211835	1.0383837223052979
6517.7089662853505	1.0447978973388672
6517.75107045235	1.027590036392212
6517.79317461935	0.9977993369102478
6517.8352787863505	0.9820681214332581
6517.87738295335	0.9824100136756897
6517.91948712035	0.9865080714225769
6517.9615912873505	0.9824588298797607
6518.00369545435	0.963740885257721
6518.04579962135	0.9515795707702637
6518.087903788351	0.9728754758834839
6518.13000795535	1.0038912296295166
6518.17211212235	1.0049004554748535
6518.214216289351	0.9955399632453918
6518.25632045635	1.014960527420044
6518.29842462335	1.0431439876556396
6518.340528790351	1.0407304763793945
6518.38263295735	1.022201657295227
6518.42473712435	1.0202518701553345
6518.46684129135	1.0244412422180176
6518.50894545835	1.0117751359939575
6518.55104962535	0.998522937297821
6518.59315379235	1.0093756914138794
6518.63525795935	1.0238176584243774
6518.67736212635	1.0125420093536377
6518.71946629335	0.9997484683990479
6518.76157046035	1.0197676420211792
6518.80367462735	1.04729425907135
6518.84577879435	1.0424450635910034
6518.88788296135	1.0153712034225464
6518.92998712835	0.9941813945770264
6518.97209129535	0.987651526927948
6519.0141954623505	0.9944729804992676
6519.05629962935	1.0081342458724976
6519.09840379635	1.0199476480484009
6519.1405079633505	1.0247029066085815
6519.18261213035	1.018065333366394
6519.22471629735	0.9919372200965881
6519.2668204643505	0.9456056952476501
6519.30892463135	0.9055458903312683
6519.35102879835	0.8972698450088501
6519.393132965351	0.9077497124671936
6519.43523713235	0.9151440262794495
6519.47734129935	0.9206856489181519
6519.519445466351	0.9301348328590393
6519.56154963335	0.9348039031028748
6519.60365380035	0.9313310384750366
6519.645757967351	0.9481237530708313
6519.68786213435	1.0036280155181885
6519.72996630135	1.0555144548416138
6519.77207046835	1.0603669881820679
6519.81417463535	1.0322234630584717
6519.85627880235	1.0039087533950806
6519.89838296935	1.002753496170044
6519.94048713635	1.035403847694397
6519.98259130335	1.058777928352356
6520.02469547035	1.0400512218475342
6520.06679963735	1.017353892326355
6520.10890380435	1.028498649597168
6520.15100797135	1.0515179634094238
6520.19311213835	1.0578687191009521
6520.23521630535	1.04946768283844
6520.27732047235	1.0379068851470947
6520.3194246393505	1.0353528261184692
6520.36152880635	1.0470397472381592
6520.40363297335	1.0621347427368164
6520.4457371403505	1.067528247833252
6520.48784130735	1.0554158687591553
6520.52994547435	1.0289543867111206
6520.5720496413505	1.0114614963531494
6520.61415380835	1.0168280601501465
6520.65625797535	1.0268665552139282
6520.698362142351	1.0261999368667603
6520.74046630935	1.0241800546646118
6520.78257047635	1.02825129032135
6520.824674643351	1.0284672975540161
6520.86677881035	1.0192759037017822
6520.90888297735	1.0122421979904175
6520.950987144351	1.015151858329773
6520.99309131135	1.02052903175354
6521.03519547835	1.0226857662200928
6521.07729964535	1.0267151594161987
6521.11940381235	1.0324205160140991
6521.16150797935	1.0247639417648315
6521.20361214635	1.0008220672607422
6521.24571631335	0.9845490455627441
6521.28782048035	0.991277277469635
6521.32992464735	1.01227605342865
6521.37202881435	1.0341227054595947
6521.41413298135	1.0440192222595215
6521.45623714835	1.0400692224502563
6521.49834131535	1.038251280784607
6521.54044548235	1.042671799659729
6521.58254964935	1.0322718620300293
6521.6246538163505	1.0009963512420654
6521.66675798335	0.9726793766021729
6521.70886215035	0.9665369391441345
6521.7509663173505	0.988037109375
6521.79307048435	1.0230326652526855
6521.83517465135	1.031795859336853
6521.8772788183505	1.0053633451461792
6521.91938298535	0.9844779372215271
6521.96148715235	0.9887723326683044
6522.003591319351	0.9976871609687805
6522.04569548635	0.9977211356163025
6522.08779965335	0.9929690361022949
6522.129903820351	0.9909997582435608
6522.17200798735	1.001112699508667
6522.21411215435	1.0162720680236816
6522.25621632135	1.007827877998352
6522.29832048835	0.976855456829071
6522.34042465535	0.9648588299751282
6522.38252882235	0.9818585515022278
6522.42463298935	0.9939285516738892
6522.46673715635	0.9911314249038696
6522.50884132335	0.9976925253868103
6522.55094549035	1.0171986818313599
6522.59304965735	1.0255651473999023
6522.63515382435	1.0178337097167969
6522.67725799135	1.0132246017456055
6522.71936215835	1.0173687934875488
6522.76146632535	1.018851637840271
6522.80357049235	1.0135442018508911
6522.84567465935	1.006454586982727
6522.88777882635	0.998735249042511
6522.9298829933505	0.9871004223823547
6522.97198716035	0.9780302047729492
6523.01409132735	0.9871846437454224
6523.0561954943505	1.0024933815002441
6523.09829966135	0.9861881136894226
6523.14040382835	0.9495141506195068
6523.1825079953505	0.9490733742713928
6523.22461216235	0.9838990569114685
6523.26671632935	0.9997923374176025
6523.308820496351	0.9851136803627014
6523.35092466335	0.9678646326065063
6523.39302883035	0.9611708521842957
6523.435132997351	0.9635571241378784
6523.47723716435	0.9693467020988464
6523.51934133135	0.9701035618782043
6523.56144549835	0.96488356590271
6523.60354966535	0.9584236145019531
6523.64565383235	0.947689414024353
6523.68775799935	0.9247851967811584
6523.72986216635	0.8970858454704285
6523.77196633335	0.8821223974227905
6523.81407050035	0.8780202269554138
6523.85617466735	0.8704835772514343
6523.89827883435	0.8685584664344788
6523.94038300135	0.8940957188606262
6523.98248716835	0.9316450357437134
6524.02459133535	0.9448314905166626
6524.06669550235	0.9450533390045166
6524.10879966935	0.969647228717804
6524.15090383635	1.0003931522369385
6524.19300800335	0.9910569190979004
6524.2351121703505	0.9605473875999451
6524.27721633735	0.9614010453224182
6524.31932050435	0.986258864402771
6524.3614246713505	0.9958528876304626
6524.40352883835	0.9896356463432312
6524.44563300535	0.9873123168945312
6524.4877371723505	0.9886106848716736
6524.52984133935	0.9852277040481567
6524.57194550635	0.9883759617805481
6524.614049673351	1.0127835273742676
6524.65615384035	1.035064935684204
6524.69825800735	1.021417498588562
6524.740362174351	0.990963339805603
6524.78246634135	0.9834946990013123
6524.82457050835	0.9997912049293518
6524.86667467535	1.0209194421768188
6524.90877884235	1.0328046083450317
6524.95088300935	1.0271220207214355
6524.99298717635	1.0102553367614746
6525.03509134335	0.9963313937187195
6525.07719551035	0.999340295791626
6525.11929967735	1.0246433019638062
6525.16140384435	1.0458242893218994
6525.20350801135	1.0351908206939697
6525.24561217835	1.015183687210083
6525.28771634535	1.0177448987960815
6525.32982051235	1.0288550853729248
6525.37192467935	1.0223358869552612
6525.41402884635	0.9965346455574036
6525.45613301335	0.9644229412078857
6525.49823718035	0.9534667134284973
6525.5403413473505	0.9805816411972046
6525.58244551435	1.0125527381896973
6525.62454968135	1.0144386291503906
6525.6666538483505	1.0054693222045898
6525.70875801535	1.0112636089324951
6525.75086218235	1.0167019367218018
6525.7929663493505	1.0045676231384277
6525.83507051635	0.9909155368804932
6525.87717468335	0.993845522403717
6525.919278850351	1.0077738761901855
6525.96138301735	1.0200015306472778
6526.00348718435	1.0195826292037964
6526.045591351351	1.0051078796386719
6526.08769551835	0.9971243739128113
6526.12979968535	1.0081582069396973
6526.17190385235	1.0156395435333252
6526.21400801935	1.003330945968628
6526.25611218635	0.9929631352424622
6526.29821635335	1.0008180141448975
6526.34032052035	1.0079185962677002
6526.38242468735	1.0003010034561157
6526.42452885435	0.9943287968635559
6526.46663302135	1.0025111436843872
6526.50873718835	1.014139175415039
6526.55084135535	1.0192720890045166
6526.59294552235	1.0204306840896606
6526.63504968935	1.022147536277771
6526.67715385635	1.0275174379348755
6526.71925802335	1.0345021486282349
6526.76136219035	1.0319454669952393
6526.80346635735	1.0184625387191772
6526.8455705243505	1.013149380683899
6526.88767469135	1.0223990678787231
6526.92977885835	1.0244829654693604
6526.9718830253505	1.0097273588180542
6527.01398719235	0.9961764812469482
6527.05609135935	0.9963313341140747
6527.0981955263505	1.0067707300186157
6527.14029969335	1.0189917087554932
6527.18240386035	1.0210734605789185
6527.224508027351	1.0105574131011963
6527.26661219435	0.9990495443344116
6527.30871636135	0.9936988949775696
6527.350820528351	0.9925965070724487
6527.39292469535	0.9916003346443176
6527.43502886235	0.9852410554885864
6527.47713302935	0.9769424796104431
6527.51923719635	0.9818486571311951
6527.56134136335	0.9974564909934998
6527.60344553035	0.9979239702224731
6527.64554969735	0.979952871799469
6527.68765386435	0.9697492718696594
6527.72975803135	0.9769518971443176
6527.77186219835	0.9889638423919678
6527.81396636535	0.9975247979164124
6527.85607053235	1.0014938116073608
6527.89817469935	0.9993425607681274
6527.94027886635	0.9887182712554932
6527.98238303335	0.9777498245239258
6528.02448720035	0.98453688621521
6528.06659136735	1.0042527914047241
6528.10869553435	1.0099029541015625
6528.1507997013505	1.0000289678573608
6528.19290386835	0.9977383613586426
6528.23500803535	1.0072380304336548
6528.2771122023505	1.0148030519485474
6528.31921636935	1.0154212713241577
6528.36132053635	1.0126335620880127
6528.4034247033505	1.0129189491271973
6528.44552887035	1.0236921310424805
6528.48763303735	1.0357939004898071
6528.529737204351	1.02884042263031
6528.57184137135	1.00941801071167
6528.61394553835	1.0031975507736206
6528.656049705351	1.0102412700653076
6528.69815387235	1.0128360986709595
6528.74025803935	1.011867642402649
6528.78236220635	1.019469976425171
6528.82446637335	1.0279771089553833
6528.86657054035	1.0196439027786255
6528.90867470735	1.005188226699829
6528.95077887435	1.0097458362579346
6528.99288304135	1.0243310928344727
6529.03498720835	1.0230149030685425
6529.07709137535	1.0142278671264648
6529.11919554235	1.0222069025039673
6529.16129970935	1.0380719900131226
6529.20340387635	1.0378893613815308
6529.24550804335	1.02393639087677
6529.28761221035	1.0116745233535767
6529.32971637735	1.0059984922409058
6529.37182054435	1.0059019327163696
6529.41392471135	1.0096768140792847
6529.4560288783505	1.0146933794021606
6529.49813304535	1.017334222793579
6529.54023721235	1.0152065753936768
6529.5823413793505	1.0125783681869507
6529.62444554635	1.0157150030136108
6529.66654971335	1.0259859561920166
6529.7086538803505	1.0398555994033813
6529.75075804735	1.0445771217346191
6529.79286221435	1.030249834060669
6529.834966381351	1.0108540058135986
6529.87707054835	1.0053274631500244
6529.91917471535	1.0144554376602173
6529.96127888235	1.0289171934127808
6530.00338304935	1.0317354202270508
6530.04548721635	1.0136743783950806
6530.08759138335	0.9979067444801331
6530.12969555035	1.0065827369689941
6530.17179971735	1.0234661102294922
6530.21390388435	1.0277924537658691
6530.25600805135	1.0249762535095215
6530.29811221835	1.024399995803833
6530.34021638535	1.0224664211273193
6530.38232055235	1.0138109922409058
6530.42442471935	0.9982321858406067
6530.46652888635	0.9791563749313354
6530.50863305335	0.964326024055481
6530.55073722035	0.9603042602539062
6530.59284138735	0.9689226746559143
6530.63494555435	0.9855136275291443
6530.67704972135	0.9947422742843628
6530.71915388835	0.9899291396141052
6530.7612580553505	0.987663745880127
6530.80336222235	0.9987978339195251
6530.84546638935	1.0113681554794312
6530.8875705563505	1.0163540840148926
6530.92967472335	1.0206400156021118
6530.97177889035	1.0280377864837646
6531.0138830573505	1.0307514667510986
6531.05598722435	1.0221965312957764
6531.09809139135	1.000928521156311
6531.140195558351	0.976371705532074
6531.18229972535	0.9744080305099487
6531.22440389235	0.9975151419639587
6531.26650805935	1.007169485092163
6531.30861222635	0.9931036829948425
6531.35071639335	0.9978653788566589
6531.39282056035	1.0300335884094238
6531.43492472735	1.037933111190796
6531.47702889435	1.0094897747039795
6531.51913306135	0.9979040622711182
6531.56123722835	1.0191782712936401
6531.60334139535	1.0301834344863892
6531.64544556235	1.0149918794631958
6531.68754972935	0.999993622303009
6531.72965389635	0.9985975027084351
6531.77175806335	1.0033682584762573
6531.81386223035	1.0074297189712524
6531.85596639735	1.0070332288742065
6531.89807056435	1.004622459411621
6531.94017473135	1.008749008178711
6531.98227889835	1.0159298181533813
6532.02438306535	1.0101807117462158
6532.0664872323505	0.9865673184394836
6532.10859139935	0.9521598815917969
6532.15069556635	0.9201607704162598
6532.1927997333505	0.9077792167663574
6532.23490390035	0.9122156500816345
6532.27700806735	0.9131955504417419
6532.3191122343505	0.9040331840515137
6532.36121640135	0.8904589414596558
6532.40332056835	0.8775367736816406
6532.445424735351	0.8702993988990784
6532.48752890235	0.8820222020149231
6532.52963306935	0.9280241131782532
6532.57173723635	0.9827923774719238
6532.61384140335	0.9966622591018677
6532.65594557035	0.9798922538757324
6532.69804973735	0.9811620116233826
6532.74015390435	1.0058246850967407
6532.78225807135	1.029576301574707
6532.82436223835	1.0321952104568481
6532.86646640535	1.0025852918624878
6532.90857057235	0.9704262018203735
6532.95067473935	0.980453372001648
6532.99277890635	1.0133651494979858
6533.03488307335	1.0208512544631958
6533.07698724035	1.0087378025054932
6533.11909140735	1.0067075490951538
6533.16119557435	1.0083569288253784
6533.20329974135	0.9955713152885437
6533.24540390835	0.9847486019134521
6533.28750807535	0.9998127818107605
6533.32961224235	1.0219401121139526
6533.3717164093505	1.0215400457382202
6533.41382057635	1.0106040239334106
6533.45592474335	1.0129449367523193
6533.4980289103505	1.0232220888137817
6533.54013307735	1.0271594524383545
6533.58223724435	1.0244065523147583
6533.6243414113505	1.0199575424194336
6533.66644557835	1.0178908109664917
6533.70854974535	1.018090009689331
6533.750653912351	1.0079156160354614
6533.79275807935	0.9791114926338196
6533.83486224635	0.9493208527565002
6533.87696641335	0.9370599389076233
6533.91907058035	0.9372246861457825
6533.96117474735	0.9402989745140076
6534.00327891435	0.9478437304496765
6534.04538308135	0.9595351219177246
6534.08748724835	0.9612217545509338
6534.12959141535	0.9491238594055176
6534.17169558235	0.9533618092536926
6534.21379974935	0.9881143569946289
6534.25590391635	1.0116260051727295
6534.29800808335	0.9958813786506653
6534.34011225035	0.9718174934387207
6534.38221641735	0.9689492583274841
6534.42432058435	0.9846500754356384
6534.46642475135	1.0070618391036987
6534.50852891835	1.0224969387054443
6534.5506330853505	1.0212701559066772
6534.59273725235	1.000348687171936
6534.63484141935	0.971623957157135
6534.6769455863505	0.9696616530418396
6534.71904975335	1.0003092288970947
6534.76115392035	1.017429232597351
6534.8032580873505	1.001898169517517
6534.84536225435	0.9889605641365051
6534.88746642135	0.9971193671226501
6534.9295705883505	1.0083078145980835
6534.97167475535	1.011468768119812
6535.01377892235	1.0125439167022705
6535.05588308935	1.0131980180740356
6535.09798725635	1.0065491199493408
6535.14009142335	0.9953020811080933
6535.18219559035	0.994904100894928
6535.22429975735	1.0068994760513306
6535.26640392435	1.0154316425323486
6535.30850809135	1.0144355297088623
6535.35061225835	1.010441541671753
6535.39271642535	1.0118600130081177
6535.43482059235	1.027476191520691
6535.47692475935	1.0517181158065796
6535.51902892635	1.0653221607208252
6535.56113309335	1.06191086769104
6535.60323726035	1.0481712818145752
6535.64534142735	1.0316314697265625
6535.68744559435	1.0195106267929077
6535.72954976135	1.011425256729126
6535.77165392835	1.0014179944992065
6535.81375809535	0.9957085251808167
6535.8558622623505	1.007928729057312
6535.89796642935	1.0255005359649658
6535.94007059635	1.019491195678711
6535.9821747633505	0.9974775314331055
6536.02427893035	0.9899580478668213
6536.06638309735	0.9933375716209412
6536.1084872643505	0.9845964908599854
6536.15059143135	0.9721810817718506
6536.19269559835	0.9806538820266724
6536.2347997653505	1.0061575174331665
6536.27690393235	1.0276782512664795
6536.31900809935	1.02886164188385
6536.36111226635	1.0028127431869507
6536.40321643335	0.9761618971824646
6536.44532060035	0.9839589595794678
6536.48742476735	1.0098167657852173
6536.52952893435	1.017616868019104
6536.57163310135	1.0076656341552734
6536.61373726835	0.9957122206687927
6536.65584143535	0.9848932027816772
6536.69794560235	0.9742353558540344
6536.74004976935	0.9680790901184082
6536.78215393635	0.9705284237861633
6536.82425810335	0.9777109026908875
6536.86636227035	0.984510064125061
6536.90846643735	0.9934975504875183
6536.95057060435	1.007030725479126
6536.99267477135	1.017263650894165
6537.03477893835	1.0185794830322266
6537.07688310535	1.0230590105056763
6537.11898727235	1.0376862287521362
6537.1610914393505	1.0384724140167236
6537.20319560635	1.010257601737976
6537.24529977335	0.9845930933952332
6537.2874039403505	0.9904414415359497
6537.32950810735	1.017764687538147
6537.37161227435	1.0441349744796753
6537.4137164413505	1.045516848564148
6537.45582060835	1.0164692401885986
6537.49792477535	0.9899324774742126
6537.540028942351	0.9890968799591064
6537.58213310935	0.9980050325393677
6537.62423727635	1.0070286989212036
6537.66634144335	1.037908673286438
6537.70844561035	1.08612859249115
6537.75054977735	1.089086890220642
6537.79265394435	1.0302386283874512
6537.83475811135	0.9857923984527588
6537.87686227835	0.9977229833602905
6537.91896644535	1.0298583507537842
6537.96107061235	1.0467816591262817
6538.00317477935	1.0333325862884521
6538.04527894635	1.0029118061065674
6538.08738311335	1.0035037994384766
6538.12948728035	1.0422978401184082
6538.17159144735	1.0682357549667358
6538.21369561435	1.0588440895080566
6538.25579978135	1.0349801778793335
6538.29790394835	1.0151331424713135
6538.34000811535	1.0092467069625854
6538.38211228235	1.020302176475525
6538.42421644935	1.0444360971450806
6538.4663206163505	1.0663106441497803
6538.50842478335	1.0608223676681519
6538.55052895035	1.037595272064209
6538.5926331173505	1.0383151769638062
6538.63473728435	1.0600188970565796
6538.67684145135	1.0597728490829468
6538.7189456183505	1.0366209745407104
6538.76104978535	1.0253674983978271
6538.80315395235	1.0320522785186768
6538.845258119351	1.0392870903015137
6538.88736228635	1.0424604415893555
6538.92946645335	1.0466417074203491
6538.97157062035	1.052248239517212
6539.01367478735	1.0558500289916992
6539.05577895435	1.0504475831985474
6539.09788312135	1.0300618410110474
6539.13998728835	1.0116915702819824
6539.18209145535	1.0206023454666138
6539.22419562235	1.0405012369155884
6539.26629978935	1.0377329587936401
6539.30840395635	1.0260157585144043
6539.35050812335	1.0368417501449585
6539.39261229035	1.0525591373443604
6539.43471645735	1.040759563446045
6539.47682062435	1.0236232280731201
6539.51892479135	1.0363160371780396
6539.56102895835	1.0513088703155518
6539.60313312535	1.0297294855117798
6539.64523729235	1.0047506093978882
6539.68734145935	1.0208861827850342
6539.72944562635	1.0481517314910889
6539.7715497933505	1.0427882671356201
6539.81365396035	1.0188204050064087
6539.85575812735	1.0070300102233887
6539.8978622943505	1.0196415185928345
6539.93996646135	1.0516011714935303
6539.98207062835	1.0691921710968018
6540.0241747953505	1.0489834547042847
6540.06627896235	1.0201606750488281
6540.10838312935	1.014440655708313
6540.150487296351	1.0273644924163818
6540.19259146335	1.043230414390564
6540.23469563035	1.0465052127838135
6540.27679979735	1.0323797464370728
6540.31890396435	1.0183814764022827
6540.36100813135	1.018641710281372
6540.40311229835	1.0288660526275635
6540.44521646535	1.0402123928070068
6540.48732063235	1.043847918510437
6540.52942479935	1.0393834114074707
6540.57152896635	1.0410802364349365
6540.61363313335	1.0554745197296143
6540.65573730035	1.0721174478530884
6540.69784146735	1.079150676727295
6540.73994563435	1.0670547485351562
6540.78204980135	1.040043830871582
6540.82415396835	1.0209015607833862
6540.86625813535	1.0206249952316284
6540.90836230235	1.0309165716171265
6540.95046646935	1.0409798622131348
6540.99257063635	1.0403944253921509
6541.03467480335	1.031569480895996
6541.0767789703505	1.0317373275756836
6541.11888313735	1.0457552671432495
6541.16098730435	1.0631002187728882
6541.2030914713505	1.07320237159729
6541.24519563835	1.067400336265564
6541.28729980535	1.0515605211257935
6541.3294039723505	1.0448964834213257
6541.37150813935	1.0505180358886719
6541.41361230635	1.0561636686325073
6541.455716473351	1.0547868013381958
6541.49782064035	1.0453113317489624
6541.53992480735	1.0365338325500488
6541.58202897435	1.0430490970611572
6541.62413314135	1.0572657585144043
6541.66623730835	1.0566551685333252
6541.70834147535	1.0393418073654175
6541.75044564235	1.0191973447799683
6541.79254980935	1.0128004550933838
6541.83465397635	1.0335309505462646
6541.87675814335	1.0630515813827515
6541.91886231035	1.069074034690857
6541.96096647735	1.0588916540145874
6542.00307064435	1.057374119758606
6542.04517481135	1.0553933382034302
6542.08727897835	1.0318701267242432
6542.12938314535	0.9971007704734802
6542.17148731235	0.9746218919754028
6542.21359147935	0.9742459654808044
6542.25569564635	0.9942999482154846
6542.29779981335	1.0167359113693237
6542.33990398035	1.0218271017074585
6542.3820081473505	1.0114785432815552
6542.42411231435	0.998090386390686
6542.46621648135	0.9959055781364441
6542.5083206483505	1.0128042697906494
6542.55042481535	1.0363504886627197
6542.59252898235	1.049259066581726
6542.6346331493505	1.0421593189239502
6542.67673731635	1.0184131860733032
6542.71884148335	1.0061609745025635
6542.76094565035	1.022060751914978
6542.80304981735	1.0360350608825684
6542.84515398435	1.0264887809753418
6542.88725815135	1.0225157737731934
6542.92936231835	1.042955994606018
6542.97146648535	1.0567702054977417
6543.01357065235	1.043789267539978
6543.05567481935	1.0285892486572266
6543.09777898635	1.0273818969726562
6543.13988315335	1.0222866535186768
6543.18198732035	1.0074611902236938
6543.22409148735	1.0093797445297241
6543.26619565435	1.0363678932189941
6543.30829982135	1.0598047971725464
6543.35040398835	1.062005639076233
6543.39250815535	1.049860954284668
6543.43461232235	1.035802960395813
6543.47671648935	1.0344452857971191
6543.51882065635	1.0441176891326904
6543.56092482335	1.042577862739563
6543.60302899035	1.0228654146194458
6543.64513315735	0.9987220168113708
6543.6872373243505	0.976783275604248
6543.72934149135	0.9534966349601746
6543.77144565835	0.9248672127723694
6543.8135498253505	0.8878780603408813
6543.85565399235	0.8545353412628174
6543.89775815935	0.8497187495231628
6543.9398623263505	0.8706468939781189
6543.98196649335	0.8903539776802063
6544.02407066035	0.9037032127380371
6544.06617482735	0.9240379929542542
6544.10827899435	0.9545378088951111
6544.15038316135	0.9896864295005798
6544.19248732835	1.02239990234375
6544.23459149535	1.0446410179138184
6544.27669566235	1.0491647720336914
6544.31879982935	1.0330274105072021
6544.36090399635	1.0158599615097046
6544.40300816335	1.025511622428894
6544.44511233035	1.0519435405731201
6544.48721649735	1.065805196762085
6544.52932066435	1.0592106580734253
6544.57142483135	1.0393767356872559
6544.61352899835	1.0262383222579956
6544.65563316535	1.0385477542877197
6544.69773733235	1.0609636306762695
6544.73984149935	1.0681746006011963
6544.78194566635	1.0623105764389038
6544.82404983335	1.05697500705719
6544.86615400035	1.0619683265686035
6544.90825816735	1.078608751296997
6544.95036233435	1.0857625007629395
6544.9924665013505	1.067283272743225
6545.03457066835	1.0474522113800049
6545.07667483535	1.050523042678833
6545.1187790023505	1.0610809326171875
6545.16088316935	1.0589395761489868
6545.20298733635	1.0448404550552368
6545.2450915033505	1.0291104316711426
6545.28719567035	1.0299499034881592
6545.32929983735	1.049649715423584
6545.37140400435	1.0515568256378174
6545.41350817135	1.019907832145691
6545.45561233835	0.999536395072937
6545.49771650535	1.0170236825942993
6545.53982067235	1.040395736694336
6545.58192483935	1.042810082435608
6545.62402900635	1.0268622636795044
6545.66613317335	1.0065889358520508
6545.70823734035	1.0047922134399414
6545.75034150735	1.0252811908721924
6545.79244567435	1.0426753759384155
6545.83454984135	1.0406520366668701
6545.87665400835	1.0208194255828857
6545.91875817535	0.9991803765296936
6545.96086234235	1.0061932802200317
6546.00296650935	1.0417648553848267
6546.04507067635	1.0690858364105225
6546.08717484335	1.0730019807815552
6546.12927901035	1.0657163858413696
6546.17138317735	1.058219313621521
6546.21348734435	1.05754816532135
6546.25559151135	1.061501145362854
6546.2976956783505	1.0601277351379395
6546.33979984535	1.0560412406921387
6546.38190401235	1.061920166015625
6546.4240081793505	1.074143648147583
6546.46611234635	1.0770047903060913
6546.50821651335	1.0705612897872925
6546.55032068035	1.0663176774978638
6546.59242484735	1.0684279203414917
6546.63452901435	1.0749194622039795
6546.67663318135	1.0784580707550049
6546.71873734835	1.07086181640625
6546.76084151535	1.0607045888900757
6546.80294568235	1.0626391172409058
6546.84504984935	1.0680749416351318
6546.88715401635	1.0599894523620605
6546.92925818335	1.0441395044326782
6546.97136235035	1.0363550186157227
6547.01346651735	1.0443395376205444
6547.05557068435	1.0659217834472656
6547.09767485135	1.0768145322799683
6547.13977901835	1.0570677518844604
6547.18188318535	1.0362871885299683
6547.22398735235	1.0484883785247803
6547.26609151935	1.0757766962051392
6547.30819568635	1.0891114473342896
6547.35029985335	1.086655616760254
6547.39240402035	1.0747584104537964
6547.43450818735	1.0549083948135376
6547.47661235435	1.0299301147460938
6547.51871652135	1.0083221197128296
6547.56082068835	0.9959083795547485
6547.6029248553505	0.9892868399620056
6547.64502902235	0.9850638508796692
6547.68713318935	0.9855584502220154
6547.7292373563505	0.9921635389328003
6547.77134152335	1.0022716522216797
6547.81344569035	1.0114161968231201
6547.85554985735	1.0128240585327148
6547.89765402435	1.0108098983764648
6547.93975819135	1.0287997722625732
6547.98186235835	1.064842939376831
6548.02396652535	1.074270486831665
6548.06607069235	1.0477120876312256
6548.10817485935	1.0328869819641113
6548.15027902635	1.0484387874603271
6548.19238319335	1.0664236545562744
6548.23448736035	1.0708284378051758
6548.27659152735	1.0662832260131836
6548.31869569435	1.0554420948028564
6548.36079986135	1.0366637706756592
6548.40290402835	1.0128602981567383
6548.44500819535	0.9914392828941345
6548.48711236235	0.9716625809669495
6548.52921652935	0.9458926320075989
6548.57132069635	0.9222465753555298
6548.61342486335	0.920580267906189
6548.65552903035	0.9339021444320679
6548.69763319735	0.9365925788879395
6548.73973736435	0.9364333152770996
6548.78184153135	0.9624158143997192
6548.82394569835	1.0110595226287842
6548.86604986535	1.0565516948699951
6548.9081540323505	1.0779544115066528
6548.95025819935	1.0640606880187988
6548.99236236635	1.0390015840530396
6549.0344665333505	1.03987717628479
6549.07657070035	1.059927225112915
6549.11867486735	1.0724902153015137
6549.16077903435	1.0723161697387695
6549.20288320135	1.0670441389083862
6549.24498736835	1.073516607284546
6549.28709153535	1.1013637781143188
6549.32919570235	1.1181813478469849
6549.37129986935	1.0929263830184937
6549.41340403635	1.0568920373916626
6549.45550820335	1.0513557195663452
6549.49761237035	1.0739701986312866
6549.53971653735	1.1039129495620728
6549.58182070435	1.1146717071533203
6549.62392487135	1.0956523418426514
6549.66602903835	1.0795519351959229
6549.70813320535	1.0919959545135498
6549.75023737235	1.1129859685897827
6549.79234153935	1.120739459991455
6549.83444570635	1.1162983179092407
6549.87654987335	1.1054571866989136
6549.91865404035	1.0913695096969604
6549.96075820735	1.0795924663543701
6550.00286237435	1.0808563232421875
6550.04496654135	1.0954197645187378
6550.08707070835	1.105893850326538
6550.12917487535	1.1031689643859863
6550.17127904235	1.094655990600586
6550.2133832093505	1.0872292518615723
6550.25548737635	1.0833051204681396
6550.29759154335	1.0842719078063965
6550.3396957103505	1.091048002243042
6550.38179987735	1.098030924797058
6550.42390404435	1.0926862955093384
6550.46600821135	1.0818572044372559
6550.50811237835	1.0923967361450195
6550.55021654535	1.1230374574661255
6550.59232071235	1.1447103023529053
6550.63442487935	1.1489497423171997
6550.67652904635	1.1467667818069458
6550.71863321335	1.1397157907485962
6550.76073738035	1.1220206022262573
6550.80284154735	1.0990508794784546
6550.84494571435	1.0845586061477661
6550.88704988135	1.089774489402771
6550.92915404835	1.1188349723815918
6550.97125821535	1.1417102813720703
6551.01336238235	1.1179747581481934
6551.05546654935	1.079600214958191
6551.09757071635	1.0872303247451782
6551.13967488335	1.1188462972640991
6551.18177905035	1.1204942464828491
6551.22388321735	1.1058859825134277
6551.26598738435	1.1114692687988281
6551.30809155135	1.1246726512908936
6551.35019571835	1.1214219331741333
6551.39229988535	1.119205117225647
6551.43440405235	1.1386373043060303
6551.47650821935	1.1528400182724
6551.5186123863505	1.1350561380386353
6551.56071655335	1.1132034063339233
6551.60282072035	1.11742103099823
6551.6449248873505	1.1314880847930908
6551.68702905435	1.1325502395629883
6551.72913322135	1.11871337890625
6551.77123738835	1.0972791910171509
6551.81334155535	1.0811711549758911
6551.85544572235	1.079717993736267
6551.89754988935	1.0924975872039795
6551.93965405635	1.1113677024841309
6551.98175822335	1.1191076040267944
6552.02386239035	1.1093151569366455
6552.06596655735	1.0964268445968628
6552.10807072435	1.0915619134902954
6552.15017489135	1.0943022966384888
6552.19227905835	1.1023294925689697
6552.23438322535	1.1139376163482666
6552.27648739235	1.1217243671417236
6552.31859155935	1.1110280752182007
6552.36069572635	1.0819295644760132
6552.40279989335	1.0525681972503662
6552.44490406035	1.0304697751998901
6552.48700822735	1.0096676349639893
6552.52911239435	0.9909590482711792
6552.57121656135	0.9825126528739929
6552.61332072835	0.981012761592865
6552.65542489535	0.9733983874320984
6552.69752906235	0.9650452733039856
6552.73963322935	0.975721001625061
6552.78173739635	1.006152868270874
6552.8238415633505	1.0422759056091309
6552.86594573035	1.076918125152588
6552.90804989735	1.1075949668884277
6552.9501540643505	1.1281038522720337
6552.99225823135	1.1331627368927002
6553.03436239835	1.136118769645691
6553.07646656535	1.1560165882110596
6553.11857073235	1.181963562965393
6553.16067489935	1.1918097734451294
6553.20277906635	1.189805030822754
6553.24488323335	1.1905179023742676
6553.28698740035	1.1947288513183594
6553.32909156735	1.1982594728469849
6553.37119573435	1.202540397644043
6553.41329990135	1.2078220844268799
6553.45540406835	1.2032321691513062
6553.49750823535	1.1825670003890991
6553.53961240235	1.1652185916900635
6553.58171656935	1.1655032634735107
6553.62382073635	1.1602720022201538
6553.66592490335	1.1338526010513306
6553.70802907035	1.1170111894607544
6553.75013323735	1.1296900510787964
6553.79223740435	1.1398539543151855
6553.83434157135	1.1274837255477905
6553.87644573835	1.1223256587982178
6553.91854990535	1.1429698467254639
6553.96065407235	1.1680907011032104
6554.00275823935	1.1817622184753418
6554.04486240635	1.1900634765625
6554.08696657335	1.1994259357452393
6554.1290707403505	1.2109254598617554
6554.17117490735	1.221313714981079
6554.21327907435	1.2225894927978516
6554.25538324135	1.2152092456817627
6554.29748740835	1.210573434829712
6554.33959157535	1.2156082391738892
6554.38169574235	1.2306071519851685
6554.42379990935	1.2447868585586548
6554.46590407635	1.2379175424575806
6554.50800824335	1.2185865640640259
6554.55011241035	1.2209932804107666
6554.59221657735	1.2437033653259277
6554.63432074435	1.2555875778198242
6554.67642491135	1.2556302547454834
6554.71852907835	1.2647325992584229
6554.76063324535	1.2762898206710815
6554.80273741235	1.2680705785751343
6554.84484157935	1.2527493238449097
6554.88694574635	1.2599296569824219
6554.92904991335	1.2782152891159058
6554.97115408035	1.2782927751541138
6555.01325824735	1.2700443267822266
6555.05536241435	1.278725504875183
6555.09746658135	1.299148440361023
6555.13957074835	1.3149961233139038
6555.18167491535	1.3287074565887451
6555.22377908235	1.3458342552185059
6555.26588324935	1.3524607419967651
6555.30798741635	1.336244821548462
6555.35009158335	1.3135522603988647
6555.39219575035	1.305920958518982
6555.4342999173505	1.3181993961334229
6555.47640408435	1.3444565534591675
6555.51850825135	1.3680782318115234
6555.56061241835	1.376217246055603
6555.60271658535	1.3722312450408936
6555.64482075235	1.3649154901504517
6555.68692491935	1.363794207572937
6555.72902908635	1.3721261024475098
6555.77113325335	1.3810629844665527
6555.81323742035	1.3867429494857788
6555.85534158735	1.3990429639816284
6555.89744575435	1.4190492630004883
6555.93954992135	1.4301172494888306
6555.98165408835	1.426323652267456
6556.02375825535	1.4206429719924927
6556.06586242235	1.4245363473892212
6556.10796658935	1.4439618587493896
6556.15007075635	1.4689128398895264
6556.19217492335	1.4723047018051147
6556.23427909035	1.454854965209961
6556.27638325735	1.4477723836898804
6556.31848742435	1.4583353996276855
6556.36059159135	1.4686373472213745
6556.40269575835	1.4709725379943848
6556.44479992535	1.4682559967041016
6556.48690409235	1.465042233467102
6556.52900825935	1.4671621322631836
6556.57111242635	1.4829286336898804
6556.61321659335	1.518170952796936
6556.65532076035	1.5479215383529663
6556.69742492735	1.5356494188308716
6556.7395290943505	1.5038177967071533
6556.78163326135	1.5017484426498413
6556.82373742835	1.5224446058273315
6556.86584159535	1.53351628780365
6556.90794576235	1.5353877544403076
6556.95004992935	1.5410962104797363
6556.99215409635	1.5475050210952759
6557.03425826335	1.5462243556976318
6557.07636243035	1.5354036092758179
6557.11846659735	1.5182931423187256
6557.16057076435	1.504010796546936
6557.20267493135	1.5037479400634766
6557.24477909835	1.5292689800262451
6557.28688326535	1.5782958269119263
6557.32898743235	1.6134920120239258
6557.37109159935	1.61725652217865
6557.41319576635	1.6421860456466675
6557.45529993335	1.7134557962417603
6557.49740410035	1.7600409984588623
6557.53950826735	1.7446773052215576
6557.58161243435	1.7354815006256104
6557.62371660135	1.7704815864562988
6557.66582076835	1.7990765571594238
6557.70792493535	1.797593355178833
6557.75002910235	1.8086721897125244
6557.79213326935	1.8442021608352661
6557.83423743635	1.8597960472106934
6557.87634160335	1.8418042659759521
6557.91844577035	1.8236284255981445
6557.96054993735	1.8199135065078735
6558.00265410435	1.8183645009994507
6558.0447582713505	1.8193178176879883
6558.08686243835	1.8375160694122314
6558.12896660535	1.8648992776870728
6558.17107077235	1.8740971088409424
6558.21317493935	1.8796919584274292
6558.25527910635	1.9264858961105347
6558.29738327335	1.9906013011932373
6558.33948744035	2.005291223526001
6558.38159160735	2.000051259994507
6558.42369577435	2.055797815322876
6558.46579994135	2.1342713832855225
6558.50790410835	2.141396999359131
6558.55000827535	2.104508638381958
6558.59211244235	2.105546474456787
6558.63421660935	2.1430370807647705
6558.67632077635	2.1792471408843994
6558.71842494335	2.21219801902771
6558.76052911035	2.2494678497314453
6558.80263327735	2.273359537124634
6558.84473744435	2.2691943645477295
6558.88684161135	2.263965368270874
6558.92894577835	2.286587953567505
6558.97104994535	2.3247146606445312
6559.01315411235	2.3597793579101562
6559.05525827935	2.3972384929656982
6559.09736244635	2.4361376762390137
6559.13946661335	2.441884756088257
6559.18157078035	2.4097156524658203
6559.22367494735	2.4145050048828125
6559.26577911435	2.488326072692871
6559.30788328135	2.5485332012176514
6559.34998744835	2.554213523864746
6559.39209161535	2.576432943344116
6559.43419578235	2.6400632858276367
6559.47629994935	2.668583631515503
6559.51840411635	2.6421592235565186
6559.56050828335	2.638934850692749
6559.60261245035	2.6815996170043945
6559.64471661735	2.7096168994903564
6559.68682078435	2.705207109451294
6559.72892495135	2.707468271255493
6559.77102911835	2.730489730834961
6559.81313328535	2.7583210468292236
6559.85523745235	2.778001546859741
6559.89734161935	2.7823233604431152
6559.93944578635	2.780561685562134
6559.98154995335	2.7922329902648926
6560.02365412035	2.8026304244995117
6560.06575828735	2.7791290283203125
6560.10786245435	2.75343918800354
6560.14996662135	2.785529613494873
6560.19207078835	2.833322048187256
6560.23417495535	2.8137075901031494
6560.27627912235	2.765338182449341
6560.31838328935	2.771446466445923
6560.36048745635	2.8032965660095215
6560.40259162335	2.7985236644744873
6560.44469579035	2.7871174812316895
6560.48679995735	2.817845344543457
6560.52890412435	2.8604769706726074
6560.57100829135	2.872436285018921
6560.61311245835	2.8709542751312256
6560.65521662535	2.885545015335083
6560.69732079235	2.9195055961608887
6560.73942495935	2.9639432430267334
6560.78152912635	3.0020978450775146
6560.82363329335	3.024395704269409
6560.86573746035	3.0417797565460205
6560.90784162735	3.063054084777832
6560.94994579435	3.0817248821258545
6560.99204996135	3.0962698459625244
6561.03415412835	3.1199231147766113
6561.07625829535	3.154749631881714
6561.11836246235	3.181035280227661
6561.16046662935	3.198479175567627
6561.20257079635	3.2388699054718018
6561.24467496335	3.30074143409729
6561.28677913035	3.336209297180176
6561.32888329735	3.3402233123779297
6561.37098746435	3.360771894454956
6561.41309163135	3.4039504528045654
6561.45519579835	3.4295923709869385
6561.49729996535	3.4276211261749268
6561.53940413235	3.4179606437683105
6561.58150829935	3.4081552028656006
6561.62361246635	3.395092725753784
6561.66571663335	3.3843750953674316
6561.70782080035	3.386176109313965
6561.74992496735	3.3946995735168457
6561.79202913435	3.3952276706695557
6561.83413330135	3.387917995452881
6561.87623746835	3.3794009685516357
6561.91834163535	3.3593990802764893
6561.96044580235	3.3187599182128906
6562.00254996935	3.2940673828125
6562.04465413635	3.324225664138794
6562.08675830335	3.3715980052948
6562.12886247035	3.378890037536621
6562.17096663735	3.341024875640869
6562.21307080435	3.2784476280212402
6562.25517497135	3.2191951274871826
6562.29727913835	3.187718629837036
6562.33938330535	3.1923091411590576
6562.38148747235	3.2202014923095703
6562.42359163935	3.224637269973755
6562.46569580635	3.1845223903656006
6562.50779997335	3.1507937908172607
6562.54990414035	3.159247398376465
6562.59200830735	3.1843879222869873
6562.63411247435	3.19797945022583
6562.67621664135	3.1894514560699463
6562.71832080835	3.1700167655944824
6562.76042497535	3.1782145500183105
6562.80252914235	3.215456485748291
6562.84463330935	3.2286789417266846
6562.88673747635	3.198843002319336
6562.92884164335	3.1558330059051514
6562.97094581035	3.1221916675567627
6563.01304997735	3.1062169075012207
6563.05515414435	3.105344533920288
6563.09725831135	3.1077399253845215
6563.13936247835	3.1059975624084473
6563.18146664535	3.097194194793701
6563.22357081235	3.077834367752075
6563.26567497935	3.04520845413208
6563.30777914635	3.0060393810272217
6563.34988331335	2.973209857940674
6563.39198748035	2.95468807220459
6563.43409164735	2.952843427658081
6563.47619581435	2.9595730304718018
6563.51829998135	2.961057186126709
6563.56040414835	2.9456942081451416
6563.60250831535	2.9121885299682617
6563.64461248235	2.8937156200408936
6563.68671664935	2.921621561050415
6563.72882081635	2.966780424118042
6563.77092498335	2.9844353199005127
6563.81302915035	2.9614152908325195
6563.85513331735	2.905433177947998
6563.89723748435	2.8453400135040283
6563.93934165135	2.80306339263916
6563.98144581835	2.7650816440582275
6564.02354998535	2.7235774993896484
6564.06565415235	2.7070930004119873
6564.10775831935	2.722872018814087
6564.14986248635	2.721017599105835
6564.19196665335	2.6833596229553223
6564.23407082035	2.664935827255249
6564.27617498735	2.698777198791504
6564.31827915435	2.764650821685791
6564.36038332135	2.8379507064819336
6564.40248748835	2.90067458152771
6564.44459165535	2.9504263401031494
6564.48669582235	3.002120018005371
6564.52879998935	3.0497989654541016
6564.57090415635	3.064178228378296
6564.61300832335	3.047639846801758
6564.65511249035	3.0335471630096436
6564.69721665735	3.0308070182800293
6564.73932082435	3.026639223098755
6564.78142499135	3.024202585220337
6564.82352915835	3.037106513977051
6564.86563332535	3.0584418773651123
6564.90773749235	3.068080425262451
6564.94984165935	3.055877685546875
6564.99194582635	3.0226588249206543
6565.03404999335	2.99100399017334
6565.07615416035	2.987250566482544
6565.11825832735	2.9983437061309814
6565.16036249435	2.9963433742523193
6565.20246666135	2.976317882537842
6565.24457082835	2.9452571868896484
6565.28667499535	2.9135420322418213
6565.32877916235	2.889369010925293
6565.37088332935	2.868654727935791
6565.41298749635	2.849083423614502
6565.45509166335	2.8461270332336426
6565.49719583035	2.864471912384033
6565.53929999735	2.8729772567749023
6565.58140416435	2.8479650020599365
6565.62350833135	2.7995221614837646
6565.66561249835	2.7478551864624023
6565.70771666535	2.715318441390991
6565.74982083235	2.7086985111236572
6565.79192499935	2.710451126098633
6565.83402916635	2.7020981311798096
6565.87613333335	2.67035174369812
6565.91823750035	2.6236326694488525
6565.96034166735	2.5960326194763184
6566.00244583435	2.5894863605499268
6566.04455000135	2.567004919052124
6566.08665416835	2.5263237953186035
6566.12875833535	2.5025908946990967
6566.17086250235	2.499333620071411
6566.21296666935	2.490360736846924
6566.25507083635	2.470177173614502
6566.29717500335	2.449917793273926
6566.33927917035	2.4263978004455566
6566.38138333735	2.3879282474517822
6566.42348750435	2.3377132415771484
6566.46559167135	2.289710283279419
6566.50769583835	2.261726140975952
6566.54980000535	2.265878677368164
6566.59190417235	2.279067039489746
6566.63400833935	2.2683703899383545
6566.67611250635	2.238070249557495
6566.71821667335	2.207573175430298
6566.76032084035	2.184441089630127
6566.80242500735	2.1728909015655518
6566.84452917435	2.1836063861846924
6566.88663334135	2.2121846675872803
6566.92873750835	2.2093348503112793
6566.97084167535	2.1494157314300537
6567.01294584235	2.0933151245117188
6567.0550500093495	2.0902254581451416
6567.09715417635	2.1149871349334717
6567.13925834335	2.133549690246582
6567.18136251035	2.1311352252960205
6567.22346667735	2.105381488800049
6567.26557084435	2.0663976669311523
6567.30767501135	2.026125431060791
6567.34977917835	1.994692087173462
6567.39188334535	1.9820959568023682
6567.43398751235	1.9987208843231201
6567.47609167935	2.027472972869873
6567.51819584635	2.0218071937561035
6567.56030001335	1.9754953384399414
6567.60240418035	1.9255318641662598
6567.64450834735	1.8996351957321167
6567.68661251435	1.9109097719192505
6567.72871668135	1.9340816736221313
6567.77082084835	1.9191803932189941
6567.81292501535	1.8729150295257568
6567.85502918235	1.8391231298446655
6567.89713334935	1.8233927488327026
6567.93923751635	1.8081353902816772
6567.98134168335	1.7884230613708496
6568.02344585035	1.7681584358215332
6568.06555001735	1.7597315311431885
6568.10765418435	1.7714062929153442
6568.14975835135	1.7780227661132812
6568.19186251835	1.7535080909729004
6568.23396668535	1.7207127809524536
6568.27607085235	1.707939624786377
6568.31817501935	1.7000572681427002
6568.3602791863495	1.676839828491211
6568.40238335335	1.644767165184021
6568.44448752035	1.616274118423462
6568.48659168735	1.5981768369674683
6568.52869585435	1.5913950204849243
6568.57080002135	1.5886991024017334
6568.61290418835	1.5837337970733643
6568.65500835535	1.5753878355026245
6568.69711252235	1.5650031566619873
6568.73921668935	1.5560075044631958
6568.78132085635	1.5463910102844238
6568.82342502335	1.5261037349700928
6568.86552919035	1.4982519149780273
6568.90763335735	1.4827748537063599
6568.94973752435	1.4845439195632935
6568.99184169135	1.4904035329818726
6569.03394585835	1.4930975437164307
6569.07605002535	1.492506980895996
6569.11815419235	1.4867533445358276
6569.16025835935	1.4732378721237183
6569.20236252635	1.460296630859375
6569.24446669335	1.4617475271224976
6569.28657086035	1.4692187309265137
6569.32867502735	1.4615718126296997
6569.37077919435	1.4336875677108765
6569.41288336135	1.3942921161651611
6569.45498752835	1.3692129850387573
6569.49709169535	1.3830846548080444
6569.53919586235	1.4183059930801392
6569.58130002935	1.4418278932571411
6569.62340419635	1.4412089586257935
6569.6655083633495	1.4195553064346313
6569.70761253035	1.398531198501587
6569.74971669735	1.3955119848251343
6569.79182086435	1.3962002992630005
6569.83392503135	1.3876858949661255
6569.87602919835	1.3863263130187988
6569.91813336535	1.3997609615325928
6569.96023753235	1.4005717039108276
6570.00234169935	1.3770021200180054
6570.04444586635	1.3604869842529297
6570.08655003335	1.368419885635376
6570.12865420035	1.3818947076797485
6570.17075836735	1.3843530416488647
6570.21286253435	1.3718066215515137
6570.25496670135	1.3485147953033447
6570.29707086835	1.326295018196106
6570.33917503535	1.3134267330169678
6570.38127920235	1.3128399848937988
6570.42338336935	1.3177547454833984
6570.46548753635	1.313422441482544
6570.50759170335	1.3011388778686523
6570.54969587035	1.2953722476959229
6570.59180003735	1.295728087425232
6570.63390420435	1.2909966707229614
6570.67600837135	1.2796316146850586
6570.71811253835	1.2668156623840332
6570.76021670535	1.2561333179473877
6570.80232087235	1.250307321548462
6570.8444250393495	1.2533375024795532
6570.88652920635	1.2653520107269287
6570.92863337335	1.267723560333252
6570.97073754035	1.2460941076278687
6571.01284170735	1.2331693172454834
6571.05494587435	1.259568214416504
6571.09705004135	1.2888771295547485
6571.13915420835	1.2819372415542603
6571.18125837535	1.2584559917449951
6571.22336254235	1.246909737586975
6571.26546670935	1.2514195442199707
6571.30757087635	1.2626688480377197
6571.34967504335	1.258091688156128
6571.39177921035	1.2321586608886719
6571.43388337735	1.2152557373046875
6571.47598754435	1.219994306564331
6571.51809171135	1.2196625471115112
6571.56019587835	1.20449960231781
6571.60230004535	1.197219967842102
6571.64440421235	1.2043962478637695
6571.68650837935	1.207916498184204
6571.72861254635	1.1979118585586548
6571.77071671335	1.1765902042388916
6571.81282088035	1.154160499572754
6571.85492504735	1.1457419395446777
6571.89702921435	1.1416324377059937
6571.93913338135	1.1148954629898071
6571.98123754835	1.078446388244629
6572.02334171535	1.0695732831954956
6572.06544588235	1.0800398588180542
6572.10755004935	1.0770113468170166
6572.1496542163495	1.064009189605713
6572.19175838335	1.0635343790054321
6572.23386255035	1.0855789184570312
6572.27596671735	1.1281918287277222
6572.31807088435	1.170310616493225
6572.36017505135	1.1883891820907593
6572.40227921835	1.1800132989883423
6572.44438338535	1.1566358804702759
6572.48648755235	1.1421180963516235
6572.52859171935	1.1509851217269897
6572.57069588635	1.1643263101577759
6572.61280005335	1.1629860401153564
6572.65490422035	1.1502876281738281
6572.69700838735	1.1348642110824585
6572.73911255435	1.1233031749725342
6572.78121672135	1.1201746463775635
6572.82332088835	1.1277456283569336
6572.86542505535	1.1404436826705933
6572.90752922235	1.142240047454834
6572.94963338935	1.1345406770706177
6572.99173755635	1.142662525177002
6573.03384172335	1.1652075052261353
6573.07594589035	1.1684131622314453
6573.11805005735	1.1475944519042969
6573.16015422435	1.1294832229614258
6573.20225839135	1.1305533647537231
6573.24436255835	1.1539138555526733
6573.28646672535	1.177923560142517
6573.32857089235	1.1681466102600098
6573.37067505935	1.1404714584350586
6573.41277922635	1.1381481885910034
6573.4548833933495	1.1528387069702148
6573.49698756035	1.1511518955230713
6573.53909172735	1.135330080986023
6573.58119589435	1.123810887336731
6573.62330006135	1.1217763423919678
6573.66540422835	1.1266846656799316
6573.70750839535	1.1308006048202515
6573.74961256235	1.1283762454986572
6573.79171672935	1.1270630359649658
6573.83382089635	1.1325690746307373
6573.87592506335	1.1325440406799316
6573.91802923035	1.1194871664047241
6573.96013339735	1.1088272333145142
6574.00223756435	1.1126749515533447
6574.04434173135	1.1253055334091187
6574.08644589835	1.1357169151306152
6574.12855006535	1.1311756372451782
6574.17065423235	1.1114068031311035
6574.21275839935	1.0944281816482544
6574.25486256635	1.0910513401031494
6574.29696673335	1.0988229513168335
6574.33907090035	1.1124942302703857
6574.38117506735	1.1258070468902588
6574.42327923435	1.131697177886963
6574.46538340135	1.1229796409606934
6574.50748756835	1.0997058153152466
6574.54959173535	1.0684609413146973
6574.59169590235	1.03542160987854
6574.63380006935	1.0060185194015503
6574.67590423635	0.9847320318222046
6574.71800840335	0.9732393026351929
6574.7601125703495	0.9611782431602478
6574.80221673735	0.936398446559906
6574.84432090435	0.9140975475311279
6574.88642507135	0.9166303873062134
6574.92852923835	0.9344523549079895
6574.97063340535	0.9500841498374939
6575.01273757235	0.9722367525100708
6575.05484173935	1.0116791725158691
6575.09694590635	1.054559588432312
6575.13905007335	1.0850648880004883
6575.18115424035	1.1051487922668457
6575.22325840735	1.1165329217910767
6575.26536257435	1.1065995693206787
6575.30746674135	1.07742178440094
6575.34957090835	1.0653388500213623
6575.39167507535	1.0844995975494385
6575.43377924235	1.1003599166870117
6575.47588340935	1.0960693359375
6575.51798757635	1.0936861038208008
6575.56009174335	1.1033371686935425
6575.60219591035	1.1126620769500732
6575.64430007735	1.1139373779296875
6575.68640424435	1.107690691947937
6575.72850841135	1.0979522466659546
6575.77061257835	1.0909239053726196
6575.81271674535	1.0842052698135376
6575.85482091235	1.0696345567703247
6575.89692507935	1.0575087070465088
6575.93902924635	1.0676229000091553
6575.98113341335	1.0853811502456665
6576.02323758035	1.080820083618164
6576.0653417473495	1.0701318979263306
6576.10744591435	1.0850132703781128
6576.14955008135	1.1025209426879883
6576.19165424835	1.0848026275634766
6576.23375841535	1.0433293581008911
6576.27586258235	1.0094720125198364
6576.31796674935	1.0058797597885132
6576.36007091635	1.036851167678833
6576.40217508335	1.067521333694458
6576.44427925035	1.0694398880004883
6576.48638341735	1.0617446899414062
6576.52848758435	1.065295696258545
6576.57059175135	1.074806809425354
6576.61269591835	1.083125352859497
6576.65480008535	1.0915709733963013
6576.69690425235	1.0994110107421875
6576.73900841935	1.1000391244888306
6576.78111258635	1.0962541103363037
6576.82321675335	1.104681134223938
6576.86532092035	1.1201695203781128
6576.90742508735	1.110726237297058
6576.94952925435	1.0767648220062256
6576.99163342135	1.053841471672058
6577.03373758835	1.0557000637054443
6577.07584175535	1.0728833675384521
6577.11794592235	1.0875595808029175
6577.16005008935	1.0799533128738403
6577.20215425635	1.0624593496322632
6577.24425842335	1.0648269653320312
6577.28636259035	1.0807759761810303
6577.32846675735	1.086185097694397
6577.3705709243495	1.0816251039505005
6577.41267509135	1.0782204866409302
6577.45477925835	1.0746952295303345
6577.49688342535	1.0675990581512451
6577.53898759235	1.0658717155456543
6577.58109175935	1.074840784072876
6577.62319592635	1.074693202972412
6577.66530009335	1.05412757396698
6577.70740426035	1.0455570220947266
6577.74950842735	1.0655077695846558
6577.79161259435	1.067495584487915
6577.83371676135	1.0317267179489136
6577.87582092835	1.0179637670516968
6577.91792509535	1.0494192838668823
6577.96002926235	1.0631921291351318
6578.00213342935	1.0401501655578613
6578.04423759635	1.0431405305862427
6578.08634176335	1.082703948020935
6578.12844593035	1.0932914018630981
6578.17055009735	1.0630815029144287
6578.21265426435	1.0442349910736084
6578.25475843135	1.0527881383895874
6578.29686259835	1.066776990890503
6578.33896676535	1.0705692768096924
6578.38107093235	1.0574721097946167
6578.42317509935	1.039116382598877
6578.46527926635	1.0367467403411865
6578.50738343335	1.0483572483062744
6578.54948760035	1.0586848258972168
6578.59159176735	1.0622931718826294
6578.63369593435	1.0590368509292603
6578.6758001013495	1.0475269556045532
6578.71790426835	1.029328465461731
6578.76000843535	1.0165597200393677
6578.80211260235	1.0191478729248047
6578.84421676935	1.0287823677062988
6578.88632093635	1.0341142416000366
6578.92842510335	1.033164381980896
6578.97052927035	1.0284007787704468
6579.01263343735	1.0253140926361084
6579.05473760435	1.026071310043335
6579.09684177135	1.0249125957489014
6579.13894593835	1.0209243297576904
6579.18105010535	1.023934006690979
6579.22315427235	1.0330535173416138
6579.26525843935	1.030113935470581
6579.30736260635	1.0163226127624512
6579.34946677335	1.0183278322219849
6579.39157094035	1.0395188331604004
6579.43367510735	1.0564736127853394
6579.47577927435	1.0527602434158325
6579.51788344135	1.0226800441741943
6579.55998760835	0.9860209226608276
6579.60209177535	0.9781746864318848
6579.64419594235	0.9967931509017944
6579.68630010935	1.0152277946472168
6579.72840427635	1.0278409719467163
6579.77050844335	1.0396158695220947
6579.81261261035	1.0426877737045288
6579.85471677735	1.0292571783065796
6579.89682094435	1.0171571969985962
6579.93892511135	1.0256308317184448
6579.9810292783495	1.039146900177002
6580.02313344535	1.0383280515670776
6580.06523761235	1.033202052116394
6580.10734177935	1.035550832748413
6580.14944594635	1.0366231203079224
6580.19155011335	1.0298572778701782
6580.23365428035	1.0253554582595825
6580.27575844735	1.0294336080551147
6580.31786261435	1.0346232652664185
6580.35996678135	1.0360462665557861
6580.40207094835	1.037379264831543
6580.44417511535	1.036801815032959
6580.48627928235	1.0234330892562866
6580.52838344935	1.000367522239685
6580.57048761635	0.9873729348182678
6580.61259178335	0.9890447854995728
6580.65469595035	0.9934917688369751
6580.69680011735	0.9956759214401245
6580.73890428435	0.9971568584442139
6580.78100845135	0.9946569204330444
6580.82311261835	0.9832770228385925
6580.86521678535	0.9731178283691406
6580.90732095235	0.9812248945236206
6580.94942511935	1.0081782341003418
6580.99152928635	1.042587399482727
6581.03363345335	1.065310001373291
6581.07573762035	1.0609190464019775
6581.11784178735	1.0409061908721924
6581.1599459543495	1.0235655307769775
6581.20205012135	1.0088355541229248
6581.24415428835	0.9953141808509827
6581.2862584553495	0.996772289276123
6581.32836262235	1.0192102193832397
6581.37046678935	1.0424128770828247
6581.41257095635	1.0501035451889038
6581.45467512335	1.0468120574951172
6581.49677929035	1.0419386625289917
6581.53888345735	1.0448306798934937
6581.58098762435	1.0519403219223022
6581.62309179135	1.0416178703308105
6581.66519595835	1.0150158405303955
6581.70730012535	1.0036143064498901
6581.74940429235	1.0134556293487549
6581.79150845935	1.0208181142807007
6581.83361262635	1.0199933052062988
6581.87571679335	1.0232797861099243
6581.91782096035	1.0316743850708008
6581.95992512735	1.036894679069519
6582.00202929435	1.0348325967788696
6582.04413346135	1.0262733697891235
6582.08623762835	1.0229015350341797
6582.12834179535	1.036367654800415
6582.17044596235	1.0460113286972046
6582.21255012935	1.0271188020706177
6582.25465429635	1.0065594911575317
6582.29675846335	1.0169235467910767
6582.33886263035	1.031743049621582
6582.38096679735	1.0216431617736816
6582.42307096435	1.0133105516433716
6582.4651751313495	1.0320401191711426
6582.50727929835	1.0570356845855713
6582.54938346535	1.065934181213379
6582.5914876323495	1.0591219663619995
6582.63359179935	1.0446094274520874
6582.67569596635	1.0334293842315674
6582.71780013335	1.0313727855682373
6582.75990430035	1.035645604133606
6582.80200846735	1.042089581489563
6582.84411263435	1.046897530555725
6582.88621680135	1.0441542863845825
6582.92832096835	1.026655912399292
6582.97042513535	1.012595534324646
6583.01252930235	1.0393414497375488
6583.05463346935	1.0815653800964355
6583.09673763635	1.071199893951416
6583.13884180335	1.0274306535720825
6583.18094597035	1.0207892656326294
6583.22305013735	1.03871488571167
6583.26515430435	1.0290095806121826
6583.30725847135	1.0039864778518677
6583.34936263835	1.0007319450378418
6583.39146680535	1.016477346420288
6583.43357097235	1.032331943511963
6583.47567513935	1.0376102924346924
6583.51777930635	1.030604600906372
6583.55988347335	1.0259451866149902
6583.60198764035	1.0318950414657593
6583.6440918073495	1.026999592781067
6583.68619597435	1.0050396919250488
6583.72830014135	1.0079385042190552
6583.7704043083495	1.0480220317840576
6583.81250847535	1.0681304931640625
6583.85461264235	1.0456985235214233
6583.8967168093495	1.0282386541366577
6583.93882097635	1.036941647529602
6583.98092514335	1.0461076498031616
6584.02302931035	1.0435333251953125
6584.06513347735	1.0378615856170654
6584.10723764435	1.0378562211990356
6584.14934181135	1.0494940280914307
6584.19144597835	1.0629663467407227
6584.23355014535	1.0588124990463257
6584.27565431235	1.0445897579193115
6584.31775847935	1.0438162088394165
6584.35986264635	1.0570205450057983
6584.40196681335	1.0712275505065918
6584.44407098035	1.079386830329895
6584.48617514735	1.0782427787780762
6584.52827931435	1.0663082599639893
6584.57038348135	1.047337293624878
6584.61248764835	1.0379571914672852
6584.65459181535	1.04849374294281
6584.69669598235	1.0593475103378296
6584.73880014935	1.0545172691345215
6584.78090431635	1.049668788909912
6584.82300848335	1.0558489561080933
6584.86511265035	1.0576603412628174
6584.90721681735	1.0464478731155396
6584.9493209843495	1.0346370935440063
6584.99142515135	1.0296076536178589
6585.03352931835	1.02584707736969
6585.0756334853495	1.022868037223816
6585.11773765235	1.0284368991851807
6585.15984181935	1.0372103452682495
6585.2019459863495	1.0303659439086914
6585.24405015335	1.0104395151138306
6585.28615432035	0.9993329644203186
6585.32825848735	1.0070874691009521
6585.37036265435	1.0306802988052368
6585.41246682135	1.0461710691452026
6585.45457098835	1.0259050130844116
6585.49667515535	1.001630425453186
6585.53877932235	1.023339033126831
6585.58088348935	1.063859462738037
6585.62298765635	1.071507215499878
6585.66509182335	1.0501245260238647
6585.70719599035	1.0258243083953857
6585.74930015735	1.0170491933822632
6585.79140432435	1.0297662019729614
6585.83350849135	1.0459327697753906
6585.87561265835	1.0482066869735718
6585.91771682535	1.037693977355957
6585.95982099235	1.023371934890747
6586.00192515935	1.0192692279815674
6586.04402932635	1.0257989168167114
6586.08613349335	1.0202425718307495
6586.12823766035	1.003413438796997
6586.17034182735	1.0124491453170776
6586.21244599435	1.0433223247528076
6586.2545501613495	1.0413964986801147
6586.29665432835	1.0013680458068848
6586.33875849535	0.9695127010345459
6586.3808626623495	0.9607126712799072
6586.42296682935	0.9603512287139893
6586.46507099635	0.958625316619873
6586.5071751633495	0.9514342546463013
6586.54927933035	0.9441613554954529
6586.59138349735	0.9471011757850647
6586.63348766435	0.9643883109092712
6586.67559183135	0.9929495453834534
6586.71769599835	1.0160517692565918
6586.75980016535	1.0183130502700806
6586.80190433235	1.0095003843307495
6586.84400849935	1.0050140619277954
6586.88611266635	1.0064826011657715
6586.92821683335	1.0109182596206665
6586.97032100035	1.015834093093872
6587.01242516735	1.0202943086624146
6587.05452933435	1.026789665222168
6587.09663350135	1.0342862606048584
6587.13873766835	1.034462809562683
6587.18084183535	1.0256003141403198
6587.22294600235	1.01693856716156
6587.26505016935	1.0161141157150269
6587.30715433635	1.0265426635742188
6587.34925850335	1.0450375080108643
6587.39136267035	1.0621342658996582
6587.43346683735	1.0678333044052124
6587.47557100435	1.0539077520370483
6587.51767517135	1.0285701751708984
6587.5597793383495	1.011403203010559
6587.60188350535	1.010932445526123
6587.64398767235	1.0253764390945435
6587.6860918393495	1.0408964157104492
6587.72819600635	1.041651964187622
6587.77030017335	1.0339301824569702
6587.8124043403495	1.0304884910583496
6587.85450850735	1.0259368419647217
6587.89661267435	1.0157994031906128
6587.93871684135	1.0206485986709595
6587.98082100835	1.0522066354751587
6588.02292517535	1.0810950994491577
6588.06502934235	1.0821194648742676
6588.10713350935	1.0633200407028198
6588.14923767635	1.039223551750183
6588.19134184335	1.01994788646698
6588.23344601035	1.0113146305084229
6588.27555017735	1.0141972303390503
6588.31765434435	1.0233525037765503
6588.35975851135	1.0275477170944214
6588.40186267835	1.0240607261657715
6588.44396684535	1.0199823379516602
6588.48607101235	1.0195422172546387
6588.52817517935	1.0233014822006226
6588.57027934635	1.0302273035049438
6588.61238351335	1.037534236907959
6588.65448768035	1.0376864671707153
6588.69659184735	1.0239918231964111
6588.73869601435	1.0120489597320557
6588.78080018135	1.022634506225586
6588.82290434835	1.040841817855835
6588.8650085153495	1.0435317754745483
6588.90711268235	1.0444036722183228
6588.94921684935	1.059828758239746
6588.9913210163495	1.0669937133789062
6589.03342518335	1.0474939346313477
6589.07552935035	1.0278462171554565
6589.1176335173495	1.0289565324783325
6589.15973768435	1.0315630435943604
6589.20184185135	1.0241286754608154
6589.24394601835	1.0267305374145508
6589.28605018535	1.045376181602478
6589.32815435235	1.056166172027588
6589.37025851935	1.0502673387527466
6589.41236268635	1.043576955795288
6589.45446685335	1.0440081357955933
6589.49657102035	1.0474774837493896
6589.53867518735	1.0486571788787842
6589.58077935435	1.0427132844924927
6589.62288352135	1.0330491065979004
6589.66498768835	1.0281562805175781
6589.70709185535	1.0239845514297485
6589.74919602235	1.0116475820541382
6589.79130018935	1.0042816400527954
6589.83340435635	1.020574927330017
6589.87550852335	1.048083782196045
6589.91761269035	1.0633200407028198
6589.95971685735	1.059544324874878
6590.00182102435	1.0421726703643799
6590.04392519135	1.0300287008285522
6590.08602935835	1.0340981483459473
6590.12813352535	1.0340627431869507
6590.1702376923495	1.0172253847122192
6590.21234185935	1.0058141946792603
6590.25444602635	1.0133486986160278
6590.2965501933495	1.024000883102417
6590.33865436035	1.0252680778503418
6590.38075852735	1.0180026292800903
6590.4228626943495	1.0094776153564453
6590.46496686135	1.0118224620819092
6590.50707102835	1.0247220993041992
6590.54917519535	1.0342860221862793
6590.59127936235	1.0273674726486206
6590.63338352935	0.9960168600082397
6590.67548769635	0.9677801728248596
6590.71759186335	0.9876520037651062
6590.75969603035	1.029911994934082
6590.80180019735	1.0341566801071167
6590.84390436435	1.0111095905303955
6590.88600853135	1.0028605461120605
6590.92811269835	1.0098636150360107
6590.97021686535	1.0157148838043213
6591.01232103235	1.0149110555648804
6591.05442519935	1.0091629028320312
6591.09652936635	1.0092463493347168
6591.13863353335	1.0190225839614868
6591.18073770035	1.0184606313705444
6591.22284186735	0.998653769493103
6591.26494603435	0.9849897027015686
6591.30705020135	0.9937901496887207
6591.34915436835	1.0138317346572876
6591.39125853535	1.0311369895935059
6591.43336270235	1.0356649160385132
6591.4754668693495	1.0267003774642944
6591.51757103635	1.0136902332305908
6591.55967520335	1.008154034614563
6591.6017793703495	1.0208028554916382
6591.64388353735	1.038862943649292
6591.68598770435	1.0334365367889404
6591.7280918713495	1.0123697519302368
6591.77019603835	1.0068575143814087
6591.81230020535	1.018888235092163
6591.85440437235	1.0332809686660767
6591.89650853935	1.0444167852401733
6591.93861270635	1.0510467290878296
6591.98071687335	1.049471139907837
6592.02282104035	1.0375782251358032
6592.06492520735	1.0196493864059448
6592.10702937435	1.0029727220535278
6592.14913354135	0.9956799149513245
6592.19123770835	1.0016049146652222
6592.23334187535	1.0159493684768677
6592.27544604235	1.0306237936019897
6592.31755020935	1.0362932682037354
6592.35965437635	1.0309792757034302
6592.40175854335	1.0238198041915894
6592.44386271035	1.0207993984222412
6592.48596687735	1.021239995956421
6592.52807104435	1.0164284706115723
6592.57017521135	0.9915220141410828
6592.61227937835	0.9682438373565674
6592.65438354535	0.9960247874259949
6592.69648771235	1.0471272468566895
6592.73859187935	1.043506383895874
6592.7806960463495	1.002882957458496
6592.82280021335	0.9971061944961548
6592.86490438035	1.027182936668396
6592.9070085473495	1.056443214416504
6592.94911271435	1.0673589706420898
6592.99121688135	1.0561798810958862
6593.0333210483495	1.0336405038833618
6593.07542521535	1.0151082277297974
6593.11752938235	1.0099395513534546
6593.15963354935	1.0177829265594482
6593.20173771635	1.0216045379638672
6593.24384188335	1.0126392841339111
6593.28594605035	1.0078327655792236
6593.32805021735	1.0159775018692017
6593.37015438435	1.0225903987884521
6593.41225855135	1.022438883781433
6593.45436271835	1.0289204120635986
6593.49646688535	1.0390596389770508
6593.53857105235	1.0289071798324585
6593.58067521935	1.002034068107605
6593.62277938635	0.9892241358757019
6593.66488355335	0.9927487373352051
6593.70698772035	0.9920388460159302
6593.74909188735	0.9926614165306091
6593.79119605435	1.0140517950057983
6593.83330022135	1.0436089038848877
6593.87540438835	1.052815318107605
6593.91750855535	1.0295838117599487
6593.959612722349	0.9815292358398438
6594.00171688935	0.9544538259506226
6594.04382105635	0.9825127124786377
6594.0859252233495	1.016497254371643
6594.12802939035	1.008455514907837
6594.17013355735	0.9903210401535034
6594.2122377243495	0.9934080839157104
6594.25434189135	0.9971387982368469
6594.29644605835	0.9866030216217041
6594.3385502253495	0.978175938129425
6594.38065439235	0.9811321496963501
6594.42275855935	0.9858031868934631
6594.46486272635	0.993188202381134
6594.50696689335	1.0199464559555054
6594.54907106035	1.0531173944473267
6594.59117522735	1.0510834455490112
6594.63327939435	1.0236016511917114
6594.67538356135	1.0213565826416016
6594.71748772835	1.038129210472107
6594.75959189535	1.0317214727401733
6594.80169606235	1.0123975276947021
6594.84380022935	1.0148993730545044
6594.88590439635	1.029274582862854
6594.92800856335	1.0289455652236938
6594.97011273035	1.0152121782302856
6595.01221689735	1.0016785860061646
6595.05432106435	1.001027226448059
6595.09642523135	1.016595721244812
6595.13852939835	1.029885172843933
6595.18063356535	1.0242655277252197
6595.22273773235	1.0005279779434204
6595.264841899349	0.9738038182258606
6595.30694606635	0.9758884310722351
6595.34905023335	1.0091849565505981
6595.3911544003495	1.0292069911956787
6595.43325856735	1.0193759202957153
6595.47536273435	1.0063823461532593
6595.5174669013495	1.006322979927063
6595.55957106835	1.01824152469635
6595.60167523535	1.0327309370040894
6595.6437794023495	1.0355384349822998
6595.68588356935	1.0269958972930908
6595.72798773635	1.01847505569458
6595.77009190335	1.0191408395767212
6595.81219607035	1.0322450399398804
6595.85430023735	1.040030598640442
6595.89640440435	1.0243661403656006
6595.93850857135	1.0097211599349976
6595.98061273835	1.0230083465576172
6596.02271690535	1.038659691810608
6596.06482107235	1.0286476612091064
6596.10692523935	1.0088459253311157
6596.14902940635	1.0000813007354736
6596.19113357335	1.0045111179351807
6596.23323774035	1.0160634517669678
6596.27534190735	1.0229378938674927
6596.31744607435	1.022231101989746
6596.35955024135	1.0258344411849976
6596.40165440835	1.0352866649627686
6596.443758575349	1.0369164943695068
6596.48586274235	1.0322744846343994
6596.52796690935	1.0389063358306885
6596.570071076349	1.049765944480896
6596.61217524335	1.0386316776275635
6596.65427941035	1.0114508867263794
6596.6963835773495	0.9952078461647034
6596.73848774435	0.9921382665634155
6596.78059191135	0.9908214211463928
6596.8226960783495	0.991741955280304
6596.86480024535	1.0000557899475098
6596.90690441235	1.0166354179382324
6596.9490085793495	1.035499930381775
6596.99111274635	1.035190463066101
6597.03321691335	1.0063303709030151
6597.07532108035	0.981909453868866
6597.11742524735	0.9873034358024597
6597.15952941435	1.0057326555252075
6597.20163358135	1.021591067314148
6597.24373774835	1.0405433177947998
6597.28584191535	1.058798909187317
6597.32794608235	1.0536015033721924
6597.37005024935	1.0260343551635742
6597.41215441635	1.0076578855514526
6597.45425858335	1.0105714797973633
6597.49636275035	1.0238161087036133
6597.53846691735	1.037213683128357
6597.58057108435	1.0434361696243286
6597.62267525135	1.0415552854537964
6597.66477941835	1.036075234413147
6597.70688358535	1.0351313352584839
6597.748987752349	1.0451501607894897
6597.79109191935	1.055585503578186
6597.83319608635	1.0528209209442139
6597.875300253349	1.043593406677246
6597.91740442035	1.0395067930221558
6597.95950858735	1.0411747694015503
6598.0016127543495	1.041827917098999
6598.04371692135	1.025528907775879
6598.08582108835	0.9939781427383423
6598.1279252553495	0.9885405898094177
6598.17002942235	1.019331455230713
6598.21213358935	1.0317426919937134
6598.2542377563495	1.0059654712677002
6598.29634192335	0.9845163226127625
6598.33844609035	0.990289032459259
6598.38055025735	1.0136741399765015
6598.42265442435	1.0385894775390625
6598.46475859135	1.0474387407302856
6598.50686275835	1.0412991046905518
6598.54896692535	1.0352834463119507
6598.59107109235	1.0328764915466309
6598.63317525935	1.0298129320144653
6598.67527942635	1.024959683418274
6598.71738359335	1.0191479921340942
6598.75948776035	1.013936161994934
6598.80159192735	1.0115609169006348
6598.84369609435	1.0156511068344116
6598.88580026135	1.0259594917297363
6598.92790442835	1.0306780338287354
6598.97000859535	1.0240657329559326
6599.01211276235	1.0223968029022217
6599.054216929349	1.0304127931594849
6599.09632109635	1.020861029624939
6599.13842526335	0.9885817170143127
6599.180529430349	0.9711089730262756
6599.22263359735	0.9821101427078247
6599.26473776435	0.9969862699508667
6599.3068419313495	1.002016544342041
6599.34894609835	1.0000063180923462
6599.39105026535	0.9927985668182373
6599.4331544323495	0.9808242321014404
6599.47525859935	0.9686344265937805
6599.51736276635	0.9631401896476746
6599.5594669333495	0.9671480059623718
6599.60157110035	0.9791672825813293
6599.64367526735	0.9908950328826904
6599.68577943435	0.9946619272232056
6599.72788360135	0.9988225698471069
6599.76998776835	1.0120357275009155
6599.81209193535	1.0226620435714722
6599.85419610235	1.0192724466323853
6599.89630026935	1.0081230401992798
6599.93840443635	0.9999011158943176
6599.98050860335	1.003796935081482
6600.02261277035	1.0156668424606323
6600.06471693735	1.0102111101150513
6600.10682110435	0.9864269495010376
6600.14892527135	0.981110692024231
6600.19102943835	1.002634048461914
6600.23313360535	1.0216208696365356
6600.27523777235	1.0228015184402466
6600.31734193935	1.0092216730117798
6600.359446106349	0.9960610270500183
6600.40155027335	1.0031883716583252
6600.44365444035	1.0182524919509888
6600.485758607349	1.0134226083755493
6600.52786277435	0.9977651834487915
6600.56996694135	0.9948229193687439
6600.6120711083495	0.9995350241661072
6600.65417527535	0.9985213875770569
6600.69627944235	0.9957062005996704
6600.7383836093495	0.9984270334243774
6600.78048777635	1.0057915449142456
6600.82259194335	1.0133473873138428
6600.8646961103495	1.0144766569137573
6600.90680027735	1.009026050567627
6600.94890444435	1.009046196937561
6600.99100861135	1.0185881853103638
6601.03311277835	1.026528239250183
6601.07521694535	1.0277868509292603
6601.11732111235	1.0274631977081299
6601.15942527935	1.0242544412612915
6601.20152944635	1.0103340148925781
6601.24363361335	0.9946140050888062
6601.28573778035	0.9969956874847412
6601.32784194735	1.0055469274520874
6601.36994611435	0.9928916096687317
6601.41205028135	0.9783327579498291
6601.45415444835	0.9975152015686035
6601.49625861535	1.034006118774414
6601.53836278235	1.0531011819839478
6601.58046694935	1.0487948656082153
6601.62257111635	1.0293844938278198
6601.664675283349	1.0074937343597412
6601.70677945035	0.9941056370735168
6601.74888361735	0.9922254681587219
6601.790987784349	0.9997629523277283
6601.83309195135	1.0107344388961792
6601.87519611835	1.0183169841766357
6601.9173002853495	1.0161242485046387
6601.95940445235	1.0035860538482666
6602.00150861935	0.9870564937591553
6602.0436127863495	0.9735690355300903
6602.08571695335	0.9693306684494019
6602.12782112035	0.9733191132545471
6602.1699252873495	0.97916179895401
6602.21202945435	0.9917109608650208
6602.25413362135	1.019861102104187
6602.29623778835	1.0445550680160522
6602.33834195535	1.0383522510528564
6602.38044612235	1.015155553817749
6602.42255028935	1.0028012990951538
6602.46465445635	0.9986822605133057
6602.50675862335	0.9951091408729553
6602.54886279035	1.0095100402832031
6602.59096695735	1.0469945669174194
6602.63307112435	1.0650416612625122
6602.67517529135	1.0402374267578125
6602.71727945835	1.0101182460784912
6602.75938362535	1.0027222633361816
6602.80148779235	1.0087233781814575
6602.84359195935	1.0174007415771484
6602.88569612635	1.0252999067306519
6602.92780029335	1.0260425806045532
6602.969904460349	1.0104037523269653
6603.01200862735	0.9872891902923584
6603.05411279435	0.9804643392562866
6603.0962169613495	0.9992745518684387
6603.13832112835	1.0364911556243896
6603.18042529535	1.0540910959243774
6603.2225294623495	1.0138740539550781
6603.26463362935	0.9665056467056274
6603.30673779635	0.9814261198043823
6603.3488419633495	1.0230364799499512
6603.39094613035	1.033605694770813
6603.43305029735	1.0279797315597534
6603.4751544643495	1.0311449766159058
6603.51725863135	1.030409574508667
6603.55936279835	1.0130305290222168
6603.60146696535	0.985069990158081
6603.64357113235	0.9632514715194702
6603.68567529935	0.9742969870567322
6603.72777946635	1.013866901397705
6603.76988363335	1.0364364385604858
6603.81198780035	1.027388334274292
6603.85409196735	1.0110958814620972
6603.89619613435	1.001829981803894
6603.93830030135	1.0009371042251587
6603.98040446835	1.0052731037139893
6604.02250863535	1.0089668035507202
6604.06461280235	1.0092110633850098
6604.10671696935	1.0062686204910278
6604.14882113635	1.005043387413025
6604.19092530335	1.0095449686050415
6604.23302947035	1.0112487077713013
6604.275133637349	1.0030580759048462
6604.31723780435	0.9977715611457825
6604.35934197135	1.0054047107696533
6604.4014461383495	1.0131818056106567
6604.44355030535	1.0109455585479736
6604.48565447235	1.0057342052459717
6604.5277586393495	1.0062419176101685
6604.56986280635	1.017715573310852
6604.61196697335	1.0331554412841797
6604.6540711403495	1.0313936471939087
6604.69617530735	1.013019323348999
6604.73827947435	1.0023850202560425
6604.7803836413495	1.0011662244796753
6604.82248780835	0.9919255375862122
6604.86459197535	0.9864039421081543
6604.90669614235	1.010378122329712
6604.94880030935	1.0383567810058594
6604.99090447635	1.0277479887008667
6605.03300864335	1.0041816234588623
6605.07511281035	1.0104055404663086
6605.11721697735	1.024330973625183
6605.15932114435	1.0133451223373413
6605.20142531135	0.9914833307266235
6605.24352947835	0.9826785922050476
6605.28563364535	0.9978684186935425
6605.32773781235	1.027761459350586
6605.36984197935	1.0330504179000854
6605.41194614635	1.0042451620101929
6605.454050313349	0.9859561920166016
6605.49615448035	0.993301272392273
6605.53825864735	0.9941398501396179
6605.580362814349	0.9824346899986267
6605.62246698135	0.9832243323326111
6605.66457114835	0.997758150100708
6605.7066753153495	1.0066299438476562
6605.74877948235	1.005719780921936
6605.79088364935	1.002308964729309
6605.8329878163495	1.0018095970153809
6605.87509198335	1.0074050426483154
6605.91719615035	1.0182565450668335
6605.9593003173495	1.029837727546692
6606.00140448435	1.0327085256576538
6606.04350865135	1.0222246646881104
6606.08561281835	1.0111432075500488
6606.12771698535	1.0085171461105347
6606.16982115235	1.0024582147598267
6606.21192531935	0.9895180463790894
6606.25402948635	0.9908822774887085
6606.29613365335	1.009021520614624
6606.33823782035	1.0132678747177124
6606.38034198735	0.9967427849769592
6606.42244615435	0.9856693744659424
6606.46455032135	0.9876114726066589
6606.50665448835	0.9893871545791626
6606.54875865535	0.9916797280311584
6606.59086282235	1.0043871402740479
6606.63296698935	1.0138179063796997
6606.67507115635	0.9985291957855225
6606.71717532335	0.9804025888442993
6606.759279490349	0.991981565952301
6606.80138365735	1.0114901065826416
6606.84348782435	1.0072758197784424
6606.885591991349	0.9951624274253845
6606.92769615835	0.9973617196083069
6606.96980032535	1.0079753398895264
6607.0119044923495	1.0143284797668457
6607.05400865935	1.0069026947021484
6607.09611282635	0.9895313382148743
6607.1382169933495	0.9861951470375061
6607.18032116035	1.0011643171310425
6607.22242532735	1.008151650428772
6607.2645294943495	0.9986560940742493
6607.30663366135	0.9880799055099487
6607.34873782835	0.9892328977584839
6607.39084199535	1.0077314376831055
6607.43294616235	1.0218822956085205
6607.47505032935	0.9985913634300232
6607.51715449635	0.9609909653663635
6607.55925866335	0.9573082327842712
6607.60136283035	0.9871651530265808
6607.64346699735	1.0230809450149536
6607.68557116435	1.0337316989898682
6607.72767533135	1.0067890882492065
6607.76977949835	0.9865225553512573
6607.81188366535	1.0054643154144287
6607.85398783235	1.0259263515472412
6607.89609199935	1.0154756307601929
6607.93819616635	0.9860649704933167
6607.98030033335	0.9618166089057922
6608.02240450035	0.9698755145072937
6608.064508667349	1.0046859979629517
6608.10661283435	1.0220879316329956
6608.14871700135	1.0099663734436035
6608.190821168349	0.9924811124801636
6608.23292533535	0.9860261678695679
6608.27502950235	0.9955504536628723
6608.3171336693495	1.0045249462127686
6608.35923783635	0.99058598279953
6608.40134200335	0.9798784852027893
6608.4434461703495	1.0094552040100098
6608.48555033735	1.0499101877212524
6608.52765450435	1.0558887720108032
6608.5697586713495	1.028867244720459
6608.61186283835	0.9932202100753784
6608.65396700535	0.9844012260437012
6608.69607117235	1.0110117197036743
6608.73817533935	1.0215753316879272
6608.78027950635	0.9950025081634521
6608.82238367335	0.9834100008010864
6608.86448784035	1.0025805234909058
6608.90659200735	1.0030486583709717
6608.94869617435	0.9803138971328735
6608.99080034135	0.9853234887123108
6609.03290450835	1.0184649229049683
6609.07500867535	1.0340269804000854
6609.11711284235	1.02363121509552
6609.15921700935	1.0075069665908813
6609.20132117635	0.9969173073768616
6609.243425343349	0.9956017136573792
6609.28552951035	1.0000324249267578
6609.32763367735	1.00324285030365
6609.369737844349	1.000393033027649
6609.41184201135	0.9917547106742859
6609.45394617835	0.9885300993919373
6609.496050345349	0.9971014261245728
6609.53815451235	1.0053410530090332
6609.58025867935	1.0071362257003784
6609.6223628463495	1.0158836841583252
6609.66446701335	1.0339173078536987
6609.70657118035	1.042588710784912
6609.7486753473495	1.0337090492248535
6609.79077951435	1.0150879621505737
6609.83288368135	0.9989239573478699
6609.8749878483495	0.9983647465705872
6609.91709201535	1.0110408067703247
6609.95919618235	1.022125005722046
6610.00130034935	1.017265796661377
6610.04340451635	0.9905116558074951
6610.08550868335	0.9734300971031189
6610.12761285035	0.9977118372917175
6610.16971701735	1.01982581615448
6610.21182118435	0.9947665333747864
6610.25392535135	0.9703015089035034
6610.29602951835	0.9910221695899963
6610.33813368535	1.0175960063934326
6610.38023785235	1.0163153409957886
6610.42234201935	1.0086486339569092
6610.46444618635	1.0106744766235352
6610.50655035335	1.0118396282196045
6610.548654520349	1.0062607526779175
6610.59075868735	0.9990261197090149
6610.63286285435	0.9968530535697937
6610.674967021349	1.0055543184280396
6610.71707118835	1.013595461845398
6610.75917535535	0.9994484186172485
6610.801279522349	0.9751093983650208
6610.84338368935	0.9706749320030212
6610.88548785635	0.9877991080284119
6610.9275920233495	1.010183334350586
6610.96969619035	1.0167264938354492
6611.01180035735	0.9971365332603455
6611.0539045243495	0.9800978302955627
6611.09600869135	0.9895943999290466
6611.13811285835	1.00198495388031
6611.1802170253495	0.9984321594238281
6611.22232119235	0.9978376626968384
6611.26442535935	1.010343074798584
6611.30652952635	1.0187815427780151
6611.34863369335	1.0142629146575928
6611.39073786035	1.0044682025909424
6611.43284202735	0.9977898597717285
6611.47494619435	1.000401496887207
6611.51705036135	1.009247899055481
6611.55915452835	1.013831615447998
6611.60125869535	1.0067644119262695
6611.64336286235	0.9869333505630493
6611.68546702935	0.9731459617614746
6611.72757119635	0.9863250255584717
6611.76967536335	1.0095202922821045
6611.81177953035	1.0158321857452393
6611.853883697349	1.0046569108963013
6611.89598786435	0.9889172315597534
6611.93809203135	0.9893946051597595
6611.980196198349	1.009536623954773
6612.02230036535	1.0135985612869263
6612.06440453235	0.9871423244476318
6612.106508699349	0.9647693037986755
6612.14861286635	0.9650042057037354
6612.19071703335	0.9735231399536133
6612.2328212003495	0.980649471282959
6612.27492536735	0.9863582849502563
6612.31702953435	0.9892860651016235
6612.3591337013495	0.9866013526916504
6612.40123786835	0.9768673181533813
6612.44334203535	0.9611049294471741
6612.4854462023495	0.9474701881408691
6612.52755036935	0.9455482959747314
6612.56965453635	0.9541223645210266
6612.61175870335	0.9658427238464355
6612.65386287035	0.971602201461792
6612.69596703735	0.9675323367118835
6612.73807120435	0.9639388918876648
6612.78017537135	0.970649242401123
6612.82227953835	0.9882263541221619
6612.86438370535	1.0043866634368896
6612.90648787235	0.9898301959037781
6612.94859203935	0.952946662902832
6612.99069620635	0.9535781145095825
6613.03280037335	0.9898861646652222
6613.07490454035	0.9911262392997742
6613.11700870735	0.9548221230506897
6613.159112874349	0.9388766288757324
6613.20121704135	0.9560847878456116
6613.24332120835	0.9838786125183105
6613.285425375349	0.9988918304443359
6613.32752954235	0.985389232635498
6613.36963370935	0.9596084952354431
6613.411737876349	0.9452793598175049
6613.45384204335	0.9378395080566406
6613.49594621035	0.9283580780029297
6613.5380503773495	0.9256358742713928
6613.58015454435	0.9345380067825317
6613.62225871135	0.9419617056846619
6613.6643628783495	0.9400904178619385
6613.70646704535	0.9363161325454712
6613.74857121235	0.9369499683380127
6613.7906753793495	0.9430184364318848
6613.83277954635	0.9546101093292236
6613.87488371335	0.9710130095481873
6613.91698788035	0.9825379252433777
6613.95909204735	0.9750766754150391
6614.00119621435	0.960951566696167
6614.04330038135	0.965343713760376
6614.08540454835	0.9783703684806824
6614.12750871535	0.9767774343490601
6614.16961288235	0.9674463272094727
6614.21171704935	0.9673621654510498
6614.25382121635	0.9811299443244934
6614.29592538335	1.0010149478912354
6614.33802955035	1.0003948211669922
6614.38013371735	0.9725943207740784
6614.42223788435	0.960481584072113
6614.464342051349	0.9806945323944092
6614.50644621835	0.9909347295761108
6614.54855038535	0.9761367440223694
6614.590654552349	0.9682285785675049
6614.63275871935	0.9770464301109314
6614.67486288635	0.9848912358283997
6614.716967053349	0.9938679337501526
6614.75907122035	1.0196740627288818
6614.80117538735	1.0398004055023193
6614.8432795543495	1.0172251462936401
6614.88538372135	0.9775022864341736
6614.92748788835	0.9687488675117493
6614.9695920553495	0.9874817132949829
6615.01169622235	1.010084867477417
6615.05380038935	1.0268380641937256
6615.0959045563495	1.0325968265533447
6615.13800872335	1.0208112001419067
6615.18011289035	0.9959128499031067
6615.22221705735	0.9819373488426208
6615.26432122435	0.9874827265739441
6615.30642539135	0.991826057434082
6615.34852955835	0.9875696301460266
6615.39063372535	0.9890664219856262
6615.43273789235	0.9932795166969299
6615.47484205935	0.9803742170333862
6615.51694622635	0.9636979103088379
6615.55905039335	0.9773615002632141
6615.60115456035	1.006485104560852
6615.64325872735	1.012673020362854
6615.68536289435	1.005568027496338
6615.72746706135	1.0100152492523193
6615.769571228349	1.0093282461166382
6615.81167539535	0.9867343306541443
6615.85377956235	0.9753741025924683
6615.895883729349	0.9974746704101562
6615.93798789635	1.0141862630844116
6615.98009206335	0.9986391067504883
6616.022196230349	0.9738420844078064
6616.06430039735	0.9622933864593506
6616.10640456435	0.9703879356384277
6616.1485087313495	0.9892794489860535
6616.19061289835	0.9967976212501526
6616.23271706535	0.9932445287704468
6616.2748212323495	0.9991535544395447
6616.31692539935	1.0125170946121216
6616.35902956635	1.0165486335754395
6616.4011337333495	1.0164588689804077
6616.44323790035	1.0255743265151978
6616.48534206735	1.0313286781311035
6616.52744623435	1.0172199010849
6616.56955040135	0.9959909319877625
6616.61165456835	0.9865441918373108
6616.65375873535	0.9931319952011108
6616.69586290235	1.0092519521713257
6616.73796706935	1.017065167427063
6616.78007123635	1.0089787244796753
6616.82217540335	0.9988519549369812
6616.86427957035	0.9912316203117371
6616.90638373735	0.9731353521347046
6616.94848790435	0.9558032155036926
6616.99059207135	0.9751406908035278
6617.03269623835	1.0179667472839355
6617.074800405349	1.032357931137085
6617.11690457235	1.0125863552093506
6617.15900873935	0.9863250851631165
6617.201112906349	0.97381991147995
6617.24321707335	0.9839615821838379
6617.28532124035	0.9997275471687317
6617.327425407349	1.0010311603546143
6617.36952957435	0.9968457221984863
6617.41163374135	0.999512255191803
6617.4537379083495	1.0034077167510986
6617.49584207535	1.0007240772247314
6617.53794624235	0.9888789057731628
6617.5800504093495	0.9732715487480164
6617.62215457635	0.9690802097320557
6617.66425874335	0.9777554273605347
6617.7063629103495	0.982944905757904
6617.74846707735	0.9814774394035339
6617.79057124435	0.9842864871025085
6617.83267541135	0.9948667287826538
6617.87477957835	1.0080342292785645
6617.91688374535	1.018462061882019
6617.95898791235	1.004928708076477
6618.00109207935	1.006730556488037
6618.04319624635	1.0196542739868164
6618.08530041335	1.0167696475982666
6618.12740458035	1.017580270767212
6618.16950874735	1.0174007415771484
6618.21161291435	1.0174864530563354
6618.253717081349	1.0175011157989502
6618.29582124835	1.017534852027893
6618.33792541535	1.0175634622573853
6618.380029582349	1.017593502998352
6618.42213374935	1.0176230669021606
6618.46423791635	1.0176527500152588
6618.506342083349	1.017682433128357
6618.54844625035	1.017712116241455
6618.59055041735	1.0177419185638428
6618.632654584349	1.017771601676941
6618.67475875135	1.017801284790039
6618.71686291835	1.0178309679031372
6618.7589670853495	1.0178606510162354
6618.80107125235	1.0178903341293335
