6473.643	0.07421875
6473.643	0.9905872941017151
6473.71721875	0.9953836798667908
6473.7914375	0.9995636940002441
6473.86565625	1.0019932985305786
6473.939875	1.0041368007659912
6474.01409375	1.007239580154419
6474.0883125	1.0091315507888794
6474.16253125	1.0086383819580078
6474.23675	1.0065232515335083
6474.31096875	1.004478096961975
6474.3851875	1.0030617713928223
6474.45940625	1.0023152828216553
6474.533625	1.0026687383651733
6474.60784375	1.0030157566070557
6474.6820625	1.0022034645080566
6474.75628125	0.9988683462142944
6474.8305	0.991508960723877
6474.90471875	0.9812324643135071
6474.9789375	0.9709006547927856
6475.05315625	0.9607388377189636
6475.127375	0.9466444849967957
6475.20159375	0.9279776215553284
6475.2758125	0.9098947048187256
6475.35003125	0.8984774351119995
6475.42425	0.8961432576179504
6475.49846875	0.9012952446937561
6475.5726875	0.9096808433532715
6475.64690625	0.9162055253982544
6475.721125	0.9189828634262085
6475.79534375	0.9184298515319824
6475.8695625	0.9160128235816956
6475.94378125	0.913792073726654
6476.018	0.9133002758026123
6476.09221875	0.9160938858985901
6476.1664375	0.922063410282135
6476.24065625	0.9305687546730042
6476.314875	0.942451000213623
6476.38909375	0.9579245448112488
6476.4633125	0.9736835360527039
6476.53753125	0.9854203462600708
6476.61175	0.9927819967269897
6476.68596875	0.9964628219604492
6476.7601875	0.9957890510559082
6476.83440625	0.9914039969444275
6476.908625	0.9848945140838623
6476.98284375	0.9773367047309875
6477.0570625	0.9696565866470337
6477.13128125	0.9624649286270142
6477.2055	0.9551446437835693
6477.27971875	0.9483048319816589
6477.3539375	0.9444721937179565
6477.42815625	0.9460113644599915
6477.502375	0.9538065195083618
6477.57659375	0.9652409553527832
6477.6508125	0.974925696849823
6477.72503125	0.9792681932449341
6477.79925	0.9791209101676941
6477.87346875	0.9777399301528931
6477.9476875	0.9770718812942505
6478.02190625	0.9770213961601257
6478.096125	0.9768158793449402
6478.17034375	0.9764978885650635
6478.2445625	0.9764646291732788
6478.31878125	0.9782769083976746
6478.393	0.9841512441635132
6478.46721875	0.9927953481674194
6478.5414375	1.000154733657837
6478.61565625	1.0034635066986084
6478.689875	1.0028376579284668
6478.76409375	0.9992017149925232
6478.8383125	0.9943583011627197
6478.91253125	0.9910318851470947
6478.98675	0.9910346269607544
6479.06096875	0.993432879447937
6479.1351875	0.9949123859405518
6479.20940625	0.9924833178520203
6479.283625	0.9850677847862244
6479.35784375	0.9747052192687988
6479.4320625	0.9649485945701599
6479.50628125	0.9582523107528687
6479.5805	0.9551690816879272
6479.65471875	0.9550577998161316
6479.7289375	0.9569962024688721
6479.80315625	0.9582468867301941
6479.877375	0.9557375311851501
6479.95159375	0.9498782157897949
6480.0258125	0.9437615275382996
6480.10003125	0.9395193457603455
6480.17425	0.9357671737670898
6480.24846875	0.9318077564239502
6480.3226875	0.9303332567214966
6480.39690625	0.9329872727394104
6480.471125	0.9397033452987671
6480.54534375	0.9487375020980835
6480.6195625	0.9576925039291382
6480.69378125	0.9645155668258667
6480.768	0.9695154428482056
6480.84221875	0.9740049839019775
6480.9164375	0.9773539900779724
6480.99065625	0.9784428477287292
6481.064875	0.9768514633178711
6481.13909375	0.9730793833732605
6481.2133125	0.969107449054718
6481.28753125	0.9660678505897522
6481.36175	0.9635632634162903
6481.43596875	0.9609566926956177
6481.5101875	0.9577848315238953
6481.58440625	0.9543044567108154
6481.658625	0.952711284160614
6481.73284375	0.9548304080963135
6481.8070625	0.9586302042007446
6481.88128125	0.9597748517990112
6481.9555	0.9569235444068909
6482.02971875	0.9516943693161011
6482.1039375	0.9454132318496704
6482.17815625	0.9397567510604858
6482.252375	0.9369036555290222
6482.32659375	0.9362421631813049
6482.4008125	0.9339758157730103
6482.47503125	0.9268863797187805
6482.54925	0.9150857925415039
6482.62346875	0.9006276726722717
6482.6976875	0.8854221105575562
6482.77190625	0.8697586059570312
6482.846125	0.8533816337585449
6482.92034375	0.8370987176895142
6482.9945625	0.8225569725036621
6483.06878125	0.8110657930374146
6483.143	0.8036108016967773
6483.21721875	0.8010492324829102
6483.2914375	0.8030276894569397
6483.36565625	0.8096429705619812
6483.439875	0.8211449384689331
6483.51409375	0.8366822004318237
6483.5883125	0.8532955050468445
6483.66253125	0.867752194404602
6483.73675	0.8800393342971802
6483.81096875	0.8907049298286438
6483.8851875	0.8993923664093018
6483.95940625	0.9055366516113281
6484.033625	0.9084892868995667
6484.10784375	0.9098125696182251
6484.1820625	0.9126612544059753
6484.25628125	0.919135570526123
6484.3305	0.92831951379776
6484.40471875	0.9379838109016418
6484.4789375	0.9464863538742065
6484.55315625	0.9524047374725342
6484.627375	0.9559340476989746
6484.70159375	0.9581481218338013
6484.7758125	0.9598058462142944
6484.85003125	0.961412250995636
6484.92425	0.9629307985305786
6484.99846875	0.964278519153595
6485.0726875	0.965606689453125
6485.14690625	0.9689777493476868
6485.221125	0.9767468571662903
6485.29534375	0.9870487451553345
6485.3695625	0.9950910210609436
6485.44378125	0.9969527721405029
6485.518	0.9914129376411438
6485.59221875	0.9819852709770203
6485.6664375	0.9740879535675049
6485.74065625	0.9709898829460144
6485.814875	0.9711316823959351
6485.88909375	0.9723708033561707
6485.9633125	0.9744862914085388
6486.03753125	0.976837694644928
6486.11175	0.9785868525505066
6486.18596875	0.9789727330207825
6486.2601875	0.977893054485321
6486.33440625	0.9766225218772888
6486.408625	0.9763666987419128
6486.48284375	0.9773210883140564
6486.5570625	0.9783934354782104
6486.63128125	0.9771602153778076
6486.7055	0.9728664755821228
6486.77971875	0.9669345617294312
6486.8539375	0.9617391228675842
6486.92815625	0.9588552713394165
6487.002375	0.9581162929534912
6487.07659375	0.9582907557487488
6487.1508125	0.958289384841919
6487.22503125	0.960241973400116
6487.29925	0.9665768146514893
6487.37346875	0.9751109480857849
6487.4476875	0.9818199276924133
6487.52190625	0.9827867150306702
6487.596125	0.9769744277000427
6487.67034375	0.9668740034103394
6487.7445625	0.9562980532646179
6487.81878125	0.9480756521224976
6487.893	0.9439970254898071
6487.96721875	0.9454824924468994
6488.0414375	0.9515454769134521
6488.11565625	0.9582120776176453
6488.189875	0.9614643454551697
6488.26409375	0.9599350690841675
6488.3383125	0.9554255604743958
6488.41253125	0.9532315135002136
6488.48675	0.9577680826187134
6488.56096875	0.9668201804161072
6488.6351875	0.9739515781402588
6488.70940625	0.9758930802345276
6488.783625	0.9743571877479553
6488.85784375	0.9717741012573242
6488.9320625	0.9699017405509949
6489.00628125	0.9691850543022156
6489.0805	0.9665936827659607
6489.15471875	0.9611616134643555
6489.2289375	0.9566922783851624
6489.30315625	0.95770263671875
6489.377375	0.9656559228897095
6489.45159375	0.9772065877914429
6489.5258125	0.9878721833229065
6489.60003125	0.9952341914176941
6489.67425	0.9995071887969971
6489.74846875	1.0019017457962036
6489.8226875	1.0022945404052734
6489.89690625	1.0011675357818604
6489.971125	0.9996663331985474
6490.04534375	0.9983155131340027
6490.1195625	0.996931254863739
6490.19378125	0.9946613311767578
6490.268	0.9912926554679871
6490.34221875	0.987128734588623
6490.4164375	0.9821069836616516
6490.49065625	0.9757469296455383
6490.564875	0.966694712638855
6490.63909375	0.9551817178726196
6490.7133125	0.9432758688926697
6490.78753125	0.9318732619285583
6490.86175	0.9217378497123718
6490.93596875	0.9146243333816528
6491.0101875	0.912024974822998
6491.08440625	0.914602518081665
6491.158625	0.9213773012161255
6491.23284375	0.9293698668479919
6491.3070625	0.9350085258483887
6491.38128125	0.9382295608520508
6491.4555	0.9409922957420349
6491.52971875	0.9432501196861267
6491.6039375	0.9444796442985535
6491.67815625	0.9446517825126648
6491.752375	0.9436967372894287
6491.82659375	0.9416453838348389
6491.9008125	0.9385226368904114
6491.97503125	0.933288037776947
6492.04925	0.9244718551635742
6492.12346875	0.9128860235214233
6492.1976875	0.9009190797805786
6492.27190625	0.8897743225097656
6492.346125	0.8808361291885376
6492.42034375	0.8761497139930725
6492.4945625	0.8766143321990967
6492.56878125	0.8827250599861145
6492.643	0.8931360840797424
6492.71721875	0.9037894606590271
6492.7914375	0.9097996950149536
6492.86565625	0.9088063836097717
6492.939875	0.9031267762184143
6493.01409375	0.8973537087440491
6493.0883125	0.8954142332077026
6493.16253125	0.8991857171058655
6493.23675	0.908961832523346
6493.31096875	0.9226899147033691
6493.3851875	0.9360097050666809
6493.45940625	0.9465140104293823
6493.533625	0.9558893442153931
6493.60784375	0.965737521648407
6493.6820625	0.9752865433692932
6493.75628125	0.9828306436538696
6493.8305	0.9864464998245239
6493.90471875	0.9861013293266296
6493.9789375	0.9844785928726196
6494.05315625	0.982880175113678
6494.127375	0.9813743233680725
6494.20159375	0.9804176688194275
6494.2758125	0.9799520969390869
6494.35003125	0.9786060452461243
6494.42425	0.9758060574531555
6494.49846875	0.973717451095581
6494.5726875	0.9740578532218933
6494.64690625	0.9756829738616943
6494.721125	0.9759171009063721
6494.79534375	0.9731265902519226
6494.8695625	0.9691181182861328
6494.94378125	0.968296468257904
6495.018	0.9720633625984192
6495.09221875	0.977382481098175
6495.1664375	0.9803771376609802
6495.24065625	0.979673445224762
6495.314875	0.9765011072158813
6495.38909375	0.9721465706825256
6495.4633125	0.9673500061035156
6495.53753125	0.9598507285118103
6495.61175	0.9463373422622681
6495.68596875	0.9283745288848877
6495.7601875	0.9111024141311646
6495.83440625	0.8985411524772644
6495.908625	0.8918611407279968
6495.98284375	0.8906660079956055
6496.0570625	0.8950623869895935
6496.13128125	0.9062453508377075
6496.2055	0.923763632774353
6496.27971875	0.9424799680709839
6496.3539375	0.9559496641159058
6496.42815625	0.9633257985115051
6496.502375	0.9681092500686646
6496.57659375	0.9722288250923157
6496.6508125	0.9760807156562805
6496.72503125	0.9791454672813416
6496.79925	0.9809260368347168
6496.87346875	0.9821887016296387
6496.9476875	0.9833138585090637
6497.02190625	0.9819924831390381
6497.096125	0.976648211479187
6497.17034375	0.9697631001472473
6497.2445625	0.9645576477050781
6497.31878125	0.9622973203659058
6497.393	0.9628316164016724
6497.46721875	0.9647902846336365
6497.5414375	0.9658781290054321
6497.61565625	0.9642939567565918
6497.689875	0.9603376388549805
6497.76409375	0.956326425075531
6497.8383125	0.9549539685249329
6497.91253125	0.9571341276168823
6497.98675	0.9617039561271667
6498.06096875	0.9669679999351501
6498.1351875	0.9725059866905212
6498.20940625	0.9799140095710754
6498.283625	0.9893305897712708
6498.35784375	0.9984667301177979
6498.4320625	1.0041053295135498
6498.50628125	1.0042550563812256
6498.5805	1.0001888275146484
6498.65471875	0.9953097105026245
6498.7289375	0.9928697943687439
6498.80315625	0.9936968684196472
6498.877375	0.9965918064117432
6498.95159375	0.999076783657074
6499.0258125	0.9982579946517944
6499.10003125	0.9928594827651978
6499.17425	0.9840148687362671
6499.24846875	0.974722146987915
6499.3226875	0.9685065150260925
6499.39690625	0.9679775834083557
6499.471125	0.9724765419960022
6499.54534375	0.9783515334129333
6499.6195625	0.9823524951934814
6499.69378125	0.9838597774505615
6499.768	0.9837764501571655
6499.84221875	0.982819139957428
6499.9164375	0.9817762970924377
6499.99065625	0.9807736873626709
6500.064875	0.9797124266624451
6500.13909375	0.9801849126815796
6500.2133125	0.982784628868103
6500.28753125	0.9865618944168091
6500.36175	0.9898932576179504
6500.43596875	0.9915580153465271
6500.5101875	0.9918403029441833
6500.58440625	0.9910224080085754
6500.658625	0.9900283217430115
6500.73284375	0.9893445372581482
6500.8070625	0.9898721575737
6500.88128125	0.9924388527870178
6500.9555	0.9952930212020874
6501.02971875	0.9966166019439697
6501.1039375	0.9948979616165161
6501.17815625	0.9902152419090271
6501.252375	0.9849503636360168
6501.32659375	0.9811080694198608
6501.4008125	0.9791964292526245
6501.47503125	0.9777078032493591
6501.54925	0.9769759774208069
6501.62346875	0.9784798622131348
6501.6976875	0.981903076171875
6501.77190625	0.9866412878036499
6501.846125	0.9913547039031982
6501.92034375	0.9941097497940063
6501.9945625	0.9939554929733276
6502.06878125	0.9919644594192505
6502.143	0.9906837344169617
6502.21721875	0.9911131858825684
6502.2914375	0.991926372051239
6502.36565625	0.9911770224571228
6502.439875	0.9897672533988953
6502.51409375	0.9898669719696045
6502.5883125	0.9912094473838806
6502.66253125	0.9922971129417419
6502.73675	0.9920592308044434
6502.81096875	0.9904847741127014
6502.8851875	0.9887096285820007
6502.95940625	0.9872465133666992
6503.033625	0.9859790802001953
6503.10784375	0.9851109385490417
6503.1820625	0.9843701720237732
6503.25628125	0.9837647080421448
6503.3305	0.9841685891151428
6503.40471875	0.9861685633659363
6503.4789375	0.9891649484634399
6503.55315625	0.9915638566017151
6503.627375	0.9920210242271423
6503.70159375	0.9906373620033264
6503.7758125	0.9885922074317932
6503.85003125	0.9858588576316833
6503.92425	0.982465386390686
6503.99846875	0.9800539612770081
6504.0726875	0.9788345098495483
6504.14690625	0.9775158762931824
6504.221125	0.975862443447113
6504.29534375	0.9742291569709778
6504.3695625	0.9747079014778137
6504.44378125	0.9800270795822144
6504.518	0.9892823100090027
6504.59221875	0.9982887506484985
6504.6664375	1.0035583972930908
6504.74065625	1.003175139427185
6504.814875	0.9968478679656982
6504.88909375	0.9887771010398865
6504.9633125	0.9840806722640991
6505.03753125	0.9835586547851562
6505.11175	0.9851359724998474
6505.18596875	0.9874674081802368
6505.2601875	0.9893688559532166
6505.33440625	0.9903038740158081
6505.408625	0.9910428524017334
6505.48284375	0.9923281669616699
6505.5570625	0.9942300319671631
6505.63128125	0.996431291103363
6505.7055	0.998464822769165
6505.77971875	0.9995831847190857
6505.8539375	1.0002343654632568
6505.92815625	1.0022016763687134
6506.002375	1.0055526494979858
6506.07659375	1.0089507102966309
6506.1508125	1.0115153789520264
6506.22503125	1.0127040147781372
6506.29925	1.0127464532852173
6506.37346875	1.0124963521957397
6506.4476875	1.012442708015442
6506.52190625	1.0117831230163574
6506.596125	1.0103085041046143
6506.67034375	1.0086781978607178
6506.7445625	1.0070812702178955
6506.81878125	1.0055240392684937
6506.893	1.0039159059524536
6506.96721875	1.0023384094238281
6507.0414375	1.0007473230361938
6507.11565625	0.9991445541381836
6507.189875	0.99873286485672
6507.26409375	1.000308871269226
6507.3383125	1.0043772459030151
6507.41253125	1.0104786157608032
6507.48675	1.016745686531067
6507.56096875	1.0202407836914062
6507.6351875	1.0179495811462402
6507.70940625	1.0106831789016724
6507.783625	1.0021892786026
6507.85784375	0.9963521957397461
6507.9320625	0.9947115182876587
6508.00628125	0.995074450969696
6508.0805	0.9957150220870972
6508.15471875	0.9964365363121033
6508.2289375	0.9969284534454346
6508.30315625	0.9961419701576233
6508.377375	0.9930116534233093
6508.45159375	0.9882599115371704
6508.5258125	0.9826375842094421
6508.60003125	0.976033091545105
6508.67425	0.9704270362854004
6508.74846875	0.9686304926872253
6508.8226875	0.9715191721916199
6508.89690625	0.9777368307113647
6508.971125	0.9849957227706909
6509.04534375	0.9909839630126953
6509.1195625	0.9942509531974792
6509.19378125	0.9952613711357117
6509.268	0.9955776929855347
6509.34221875	0.9963717460632324
6509.4164375	0.9983700513839722
6509.49065625	1.0015416145324707
6509.564875	1.0052076578140259
6509.63909375	1.0086313486099243
6509.7133125	1.0113071203231812
6509.78753125	1.0138791799545288
6509.86175	1.016823649406433
6509.93596875	1.0189110040664673
6510.0101875	1.0181610584259033
6510.08440625	1.0139964818954468
6510.158625	1.0087522268295288
6510.23284375	1.0053317546844482
6510.3070625	1.0048748254776
6510.38128125	1.0066931247711182
6510.4555	1.0090688467025757
6510.52971875	1.0107864141464233
6510.6039375	1.0128177404403687
6510.67815625	1.0175976753234863
6510.752375	1.0251752138137817
6510.82659375	1.03123140335083
6510.9008125	1.0315641164779663
6510.97503125	1.026904821395874
6511.04925	1.0214797258377075
6511.12346875	1.0197536945343018
6511.1976875	1.023263692855835
6511.27190625	1.0289860963821411
6511.346125	1.0319594144821167
6511.42034375	1.030303716659546
6511.4945625	1.0266741514205933
6511.56878125	1.023281216621399
6511.643	1.0198702812194824
6511.71721875	1.0151363611221313
6511.7914375	1.0067707300186157
6511.86565625	0.9944248795509338
6511.939875	0.9816049933433533
6512.01409375	0.9729405045509338
6512.0883125	0.9700661301612854
6512.16253125	0.9719753861427307
6512.23675	0.9770598411560059
6512.31096875	0.9843237996101379
6512.3851875	0.9948145151138306
6512.45940625	1.0076143741607666
6512.533625	1.0188363790512085
6512.60784375	1.024442195892334
6512.6820625	1.0242323875427246
6512.75628125	1.0218455791473389
6512.8305	1.0194475650787354
6512.90471875	1.0173702239990234
6512.9789375	1.0147405862808228
6513.05315625	1.010196566581726
6513.127375	1.0045430660247803
6513.20159375	1.000022292137146
6513.2758125	0.9981383681297302
6513.35003125	0.9981585144996643
6513.42425	0.9983429908752441
6513.49846875	0.9979396462440491
6513.5726875	0.9973764419555664
6513.64690625	0.9978606700897217
6513.721125	0.9996715784072876
6513.79534375	1.0017004013061523
6513.8695625	1.002114176750183
6513.94378125	1.0005067586898804
6514.018	0.997607946395874
6514.09221875	0.9941596984863281
6514.1664375	0.9903137683868408
6514.24065625	0.9857727885246277
6514.314875	0.9810343980789185
6514.38909375	0.9760398864746094
6514.4633125	0.9695252180099487
6514.53753125	0.9607698917388916
6514.61175	0.9509040713310242
6514.68596875	0.9432190656661987
6514.7601875	0.940055787563324
6514.83440625	0.9415167570114136
6514.908625	0.945828378200531
6514.98284375	0.9519485831260681
6515.0570625	0.9614747166633606
6515.13128125	0.9730986952781677
6515.2055	0.9825952053070068
6515.27971875	0.986664354801178
6515.3539375	0.9861134886741638
6515.42815625	0.9823464751243591
6515.502375	0.9757528305053711
6515.57659375	0.9666700959205627
6515.6508125	0.9552545547485352
6515.72503125	0.9426864385604858
6515.79925	0.9300128817558289
6515.87346875	0.9162734746932983
6515.9476875	0.9008782505989075
6516.02190625	0.8833038806915283
6516.096125	0.8620092868804932
6516.17034375	0.8358272314071655
6516.2445625	0.8032112121582031
6516.31878125	0.7654197812080383
6516.393	0.7271720170974731
6516.46721875	0.6938183307647705
6516.5414375	0.6669920682907104
6516.61565625	0.6472331285476685
6516.689875	0.6378625631332397
6516.76409375	0.6425787806510925
6516.8383125	0.662086009979248
6516.91253125	0.6925610899925232
6516.98675	0.7275868654251099
6517.06096875	0.7635427117347717
6517.1351875	0.8013158440589905
6517.20940625	0.8395810127258301
6517.283625	0.8730908632278442
6517.35784375	0.8987005949020386
6517.4320625	0.9184510707855225
6517.50628125	0.9343429803848267
6517.5805	0.9465559720993042
6517.65471875	0.9551244378089905
6517.7289375	0.9601735472679138
6517.80315625	0.9629143476486206
6517.877375	0.9651541709899902
6517.95159375	0.9690397381782532
6518.0258125	0.9754527807235718
6518.10003125	0.9832074642181396
6518.17425	0.9900607466697693
6518.24846875	0.9942576289176941
6518.3226875	0.9951967000961304
6518.39690625	0.9944230318069458
6518.471125	0.9946861863136292
6518.54534375	0.9969238042831421
6518.6195625	0.9999683499336243
6518.69378125	1.0029700994491577
6518.768	1.0058107376098633
6518.84221875	1.010448932647705
6518.9164375	1.0190017223358154
6518.99065625	1.0290683507919312
6519.064875	1.034549593925476
6519.13909375	1.030851125717163
6519.2133125	1.0194323062896729
6519.28753125	1.0054140090942383
6519.36175	0.9941623210906982
6519.43596875	0.9897221922874451
6519.5101875	0.9922888278961182
6519.58440625	0.9994988441467285
6519.658625	1.0076360702514648
6519.73284375	1.0149608850479126
6519.8070625	1.0221306085586548
6519.88128125	1.0288878679275513
6519.9555	1.035023808479309
6520.02971875	1.041566014289856
6520.1039375	1.0503075122833252
6520.17815625	1.0607768297195435
6520.252375	1.0696654319763184
6520.32659375	1.0750921964645386
6520.4008125	1.077294111251831
6520.47503125	1.076746940612793
6520.54925	1.07448410987854
6520.62346875	1.0706970691680908
6520.6976875	1.0650025606155396
6520.77190625	1.0583516359329224
6520.846125	1.05293607711792
6520.92034375	1.0518254041671753
6520.9945625	1.056661605834961
6521.06878125	1.0653834342956543
6521.143	1.0722519159317017
6521.21721875	1.0711586475372314
6521.2914375	1.060575008392334
6521.36565625	1.0435431003570557
6521.439875	1.0267497301101685
6521.51409375	1.0160807371139526
6521.5883125	1.0123831033706665
6521.66253125	1.0136305093765259
6521.73675	1.0158318281173706
6521.81096875	1.0150269269943237
6521.8851875	1.0100332498550415
6521.95940625	1.0032854080200195
6522.033625	0.9990466833114624
6522.10784375	0.9997342824935913
6522.1820625	1.0052835941314697
6522.25628125	1.012460470199585
6522.3305	1.0171775817871094
6522.40471875	1.0183340311050415
6522.4789375	1.0162421464920044
6522.55315625	1.0123209953308105
6522.627375	1.0081579685211182
6522.70159375	1.0049198865890503
6522.7758125	1.0039100646972656
6522.85003125	1.0044907331466675
6522.92425	1.0051636695861816
6522.99846875	1.004500389099121
6523.0726875	1.002686619758606
6523.14690625	1.0012067556381226
6523.221125	0.9994068741798401
6523.29534375	0.995492696762085
6523.3695625	0.9879637360572815
6523.44378125	0.9773892760276794
6523.518	0.9665749669075012
6523.59221875	0.9580698609352112
6523.6664375	0.953347384929657
6523.74065625	0.9520211815834045
6523.814875	0.9530878067016602
6523.88909375	0.9568579792976379
6523.9633125	0.9633374214172363
6524.03753125	0.9716069102287292
6524.11175	0.9800266027450562
6524.18596875	0.987596333026886
6524.2601875	0.993963897228241
6524.33440625	0.999062180519104
6524.408625	1.0021963119506836
6524.48284375	1.0024290084838867
6524.5570625	1.0002390146255493
6524.63128125	0.9980677366256714
6524.7055	0.997533917427063
6524.77971875	0.9976273775100708
6524.8539375	0.9972646236419678
6524.92815625	0.9973614811897278
6525.002375	0.9996959567070007
6525.07659375	1.0037156343460083
6525.1508125	1.0068025588989258
6525.22503125	1.0082874298095703
6525.29925	1.0093157291412354
6525.37346875	1.0111442804336548
6525.4476875	1.0121864080429077
6525.52190625	1.0093920230865479
6525.596125	1.0031967163085938
6525.67034375	0.997081458568573
6525.7445625	0.9939757585525513
6525.81878125	0.9933429956436157
6525.893	0.9937072992324829
6525.96721875	0.9942535161972046
6526.0414375	0.9941103458404541
6526.11565625	0.9935045838356018
6526.189875	0.9934550523757935
6526.26409375	0.9969562292098999
6526.3383125	1.0052720308303833
6526.41253125	1.0147590637207031
6526.48675	1.0208104848861694
6526.56096875	1.0210987329483032
6526.6351875	1.0181841850280762
6526.70940625	1.0160784721374512
6526.783625	1.01528000831604
6526.85784375	1.014163851737976
6526.9320625	1.0113836526870728
6527.00628125	1.0072296857833862
6527.0805	1.0022432804107666
6527.15471875	0.9972140789031982
6527.2289375	0.993162989616394
6527.30315625	0.9903831481933594
6527.377375	0.9900100231170654
6527.45159375	0.9916266202926636
6527.5258125	0.9931599497795105
6527.60003125	0.9938044548034668
6527.67425	0.9948858618736267
6527.74846875	0.9984270334243774
6527.8226875	1.0046977996826172
6527.89690625	1.0114076137542725
6527.971125	1.0155978202819824
6528.04534375	1.0159295797348022
6528.1195625	1.0127382278442383
6528.19378125	1.0086032152175903
6528.268	1.0066934823989868
6528.34221875	1.0083343982696533
6528.4164375	1.0112159252166748
6528.49065625	1.0126299858093262
6528.564875	1.012233853340149
6528.63909375	1.0107676982879639
6528.7133125	1.0088186264038086
6528.78753125	1.0064805746078491
6528.86175	1.003677248954773
6528.93596875	1.0006686449050903
6529.0101875	0.9977394938468933
6529.08440625	0.9955807328224182
6529.158625	0.9946238398551941
6529.23284375	0.9941536784172058
6529.3070625	0.9933975338935852
6529.38128125	0.992254912853241
6529.4555	0.9921891689300537
6529.52971875	0.9943335652351379
6529.6039375	0.9978215098381042
6529.67815625	1.000940203666687
6529.752375	1.002384901046753
6529.82659375	1.0024158954620361
6529.9008125	1.0014185905456543
6529.97503125	1.0002578496932983
6530.04925	1.0003941059112549
6530.12346875	1.0014221668243408
6530.1976875	1.002350926399231
6530.27190625	1.0025296211242676
6530.346125	1.0003266334533691
6530.42034375	0.9951850771903992
6530.4945625	0.989425778388977
6530.56878125	0.9860995411872864
6530.643	0.9855896234512329
6530.71721875	0.9866508841514587
6530.7914375	0.9886135458946228
6530.86565625	0.990190863609314
6530.939875	0.9901980757713318
6531.01409375	0.9887661337852478
6531.0883125	0.9870375394821167
6531.16253125	0.9869703650474548
6531.23675	0.9904902577400208
6531.31096875	0.9974901676177979
6531.3851875	1.0050067901611328
6531.45940625	1.0093587636947632
6531.533625	1.0090765953063965
6531.60784375	1.0049781799316406
6531.6820625	0.9986595511436462
6531.75628125	0.9914455413818359
6531.8305	0.9832123517990112
6531.90471875	0.9739593267440796
6531.9789375	0.9655268788337708
6532.05315625	0.9598053097724915
6532.127375	0.9565632939338684
6532.20159375	0.9547891616821289
6532.2758125	0.9550027251243591
6532.35003125	0.9581263065338135
6532.42425	0.9642259478569031
6532.49846875	0.9720458984375
6532.5726875	0.9785847067832947
6532.64690625	0.9824720621109009
6532.721125	0.9865580201148987
6532.79534375	0.9930938482284546
6532.8695625	1.0004721879959106
6532.94378125	1.006061315536499
6533.018	1.0091626644134521
6533.09221875	1.0103623867034912
6533.1664375	1.0112556219100952
6533.24065625	1.0121076107025146
6533.314875	1.0107104778289795
6533.38909375	1.0056861639022827
6533.4633125	0.9982156157493591
6533.53753125	0.9898604154586792
6533.61175	0.9806207418441772
6533.68596875	0.9720697402954102
6533.7601875	0.9668762683868408
6533.83440625	0.9655638933181763
6533.908625	0.9662325382232666
6533.98284375	0.9674091339111328
6534.0570625	0.9697539210319519
6534.13128125	0.9743441939353943
6534.2055	0.9820864796638489
6534.27971875	0.9922749996185303
6534.3539375	1.0025283098220825
6534.42815625	1.0115139484405518
6534.502375	1.0222324132919312
6534.57659375	1.0374916791915894
6534.6508125	1.0542141199111938
6534.72503125	1.0624310970306396
6534.79925	1.0517404079437256
6534.87346875	1.0263475179672241
6534.9476875	1.0006684064865112
6535.02190625	0.9859398603439331
6535.096125	0.9815849661827087
6535.17034375	0.9821373224258423
6535.2445625	0.9841247200965881
6535.31878125	0.9851059317588806
6535.393	0.9851136207580566
6535.46721875	0.9844498634338379
6535.5414375	0.9832472205162048
6535.61565625	0.9809715151786804
6535.689875	0.9769348502159119
6535.76409375	0.9724146723747253
6535.8383125	0.9694656133651733
6535.91253125	0.970185399055481
6535.98675	0.9751797914505005
6536.06096875	0.9831260442733765
6536.1351875	0.9908415675163269
6536.20940625	0.9948808550834656
6536.283625	0.9938902854919434
6536.35784375	0.988674521446228
6536.4320625	0.9817724823951721
6536.50628125	0.9758952856063843
6536.5805	0.9721649289131165
6536.65471875	0.9705592393875122
6536.7289375	0.9707019925117493
6536.80315625	0.9729412198066711
6536.877375	0.977149248123169
6536.95159375	0.981192409992218
6537.0258125	0.9828811287879944
6537.10003125	0.9828802347183228
6537.17425	0.9839655160903931
6537.24846875	0.9872282147407532
6537.3226875	0.990664541721344
6537.39690625	0.9910218715667725
6537.471125	0.9867583513259888
6537.54534375	0.9800640940666199
6537.6195625	0.9751323461532593
6537.69378125	0.975657045841217
6537.768	0.9813541769981384
6537.84221875	0.9885226488113403
6537.9164375	0.9936100840568542
6537.99065625	0.996004045009613
6538.064875	0.9972720742225647
6538.13909375	0.9979862570762634
6538.2133125	0.9975647926330566
6538.28753125	0.995908796787262
6538.36175	0.9940829873085022
6538.43596875	0.9929226636886597
6538.5101875	0.9919218420982361
6538.58440625	0.9896618127822876
6538.658625	0.9853068590164185
6538.73284375	0.9797947406768799
6538.8070625	0.9753493070602417
6538.88128125	0.9739090800285339
6538.9555	0.9751847386360168
6539.02971875	0.9773994088172913
6539.1039375	0.9788301587104797
6539.17815625	0.9791656732559204
6539.252375	0.9790881276130676
6539.32659375	0.9788085222244263
6539.4008125	0.9783920645713806
6539.47503125	0.9788102507591248
6539.54925	0.9816502928733826
6539.62346875	0.9868793487548828
6539.6976875	0.9913874268531799
6539.77190625	0.990114688873291
6539.846125	0.9822742342948914
6539.92034375	0.9723788499832153
6539.9945625	0.9649465084075928
6540.06878125	0.9618650078773499
6540.143	0.9629644155502319
6540.21721875	0.9664117097854614
6540.2914375	0.9693297743797302
6540.36565625	0.9704887270927429
6540.439875	0.9705506563186646
6540.51409375	0.9703285694122314
6540.5883125	0.9698913097381592
6540.66253125	0.9691866636276245
6540.73675	0.9682741165161133
6540.81096875	0.9677512645721436
6540.8851875	0.9684776067733765
6540.95940625	0.970695972442627
6541.033625	0.9742559194564819
6541.10784375	0.9776346683502197
6541.1820625	0.9782689809799194
6541.25628125	0.9755185842514038
6541.3305	0.9711270332336426
6541.40471875	0.9674849510192871
6541.4789375	0.9653411507606506
6541.55315625	0.9634264707565308
6541.627375	0.9604446887969971
6541.70159375	0.9560747146606445
6541.7758125	0.9508118629455566
6541.85003125	0.944952666759491
6541.92425	0.9393214583396912
6541.99846875	0.935157835483551
6542.0726875	0.931889533996582
6542.14690625	0.9278266429901123
6542.221125	0.923157811164856
6542.29534375	0.9196565747261047
6542.3695625	0.91964191198349
6542.44378125	0.9245496988296509
6542.518	0.9328672885894775
6542.59221875	0.9408988356590271
6542.6664375	0.9448259472846985
6542.74065625	0.9433463215827942
6542.814875	0.9388104677200317
6542.88909375	0.9352417588233948
6542.9633125	0.9350990056991577
6543.03753125	0.9379822015762329
6543.11175	0.9413244128227234
6543.18596875	0.9419699311256409
6543.2601875	0.9386866092681885
6543.33440625	0.9308844804763794
6543.408625	0.9183915853500366
6543.48284375	0.9045353531837463
6543.5570625	0.8920788168907166
6543.63128125	0.8812747001647949
6543.7055	0.8738017082214355
6543.77971875	0.8730547428131104
6543.8539375	0.8796538710594177
6543.92815625	0.8909260034561157
6544.002375	0.9038048386573792
6544.07659375	0.9144473075866699
6544.1508125	0.9219611883163452
6544.22503125	0.9298263788223267
6544.29925	0.9388794302940369
6544.37346875	0.9461280703544617
6544.4476875	0.9484066963195801
6544.52190625	0.9458674192428589
6544.596125	0.9428399801254272
6544.67034375	0.943293035030365
6544.7445625	0.9475063681602478
6544.81878125	0.9522654414176941
6544.893	0.9546030163764954
6544.96721875	0.9543744921684265
6545.0414375	0.9525086283683777
6545.11565625	0.9499196410179138
6545.189875	0.9473611116409302
6545.26409375	0.9453961253166199
6545.3383125	0.9437280893325806
6545.41253125	0.9408152103424072
6545.48675	0.9365561008453369
6545.56096875	0.9332810044288635
6545.6351875	0.9328624606132507
6545.70940625	0.934992790222168
6545.783625	0.9379116296768188
6545.85784375	0.9399620890617371
6545.9320625	0.9422706365585327
6546.00628125	0.9466907382011414
6546.0805	0.9520576000213623
6546.15471875	0.9558873176574707
6546.2289375	0.9558027982711792
6546.30315625	0.950991690158844
6546.377375	0.9434873461723328
6546.45159375	0.9366718530654907
6546.5258125	0.9327573180198669
6546.60003125	0.9316381812095642
6546.67425	0.9328061938285828
6546.74846875	0.935692548751831
6546.8226875	0.9391576647758484
6546.89690625	0.9423159956932068
6546.971125	0.9448851346969604
6547.04534375	0.9459285736083984
6547.1195625	0.9432759881019592
6547.19378125	0.9361271262168884
6547.268	0.9267275929450989
6547.34221875	0.9183067679405212
6547.4164375	0.9132359623908997
6547.49065625	0.912916898727417
6547.564875	0.916516900062561
6547.63909375	0.9218695163726807
6547.7133125	0.9278547167778015
6547.78753125	0.9334509968757629
6547.86175	0.9370031356811523
6547.93596875	0.93687903881073
6548.0101875	0.9321327805519104
6548.08440625	0.9231222867965698
6548.158625	0.9110738039016724
6548.23284375	0.8979907631874084
6548.3070625	0.8859584927558899
6548.38128125	0.8775816559791565
6548.4555	0.873940110206604
6548.52971875	0.8754941821098328
6548.6039375	0.8838643431663513
6548.67815625	0.898251473903656
6548.752375	0.9139949083328247
6548.82659375	0.9259485602378845
6548.9008125	0.9334604144096375
6548.97503125	0.9386036992073059
6549.04925	0.9426048398017883
6549.12346875	0.9448971748352051
6549.1976875	0.9444776177406311
6549.27190625	0.9420002102851868
6549.346125	0.939628005027771
6549.42034375	0.9393620491027832
6549.4945625	0.9408915638923645
6549.56878125	0.9433708786964417
6549.643	0.9464437961578369
6549.71721875	0.9496749043464661
6549.7914375	0.9535942077636719
6549.86565625	0.957963228225708
6549.939875	0.961247444152832
6550.01409375	0.9616435766220093
6550.0883125	0.9592429995536804
6550.16253125	0.9561449289321899
6550.23675	0.953639805316925
6550.31096875	0.9516622424125671
6550.3851875	0.9484433531761169
6550.45940625	0.9431754350662231
6550.533625	0.9376037120819092
6550.60784375	0.9343464970588684
6550.6820625	0.9350799918174744
6550.75628125	0.9384849071502686
6550.8305	0.9419952034950256
6550.90471875	0.9445797204971313
6550.9789375	0.9460353255271912
6551.05315625	0.9459609389305115
6551.127375	0.9446237683296204
6551.20159375	0.9440434575080872
6551.2758125	0.9467676281929016
6551.35003125	0.9527193903923035
6551.42425	0.9587754011154175
6551.49846875	0.9607521891593933
6551.5726875	0.9575914144515991
6551.64690625	0.9517746567726135
6551.721125	0.9469330906867981
6551.79534375	0.9457223415374756
6551.8695625	0.9479973316192627
6551.94378125	0.9509246349334717
6552.018	0.9503642916679382
6552.09221875	0.942184329032898
6552.1664375	0.9258909821510315
6552.24065625	0.9075037240982056
6552.314875	0.8947033286094666
6552.38909375	0.8906069397926331
6552.4633125	0.8929119110107422
6552.53753125	0.8984021544456482
6552.61175	0.905181348323822
6552.68596875	0.9129406213760376
6552.7601875	0.9225916266441345
6552.83440625	0.9337994456291199
6552.908625	0.945159375667572
6552.98284375	0.9548631906509399
6553.0570625	0.961585521697998
6553.13128125	0.9662405252456665
6553.2055	0.9701113700866699
6553.27971875	0.970795750617981
6553.3539375	0.9650764465332031
6553.42815625	0.9556390047073364
6553.502375	0.9495388269424438
6553.57659375	0.9506092071533203
6553.6508125	0.956807017326355
6553.72503125	0.9639792442321777
6553.79925	0.9694815278053284
6553.87346875	0.9719914793968201
6553.9476875	0.9718257784843445
6554.02190625	0.971113920211792
6554.096125	0.9721686244010925
6554.17034375	0.9763692617416382
6554.2445625	0.9835024476051331
6554.31878125	0.9916081428527832
6554.393	0.9981971979141235
6554.46721875	1.001351237297058
6554.5414375	1.0009486675262451
6554.61565625	0.9986542463302612
6554.689875	0.9963647127151489
6554.76409375	0.9952573180198669
6554.8383125	0.9964901208877563
6554.91253125	1.0008397102355957
6554.98675	1.0075346231460571
6555.06096875	1.015545129776001
6555.1351875	1.0241379737854004
6555.20940625	1.0319849252700806
6555.283625	1.0383398532867432
6555.35784375	1.0436354875564575
6555.4320625	1.0482083559036255
6555.50628125	1.052430272102356
6555.5805	1.0579968690872192
6555.65471875	1.0675077438354492
6555.7289375	1.0804545879364014
6555.80315625	1.0934480428695679
6555.877375	1.1033458709716797
6555.95159375	1.1095454692840576
6556.0258125	1.112812876701355
6556.10003125	1.1141936779022217
6556.17425	1.1153771877288818
6556.24846875	1.1178070306777954
6556.3226875	1.1212830543518066
6556.39690625	1.1240876913070679
6556.471125	1.1256818771362305
6556.54534375	1.127368450164795
6556.6195625	1.1299355030059814
6556.69378125	1.1333011388778687
6556.768	1.1381030082702637
6556.84221875	1.143813133239746
6556.9164375	1.149322748184204
6556.99065625	1.1556779146194458
6557.064875	1.1648523807525635
6557.13909375	1.176986813545227
6557.2133125	1.1904466152191162
6557.28753125	1.2041057348251343
6557.36175	1.2175289392471313
6557.43596875	1.2314634323120117
6557.5101875	1.2466118335723877
6557.58440625	1.2617225646972656
6557.658625	1.2741419076919556
6557.73284375	1.2824212312698364
6557.8070625	1.289293646812439
6557.88128125	1.2988404035568237
6557.9555	1.314407467842102
6558.02971875	1.3366996049880981
6558.1039375	1.3632092475891113
6558.17815625	1.3906854391098022
6558.252375	1.4177219867706299
6558.32659375	1.44585382938385
6558.4008125	1.475024700164795
6558.47503125	1.5028454065322876
6558.54925	1.528741717338562
6558.62346875	1.5549436807632446
6558.6976875	1.5835261344909668
6558.77190625	1.6142464876174927
6558.846125	1.6447062492370605
6558.92034375	1.6729329824447632
6558.9945625	1.698891282081604
6559.06878125	1.7253414392471313
6559.143	1.7564507722854614
6559.21721875	1.7937718629837036
6559.2914375	1.8359413146972656
6559.36565625	1.879485011100769
6559.439875	1.9213787317276
6559.51409375	1.9615708589553833
6559.5883125	2.0013015270233154
6559.66253125	2.0423355102539062
6559.73675	2.0860602855682373
6559.81096875	2.131626605987549
6559.8851875	2.176724433898926
6559.95940625	2.219012975692749
6560.033625	2.2588067054748535
6560.10784375	2.296097755432129
6560.1820625	2.3301215171813965
6560.25628125	2.361001491546631
6560.3305	2.389075517654419
6560.40471875	2.4126381874084473
6560.4789375	2.4297127723693848
6560.55315625	2.438859462738037
6560.627375	2.4390370845794678
6560.70159375	2.433406352996826
6560.7758125	2.4284088611602783
6560.85003125	2.4273452758789062
6560.92425	2.428239345550537
6560.99846875	2.4297807216644287
6561.0726875	2.4317314624786377
6561.14690625	2.434614419937134
6561.221125	2.439434766769409
6561.29534375	2.4440290927886963
6561.3695625	2.4429047107696533
6561.44378125	2.431004762649536
6561.518	2.407355785369873
6561.59221875	2.373194456100464
6561.6664375	2.3289363384246826
6561.74065625	2.2744975090026855
6561.814875	2.2101776599884033
6561.88909375	2.138751983642578
6561.9633125	2.064565658569336
6562.03753125	1.990471363067627
6562.11175	1.9163957834243774
6562.18596875	1.8414312601089478
6562.2601875	1.7671750783920288
6562.33440625	1.693784475326538
6562.408625	1.6191281080245972
6562.48284375	1.5424076318740845
6562.5570625	1.465890884399414
6562.63128125	1.3943393230438232
6562.7055	1.3292585611343384
6562.77971875	1.2688132524490356
6562.8539375	1.2107274532318115
6562.92815625	1.153696894645691
6563.002375	1.0983577966690063
6563.07659375	1.046707034111023
6563.1508125	1.0018603801727295
6563.22503125	0.966489851474762
6563.29925	0.9423301815986633
6563.37346875	0.9295068383216858
6563.4476875	0.926099956035614
6563.52190625	0.9293574094772339
6563.596125	0.9387898445129395
6563.67034375	0.955769419670105
6563.7445625	0.982342004776001
6563.81878125	1.0220586061477661
6563.893	1.0768846273422241
6563.96721875	1.144463300704956
6564.0414375	1.221723198890686
6564.11565625	1.3092856407165527
6564.189875	1.4072637557983398
6564.26409375	1.5083050727844238
6564.3383125	1.6036725044250488
6564.41253125	1.6904410123825073
6564.48675	1.7707880735397339
6564.56096875	1.8457688093185425
6564.6351875	1.9155739545822144
6564.70940625	1.9826573133468628
6564.783625	2.048879623413086
6564.85784375	2.112758159637451
6564.9320625	2.1709060668945312
6565.00628125	2.2210559844970703
6565.0805	2.261993885040283
6565.15471875	2.2958836555480957
6565.2289375	2.3293285369873047
6565.30315625	2.36763596534729
6565.377375	2.409547805786133
6565.45159375	2.4513769149780273
6565.5258125	2.4916398525238037
6565.60003125	2.5313820838928223
6565.67425	2.5720713138580322
6565.74846875	2.6120827198028564
6565.8226875	2.648346185684204
6565.89690625	2.6783177852630615
6565.971125	2.699281930923462
6566.04534375	2.708623170852661
6566.1195625	2.7036335468292236
6566.19378125	2.683544635772705
6566.268	2.651937246322632
6566.34221875	2.6128416061401367
6566.4164375	2.5687766075134277
6566.49065625	2.520413637161255
6566.564875	2.4698829650878906
6566.63909375	2.419771432876587
6566.7133125	2.372150182723999
6566.78753125	2.3263893127441406
6566.86175	2.279886245727539
6566.93596875	2.2320194244384766
6567.0101875	2.18229603767395
6567.08440625	2.1292500495910645
6567.158625	2.073485851287842
6567.23284375	2.017890214920044
6567.3070625	1.9657611846923828
6567.38128125	1.9181456565856934
6567.4555	1.8754096031188965
6567.52971875	1.8358501195907593
6567.6039375	1.7965209484100342
6567.67815625	1.7565706968307495
6567.752375	1.7170599699020386
6567.82659375	1.6795178651809692
6567.9008125	1.644441843032837
6567.97503125	1.61222243309021
6568.04925	1.5824507474899292
6568.12346875	1.553881049156189
6568.1976875	1.5258876085281372
6568.27190625	1.4980117082595825
6568.346125	1.469171166419983
6568.42034375	1.4390907287597656
6568.4945625	1.408374547958374
6568.56878125	1.3772132396697998
6568.643	1.347869873046875
6568.71721875	1.324292540550232
6568.7914375	1.307802677154541
6568.86565625	1.296037197113037
6568.939875	1.2870820760726929
6569.01409375	1.2791836261749268
6569.0883125	1.2698532342910767
6569.16253125	1.2586781978607178
6569.23675	1.2467072010040283
6569.31096875	1.2340388298034668
6569.3851875	1.2209159135818481
6569.45940625	1.2095221281051636
6569.533625	1.2006633281707764
6569.60784375	1.19294011592865
6569.6820625	1.1853916645050049
6569.75628125	1.1785670518875122
6569.8305	1.1719048023223877
6569.90471875	1.1638811826705933
6569.9789375	1.1544827222824097
6570.05315625	1.1455391645431519
6570.127375	1.1392219066619873
6570.20159375	1.1343435049057007
6570.2758125	1.1273492574691772
6570.35003125	1.1161757707595825
6570.42425	1.1018965244293213
6570.49846875	1.087714672088623
6570.5726875	1.0755807161331177
6570.64690625	1.065827488899231
6570.721125	1.0576239824295044
6570.79534375	1.050161600112915
6570.8695625	1.0431702136993408
6570.94378125	1.0366350412368774
6571.018	1.0311216115951538
6571.09221875	1.0273189544677734
6571.1664375	1.025840163230896
6571.24065625	1.0249215364456177
6571.314875	1.0218533277511597
6571.38909375	1.0147535800933838
6571.4633125	1.001364827156067
6571.53753125	0.9826132655143738
6571.61175	0.9645783305168152
6571.68596875	0.9537126421928406
6571.7601875	0.9512993693351746
6571.83440625	0.9537620544433594
6571.908625	0.9578649997711182
6571.98284375	0.9605161547660828
6572.0570625	0.9598919153213501
6572.13128125	0.9567943811416626
6572.2055	0.9534599781036377
6572.27971875	0.9526646137237549
6572.3539375	0.9552363753318787
6572.42815625	0.9602159857749939
6572.502375	0.9655683636665344
6572.57659375	0.9683083295822144
6572.6508125	0.9672724008560181
6572.72503125	0.9641971588134766
6572.79925	0.9614354372024536
6572.87346875	0.960319459438324
6572.9476875	0.960197389125824
6573.02190625	0.9598125219345093
6573.096125	0.9585988521575928
6573.17034375	0.9576091766357422
6573.2445625	0.9583195447921753
6573.31878125	0.9595434665679932
6573.393	0.9599179029464722
6573.46721875	0.9598028659820557
6573.5414375	0.9597941637039185
6573.61565625	0.960145890712738
6573.689875	0.9611914157867432
6573.76409375	0.9624260067939758
6573.8383125	0.9625690579414368
6573.91253125	0.9605282545089722
6573.98675	0.9567881226539612
6574.06096875	0.9512589573860168
6574.1351875	0.9431986808776855
6574.20940625	0.9335813522338867
6574.283625	0.9243264198303223
6574.35784375	0.9158483147621155
6574.4320625	0.9061232805252075
6574.50628125	0.8951584696769714
6574.5805	0.8860859274864197
6574.65471875	0.881250262260437
6574.7289375	0.8816071152687073
6574.80315625	0.8867595195770264
6574.877375	0.8939804434776306
6574.95159375	0.9006143808364868
6575.0258125	0.90617436170578
6575.10003125	0.9113098978996277
6575.17425	0.9164379835128784
6575.24846875	0.9216412305831909
6575.3226875	0.9270526170730591
6575.39690625	0.9324635863304138
6575.471125	0.9368365406990051
6575.54534375	0.9375230669975281
6575.6195625	0.933785617351532
6575.69378125	0.9294552803039551
6575.768	0.9290220141410828
6575.84221875	0.9333885312080383
6575.9164375	0.9395332336425781
6575.99065625	0.9439489245414734
6576.064875	0.9450521469116211
6576.13909375	0.9442711472511292
6576.2133125	0.9444494843482971
6576.28753125	0.9470012187957764
6576.36175	0.9510910511016846
6576.43596875	0.9544367790222168
6576.5101875	0.9562461376190186
6576.58440625	0.9580075740814209
6576.658625	0.9602267742156982
6576.73284375	0.9609042406082153
6576.8070625	0.958757221698761
6576.88128125	0.9553714394569397
6576.9555	0.9523190855979919
6577.02971875	0.9485325217247009
6577.1039375	0.9425720572471619
6577.17815625	0.9361806511878967
6577.252375	0.9331184029579163
6577.32659375	0.9345922470092773
6577.4008125	0.9389390349388123
6577.47503125	0.9446004629135132
6577.54925	0.9507912993431091
6577.62346875	0.956443727016449
6577.6976875	0.9605183601379395
6577.77190625	0.9637352824211121
6577.846125	0.9668050408363342
6577.92034375	0.9696740508079529
6577.9945625	0.9718548655509949
6578.06878125	0.9727302193641663
6578.143	0.9712823033332825
6578.21721875	0.9657180309295654
6578.2914375	0.9564425349235535
6578.36565625	0.947364330291748
6578.439875	0.9430943131446838
6578.51409375	0.9448394775390625
6578.5883125	0.9492157101631165
6578.66253125	0.9525221586227417
6578.73675	0.9527139067649841
6578.81096875	0.9505585432052612
6578.8851875	0.9484534859657288
6578.95940625	0.9484903812408447
6579.033625	0.9506273865699768
6579.10784375	0.9522908926010132
6579.1820625	0.951637327671051
6579.25628125	0.9488470554351807
6579.3305	0.9456459879875183
6579.40471875	0.9446668028831482
6579.4789375	0.9469946026802063
6579.55315625	0.9516616463661194
6579.627375	0.9562916159629822
6579.70159375	0.9576719403266907
6579.7758125	0.9540719389915466
6579.85003125	0.9478271007537842
6579.92425	0.9428596496582031
6579.99846875	0.9410077333450317
6580.0726875	0.941893458366394
6580.14690625	0.9443215131759644
6580.221125	0.9457011222839355
6580.29534375	0.9442741870880127
6580.3695625	0.9411740303039551
6580.44378125	0.9385889768600464
6580.518	0.9385479092597961
6580.59221875	0.9419249892234802
6580.6664375	0.9481633305549622
6580.74065625	0.9554129242897034
6580.814875	0.9624916911125183
6580.88909375	0.9698525667190552
6580.9633125	0.9764595031738281
6581.03753125	0.97917640209198
6581.11175	0.9767219424247742
6581.18596875	0.9716553092002869
6581.2601875	0.9670149087905884
6581.33440625	0.9643130302429199
6581.408625	0.9636081457138062
6581.48284375	0.9637845754623413
6581.5570625	0.9634608030319214
6581.63128125	0.9616888761520386
6581.7055	0.9593641757965088
6581.77971875	0.957889199256897
6581.8539375	0.9578301310539246
6581.92815625	0.9599801301956177
6582.002375	0.9650057554244995
6582.07659375	0.9720668792724609
6582.1508125	0.9787853956222534
6582.22503125	0.9822426438331604
6582.29925	0.9822672605514526
6582.37346875	0.9808138608932495
6582.4476875	0.9789226055145264
6582.52190625	0.9772230982780457
6582.596125	0.9763700366020203
6582.67034375	0.976837694644928
6582.7445625	0.9773218631744385
6582.81878125	0.9758692979812622
6582.893	0.9715951085090637
6582.96721875	0.9655241966247559
6583.0414375	0.960972785949707
6583.11565625	0.9597810506820679
6583.189875	0.9597227573394775
6583.26409375	0.9582087993621826
6583.3383125	0.9554949402809143
6583.41253125	0.9536306858062744
6583.48675	0.9541615843772888
6583.56096875	0.956596851348877
6583.6351875	0.9593490958213806
6583.70940625	0.9621670246124268
6583.783625	0.9659105539321899
6583.85784375	0.9704734683036804
6583.9320625	0.9747040867805481
6584.00628125	0.9776702523231506
6584.0805	0.9792793393135071
6584.15471875	0.9793304800987244
6584.2289375	0.9781563878059387
6584.30315625	0.9761610627174377
6584.377375	0.9738254547119141
6584.45159375	0.9724246859550476
6584.5258125	0.9723225831985474
6584.60003125	0.9729568362236023
6584.67425	0.973686695098877
6584.74846875	0.9742527008056641
6584.8226875	0.9741578698158264
6584.89690625	0.9718753695487976
6584.971125	0.9676426649093628
6585.04534375	0.9629987478256226
6585.1195625	0.9595898389816284
6585.19378125	0.9590840935707092
6585.268	0.9620426893234253
6585.34221875	0.9677635431289673
6585.4164375	0.973321259021759
6585.49065625	0.9759190082550049
6585.564875	0.9742052555084229
6585.63909375	0.9689680933952332
6585.7133125	0.9631568193435669
6585.78753125	0.9578112363815308
6585.86175	0.9532634019851685
6585.93596875	0.9500671029090881
6586.0101875	0.9471021890640259
6586.08440625	0.9426429271697998
6586.158625	0.9372541308403015
6586.23284375	0.9338392019271851
6586.3070625	0.9339510798454285
6586.38128125	0.9364830255508423
6586.4555	0.9397386908531189
6586.52971875	0.9425031542778015
6586.6039375	0.945091962814331
6586.67815625	0.9490681290626526
6586.752375	0.9547033309936523
6586.82659375	0.960697591304779
6586.9008125	0.9647989273071289
6586.97503125	0.9663753509521484
6587.04925	0.9670037627220154
6587.12346875	0.9679233431816101
6587.1976875	0.970203697681427
6587.27190625	0.9743550419807434
6587.346125	0.9795774221420288
6587.42034375	0.9837449789047241
6587.4945625	0.985575795173645
6587.56878125	0.9849057197570801
6587.643	0.9815179109573364
6587.71721875	0.9765818119049072
6587.7914375	0.9721953868865967
6587.86565625	0.9702590107917786
6587.939875	0.9708868265151978
6588.01409375	0.9722340703010559
6588.0883125	0.972736120223999
6588.16253125	0.9723666310310364
6588.23675	0.9724068641662598
6588.31096875	0.9730443954467773
6588.3851875	0.9733485579490662
6588.45940625	0.9737344980239868
6588.533625	0.9753579497337341
6588.60784375	0.9780414700508118
6588.6820625	0.9799368977546692
6588.75628125	0.9801028966903687
6588.8305	0.9792120456695557
6588.90471875	0.9777889847755432
6588.9789375	0.976317286491394
6589.05315625	0.9751134514808655
6589.127375	0.9749987125396729
6589.20159375	0.9765211939811707
6589.2758125	0.9790448546409607
6589.35003125	0.9814696311950684
6589.42425	0.9817973375320435
6589.49846875	0.979077935218811
6589.5726875	0.9751109480857849
6589.64690625	0.9722854495048523
6589.721125	0.9709662199020386
6589.79534375	0.9702757596969604
6589.8695625	0.9695426225662231
6589.94378125	0.968553900718689
6590.018	0.9680628776550293
6590.09221875	0.9687706232070923
6590.1664375	0.9708219766616821
6590.24065625	0.9740713238716125
6590.314875	0.9771877527236938
6590.38909375	0.9783700704574585
6590.4633125	0.9772287011146545
6590.53753125	0.974947452545166
6590.61175	0.9736251831054688
6590.68596875	0.9748513102531433
6590.7601875	0.978485643863678
6590.83440625	0.9825569987297058
6590.908625	0.9845257997512817
6590.98284375	0.9831520915031433
6591.0570625	0.9792206287384033
6591.13128125	0.9743493795394897
6591.2055	0.9692785143852234
6591.27971875	0.965557336807251
6591.3539375	0.9653914570808411
6591.42815625	0.968699038028717
6591.502375	0.9724224805831909
6591.57659375	0.9740409851074219
6591.6508125	0.973940908908844
6591.72503125	0.973899781703949
6591.79925	0.9742729663848877
6591.87346875	0.9737892746925354
6591.9476875	0.9711045026779175
6592.02190625	0.966941773891449
6592.096125	0.9640041589736938
6592.17034375	0.9648257493972778
6592.2445625	0.9692009091377258
6592.31878125	0.9738666415214539
6592.393	0.9759467244148254
6592.46721875	0.9745986461639404
6592.5414375	0.9704893231391907
6592.61565625	0.9640398621559143
6592.689875	0.956558108329773
6592.76409375	0.9512622356414795
6592.8383125	0.9495625495910645
6592.91253125	0.9508490562438965
6592.98675	0.9541801810264587
6593.06096875	0.9579928517341614
6593.1351875	0.9601749181747437
6593.20940625	0.9594395756721497
6593.283625	0.957385778427124
6593.35784375	0.956030011177063
6593.4320625	0.9562199711799622
6593.50628125	0.9574859142303467
6593.5805	0.9587440490722656
6593.65471875	0.9599674344062805
6593.7289375	0.9606035947799683
6593.80315625	0.9596706628799438
6593.877375	0.9574000835418701
6593.95159375	0.955382764339447
6594.0258125	0.9548529386520386
6594.10003125	0.9558537006378174
6594.17425	0.9581394791603088
6594.24846875	0.9601311683654785
6594.3226875	0.9606030583381653
6594.39690625	0.9609991908073425
6594.471125	0.9636353850364685
6594.54534375	0.9690089225769043
6594.6195625	0.9750413298606873
6594.69378125	0.9789795875549316
6594.768	0.979154109954834
6594.84221875	0.9757575392723083
6594.9164375	0.970759391784668
6594.99065625	0.9671369194984436
6595.064875	0.9665743112564087
6595.13909375	0.968339204788208
6595.2133125	0.971221387386322
6595.28753125	0.975231409072876
6595.36175	0.9802214503288269
6595.43596875	0.9849721193313599
6595.5101875	0.9881448745727539
6595.58440625	0.9879114031791687
6595.658625	0.9845536947250366
6595.73284375	0.9809393286705017
6595.8070625	0.978606104850769
6595.88128125	0.9762054085731506
6595.9555	0.9726077914237976
6596.02971875	0.9685059785842896
6596.1039375	0.9654836058616638
6596.17815625	0.9648010730743408
6596.252375	0.9668386578559875
6596.32659375	0.9700974822044373
6596.4008125	0.9727699756622314
6596.47503125	0.9743084907531738
6596.54925	0.9749628901481628
6596.62346875	0.9754239916801453
6596.6976875	0.9754801392555237
6596.77190625	0.974616289138794
6596.846125	0.9736889600753784
6596.92034375	0.9736618995666504
6596.9945625	0.9744455814361572
6597.06878125	0.9753726124763489
6597.143	0.9750064611434937
6597.21721875	0.9711514711380005
6597.2914375	0.964097797870636
6597.36565625	0.9578993320465088
6597.439875	0.9556953310966492
6597.51409375	0.9578745365142822
6597.5883125	0.9628249406814575
6597.66253125	0.9680372476577759
6597.73675	0.9705381989479065
6597.81096875	0.9693369269371033
6597.8851875	0.9665955305099487
6597.95940625	0.9650307297706604
6598.033625	0.9659140706062317
6598.10784375	0.9682415127754211
6598.1820625	0.9707387089729309
6598.25628125	0.9724658727645874
6598.3305	0.9722816944122314
6598.40471875	0.9700853228569031
6598.4789375	0.966899037361145
6598.55315625	0.9645431637763977
6598.627375	0.9640894532203674
6598.70159375	0.9648962616920471
6598.7758125	0.9657676219940186
6598.85003125	0.9659116268157959
6598.92425	0.9646525382995605
6598.99846875	0.9617193937301636
6599.0726875	0.9585326910018921
6599.14690625	0.9570227265357971
6599.221125	0.9575504064559937
6599.29534375	0.958806574344635
6599.3695625	0.9591471552848816
6599.44378125	0.9585000276565552
6599.518	0.9576993584632874
6599.59221875	0.9573240280151367
6599.6664375	0.9581390619277954
6599.74065625	0.9604266881942749
6599.814875	0.9631183743476868
6599.88909375	0.9642393589019775
6599.9633125	0.9639499187469482
6600.03753125	0.9648194313049316
6600.11175	0.969146192073822
6600.18596875	0.976438045501709
6600.2601875	0.9832070469856262
6600.33440625	0.9854239821434021
6600.408625	0.9805555939674377
6600.48284375	0.9697325825691223
6600.5570625	0.9577555060386658
6600.63128125	0.9506025314331055
6600.7055	0.949935257434845
6600.77971875	0.9531470537185669
6600.8539375	0.958126425743103
6600.92815625	0.9636714458465576
6601.002375	0.9694493412971497
6601.07659375	0.9748919010162354
6601.1508125	0.9795843958854675
6601.22503125	0.9832582473754883
6601.29925	0.9839750528335571
6601.37346875	0.9808926582336426
6601.4476875	0.9753416180610657
6601.52190625	0.9690878987312317
6601.596125	0.9633740186691284
6601.67034375	0.9594709873199463
6601.7445625	0.957956075668335
6601.81878125	0.9574192762374878
6601.893	0.9564998745918274
6601.96721875	0.9558631181716919
6602.0414375	0.9558667540550232
6602.11565625	0.9563329219818115
6602.189875	0.9581806659698486
6602.26409375	0.9621824026107788
6602.3383125	0.9663727283477783
6602.41253125	0.9683777689933777
6602.48675	0.9682077765464783
6602.56096875	0.9659501314163208
6602.6351875	0.9622659087181091
6602.70940625	0.9600003361701965
6602.783625	0.9610196352005005
6602.85784375	0.9643497467041016
6602.9320625	0.9683012366294861
6603.00628125	0.9716723561286926
6603.0805	0.973692774772644
6603.15471875	0.9751768112182617
6603.2289375	0.977344810962677
6603.30315625	0.9793501496315002
6603.377375	0.9794710278511047
6603.45159375	0.976965606212616
6603.5258125	0.9727672338485718
6603.60003125	0.9693969488143921
6603.67425	0.9686608910560608
6603.74846875	0.9701854586601257
6603.8226875	0.972456693649292
6603.89690625	0.973160982131958
6603.971125	0.9713902473449707
6604.04534375	0.9685452580451965
6604.1195625	0.9651395678520203
6604.19378125	0.9610484838485718
6604.268	0.9568181037902832
6604.34221875	0.9520396590232849
6604.4164375	0.9462268352508545
6604.49065625	0.9396352767944336
6604.564875	0.932905912399292
6604.63909375	0.9262201189994812
6604.7133125	0.920405387878418
6604.78753125	0.9157152771949768
6604.86175	0.9120853543281555
6604.93596875	0.9100595116615295
6605.0101875	0.9106377959251404
6605.08440625	0.9142528772354126
6605.158625	0.9188902974128723
6605.23284375	0.9217525720596313
6605.3070625	0.9220905303955078
6605.38128125	0.9219231605529785
6605.4555	0.9227463006973267
6605.52971875	0.9247955679893494
6605.6039375	0.92804354429245
6605.67815625	0.9313719868659973
6605.752375	0.9339647889137268
6605.82659375	0.9356507658958435
6605.9008125	0.9368990063667297
6605.97503125	0.9381628632545471
6606.04925	0.9390175938606262
6606.12346875	0.9389061331748962
6606.1976875	0.9364698529243469
6606.27190625	0.9307681918144226
6606.346125	0.9248402714729309
6606.42034375	0.9230388402938843
6606.4945625	0.9260997772216797
6606.56878125	0.9313871264457703
6606.643	0.9362173080444336
6606.71721875	0.9397183656692505
6606.7914375	0.9432331323623657
6606.86565625	0.9484152793884277
6606.939875	0.9545834064483643
6607.01409375	0.9594122171401978
6607.0883125	0.959774911403656
6607.16253125	0.9546830654144287
6607.23675	0.9481735825538635
6607.31096875	0.9461824297904968
6607.3851875	0.9505320191383362
6607.45940625	0.9582818746566772
6607.533625	0.9660900831222534
6607.60784375	0.9709341526031494
6607.6820625	0.9711318612098694
6607.75628125	0.9676388502120972
6607.8305	0.9632057547569275
6607.90471875	0.9609225988388062
6607.9789375	0.9618924260139465
6608.05315625	0.9643392562866211
6608.127375	0.9658544063568115
6608.20159375	0.9655672907829285
6608.2758125	0.9642558097839355
6608.35003125	0.9628037214279175
6608.42425	0.9613983035087585
6608.49846875	0.9595052599906921
6608.5726875	0.9557674527168274
6608.64690625	0.9498639106750488
6608.721125	0.9435268044471741
6608.79534375	0.9393573999404907
6608.8695625	0.9389612078666687
6608.94378125	0.9411651492118835
6609.018	0.9435069561004639
6609.09221875	0.9451842308044434
6609.1664375	0.9473640322685242
6609.24065625	0.9502683281898499
6609.314875	0.9531628489494324
6609.38909375	0.9563021063804626
6609.4633125	0.9611375331878662
6609.53753125	0.9673388600349426
6609.61175	0.9723687767982483
6609.68596875	0.9736924171447754
6609.7601875	0.9702698588371277
6609.83440625	0.963428795337677
6609.908625	0.9569382071495056
6609.98284375	0.9546481966972351
6610.0570625	0.9572321772575378
6610.13128125	0.9620328545570374
6610.2055	0.9654092192649841
6610.27971875	0.9656491279602051
6610.3539375	0.9647344350814819
6610.42815625	0.9644578695297241
6610.502375	0.9646003246307373
6610.57659375	0.9653807282447815
6610.6508125	0.9670150876045227
6610.72503125	0.9679996967315674
6610.79925	0.9670835137367249
6610.87346875	0.9639797806739807
6610.9476875	0.959328830242157
6611.02190625	0.9550434947013855
6611.096125	0.9525020122528076
6611.17034375	0.951153576374054
6611.2445625	0.9498428106307983
6611.31878125	0.9480528831481934
6611.393	0.946160614490509
6611.46721875	0.9461027383804321
6611.5414375	0.9493032693862915
6611.61565625	0.9542239308357239
6611.689875	0.9584212303161621
6611.76409375	0.9605790972709656
6611.8383125	0.9603915810585022
6611.91253125	0.958503246307373
6611.98675	0.956203281879425
6612.06096875	0.956391453742981
6612.1351875	0.9607022404670715
6612.20940625	0.9658480882644653
6612.283625	0.9672790765762329
6612.35784375	0.9652765393257141
6612.4320625	0.9627324342727661
6612.50628125	0.9597200155258179
6612.5805	0.9559438824653625
6612.65471875	0.9530965685844421
6612.7289375	0.9520361423492432
6612.80315625	0.9522755742073059
6612.877375	0.9528884291648865
6612.95159375	0.9517714381217957
6613.0258125	0.94850093126297
6613.10003125	0.9455676674842834
6613.17425	0.9456421136856079
6613.24846875	0.9491396546363831
6613.3226875	0.954647421836853
6613.39690625	0.9600443243980408
6613.471125	0.9634835720062256
6613.54534375	0.96416175365448
6613.6195625	0.9624401926994324
6613.69378125	0.9600206017494202
6613.768	0.9601839780807495
6613.84221875	0.9642696976661682
6613.9164375	0.9702780246734619
6613.99065625	0.9752377867698669
6614.064875	0.9766927361488342
6614.13909375	0.9741106629371643
6614.2133125	0.9692350625991821
6614.28753125	0.9647859334945679
6614.36175	0.962596595287323
6614.43596875	0.9624645709991455
6614.5101875	0.9627587199211121
6614.58440625	0.962375283241272
6614.658625	0.9613093733787537
6614.73284375	0.9602473378181458
6614.8070625	0.9593358039855957
6614.88128125	0.9583064913749695
6614.9555	0.9574666023254395
6615.02971875	0.9569465517997742
6615.1039375	0.9564035534858704
6615.17815625	0.9556757807731628
6615.252375	0.9558106660842896
6615.32659375	0.9573184847831726
6615.4008125	0.9586964249610901
6615.47503125	0.9581782221794128
6615.54925	0.9555776119232178
6615.62346875	0.9523690342903137
6615.6976875	0.950027585029602
6615.77190625	0.9488685727119446
6615.846125	0.9480348825454712
6615.92034375	0.9461935758590698
6615.9945625	0.9433383941650391
6616.06878125	0.9412400722503662
6616.143	0.9406898617744446
6616.21721875	0.9407176375389099
6616.2914375	0.9402597546577454
6616.36565625	0.9387664794921875
6616.439875	0.9366445541381836
6616.51409375	0.934807300567627
6616.5883125	0.9340183734893799
6616.66253125	0.9338531494140625
6616.73675	0.9334983825683594
6616.81096875	0.9325536489486694
6616.8851875	0.9311923980712891
6616.95940625	0.9301124215126038
6617.033625	0.9301167130470276
6617.10784375	0.9315468668937683
6617.1820625	0.9342175722122192
6617.25628125	0.9378254413604736
6617.3305	0.9422410130500793
6617.40471875	0.9467328786849976
6617.4789375	0.9497564435005188
6617.55315625	0.9504624009132385
6617.627375	0.9488252997398376
6617.70159375	0.9450370669364929
6617.7758125	0.9398576021194458
6617.85003125	0.9347220063209534
6617.92425	0.9311671853065491
6617.99846875	0.9302563071250916
6618.0726875	0.9313563704490662
6618.14690625	0.9322446584701538
6618.221125	0.9315889477729797
6618.29534375	0.9296523332595825
6618.3695625	0.9277157187461853
6618.44378125	0.9280176162719727
6618.518	0.9312238693237305
6618.59221875	0.935547947883606
6618.6664375	0.9384934306144714
6618.74065625	0.9393473863601685
6618.814875	0.9397684931755066
6618.88909375	0.9409090280532837
6618.9633125	0.9415752291679382
6619.03753125	0.9388086199760437
6619.11175	0.9332392811775208
6619.18596875	0.9290608167648315
6619.2601875	0.9285115003585815
6619.33440625	0.9299312233924866
6619.408625	0.9308133125305176
6619.48284375	0.9307544827461243
6619.5570625	0.9302440285682678
6619.63128125	0.9291699528694153
6619.7055	0.9273341298103333
6619.77971875	0.9257972240447998
6619.8539375	0.9258773922920227
6619.92815625	0.9269726872444153
6620.002375	0.9281353950500488
6620.07659375	0.9294312596321106
6620.1508125	0.9314010143280029
6620.22503125	0.9330934286117554
6620.29925	0.9325697422027588
6620.37346875	0.9297184944152832
6620.4476875	0.9266573190689087
6620.52190625	0.9259883761405945
6620.596125	0.929155170917511
6620.67034375	0.9350157380104065
6620.7445625	0.939428985118866
6620.81878125	0.938346803188324
6620.893	0.9326686263084412
6620.96721875	0.9271069765090942
6621.0414375	0.9251980781555176
6621.11565625	0.9270633459091187
6621.189875	0.9307365417480469
6621.26409375	0.9339326024055481
6621.3383125	0.9355754256248474
6621.41253125	0.9358590245246887
6621.48675	0.9351751804351807
6621.56096875	0.9340085387229919
6621.6351875	0.9328968524932861
6621.70940625	0.9319103956222534
6621.783625	0.9305325150489807
6621.85784375	0.9285222887992859
6621.9320625	0.9256746768951416
6622.00628125	0.9210096001625061
6622.0805	0.9147274494171143
6622.15471875	0.9097109436988831
6622.2289375	0.9085279703140259
6622.30315625	0.9111573696136475
6622.377375	0.9160627126693726
6622.45159375	0.9213762879371643
6622.5258125	0.9257075190544128
6622.60003125	0.9284433126449585
6622.67425	0.9298741221427917
6622.74846875	0.9308581352233887
6622.8226875	0.9321635961532593
6622.89690625	0.9335009455680847
6622.971125	0.9339967966079712
6623.04534375	0.932929277420044
6623.1195625	0.9298118352890015
6623.19378125	0.925777792930603
6623.268	0.9231581687927246
6623.34221875	0.9237568378448486
6623.4164375	0.9264675378799438
6623.49065625	0.9280508160591125
6623.564875	0.9273602366447449
6623.63909375	0.9257829785346985
6623.7133125	0.9251078367233276
6623.78753125	0.9261249303817749
6623.86175	0.9288122057914734
6623.93596875	0.9323019981384277
6624.0101875	0.9357113838195801
6624.08440625	0.9399983882904053
6624.158625	0.9455717206001282
6624.23284375	0.9500733017921448
6624.3070625	0.9520205855369568
6624.38128125	0.9515447020530701
6624.4555	0.9498765468597412
6624.52971875	0.9480520486831665
6624.6039375	0.9455993175506592
6624.67815625	0.9421728253364563
6624.752375	0.9382185935974121
6624.82659375	0.9355383515357971
6624.9008125	0.9358184337615967
6624.97503125	0.9383741021156311
6625.04925	0.9403715133666992
6625.12346875	0.9388933181762695
6625.1976875	0.9339901208877563
6625.27190625	0.9273239374160767
6625.346125	0.9209439754486084
6625.42034375	0.9171501994132996
6625.4945625	0.915902853012085
6625.56878125	0.9153225421905518
6625.643	0.914519727230072
6625.71721875	0.9139053225517273
6625.7914375	0.9134558439254761
6625.86565625	0.9128170013427734
6625.939875	0.9123735427856445
6626.01409375	0.9125391840934753
6626.0883125	0.9130823016166687
6626.16253125	0.9138461351394653
6626.23675	0.9145094156265259
6626.31096875	0.9150117039680481
6626.3851875	0.9161655306816101
6626.45940625	0.9182515144348145
6626.533625	0.9206658601760864
6626.60784375	0.9223709106445312
6626.6820625	0.9226508736610413
6626.75628125	0.9212214946746826
6626.8305	0.9175364971160889
6626.90471875	0.9101913571357727
6626.9789375	0.8991982340812683
6627.05315625	0.8872894048690796
6627.127375	0.8775145411491394
6627.20159375	0.8697681427001953
6627.2758125	0.8630250692367554
6627.35003125	0.8577582240104675
6627.42425	0.8549814224243164
6627.49846875	0.8547605276107788
6627.5726875	0.8563384413719177
6627.64690625	0.8589029312133789
6627.721125	0.8616317510604858
6627.79534375	0.8645725846290588
6627.8695625	0.8689016699790955
6627.94378125	0.8755328059196472
6628.018	0.8851192593574524
6628.09221875	0.8975735902786255
6628.1664375	0.911232054233551
6628.24065625	0.9239227175712585
6628.314875	0.9332680702209473
6628.38909375	0.9370075464248657
6628.4633125	0.9351128935813904
6628.53753125	0.9314910173416138
6628.61175	0.9288479685783386
6628.68596875	0.9270057678222656
6628.7601875	0.9258297681808472
6628.83440625	0.9256662130355835
6628.908625	0.9265811443328857
6628.98284375	0.9279612302780151
6629.0570625	0.9294204115867615
6629.13128125	0.9314064383506775
6629.2055	0.9344052672386169
6629.27971875	0.9381151795387268
6629.3539375	0.941580057144165
6629.42815625	0.9437791109085083
6629.502375	0.9441472887992859
6629.57659375	0.9432839155197144
6629.6508125	0.9422640204429626
6629.72503125	0.9413051009178162
6629.79925	0.9400104284286499
6629.87346875	0.9383691549301147
6629.9476875	0.9362850189208984
6630.02190625	0.9342406988143921
6630.096125	0.9329077005386353
6630.17034375	0.9319203495979309
6630.2445625	0.9300914406776428
6630.31878125	0.9274424314498901
6630.393	0.9267989993095398
6630.46721875	0.9296886324882507
6630.5414375	0.9347421526908875
6630.61565625	0.9387725591659546
6630.689875	0.9397516250610352
6630.76409375	0.9378602504730225
6630.8383125	0.9347099661827087
6630.91253125	0.9323593974113464
6630.98675	0.9313558340072632
6631.06096875	0.9312143325805664
6631.1351875	0.9307771325111389
6631.20940625	0.9291167259216309
6631.283625	0.9273125529289246
6631.35784375	0.926659345626831
6631.4320625	0.9277412295341492
6631.50628125	0.9310765862464905
6631.5805	0.9375501275062561
6631.65471875	0.9452890753746033
6631.7289375	0.9498663544654846
6631.80315625	0.9490840435028076
6631.877375	0.9442538619041443
6631.95159375	0.938504159450531
6632.0258125	0.933974027633667
6632.10003125	0.9309765696525574
6632.17425	0.9285363554954529
6632.24846875	0.9252994656562805
6632.3226875	0.921582043170929
6632.39690625	0.9190675616264343
6632.471125	0.9195215106010437
6632.54534375	0.9223172664642334
6632.6195625	0.9248352646827698
6632.69378125	0.9251823425292969
6632.768	0.9230139851570129
6632.84221875	0.9204376339912415
6632.9164375	0.9194734692573547
6632.99065625	0.9201821684837341
6633.064875	0.9211658835411072
6633.13909375	0.9210870265960693
6633.2133125	0.9211586117744446
6633.28753125	0.9240203499794006
6633.36175	0.9297757148742676
6633.43596875	0.9366483092308044
6633.5101875	0.9428575038909912
6633.58440625	0.9467576146125793
6633.658625	0.9475085735321045
6633.73284375	0.9459371566772461
6633.8070625	0.9443237781524658
6633.88128125	0.944212019443512
6633.9555	0.9449877738952637
6634.02971875	0.945305347442627
6634.1039375	0.9443967342376709
6634.17815625	0.9423292279243469
6634.252375	0.9398978352546692
6634.32659375	0.938383162021637
6634.4008125	0.9388329982757568
6634.47503125	0.9409999251365662
6634.54925	0.9441456198692322
6634.62346875	0.9461064338684082
6634.6976875	0.9441739320755005
6634.77190625	0.9384341239929199
6634.846125	0.9323659539222717
6634.92034375	0.9295719265937805
6634.9945625	0.9308673143386841
6635.06878125	0.9343437552452087
6635.143	0.9375759363174438
6635.21721875	0.9391575455665588
6635.2914375	0.9373767971992493
6635.36565625	0.9319683909416199
6635.439875	0.9266461730003357
6635.51409375	0.9253622889518738
6635.5883125	0.9291280508041382
6635.66253125	0.9352598786354065
6635.73675	0.940900444984436
6635.81096875	0.943375289440155
6635.8851875	0.9416059255599976
6635.95940625	0.9388930797576904
6636.033625	0.9388994574546814
6636.10784375	0.9406563639640808
6636.1820625	0.9388963580131531
6636.25628125	0.931662917137146
6636.3305	0.9235762357711792
6636.40471875	0.9197127819061279
6636.4789375	0.9215765595436096
6636.55315625	0.9273452758789062
6636.627375	0.9341625571250916
6636.70159375	0.9392625689506531
6636.7758125	0.9415378570556641
6636.85003125	0.9418858289718628
6636.92425	0.9409942626953125
6636.99846875	0.9398193359375
6637.0726875	0.9397161602973938
6637.14690625	0.9410102963447571
6637.221125	0.9426112174987793
6637.29534375	0.9418654441833496
6637.3695625	0.9378403425216675
6637.44378125	0.9318894147872925
6637.518	0.9254206418991089
6637.59221875	0.9210380911827087
6637.6664375	0.9209034442901611
6637.74065625	0.9247309565544128
6637.814875	0.9300416111946106
6637.88909375	0.934091329574585
6637.9633125	0.9359475374221802
6638.03753125	0.9356143474578857
6638.11175	0.9341971278190613
6638.18596875	0.9337058067321777
6638.2601875	0.9363700747489929
6638.33440625	0.9425980448722839
6638.408625	0.9487634301185608
6638.48284375	0.9499920606613159
6638.5570625	0.944323718547821
6638.63128125	0.9348734021186829
6638.7055	0.9273175001144409
6638.77971875	0.9259450435638428
6638.8539375	0.9304442405700684
6638.92815625	0.937470018863678
6639.002375	0.9429170489311218
6639.07659375	0.9441776275634766
6639.1508125	0.9413631558418274
6639.22503125	0.9365946650505066
6639.29925	0.9330253005027771
6639.37346875	0.9320558309555054
6639.4476875	0.9324660897254944
6639.52190625	0.9330861568450928
6639.596125	0.9332419037818909
6639.67034375	0.932263970375061
6639.7445625	0.9309690594673157
6639.81878125	0.931090772151947
6639.893	0.9330086708068848
6639.96721875	0.9357538223266602
6640.0414375	0.9371110200881958
6640.11565625	0.9352047443389893
6640.189875	0.9326445460319519
6640.26409375	0.9346225261688232
6640.3383125	0.941508412361145
6640.41253125	0.9488122463226318
6640.48675	0.9526664018630981
6640.56096875	0.9511332511901855
6640.6351875	0.9453393816947937
6640.70940625	0.9393518567085266
6640.783625	0.9365183711051941
6640.85784375	0.9369122385978699
6640.9320625	0.9382695555686951
6641.00628125	0.9384661912918091
6641.0805	0.9364446997642517
6641.15471875	0.9323856234550476
6641.2289375	0.927827000617981
6641.30315625	0.9241347908973694
6641.377375	0.921391487121582
6641.45159375	0.919514000415802
6641.5258125	0.9201453328132629
6641.60003125	0.9235775470733643
6641.67425	0.9275394082069397
6641.74846875	0.9308243989944458
6641.8226875	0.933978796005249
6641.89690625	0.9370221495628357
6641.971125	0.9389169216156006
6642.04534375	0.9389725923538208
6642.1195625	0.9372043609619141
6642.19378125	0.9341371655464172
6642.268	0.9302796721458435
6642.34221875	0.926785409450531
6642.4164375	0.924905002117157
6642.49065625	0.9239386320114136
6642.564875	0.9218749403953552
6642.63909375	0.9184401631355286
6642.7133125	0.9160619378089905
6642.78753125	0.9165907502174377
6642.86175	0.9189978837966919
6642.93596875	0.9205036163330078
6643.0101875	0.9198072552680969
6643.08440625	0.9175798296928406
6643.158625	0.9156919121742249
6643.23284375	0.9157059192657471
6643.3070625	0.9172123670578003
6643.38128125	0.9194930791854858
6643.4555	0.9218042492866516
6643.52971875	0.9230353832244873
6643.6039375	0.9231686592102051
6643.67815625	0.9230132699012756
6643.752375	0.9229587912559509
6643.82659375	0.9221863746643066
6643.9008125	0.9206281304359436
6643.97503125	0.9201613068580627
6644.04925	0.9222102165222168
6644.12346875	0.9261311888694763
6644.1976875	0.9294861555099487
6644.27190625	0.9306791424751282
6644.346125	0.931169331073761
6644.42034375	0.9328439831733704
6644.4945625	0.9352120161056519
6644.56878125	0.936621367931366
6644.643	0.9357313513755798
6644.71721875	0.9322692155838013
6644.7914375	0.92774498462677
6644.86565625	0.925173819065094
6644.939875	0.9269086718559265
6645.01409375	0.9322959780693054
6645.0883125	0.9385825991630554
6645.16253125	0.9426737427711487
6645.23675	0.9431713223457336
6645.31096875	0.941713273525238
6645.3851875	0.9400924444198608
6645.45940625	0.9385824203491211
6645.533625	0.936234176158905
6645.60784375	0.9325950741767883
6645.6820625	0.9286469221115112
6645.75628125	0.9264955520629883
6645.8305	0.9271637797355652
6645.90471875	0.9301360249519348
6645.9789375	0.9339354634284973
6646.05315625	0.9369459748268127
6646.127375	0.9382165670394897
6646.20159375	0.9374569654464722
6646.2758125	0.9354758262634277
6646.35003125	0.9332377314567566
6646.42425	0.9313024878501892
6646.49846875	0.9294597506523132
6646.5726875	0.9271650910377502
6646.64690625	0.9243089556694031
6646.721125	0.9213988184928894
6646.79534375	0.9191842675209045
6646.8695625	0.9184622764587402
6646.94378125	0.919301450252533
6647.018	0.9209903478622437
6647.09221875	0.9230419397354126
6647.1664375	0.9250677824020386
6647.24065625	0.926078200340271
6647.314875	0.9259341955184937
6647.38909375	0.9254897832870483
6647.4633125	0.9272217154502869
6647.53753125	0.9270360469818115
6647.61175	0.9336845278739929
6647.68596875	0.9162673950195312
6647.7601875	0.9558025598526001
6647.83440625	0.8835982084274292
6647.908625	0.04583477973937988
6647.98284375	-0.030441848561167717
6648.0570625	0.020535863935947418
6648.13128125	0.0
6648.2055	0.0
6648.27971875	0.0
6648.3539375	0.0
