6480.60014822	0.058364222
6480.60014822393	1.0501377582550049
6480.65851244593	1.0497686862945557
6480.71687666793	1.0508512258529663
6480.77524088993	1.0505961179733276
6480.8336051119295	1.048697590827942
6480.891969333929	1.0474226474761963
6480.95033355593	1.0483413934707642
6481.00869777793	1.052151083946228
6481.06706199993	1.0561168193817139
6481.12542622193	1.052394151687622
6481.18379044393	1.0398715734481812
6481.24215466593	1.0295517444610596
6481.30051888793	1.0280886888504028
6481.35888310993	1.0303423404693604
6481.4172473319295	1.030542254447937
6481.475611553929	1.0272310972213745
6481.53397577593	1.020635962486267
6481.59233999793	1.0121440887451172
6481.65070421993	1.0033793449401855
6481.70906844193	0.9950879812240601
6481.76743266393	0.987677276134491
6481.82579688593	0.9818037152290344
6481.88416110793	0.9776760339736938
6481.94252532993	0.9733253717422485
6482.0008895519295	0.9659216403961182
6482.059253773929	0.9551764726638794
6482.11761799593	0.9428479075431824
6482.17598221793	0.9323745965957642
6482.23434643993	0.9280583262443542
6482.29271066193	0.9273709654808044
6482.35107488393	0.9218930006027222
6482.40943910593	0.9155960083007812
6482.46780332793	0.9260082840919495
6482.52616754993	0.9538407325744629
6482.5845317719295	0.9774937629699707
6482.642895993929	0.9876422882080078
6482.70126021593	0.9956609010696411
6482.75962443793	1.008047103881836
6482.81798865993	1.0185108184814453
6482.87635288193	1.0218623876571655
6482.93471710393	1.0194662809371948
6482.99308132593	1.0132638216018677
6483.05144554793	1.0028880834579468
6483.10980976993	0.9882016181945801
6483.1681739919295	0.9707236886024475
6483.226538213929	0.9544646739959717
6483.28490243593	0.9497835040092468
6483.34326665793	0.9645498394966125
6483.40163087993	0.987709105014801
6483.45999510193	1.0014994144439697
6483.51835932393	1.003616452217102
6483.57672354593	1.0009862184524536
6483.63508776793	1.000049114227295
6483.69345198993	1.0059679746627808
6483.7518162119295	1.0124784708023071
6483.810180433929	1.0051246881484985
6483.86854465593	0.9867013692855835
6483.92690887793	0.9760664105415344
6483.98527309993	0.9797108173370361
6484.04363732193	0.9903238415718079
6484.10200154393	1.0033718347549438
6484.16036576593	1.0185877084732056
6484.21872998793	1.0348094701766968
6484.27709420993	1.049001693725586
6484.3354584319295	1.0581341981887817
6484.393822653929	1.0591949224472046
6484.45218687593	1.0525957345962524
6484.51055109793	1.0454084873199463
6484.56891531993	1.0432406663894653
6484.62727954193	1.0450208187103271
6484.68564376393	1.0478572845458984
6484.74400798593	1.0493674278259277
6484.80237220793	1.0483583211898804
6484.86073642993	1.0469008684158325
6484.9191006519295	1.0479202270507812
6484.977464873929	1.0521515607833862
6485.03582909593	1.058626413345337
6485.09419331793	1.0638734102249146
6485.15255753993	1.063753604888916
6485.21092176193	1.05937922000885
6485.26928598393	1.0552457571029663
6485.32765020593	1.0529594421386719
6485.38601442793	1.0519886016845703
6485.44437864993	1.0525884628295898
6485.5027428719295	1.0554871559143066
6485.561107093929	1.058397650718689
6485.61947131593	1.0558362007141113
6485.67783553793	1.0493755340576172
6485.73619975993	1.04972243309021
6485.79456398193	1.0588406324386597
6485.85292820393	1.064906358718872
6485.91129242593	1.0636258125305176
6485.96965664793	1.0661869049072266
6486.02802086993	1.077776312828064
6486.0863850919295	1.0871824026107788
6486.144749313929	1.0855419635772705
6486.20311353593	1.076624870300293
6486.26147775793	1.0668470859527588
6486.31984197993	1.0605090856552124
6486.37820620193	1.059400200843811
6486.43657042393	1.0599417686462402
6486.49493464593	1.0574649572372437
6486.55329886793	1.0517232418060303
6486.61166308993	1.0443919897079468
6486.6700273119295	1.0360877513885498
6486.728391533929	1.0273399353027344
6486.78675575593	1.0204627513885498
6486.84511997793	1.0183959007263184
6486.90348419993	1.0205172300338745
6486.96184842193	1.023691177368164
6487.02021264393	1.0273540019989014
6487.07857686593	1.032943606376648
6487.13694108793	1.0393128395080566
6487.19530530993	1.0426936149597168
6487.2536695319295	1.0406805276870728
6487.312033753929	1.032505989074707
6487.37039797593	1.0219489336013794
6487.42876219793	1.0190627574920654
6487.48712641993	1.0267856121063232
6487.54549064193	1.0361194610595703
6487.60385486393	1.041387677192688
6487.66221908593	1.045893669128418
6487.72058330793	1.0517200231552124
6487.77894752993	1.0547157526016235
6487.8373117519295	1.0522373914718628
6487.895675973929	1.0485833883285522
6487.95404019593	1.048248529434204
6488.01240441793	1.0506024360656738
6488.07076863993	1.0535629987716675
6488.12913286193	1.056343674659729
6488.18749708393	1.0592241287231445
6488.24586130593	1.0648773908615112
6488.30422552793	1.0755282640457153
6488.36258974993	1.0858805179595947
6488.4209539719295	1.0875517129898071
6488.479318193929	1.0805277824401855
6488.53768241593	1.0705265998840332
6488.59604663793	1.0622023344039917
6488.65441085993	1.0589877367019653
6488.71277508193	1.0578203201293945
6488.77113930393	1.0501387119293213
6488.82950352593	1.0384352207183838
6488.88786774793	1.036698818206787
6488.94623196993	1.04495370388031
6489.0045961919295	1.0456503629684448
6489.062960413929	1.0342060327529907
6489.12132463593	1.0258562564849854
6489.17968885793	1.0284266471862793
6489.23805307993	1.0345224142074585
6489.29641730193	1.0393928289413452
6489.35478152393	1.0476728677749634
6489.41314574593	1.0613337755203247
6489.47150996793	1.0728154182434082
6489.52987418993	1.0758551359176636
6489.5882384119295	1.0727788209915161
6489.646602633929	1.0679694414138794
6489.70496685593	1.0637928247451782
6489.76333107793	1.0616037845611572
6489.82169529993	1.0617772340774536
6489.88005952193	1.0638463497161865
6489.93842374393	1.0664005279541016
6489.99678796593	1.0676724910736084
6490.05515218793	1.0668150186538696
6490.11351640993	1.0637775659561157
6490.1718806319295	1.05964195728302
6490.230244853929	1.0562105178833008
6490.28860907593	1.0541462898254395
6490.34697329793	1.053051471710205
6490.40533751993	1.0512934923171997
6490.46370174193	1.0460253953933716
6490.52206596393	1.0348620414733887
6490.58043018593	1.0159798860549927
6490.63879440793	0.9911683201789856
6490.69715862993	0.9666180610656738
6490.7555228519295	0.9486281871795654
6490.813887073929	0.943587601184845
6490.87225129593	0.9522541165351868
6490.93061551793	0.9666873812675476
6490.98897973993	0.9797425270080566
6491.04734396193	0.9877322316169739
6491.10570818393	0.9903172254562378
6491.16407240593	0.9925956130027771
6491.22243662793	0.9977836012840271
6491.28080084993	1.0012180805206299
6491.3391650719295	0.9987172484397888
6491.397529293929	0.9939537644386292
6491.45589351593	0.9914122223854065
6491.51425773793	0.9889898300170898
6491.57262195993	0.9835608601570129
6491.63098618193	0.9782994985580444
6491.68935040393	0.9787272214889526
6491.74771462593	0.9872627854347229
6491.80607884793	1.0030275583267212
6491.86444306993	1.0173720121383667
6491.9228072919295	1.0187116861343384
6491.981171513929	1.0128127336502075
6492.03953573593	1.0171048641204834
6492.09789995793	1.030827283859253
6492.15626417993	1.0380313396453857
6492.21462840193	1.0346590280532837
6492.27299262393	1.0285228490829468
6492.33135684593	1.024595856666565
6492.38972106793	1.0243765115737915
6492.44808528993	1.0274783372879028
6492.5064495119295	1.0313152074813843
6492.564813733929	1.0329927206039429
6492.62317795593	1.0292593240737915
6492.68154217793	1.019452452659607
6492.73990639993	1.007217288017273
6492.79827062193	0.9963756799697876
6492.85663484393	0.9897786378860474
6492.91499906593	0.9881965517997742
6492.97336328793	0.988238513469696
6493.03172750993	0.987886369228363
6493.0900917319295	0.9919024705886841
6493.148455953929	1.003956913948059
6493.20682017593	1.0181304216384888
6493.26518439793	1.0269304513931274
6493.32354861993	1.0302828550338745
6493.38191284193	1.0316181182861328
6493.44027706393	1.0345268249511719
6493.49864128593	1.041637897491455
6493.55700550793	1.0497827529907227
6493.61536972993	1.0530582666397095
6493.6737339519295	1.0515480041503906
6493.732098173929	1.049296498298645
6493.79046239593	1.0480748414993286
6493.84882661793	1.0480074882507324
6493.90719083993	1.049654245376587
6493.96555506193	1.0536338090896606
6494.02391928393	1.0564563274383545
6494.08228350593	1.0504313707351685
6494.14064772793	1.0364081859588623
6494.19901194993	1.025730848312378
6494.2573761719295	1.022519826889038
6494.315740393929	1.0201464891433716
6494.37410461593	1.0146487951278687
6494.43246883793	1.0076731443405151
6494.49083305993	1.0029480457305908
6494.54919728193	1.006980061531067
6494.60756150393	1.0201618671417236
6494.66592572593	1.0294283628463745
6494.72428994793	1.0263513326644897
6494.78265416993	1.0199609994888306
6494.8410183919295	1.020322561264038
6494.899382613929	1.0272314548492432
6494.95774683593	1.0369873046875
6495.01611105793	1.0461513996124268
6495.07447527993	1.051771640777588
6495.13283950193	1.052737832069397
6495.19120372393	1.0494940280914307
6495.24956794593	1.0445929765701294
6495.30793216793	1.0412644147872925
6495.36629638993	1.0398892164230347
6495.4246606119295	1.039015769958496
6495.483024833929	1.037315011024475
6495.54138905593	1.0334047079086304
6495.59975327793	1.0259169340133667
6495.65811749993	1.0136101245880127
6495.71648172193	0.9961436986923218
6495.77484594393	0.9744837880134583
6495.83321016593	0.9553099274635315
6495.89157438793	0.9511473774909973
6495.94993860993	0.9637261033058167
6496.0083028319295	0.9816766977310181
6496.066667053929	0.9976110458374023
6496.12503127593	1.0104467868804932
6496.18339549793	1.0193700790405273
6496.24175971993	1.0227397680282593
6496.30012394193	1.0221601724624634
6496.35848816393	1.0252302885055542
6496.41685238593	1.0355042219161987
6496.47521660793	1.0467149019241333
6496.53358082993	1.0530931949615479
6496.5919450519295	1.0549272298812866
6496.650309273929	1.0535331964492798
6496.70867349593	1.0481481552124023
6496.76703771793	1.0395128726959229
6496.82540193993	1.0345709323883057
6496.88376616193	1.0388703346252441
6496.94213038393	1.0455212593078613
6497.00049460593	1.0453346967697144
6497.05885882793	1.0424312353134155
6497.11722304993	1.0453171730041504
6497.1755872719295	1.0511246919631958
6497.233951493929	1.0517209768295288
6497.29231571593	1.0466164350509644
6497.35067993793	1.040141224861145
6497.40904415993	1.0348190069198608
6497.46740838193	1.0317426919937134
6497.52577260393	1.0297359228134155
6497.58413682593	1.0258452892303467
6497.64250104793	1.0212483406066895
6497.70086526993	1.021112322807312
6497.75922949193	1.0268118381500244
6497.817593713929	1.0353535413742065
6497.87595793593	1.0433436632156372
6497.93432215793	1.0470144748687744
6497.99268637993	1.0471805334091187
6498.05105060193	1.051507830619812
6498.10941482393	1.0608566999435425
6498.16777904593	1.0634406805038452
6498.22614326793	1.0548375844955444
6498.28450748993	1.0477268695831299
6498.34287171193	1.050801396369934
6498.4012359339295	1.0577253103256226
6498.45960015593	1.061507225036621
6498.51796437793	1.062203049659729
6498.57632859993	1.061776041984558
6498.63469282193	1.0617594718933105
6498.69305704393	1.06325101852417
6498.75142126593	1.0663831233978271
6498.80978548793	1.0701875686645508
6498.86814970993	1.071412444114685
6498.92651393193	1.0671921968460083
6498.9848781539295	1.0604461431503296
6499.04324237593	1.056498646736145
6499.10160659793	1.0568004846572876
6499.15997081993	1.0600671768188477
6499.21833504193	1.0629018545150757
6499.27669926393	1.0612190961837769
6499.33506348593	1.0579134225845337
6499.39342770793	1.0605684518814087
6499.45179192993	1.0677512884140015
6499.51015615193	1.070453405380249
6499.5685203739295	1.0671226978302002
6499.626884595929	1.0636253356933594
6499.68524881793	1.0622509717941284
6499.74361303993	1.0610809326171875
6499.80197726193	1.05924654006958
6499.86034148393	1.0574872493743896
6499.91870570593	1.056239128112793
6499.97706992793	1.0553009510040283
6500.03543414993	1.0547406673431396
6500.09379837193	1.05522882938385
6500.1521625939295	1.0568758249282837
6500.210526815929	1.0586847066879272
6500.26889103793	1.0592246055603027
6500.32725525993	1.0563156604766846
6500.38561948193	1.0502897500991821
6500.44398370393	1.0478363037109375
6500.50234792593	1.053406000137329
6500.56071214793	1.060852289199829
6500.61907636993	1.0633436441421509
6500.67744059193	1.0630881786346436
6500.7358048139295	1.0640778541564941
6500.794169035929	1.0638262033462524
6500.85253325793	1.059226632118225
6500.91089747993	1.0560365915298462
6500.96926170193	1.0617316961288452
6501.02762592393	1.0705591440200806
6501.08599014593	1.0710481405258179
6501.14435436793	1.0642597675323486
6501.20271858993	1.0588024854660034
6501.26108281193	1.057071566581726
6501.3194470339295	1.0569103956222534
6501.377811255929	1.0558404922485352
6501.43617547793	1.0513553619384766
6501.49453969993	1.0461419820785522
6501.55290392193	1.0475575923919678
6501.61126814393	1.0540553331375122
6501.66963236593	1.054436445236206
6501.72799658793	1.0476467609405518
6501.78636080993	1.045567512512207
6501.84472503193	1.0525870323181152
6501.9030892539295	1.0616939067840576
6501.961453475929	1.0662460327148438
6502.01981769793	1.0615209341049194
6502.07818191993	1.0493035316467285
6502.13654614193	1.042315125465393
6502.19491036393	1.0474447011947632
6502.25327458593	1.0568301677703857
6502.31163880793	1.062498688697815
6502.37000302993	1.0632872581481934
6502.42836725193	1.060280442237854
6502.4867314739295	1.0553500652313232
6502.545095695929	1.0509113073349
6502.60345991793	1.05012845993042
6502.66182413993	1.0540984869003296
6502.72018836193	1.0567082166671753
6502.77855258393	1.051979660987854
6502.83691680593	1.0454306602478027
6502.89528102793	1.045697808265686
6502.95364524993	1.051261067390442
6503.01200947193	1.0557864904403687
6503.0703736939295	1.0565204620361328
6503.128737915929	1.0532660484313965
6503.18710213793	1.0487909317016602
6503.24546635993	1.0474504232406616
6503.30383058193	1.0485689640045166
6503.36219480393	1.0478739738464355
6503.42055902593	1.044761300086975
6503.47892324793	1.0418387651443481
6503.53728746993	1.0418128967285156
6503.59565169193	1.0472478866577148
6503.6540159139295	1.0549448728561401
6503.712380135929	1.0553977489471436
6503.77074435793	1.047868013381958
6503.82910857993	1.0428462028503418
6503.88747280193	1.0441482067108154
6503.94583702393	1.045259714126587
6504.00420124593	1.0424679517745972
6504.06256546793	1.037998080253601
6504.12092968993	1.033912181854248
6504.17929391193	1.0305266380310059
6504.2376581339295	1.0281970500946045
6504.296022355929	1.0280910730361938
6504.35438657793	1.0300801992416382
6504.41275079993	1.030657410621643
6504.47111502193	1.0286473035812378
6504.52947924393	1.030831217765808
6504.58784346593	1.0420554876327515
6504.64620768793	1.0555814504623413
6504.70457190993	1.062897801399231
6504.76293613193	1.062662124633789
6504.8213003539295	1.0573724508285522
6504.879664575929	1.0522973537445068
6504.93802879793	1.052633285522461
6504.99639301993	1.0573726892471313
6505.05475724193	1.062485694885254
6505.11312146393	1.0660258531570435
6505.17148568593	1.0674386024475098
6505.22984990793	1.067711591720581
6505.28821412993	1.0685878992080688
6505.34657835193	1.0691314935684204
6505.4049425739295	1.0666484832763672
6505.463306795929	1.060662031173706
6505.52167101793	1.0528385639190674
6505.58003523993	1.0474485158920288
6505.63839946193	1.0507664680480957
6505.69676368393	1.0601052045822144
6505.75512790593	1.0634316205978394
6505.81349212793	1.0576196908950806
6505.87185634993	1.0503300428390503
6505.93022057193	1.0460809469223022
6505.9885847939295	1.0445491075515747
6506.046949015929	1.0446912050247192
6506.10531323793	1.045047402381897
6506.16367745993	1.0445618629455566
6506.22204168193	1.0427521467208862
6506.28040590393	1.0411325693130493
6506.33877012593	1.044999122619629
6506.39713434793	1.0551447868347168
6506.45549856993	1.0617210865020752
6506.51386279193	1.0584229230880737
6506.5722270139295	1.0522515773773193
6506.630591235929	1.0506080389022827
6506.68895545793	1.052663803100586
6506.74731967993	1.055509090423584
6506.80568390193	1.0578540563583374
6506.86404812393	1.0593090057373047
6506.92241234593	1.0609321594238281
6506.98077656793	1.0632946491241455
6507.03914078993	1.0627930164337158
6507.09750501193	1.0555583238601685
6507.1558692339295	1.0444114208221436
6507.214233455929	1.0355736017227173
6507.27259767793	1.0337227582931519
6507.33096189993	1.041212558746338
6507.38932612193	1.0527042150497437
6507.44769034393	1.058552622795105
6507.50605456593	1.0575478076934814
6507.56441878793	1.0547596216201782
6507.62278300993	1.0537075996398926
6507.68114723193	1.0564320087432861
6507.7395114539295	1.060745120048523
6507.797875675929	1.0606191158294678
6507.85623989793	1.054762363433838
6507.91460411993	1.0469001531600952
6507.97296834193	1.0400928258895874
6508.03133256393	1.0364737510681152
6508.08969678593	1.035353183746338
6508.14806100793	1.0323944091796875
6508.20642522993	1.0286314487457275
6508.26478945193	1.0336024761199951
6508.3231536739295	1.046473503112793
6508.381517895929	1.047905445098877
6508.43988211793	1.0304561853408813
6508.49824633993	1.0122579336166382
6508.55661056193	1.0068188905715942
6508.61497478393	1.0094801187515259
6508.67333900593	1.015379548072815
6508.73170322793	1.0287811756134033
6508.79006744993	1.050226092338562
6508.84843167193	1.0657702684402466
6508.9067958939295	1.064252257347107
6508.965160115929	1.0530601739883423
6509.02352433793	1.0436112880706787
6509.08188855993	1.0391038656234741
6509.14025278193	1.0395952463150024
6509.19861700393	1.0457261800765991
6509.25698122593	1.0566858053207397
6509.31534544793	1.0665143728256226
6509.37370966993	1.0685051679611206
6509.43207389193	1.0642170906066895
6509.4904381139295	1.059571623802185
6509.548802335929	1.0577319860458374
6509.60716655793	1.0596565008163452
6509.66553077993	1.062731146812439
6509.72389500193	1.0623879432678223
6509.78225922393	1.059819221496582
6509.84062344593	1.060180425643921
6509.89898766793	1.0629913806915283
6509.95735188993	1.0632867813110352
6510.01571611193	1.061299204826355
6510.0740803339295	1.0620015859603882
6510.132444555929	1.064714789390564
6510.19080877793	1.0627954006195068
6510.24917299993	1.0567177534103394
6510.30753722193	1.0556544065475464
6510.36590144393	1.0616024732589722
6510.42426566593	1.0664341449737549
6510.48262988793	1.066286563873291
6510.54099410993	1.064704418182373
6510.59935833193	1.0646209716796875
6510.6577225539295	1.066652774810791
6510.716086775929	1.0702896118164062
6510.77445099793	1.0735877752304077
6510.83281521993	1.0760152339935303
6510.89117944193	1.0805256366729736
6510.94954366393	1.087896704673767
6511.00790788593	1.0923539400100708
6511.06627210793	1.0904794931411743
6511.12463632993	1.0885604619979858
6511.18300055193	1.092110514640808
6511.2413647739295	1.0969972610473633
6511.299728995929	1.0973217487335205
6511.35809321793	1.091418981552124
6511.41645743993	1.0812649726867676
6511.47482166193	1.0754714012145996
6511.53318588393	1.0814621448516846
6511.59155010593	1.091230869293213
6511.64991432793	1.0922582149505615
6511.70827854993	1.0861021280288696
6511.76664277193	1.0805532932281494
6511.8250069939295	1.0757557153701782
6511.883371215929	1.068548560142517
6511.94173543793	1.0620533227920532
6512.00009965993	1.0621166229248047
6512.05846388193	1.065108060836792
6512.11682810393	1.0615930557250977
6512.17519232593	1.0535962581634521
6512.23355654793	1.0519598722457886
6512.29192076993	1.059067726135254
6512.35028499193	1.0696274042129517
6512.4086492139295	1.0799908638000488
6512.467013435929	1.0881423950195312
6512.52537765793	1.0926071405410767
6512.58374187993	1.0925254821777344
6512.64210610193	1.0892174243927002
6512.70047032393	1.086695909500122
6512.75883454593	1.087152123451233
6512.81719876793	1.0901347398757935
6512.87556298993	1.0936871767044067
6512.93392721193	1.0938761234283447
6512.9922914339295	1.0898253917694092
6513.050655655929	1.086039662361145
6513.10901987793	1.085784912109375
6513.16738409993	1.0886577367782593
6513.22574832193	1.0933833122253418
6513.28411254393	1.0985307693481445
6513.34247676593	1.1024342775344849
6513.40084098793	1.1028209924697876
6513.45920520993	1.0993338823318481
6513.51756943193	1.0966341495513916
6513.5759336539295	1.0978094339370728
6513.634297875929	1.097475528717041
6513.69266209793	1.0909724235534668
6513.75102631993	1.084612488746643
6513.80939054193	1.0851317644119263
6513.86775476393	1.0866472721099854
6513.92611898593	1.0808407068252563
6513.98448320793	1.0707237720489502
6514.04284742993	1.0630759000778198
6514.10121165193	1.0572290420532227
6514.1595758739295	1.0499188899993896
6514.217940095929	1.0441962480545044
6514.27630431793	1.0450019836425781
6514.33466853993	1.0479063987731934
6514.39303276193	1.0434918403625488
6514.45139698393	1.0307809114456177
6514.50976120593	1.0147098302841187
6514.56812542793	0.9977700710296631
6514.62648964993	0.9808735847473145
6514.68485387193	0.9660589694976807
6514.7432180939295	0.9564700126647949
6514.801582315929	0.9565222263336182
6514.85994653793	0.9712260961532593
6514.91831075993	0.9948099255561829
6514.97667498193	1.0101017951965332
6515.03503920393	1.0120530128479004
6515.09340342593	1.0102838277816772
6515.15176764793	1.0097020864486694
6515.21013186993	1.0081266164779663
6515.26849609193	1.004294514656067
6515.3268603139295	0.9990869164466858
6515.385224535929	0.9929239749908447
6515.44358875793	0.98518306016922
6515.50195297993	0.9750560522079468
6515.56031720193	0.9616072177886963
6515.61868142393	0.9445858597755432
6515.67704564593	0.924841582775116
6515.73540986793	0.9044871926307678
6515.79377408993	0.8879002332687378
6515.85213831193	0.8770366311073303
6515.9105025339295	0.8674774169921875
6515.968866755929	0.8550257682800293
6516.02723097793	0.8400337100028992
6516.08559519993	0.8252549171447754
6516.14395942193	0.8161855936050415
6516.20232364393	0.8160778284072876
6516.26068786593	0.818864107131958
6516.31905208793	0.8171747326850891
6516.37741630993	0.8113634586334229
6516.43578053193	0.8056452870368958
6516.4941447539295	0.8054033517837524
6516.552508975929	0.8157578706741333
6516.61087319793	0.8380512595176697
6516.66923741993	0.8703170418739319
6516.72760164193	0.906441330909729
6516.78596586393	0.9381677508354187
6516.84433008593	0.9604730010032654
6516.90269430793	0.971463143825531
6516.96105852993	0.9744065999984741
6517.01942275193	0.9761969447135925
6517.0777869739295	0.9802742600440979
6517.136151195929	0.9872972965240479
6517.19451541793	0.9968045949935913
6517.25287963993	1.0073415040969849
6517.31124386193	1.0190637111663818
6517.36960808393	1.0333313941955566
6517.42797230593	1.0474936962127686
6517.48633652793	1.0549726486206055
6517.54470074993	1.0550353527069092
6517.60306497193	1.0535647869110107
6517.6614291939295	1.0525583028793335
6517.719793415929	1.0489331483840942
6517.77815763793	1.0427203178405762
6517.83652185993	1.0386064052581787
6517.89488608193	1.0375804901123047
6517.95325030393	1.0344942808151245
6518.01161452593	1.0292704105377197
6518.06997874793	1.0312328338623047
6518.12834296993	1.0438627004623413
6518.18670719193	1.0583070516586304
6518.2450714139295	1.067947506904602
6518.303435635929	1.074354648590088
6518.36179985793	1.0797322988510132
6518.42016407993	1.083917260169983
6518.47852830193	1.0871200561523438
6518.53689252393	1.0917476415634155
6518.59525674593	1.098434567451477
6518.65362096793	1.1019370555877686
6518.71198518993	1.0988562107086182
6518.77034941193	1.09569251537323
6518.8287136339295	1.0982744693756104
6518.887077855929	1.1002687215805054
6518.945442077929	1.094407081604004
6519.00380629993	1.0855498313903809
6519.06217052193	1.0811612606048584
6519.12053474393	1.079529881477356
6519.17889896593	1.0757313966751099
6519.23726318793	1.069121241569519
6519.29562740993	1.0612250566482544
6519.35399163193	1.0535025596618652
6519.4123558539295	1.0477732419967651
6519.470720075929	1.0471090078353882
6519.529084297929	1.0542300939559937
6519.58744851993	1.0658650398254395
6519.64581274193	1.0752629041671753
6519.70417696393	1.0811424255371094
6519.76254118593	1.0860531330108643
6519.82090540793	1.090498924255371
6519.87926962993	1.0934795141220093
6519.93763385193	1.0942353010177612
6519.9959980739295	1.0925275087356567
6520.054362295929	1.0917853116989136
6520.112726517929	1.0984654426574707
6520.17109073993	1.1096062660217285
6520.22945496193	1.112494707107544
6520.28781918393	1.1037312746047974
6520.34618340593	1.0909473896026611
6520.40454762793	1.081527590751648
6520.46291184993	1.08195960521698
6520.52127607193	1.0911186933517456
6520.5796402939295	1.0976850986480713
6520.638004515929	1.0955203771591187
6520.696368737929	1.087212324142456
6520.75473295993	1.0782603025436401
6520.81309718193	1.0773916244506836
6520.87146140393	1.0862547159194946
6520.92982562593	1.0935205221176147
6520.98818984793	1.09238600730896
6521.04655406993	1.0885974168777466
6521.10491829193	1.0875731706619263
6521.1632825139295	1.088982343673706
6521.221646735929	1.0908536911010742
6521.280010957929	1.0905295610427856
6521.33837517993	1.086455225944519
6521.39673940193	1.080059289932251
6521.45510362393	1.0735371112823486
6521.51346784593	1.0686246156692505
6521.57183206793	1.066250205039978
6521.63019628993	1.065618872642517
6521.68856051193	1.065339207649231
6521.7469247339295	1.0643064975738525
6521.805288955929	1.0621726512908936
6521.863653177929	1.06095552444458
6521.92201739993	1.0620795488357544
6521.98038162193	1.0604562759399414
6522.03874584393	1.0508973598480225
6522.09711006593	1.0409736633300781
6522.15547428793	1.0418413877487183
6522.21383850993	1.0491695404052734
6522.27220273193	1.0517237186431885
6522.3305669539295	1.050228476524353
6522.388931175929	1.0515893697738647
6522.447295397929	1.0548769235610962
6522.50565961993	1.0547438859939575
6522.56402384193	1.051595687866211
6522.62238806393	1.0496710538864136
6522.68075228593	1.0495671033859253
6522.73911650793	1.0491846799850464
6522.79748072993	1.0486124753952026
6522.85584495193	1.0496491193771362
6522.9142091739295	1.051850438117981
6522.972573395929	1.0526095628738403
6523.030937617929	1.04989492893219
6523.08930183993	1.042479157447815
6523.14766606193	1.0330229997634888
6523.20603028393	1.0285133123397827
6523.26439450593	1.0317038297653198
6523.32275872793	1.03997004032135
6523.38112294993	1.048460841178894
6523.43948717193	1.0497740507125854
6523.4978513939295	1.042115330696106
6523.556215615929	1.031903624534607
6523.614579837929	1.022578239440918
6523.67294405993	1.011550784111023
6523.73130828193	0.9987096190452576
6523.78967250393	0.9894237518310547
6523.84803672593	0.9868918657302856
6523.90640094793	0.989007294178009
6523.96476516993	0.9940757155418396
6524.02312939193	1.003321647644043
6524.0814936139295	1.0165480375289917
6524.139857835929	1.0295398235321045
6524.198222057929	1.0380460023880005
6524.25658627993	1.0395091772079468
6524.31495050193	1.0343518257141113
6524.37331472393	1.0286650657653809
6524.43167894593	1.0281544923782349
6524.49004316793	1.03317391872406
6524.54840738993	1.0413274765014648
6524.60677161193	1.0479743480682373
6524.6651358339295	1.0492150783538818
6524.723500055929	1.045959234237671
6524.781864277929	1.041468858718872
6524.84022849993	1.0398774147033691
6524.89859272193	1.0440404415130615
6524.95695694393	1.0507289171218872
6525.01532116593	1.0547146797180176
6525.07368538793	1.05522620677948
6525.13204960993	1.0537992715835571
6525.19041383193	1.051613211631775
6525.2487780539295	1.0498944520950317
6525.307142275929	1.0505017042160034
6525.365506497929	1.0545780658721924
6525.42387071993	1.0574525594711304
6525.48223494193	1.0524342060089111
6525.54059916393	1.0450387001037598
6525.59896338593	1.0474799871444702
6525.65732760793	1.0559077262878418
6525.71569182993	1.0556139945983887
6525.77405605193	1.0465507507324219
6525.8324202739295	1.0402371883392334
6525.890784495929	1.0404773950576782
6525.949148717929	1.0441484451293945
6526.00751293993	1.0479298830032349
6526.06587716193	1.0484119653701782
6526.12424138393	1.045365333557129
6526.18260560593	1.0419238805770874
6526.24096982793	1.0404763221740723
6526.29933404993	1.042419195175171
6526.35769827193	1.0465697050094604
6526.4160624939295	1.048679232597351
6526.474426715929	1.0473182201385498
6526.532790937929	1.0449531078338623
6526.59115515993	1.043258547782898
6526.64951938193	1.0423572063446045
6526.70788360393	1.042470097541809
6526.76624782593	1.0443141460418701
6526.82461204793	1.0464531183242798
6526.88297626993	1.0435887575149536
6526.94134049193	1.036582589149475
6526.9997047139295	1.038330316543579
6527.058068935929	1.0525490045547485
6527.116433157929	1.0620959997177124
6527.17479737993	1.056026816368103
6527.23316160193	1.0434874296188354
6527.29152582393	1.0347192287445068
6527.34989004593	1.0327723026275635
6527.40825426793	1.0368835926055908
6527.46661848993	1.0419433116912842
6527.52498271193	1.0433154106140137
6527.5833469339295	1.0404499769210815
6527.641711155929	1.0357723236083984
6527.700075377929	1.0362695455551147
6527.75843959993	1.0458009243011475
6527.81680382193	1.0547958612442017
6527.87516804393	1.0541609525680542
6527.93353226593	1.0519436597824097
6527.99189648793	1.0580699443817139
6528.05026070993	1.0656014680862427
6528.10862493193	1.0640709400177002
6528.1669891539295	1.0565510988235474
6528.225353375929	1.0511126518249512
6528.283717597929	1.0503836870193481
6528.34208181993	1.0535134077072144
6528.40044604193	1.0561728477478027
6528.45881026393	1.0536831617355347
6528.51717448593	1.049823522567749
6528.57553870793	1.051667332649231
6528.63390292993	1.0567386150360107
6528.69226715193	1.0575162172317505
6528.7506313739295	1.0527119636535645
6528.808995595929	1.045574426651001
6528.867359817929	1.041213870048523
6528.92572403993	1.0448700189590454
6528.98408826193	1.0512510538101196
6529.04245248393	1.0482120513916016
6529.10081670593	1.0382635593414307
6529.15918092793	1.0353142023086548
6529.21754514993	1.0412815809249878
6529.27590937193	1.0473567247390747
6529.3342735939295	1.0477393865585327
6529.392637815929	1.0400012731552124
6529.451002037929	1.0288286209106445
6529.50936625993	1.0259181261062622
6529.56773048193	1.032267451286316
6529.62609470393	1.0368605852127075
6529.68445892593	1.034723162651062
6529.74282314793	1.028651475906372
6529.80118736993	1.0231046676635742
6529.85955159193	1.024100661277771
6529.9179158139295	1.0318553447723389
6529.976280035929	1.0385890007019043
6530.034644257929	1.0407847166061401
6530.09300847993	1.0421215295791626
6530.15137270193	1.0452663898468018
6530.20973692393	1.0501317977905273
6530.26810114593	1.0552747249603271
6530.32646536793	1.057615041732788
6530.38482958993	1.0555170774459839
6530.44319381193	1.0500982999801636
6530.5015580339295	1.0440788269042969
6530.559922255929	1.0423712730407715
6530.618286477929	1.0467033386230469
6530.67665069993	1.0517185926437378
6530.73501492193	1.0533833503723145
6530.79337914393	1.0539662837982178
6530.85174336593	1.0552271604537964
6530.91010758793	1.0540014505386353
6530.96847180993	1.0485585927963257
6531.02683603193	1.0437541007995605
6531.0852002539295	1.0437147617340088
6531.143564475929	1.0456417798995972
6531.201928697929	1.0462419986724854
6531.26029291993	1.0473182201385498
6531.31865714193	1.0507816076278687
6531.37702136393	1.0535767078399658
6531.43538558593	1.052651286125183
6531.49374980793	1.0508495569229126
6531.55211402993	1.0519530773162842
6531.61047825193	1.0546321868896484
6531.6688424739295	1.0558922290802002
6531.727206695929	1.055136799812317
6531.785570917929	1.0526005029678345
6531.84393513993	1.0473235845565796
6531.90229936193	1.0386242866516113
6531.96066358393	1.0292383432388306
6532.01902780593	1.0226815938949585
6532.07739202793	1.017183780670166
6532.13575624993	1.0087151527404785
6532.19412047193	0.9977980852127075
6532.25248469393	0.9876862168312073
6532.3108489159295	0.9806317687034607
6532.369213137929	0.978228747844696
6532.42757735993	0.9816320538520813
6532.48594158193	0.9910674691200256
6532.54430580393	1.0035220384597778
6532.60267002593	1.0139780044555664
6532.66103424793	1.0222160816192627
6532.71939846993	1.0314056873321533
6532.77776269193	1.0395889282226562
6532.83612691393	1.0411334037780762
6532.8944911359295	1.0381183624267578
6532.952855357929	1.0391510725021362
6533.01121957993	1.0442744493484497
6533.06958380193	1.0454668998718262
6533.12794802393	1.0416678190231323
6533.18631224593	1.0390732288360596
6533.24467646793	1.0406063795089722
6533.30304068993	1.0452829599380493
6533.36140491193	1.0500119924545288
6533.41976913393	1.0495080947875977
6533.4781333559295	1.0445289611816406
6533.536497577929	1.0434378385543823
6533.59486179993	1.0471882820129395
6533.65322602193	1.0462827682495117
6533.71159024393	1.0369689464569092
6533.76995446593	1.0246468782424927
6533.82831868793	1.0152167081832886
6533.88668290993	1.014082908630371
6533.94504713193	1.0214970111846924
6534.00341135393	1.0299224853515625
6534.0617755759295	1.0331631898880005
6534.120139797929	1.0287206172943115
6534.17850401993	1.0190393924713135
6534.23686824193	1.0142266750335693
6534.29523246393	1.0190702676773071
6534.35359668593	1.0260862112045288
6534.41196090793	1.0292274951934814
6534.47032512993	1.0301504135131836
6534.52868935193	1.0307711362838745
6534.58705357393	1.0298914909362793
6534.6454177959295	1.026882529258728
6534.703782017929	1.0238724946975708
6534.76214623993	1.0227288007736206
6534.82051046193	1.0231263637542725
6534.87887468393	1.024121880531311
6534.93723890593	1.0248126983642578
6534.99560312793	1.0249366760253906
6535.05396734993	1.0259432792663574
6535.11233157193	1.0289429426193237
6535.17069579393	1.0325320959091187
6535.2290600159295	1.0349323749542236
6535.287424237929	1.0359398126602173
6535.34578845993	1.0360490083694458
6535.40415268193	1.0360599756240845
6535.46251690393	1.036350131034851
6535.52088112593	1.0352067947387695
6535.57924534793	1.0313786268234253
6535.63760956993	1.0285083055496216
6535.69597379193	1.0309455394744873
6535.75433801393	1.0371195077896118
6535.8127022359295	1.0427261590957642
6535.871066457929	1.0447099208831787
6535.92943067993	1.0417400598526
6535.98779490193	1.0371487140655518
6536.04615912393	1.036165475845337
6536.10452334593	1.0397775173187256
6536.16288756793	1.0460084676742554
6536.22125178993	1.051245927810669
6536.27961601193	1.0514295101165771
6536.33798023393	1.0466252565383911
6536.3963444559295	1.039797306060791
6536.454708677929	1.0336602926254272
6536.51307289993	1.0304466485977173
6536.57143712193	1.0295796394348145
6536.62980134393	1.028565526008606
6536.68816556593	1.02716863155365
6536.74652978793	1.0269379615783691
6536.80489400993	1.029516339302063
6536.86325823193	1.0361865758895874
6536.92162245393	1.044007420539856
6536.9799866759295	1.0467532873153687
6537.038350897929	1.0441784858703613
6537.096715119929	1.0414762496948242
6537.15507934193	1.0406088829040527
6537.21344356393	1.0403685569763184
6537.27180778593	1.040187954902649
6537.33017200793	1.0401804447174072
6537.38853622993	1.0401641130447388
6537.44690045193	1.0396510362625122
6537.50526467393	1.0391491651535034
6537.5636288959295	1.0402576923370361
6537.621993117929	1.0418415069580078
6537.68035733993	1.039452075958252
6537.73872156193	1.0336216688156128
6537.79708578393	1.0314606428146362
6537.85545000593	1.0339068174362183
6537.91381422793	1.0329393148422241
6537.97217844993	1.027707576751709
6538.03054267193	1.0287045240402222
6538.08890689393	1.0378690958023071
6538.1472711159295	1.0426512956619263
6538.205635337929	1.0374712944030762
6538.263999559929	1.030159831047058
6538.32236378193	1.0274581909179688
6538.38072800393	1.0315157175064087
6538.43909222593	1.0405787229537964
6538.49745644793	1.0474275350570679
6538.55582066993	1.0484108924865723
6538.61418489193	1.047975778579712
6538.67254911393	1.0492011308670044
6538.7309133359295	1.0495541095733643
6538.789277557929	1.0476346015930176
6538.847641779929	1.0467313528060913
6538.90600600193	1.0480204820632935
6538.96437022393	1.0459938049316406
6539.02273444593	1.037582516670227
6539.08109866793	1.0284172296524048
6539.13946288993	1.023896336555481
6539.19782711193	1.0237326622009277
6539.25619133393	1.026098370552063
6539.3145555559295	1.029477596282959
6539.372919777929	1.032741904258728
6539.431283999929	1.0355757474899292
6539.48964822193	1.0384759902954102
6539.54801244393	1.0435500144958496
6539.60637666593	1.0511366128921509
6539.66474088793	1.054945707321167
6539.72310510993	1.0500115156173706
6539.78146933193	1.042235016822815
6539.83983355393	1.0390640497207642
6539.8981977759295	1.0394864082336426
6539.956561997929	1.0397462844848633
6540.014926219929	1.0383964776992798
6540.07329044193	1.0358644723892212
6540.13165466393	1.0361539125442505
6540.19001888593	1.0424747467041016
6540.24838310793	1.0491461753845215
6540.30674732993	1.0482048988342285
6540.36511155193	1.039549469947815
6540.42347577393	1.0275683403015137
6540.4818399959295	1.0179169178009033
6540.540204217929	1.0159555673599243
6540.598568439929	1.0223801136016846
6540.65693266193	1.0337703227996826
6540.71529688393	1.0410573482513428
6540.77366110593	1.0351732969284058
6540.83202532793	1.024304747581482
6540.89038954993	1.0241458415985107
6540.94875377193	1.0314626693725586
6541.00711799393	1.0331212282180786
6541.0654822159295	1.030274748802185
6541.123846437929	1.03192937374115
6541.182210659929	1.0364525318145752
6541.24057488193	1.0361040830612183
6541.29893910393	1.0322680473327637
6541.35730332593	1.0320180654525757
6541.41566754793	1.0343421697616577
6541.47403176993	1.0328675508499146
6541.53239599193	1.028908610343933
6541.59076021393	1.0290749073028564
6541.6491244359295	1.0310351848602295
6541.707488657929	1.0260039567947388
6541.765852879929	1.017513394355774
6541.82421710193	1.0189458131790161
6541.88258132393	1.0289076566696167
6541.94094554593	1.0327552556991577
6541.99930976793	1.0267375707626343
6542.05767398993	1.017881155014038
6542.11603821193	1.0111967325210571
6542.17440243393	1.0093241930007935
6542.2327666559295	1.011595368385315
6542.291130877929	1.013832688331604
6542.349495099929	1.0128593444824219
6542.40785932193	1.0069655179977417
6542.46622354393	1.0005872249603271
6542.52458776593	1.0050195455551147
6542.58295198793	1.0202769041061401
6542.64131620993	1.0323193073272705
6542.69968043193	1.034377098083496
6542.75804465393	1.0299843549728394
6542.8164088759295	1.024010419845581
6542.874773097929	1.0220593214035034
6542.933137319929	1.0251688957214355
6542.99150154193	1.0280494689941406
6543.04986576393	1.0282152891159058
6543.10822998593	1.0280929803848267
6543.16659420793	1.0289771556854248
6543.22495842993	1.0296465158462524
6543.28332265193	1.0294471979141235
6543.34168687393	1.0290905237197876
6543.4000510959295	1.0291643142700195
6543.458415317929	1.0299245119094849
6543.516779539929	1.0290415287017822
6543.57514376193	1.0197335481643677
6543.63350798393	1.0001260042190552
6543.69187220593	0.978002667427063
6543.75023642793	0.9592856764793396
6543.80860064993	0.9431887865066528
6543.86696487193	0.9305161237716675
6543.92532909393	0.9278151392936707
6543.9836933159295	0.9378196001052856
6544.042057537929	0.9537770748138428
6544.100421759929	0.9700083136558533
6544.15878598193	0.9876106381416321
6544.21715020393	1.0063878297805786
6544.27551442593	1.0198290348052979
6544.33387864793	1.0238226652145386
6544.39224286993	1.0225826501846313
6544.45060709193	1.0211851596832275
6544.50897131393	1.0215460062026978
6544.5673355359295	1.0235201120376587
6544.625699757929	1.0241140127182007
6544.684063979929	1.0216909646987915
6544.74242820193	1.0204795598983765
6544.80079242393	1.0230497121810913
6544.85915664593	1.0226476192474365
6544.91752086793	1.0145251750946045
6544.97588508993	1.0075130462646484
6545.03424931193	1.0103665590286255
6545.09261353393	1.0187220573425293
6545.1509777559295	1.025037407875061
6545.209341977929	1.0264089107513428
6545.267706199929	1.0234298706054688
6545.32607042193	1.0221813917160034
6545.38443464393	1.0275719165802002
6545.44279886593	1.0334962606430054
6545.50116308793	1.0323050022125244
6545.55952730993	1.0266518592834473
6545.61789153193	1.0220586061477661
6545.67625575393	1.0181468725204468
6545.7346199759295	1.0133670568466187
6545.792984197929	1.011370062828064
6545.851348419929	1.0157588720321655
6545.90971264193	1.0212619304656982
6545.96807686393	1.0205473899841309
6546.02644108593	1.0153868198394775
6546.08480530793	1.011681318283081
6546.14316952993	1.0128923654556274
6546.20153375193	1.0198308229446411
6546.25989797393	1.0271800756454468
6546.3182621959295	1.0282458066940308
6546.376626417929	1.0264395475387573
6546.434990639929	1.0290374755859375
6546.49335486193	1.0334218740463257
6546.55171908393	1.0329407453536987
6546.61008330593	1.0301876068115234
6546.66844752793	1.0317492485046387
6546.72681174993	1.0353095531463623
6546.78517597193	1.0342503786087036
6546.84354019393	1.029747724533081
6546.9019044159295	1.0271981954574585
6546.960268637929	1.02625572681427
6547.018632859929	1.0235525369644165
6547.07699708193	1.0212171077728271
6547.13536130393	1.0241050720214844
6547.19372552593	1.0295902490615845
6547.25208974793	1.0303553342819214
6547.31045396993	1.0257374048233032
6547.36881819193	1.0197465419769287
6547.42718241393	1.0128052234649658
6547.4855466359295	1.0029906034469604
6547.543910857929	0.9913987517356873
6547.602275079929	0.9816288948059082
6547.66063930193	0.977241039276123
6547.71900352393	0.9810245633125305
6547.77736774593	0.9891056418418884
6547.83573196793	0.992512583732605
6547.89409618993	0.9918388724327087
6547.95246041193	0.9958495497703552
6548.01082463393	1.0058034658432007
6548.0691888559295	1.015901803970337
6548.127553077929	1.021836280822754
6548.185917299929	1.0210826396942139
6548.24428152193	1.015227198600769
6548.30264574393	1.0096421241760254
6548.36100996593	1.0034282207489014
6548.41937418793	0.9896051287651062
6548.47773840993	0.9702821373939514
6548.53610263193	0.957248866558075
6548.59446685393	0.9560791254043579
6548.6528310759295	0.964907705783844
6548.711195297929	0.9775563478469849
6548.769559519929	0.9835630059242249
6548.82792374193	0.9827854633331299
6548.88628796393	0.9871960282325745
6548.94465218593	0.9993440508842468
6549.00301640793	1.0096700191497803
6549.06138062993	1.0121619701385498
6549.11974485193	1.006219744682312
6549.17810907393	0.9979162216186523
6549.2364732959295	1.0012974739074707
6549.294837517929	1.0181269645690918
6549.353201739929	1.033257007598877
6549.41156596193	1.038479208946228
6549.46993018393	1.0369176864624023
6549.52829440593	1.0327308177947998
6549.58665862793	1.0299915075302124
6549.64502284993	1.0296680927276611
6549.70338707193	1.0282920598983765
6549.76175129393	1.0243840217590332
6549.8201155159295	1.020127296447754
6549.878479737929	1.0174676179885864
6549.936843959929	1.0173447132110596
6549.99520818193	1.0196868181228638
6550.05357240393	1.0231083631515503
6550.11193662593	1.0261250734329224
6550.17030084793	1.0273549556732178
6550.22866506993	1.026652216911316
6550.28702929193	1.0258653163909912
6550.34539351393	1.0258091688156128
6550.4037577359295	1.0248980522155762
6550.462121957929	1.0235074758529663
6550.520486179929	1.0263278484344482
6550.57885040193	1.034027338027954
6550.63721462393	1.0386021137237549
6550.69557884593	1.0367159843444824
6550.75394306793	1.0367101430892944
6550.81230728993	1.042615532875061
6550.87067151193	1.0459372997283936
6550.92903573393	1.0413285493850708
6550.9873999559295	1.0343724489212036
6551.045764177929	1.030375361442566
6551.104128399929	1.0294889211654663
6551.16249262193	1.030468225479126
6551.22085684393	1.0316591262817383
6551.27922106593	1.031827449798584
6551.33758528793	1.0308345556259155
6551.39594950993	1.0292956829071045
6551.45431373193	1.028882384300232
6551.51267795393	1.030059814453125
6551.5710421759295	1.0298625230789185
6551.629406397929	1.0272626876831055
6551.687770619929	1.0279773473739624
6551.74613484193	1.0344966650009155
6551.80449906393	1.037462830543518
6551.86286328593	1.030061960220337
6551.92122750793	1.019187092781067
6551.97959172993	1.0133107900619507
6552.03795595193	1.0149691104888916
6552.09632017393	1.0230991840362549
6552.1546843959295	1.0325874090194702
6552.213048617929	1.0381219387054443
6552.271412839929	1.0375245809555054
6552.32977706193	1.0302858352661133
6552.38814128393	1.0169388055801392
6552.44650550593	0.9997236728668213
6552.50486972793	0.9838693141937256
6552.56323394993	0.9743002653121948
6552.62159817193	0.9723291397094727
6552.67996239393	0.9774289131164551
6552.7383266159295	0.9881736040115356
6552.796690837929	1.0025321245193481
6552.855055059929	1.0182307958602905
6552.91341928193	1.033179521560669
6552.97178350393	1.0461452007293701
6553.03014772593	1.0562280416488647
6553.08851194793	1.0621672868728638
6553.14687616993	1.0635300874710083
6553.20524039193	1.0624258518218994
6553.26360461393	1.061870813369751
6553.3219688359295	1.0645447969436646
6553.380333057929	1.0707719326019287
6553.438697279929	1.0737789869308472
6553.49706150193	1.0671484470367432
6553.55542572393	1.0560925006866455
6553.61378994593	1.0488810539245605
6553.67215416793	1.045775055885315
6553.73051838993	1.044598937034607
6553.78888261193	1.0475921630859375
6553.84724683393	1.0570533275604248
6553.9056110559295	1.0688711404800415
6553.963975277929	1.0773330926895142
6554.022339499929	1.082362413406372
6554.08070372193	1.0862072706222534
6554.13906794393	1.0892870426177979
6554.19743216593	1.090989351272583
6554.25579638793	1.0894502401351929
6554.31416060993	1.0840622186660767
6554.37252483193	1.0819686651229858
6554.43088905393	1.090876817703247
6554.4892532759295	1.1038987636566162
6554.547617497929	1.109692931175232
6554.605981719929	1.1122283935546875
6554.66434594193	1.120558738708496
6554.72271016393	1.129320740699768
6554.78107438593	1.1282811164855957
6554.83943860793	1.1206796169281006
6554.89780282993	1.1162593364715576
6554.95616705193	1.1192594766616821
6555.01453127393	1.1293445825576782
6555.0728954959295	1.1395286321640015
6555.131259717929	1.1410237550735474
6555.189623939929	1.1367822885513306
6555.247988161929	1.1358572244644165
6555.30635238393	1.1410831212997437
6555.36471660593	1.1510711908340454
6555.42308082793	1.1623127460479736
6555.48144504993	1.1704446077346802
6555.53980927193	1.1751289367675781
6555.59817349393	1.1783421039581299
6555.6565377159295	1.1798760890960693
6555.714901937929	1.1787978410720825
6555.773266159929	1.1771818399429321
6555.83163038193	1.1789896488189697
6555.88999460393	1.1875219345092773
6555.94835882593	1.2041099071502686
6556.00672304793	1.221726894378662
6556.06508726993	1.2296876907348633
6556.12345149193	1.2314728498458862
6556.18181571393	1.2387157678604126
6556.2401799359295	1.2502784729003906
6556.298544157929	1.2573274374008179
6556.356908379929	1.2600444555282593
6556.415272601929	1.264638066291809
6556.47363682393	1.2742576599121094
6556.53200104593	1.2890405654907227
6556.59036526793	1.3036218881607056
6556.64872948993	1.3099852800369263
6556.70709371193	1.311955213546753
6556.76545793393	1.32077956199646
6556.8238221559295	1.3345296382904053
6556.882186377929	1.3421058654785156
6556.940550599929	1.3412296772003174
6556.99891482193	1.3365029096603394
6557.05727904393	1.33126699924469
6557.11564326593	1.3284677267074585
6557.17400748793	1.3341045379638672
6557.23237170993	1.3550622463226318
6557.29073593193	1.385993480682373
6557.34910015393	1.412573218345642
6557.4074643759295	1.433106780052185
6557.465828597929	1.4558683633804321
6557.524192819929	1.4822665452957153
6557.582557041929	1.5079333782196045
6557.64092126393	1.5288628339767456
6557.69928548593	1.5420218706130981
6557.75764970793	1.5507866144180298
6557.81601392993	1.563550591468811
6557.87437815193	1.5810441970825195
6557.93274237393	1.597571611404419
6557.9911065959295	1.6126054525375366
6558.049470817929	1.6301137208938599
6558.107835039929	1.652024269104004
6558.16619926193	1.6780128479003906
6558.22456348393	1.7041304111480713
6558.28292770593	1.7238513231277466
6558.34129192793	1.7400294542312622
6558.39965614993	1.7634083032608032
6558.45802037193	1.792040228843689
6558.51638459393	1.8129585981369019
6558.5747488159295	1.8282859325408936
6558.633113037929	1.8539257049560547
6558.691477259929	1.8926417827606201
6558.749841481929	1.9342845678329468
6558.80820570393	1.972413182258606
6558.86656992593	2.0045783519744873
6558.92493414793	2.0304758548736572
6558.98329836993	2.0521576404571533
6559.04166259193	2.0737571716308594
6559.10002681393	2.1011269092559814
6559.1583910359295	2.134474992752075
6559.216755257929	2.168262004852295
6559.275119479929	2.199695110321045
6559.333483701929	2.228926181793213
6559.39184792393	2.2554502487182617
6559.45021214593	2.2782881259918213
6559.50857636793	2.3005690574645996
6559.56694058993	2.3294270038604736
6559.62530481193	2.365274667739868
6559.68366903393	2.4012186527252197
6559.7420332559295	2.4321606159210205
6559.800397477929	2.4553704261779785
6559.858761699929	2.4715003967285156
6559.917125921929	2.4847209453582764
6559.97549014393	2.4964375495910645
6560.03385436593	2.5049936771392822
6560.09221858793	2.5113465785980225
6560.15058280993	2.519160509109497
6560.20894703193	2.525202512741089
6560.26731125393	2.518737316131592
6560.3256754759295	2.49798583984375
6560.384039697929	2.4717187881469727
6560.442403919929	2.4483020305633545
6560.500768141929	2.434694528579712
6560.55913236393	2.427551507949829
6560.61749658593	2.4121339321136475
6560.67586080793	2.385671615600586
6560.73422502993	2.3595898151397705
6560.79258925193	2.335099220275879
6560.85095347393	2.300821542739868
6560.9093176959295	2.2520010471343994
6560.967681917929	2.1925809383392334
6561.026046139929	2.129150629043579
6561.084410361929	2.070706844329834
6561.14277458393	2.0201833248138428
6561.20113880593	1.9730910062789917
6561.25950302793	1.9249160289764404
6561.31786724993	1.871768593788147
6561.37623147193	1.8145389556884766
6561.43459569393	1.7596447467803955
6561.4929599159295	1.7047431468963623
6561.551324137929	1.6366928815841675
6561.609688359929	1.555585265159607
6561.668052581929	1.4783506393432617
6561.72641680393	1.4103821516036987
6561.78478102593	1.3415591716766357
6561.84314524793	1.266646146774292
6561.90150946993	1.187756061553955
6561.95987369193	1.1054184436798096
6562.01823791393	1.017594814300537
6562.0766021359295	0.9253494143486023
6562.134966357929	0.833817720413208
6562.193330579929	0.7457458972930908
6562.251694801929	0.6605166792869568
6562.31005902393	0.5790019035339355
6562.36842324593	0.5042442679405212
6562.42678746793	0.4365493655204773
6562.48515168993	0.37257957458496094
6562.54351591193	0.31247636675834656
6562.60188013393	0.26116156578063965
6562.6602443559295	0.22161780297756195
6562.718608577929	0.19383880496025085
6562.776972799929	0.17542995512485504
6562.835337021929	0.16127926111221313
6562.89370124393	0.14992496371269226
6562.95206546593	0.14489254355430603
6563.01042968793	0.14811301231384277
6563.06879390993	0.15889210999011993
6563.12715813193	0.17415373027324677
6563.18552235393	0.18805773556232452
6563.2438865759295	0.201730415225029
6563.302250797929	0.22563330829143524
6563.360615019929	0.2628314197063446
6563.418979241929	0.3056849241256714
6563.47734346393	0.35091468691825867
6563.53570768593	0.4021907448768616
6563.59407190793	0.46325457096099854
6563.65243612993	0.5371279120445251
6563.71080035193	0.6229230761528015
6563.76916457393	0.7147191166877747
6563.8275287959295	0.8067353963851929
6563.885893017929	0.8939984440803528
6563.944257239929	0.9736896753311157
6564.002621461929	1.045711636543274
6564.06098568393	1.1121782064437866
6564.11934990593	1.1777535676956177
6564.17771412793	1.2472789287567139
6564.23607834993	1.3255136013031006
6564.29444257193	1.41355299949646
6564.35280679393	1.5076888799667358
6564.4111710159295	1.6022694110870361
6564.469535237929	1.6896944046020508
6564.527899459929	1.7648528814315796
6564.586263681929	1.8261574506759644
6564.64462790393	1.876961588859558
6564.70299212593	1.9266979694366455
6564.76135634793	1.9813551902770996
6564.81972056993	2.0415778160095215
6564.87808479193	2.103476047515869
6564.93644901393	2.1578309535980225
6564.9948132359295	2.2016825675964355
6565.053177457929	2.241071939468384
6565.111541679929	2.281129837036133
6565.169905901929	2.324627637863159
6565.22827012393	2.3689231872558594
6565.28663434593	2.4044880867004395
6565.34499856793	2.4280025959014893
6565.40336278993	2.4452714920043945
6565.46172701193	2.4584739208221436
6565.52009123393	2.4638006687164307
6565.5784554559295	2.4599649906158447
6565.636819677929	2.449763536453247
6565.695183899929	2.438897132873535
6565.753548121929	2.4364047050476074
6565.81191234393	2.4399893283843994
6565.87027656593	2.431968927383423
6565.92864078793	2.407174825668335
6565.98700500993	2.3788576126098633
6566.04536923193	2.3543715476989746
6566.10373345393	2.331021547317505
6566.1620976759295	2.307551860809326
6566.220461897929	2.2858145236968994
6566.278826119929	2.2632086277008057
6566.337190341929	2.230947971343994
6566.39555456393	2.1889164447784424
6566.45391878593	2.1490671634674072
6566.51228300793	2.1194262504577637
6566.57064722993	2.1014204025268555
6566.62901145193	2.088876485824585
6566.68737567393	2.0665690898895264
6566.74573989593	2.031960964202881
6566.8041041179295	1.9999839067459106
6566.862468339929	1.974441409111023
6566.920832561929	1.942797064781189
6566.97919678393	1.904443621635437
6567.03756100593	1.8759008646011353
6567.09592522793	1.860822081565857
6567.15428944993	1.844512939453125
6567.21265367193	1.821183681488037
6567.27101789393	1.7983733415603638
6567.32938211593	1.7761874198913574
6567.3877463379295	1.743960976600647
6567.446110559929	1.703465461730957
6567.504474781929	1.6732271909713745
6567.56283900393	1.6579715013504028
6567.62120322593	1.6433695554733276
6567.67956744793	1.624803066253662
6567.73793166993	1.6116564273834229
6567.79629589193	1.6033799648284912
6567.85466011393	1.5858030319213867
6567.91302433593	1.5572179555892944
6567.9713885579295	1.5326071977615356
6568.029752779929	1.5175306797027588
6568.088117001929	1.5043574571609497
6568.14648122393	1.4890533685684204
6568.20484544593	1.4732017517089844
6568.26320966793	1.457654595375061
6568.32157388993	1.4418808221817017
6568.37993811193	1.4253169298171997
6568.43830233393	1.4075101613998413
6568.49666655593	1.3894920349121094
6568.5550307779295	1.3740122318267822
6568.613394999929	1.3608368635177612
6568.671759221929	1.3460825681686401
6568.73012344393	1.329209327697754
6568.78848766593	1.3139129877090454
6568.84685188793	1.3018044233322144
6568.90521610993	1.2917065620422363
6568.96358033193	1.2828449010849
6569.02194455393	1.2751127481460571
6569.08030877593	1.2683138847351074
6569.1386729979295	1.262073040008545
6569.197037219929	1.2552303075790405
6569.255401441929	1.245823621749878
6569.31376566393	1.2345093488693237
6569.37212988593	1.2249646186828613
6569.43049410793	1.2189900875091553
6569.48885832993	1.2160290479660034
6569.54722255193	1.215299129486084
6569.60558677393	1.215785026550293
6569.66395099593	1.2143853902816772
6569.7223152179295	1.2059870958328247
6569.780679439929	1.1924797296524048
6569.839043661929	1.1834123134613037
6569.89740788393	1.1815706491470337
6569.95577210593	1.1818207502365112
6570.01413632793	1.1790691614151
6570.07250054993	1.1690576076507568
6570.13086477193	1.1556051969528198
6570.18922899393	1.150679349899292
6570.24759321593	1.1542726755142212
6570.3059574379295	1.1535166501998901
6570.364321659929	1.1435848474502563
6570.422685881929	1.1289072036743164
6570.48105010393	1.1159024238586426
6570.53941432593	1.1122291088104248
6570.59777854793	1.1164084672927856
6570.65614276993	1.1177762746810913
6570.71450699193	1.1136236190795898
6570.77287121393	1.109532117843628
6570.83123543593	1.1071852445602417
6570.8895996579295	1.1042540073394775
6570.947963879929	1.100993037223816
6571.006328101929	1.1001616716384888
6571.06469232393	1.1018234491348267
6571.12305654593	1.1032485961914062
6571.18142076793	1.1016428470611572
6571.23978498993	1.0946813821792603
6571.29814921193	1.0856460332870483
6571.35651343393	1.0826674699783325
6571.41487765593	1.0856990814208984
6571.4732418779295	1.0869383811950684
6571.531606099929	1.08235764503479
6571.589970321929	1.0720689296722412
6571.64833454393	1.060542345046997
6571.70669876593	1.0555144548416138
6571.76506298793	1.0554484128952026
6571.82342720993	1.050663709640503
6571.88179143193	1.0380644798278809
6571.94015565393	1.021013855934143
6571.99851987593	1.0053317546844482
6572.0568840979295	0.9982846975326538
6572.115248319929	0.999057948589325
6572.173612541929	1.0002409219741821
6572.23197676393	1.0018311738967896
6572.29034098593	1.0096453428268433
6572.34870520793	1.0230207443237305
6572.40706942993	1.035959005355835
6572.46543365193	1.04563570022583
6572.52379787393	1.0519527196884155
6572.58216209593	1.0547425746917725
6572.6405263179295	1.0540624856948853
6572.698890539929	1.0513371229171753
6572.757254761929	1.0489745140075684
6572.81561898393	1.0479161739349365
6572.87398320593	1.047708511352539
6572.93234742793	1.0468462705612183
6572.99071164993	1.0431993007659912
6573.04907587193	1.0365159511566162
6573.10744009393	1.0283702611923218
6573.16580431593	1.0222867727279663
6573.2241685379295	1.0222175121307373
6573.282532759929	1.024308204650879
6573.340896981929	1.02020263671875
6573.39926120393	1.0123686790466309
6573.45762542593	1.010262370109558
6573.51598964793	1.015150547027588
6573.57435386993	1.0220404863357544
6573.63271809193	1.0249824523925781
6573.69108231393	1.0188353061676025
6573.74944653593	1.008460521697998
6573.8078107579295	1.0044578313827515
6573.866174979929	1.007282018661499
6573.924539201929	1.0106801986694336
6573.98290342393	1.0114740133285522
6574.04126764593	1.0091077089309692
6574.09963186793	1.0068260431289673
6574.15799608993	1.0090885162353516
6574.21636031193	1.0118093490600586
6574.27472453393	1.007347583770752
6574.33308875593	0.9998741149902344
6574.3914529779295	0.9993370175361633
6574.449817199929	1.0056114196777344
6574.508181421929	1.011591911315918
6574.566545643929	1.0080015659332275
6574.62490986593	0.9871563911437988
6574.68327408793	0.9559394717216492
6574.74163830993	0.9293904304504395
6574.80000253193	0.9158826470375061
6574.85836675393	0.9180253148078918
6574.91673097593	0.9309366345405579
6574.9750951979295	0.9457123279571533
6575.033459419929	0.9580939412117004
6575.091823641929	0.9673789143562317
6575.15018786393	0.9765588045120239
6575.20855208593	0.9893941879272461
6575.26691630793	1.0027323961257935
6575.32528052993	1.0110727548599243
6575.38364475193	1.0156726837158203
6575.44200897393	1.0199726819992065
6575.50037319593	1.0207610130310059
6575.5587374179295	1.0144455432891846
6575.617101639929	1.009971261024475
6575.675465861929	1.0175557136535645
6575.733830083929	1.0267527103424072
6575.79219430593	1.0223593711853027
6575.85055852793	1.0117651224136353
6575.90892274993	1.009226679801941
6575.96728697193	1.0123143196105957
6576.02565119393	1.012934684753418
6576.08401541593	1.0117334127426147
6576.1423796379295	1.0119887590408325
6576.200743859929	1.0122694969177246
6576.259108081929	1.0100817680358887
6576.31747230393	1.0062580108642578
6576.37583652593	1.003007173538208
6576.43420074793	1.0021697282791138
6576.49256496993	1.0044716596603394
6576.55092919193	1.0075421333312988
6576.60929341393	1.0086886882781982
6576.66765763593	1.0087217092514038
6576.7260218579295	1.0092209577560425
6576.784386079929	1.0092955827713013
6576.842750301929	1.0083975791931152
6576.901114523929	1.0101590156555176
6576.95947874593	1.017051100730896
6577.01784296793	1.0233235359191895
6577.07620718993	1.0230648517608643
6577.13457141193	1.0191651582717896
6577.19293563393	1.016092300415039
6577.25129985593	1.0129783153533936
6577.3096640779295	1.0090159177780151
6577.368028299929	1.0089951753616333
6577.426392521929	1.0159354209899902
6577.484756743929	1.0231152772903442
6577.54312096593	1.0239042043685913
6577.60148518793	1.0206881761550903
6577.65984940993	1.0176957845687866
6577.71821363193	1.0159878730773926
6577.77657785393	1.015419602394104
6577.83494207593	1.0152901411056519
6577.8933062979295	1.014936089515686
6577.951670519929	1.0144407749176025
6578.010034741929	1.0136514902114868
6578.068398963929	1.0111013650894165
6578.12676318593	1.006980061531067
6578.18512740793	1.0062501430511475
6578.24349162993	1.0116872787475586
6578.30185585193	1.0183448791503906
6578.36022007393	1.020856499671936
6578.41858429593	1.0172574520111084
6578.4769485179295	1.009965181350708
6578.535312739929	1.0090852975845337
6578.593676961929	1.0184016227722168
6578.652041183929	1.0243996381759644
6578.71040540593	1.0180270671844482
6578.76876962793	1.007659673690796
6578.82713384993	1.0022348165512085
6578.88549807193	1.0038751363754272
6578.94386229393	1.0106650590896606
6579.00222651593	1.0159159898757935
6579.0605907379295	1.0154318809509277
6579.118954959929	1.0115821361541748
6579.177319181929	1.0078132152557373
6579.235683403929	1.0070945024490356
6579.29404762593	1.0092898607254028
6579.35241184793	1.0087820291519165
6579.41077606993	1.004010796546936
6579.46914029193	1.0023256540298462
6579.52750451393	1.0065456628799438
6579.58586873593	1.0091288089752197
6579.6442329579295	1.0072964429855347
6579.702597179929	1.0090357065200806
6579.760961401929	1.0163551568984985
6579.819325623929	1.0189520120620728
6579.87768984593	1.0136046409606934
6579.93605406793	1.0109150409698486
6579.99441828993	1.014888048171997
6580.05278251193	1.016674280166626
6580.11114673393	1.0125138759613037
6580.16951095593	1.008529782295227
6580.2278751779295	1.0084528923034668
6580.286239399929	1.0109180212020874
6580.344603621929	1.014556884765625
6580.402967843929	1.0188153982162476
6580.46133206593	1.0202641487121582
6580.51969628793	1.0115848779678345
6580.57806050993	0.9956462979316711
6580.63642473193	0.9888749718666077
6580.69478895393	0.9937341809272766
6580.75315317593	0.9937164187431335
6580.8115173979295	0.9852344393730164
6580.869881619929	0.9822538495063782
6580.928245841929	0.989311933517456
6580.986610063929	0.9982337951660156
6581.04497428593	1.0038121938705444
6581.10333850793	1.005328893661499
6581.16170272993	1.0043330192565918
6581.22006695193	1.0045572519302368
6581.27843117393	1.007073163986206
6581.33679539593	1.0099021196365356
6581.3951596179295	1.0112709999084473
6581.453523839929	1.0099306106567383
6581.511888061929	1.0071641206741333
6581.570252283929	1.0066938400268555
6581.62861650593	1.0097357034683228
6581.68698072793	1.0147573947906494
6581.74534494993	1.018715262413025
6581.80370917193	1.017685890197754
6581.86207339393	1.0137187242507935
6581.92043761593	1.013806939125061
6581.9788018379295	1.017285943031311
6582.037166059929	1.0171616077423096
6582.095530281929	1.0134657621383667
6582.153894503929	1.0117900371551514
6582.21225872593	1.0116914510726929
6582.27062294793	1.0083714723587036
6582.32898716993	1.0032434463500977
6582.38735139193	1.0022355318069458
6582.44571561393	1.0067278146743774
6582.50407983593	1.0142462253570557
6582.5624440579295	1.021114706993103
6582.620808279929	1.0234885215759277
6582.679172501929	1.0231596231460571
6582.737536723929	1.025010585784912
6582.79590094593	1.0263524055480957
6582.85426516793	1.020888328552246
6582.91262938993	1.0127365589141846
6582.97099361193	1.0111416578292847
6583.02935783393	1.0138695240020752
6583.08772205593	1.0126210451126099
6583.1460862779295	1.007543921470642
6583.204450499929	1.0033913850784302
6583.262814721929	1.001145601272583
6583.321178943929	0.9997290372848511
6583.37954316593	0.9987182021141052
6583.43790738793	0.9982244968414307
6583.49627160993	0.9995237588882446
6583.55463583193	1.0036890506744385
6583.61300005393	1.0079551935195923
6583.67136427593	1.009040117263794
6583.7297284979295	1.010477900505066
6583.788092719929	1.016937017440796
6583.846456941929	1.023359775543213
6583.904821163929	1.0223476886749268
6583.96318538593	1.0160834789276123
6584.02154960793	1.0106520652770996
6584.07991382993	1.0091416835784912
6584.13827805193	1.0121135711669922
6584.19664227393	1.0161725282669067
6584.25500649593	1.017421841621399
6584.3133707179295	1.0166447162628174
6584.371734939929	1.0163061618804932
6584.430099161929	1.017636775970459
6584.488463383929	1.0209035873413086
6584.54682760593	1.025046944618225
6584.60519182793	1.028254747390747
6584.66355604993	1.0281972885131836
6584.72192027193	1.023738145828247
6584.78028449393	1.0173330307006836
6584.83864871593	1.0121691226959229
6584.8970129379295	1.009811282157898
6584.955377159929	1.010240077972412
6585.013741381929	1.0108660459518433
6585.072105603929	1.0098899602890015
6585.13046982593	1.00980806350708
6585.18883404793	1.0122112035751343
6585.24719826993	1.0132544040679932
6585.30556249193	1.0103609561920166
6585.36392671393	1.0075145959854126
6585.42229093593	1.0075594186782837
6585.4806551579295	1.0066635608673096
6585.539019379929	1.0028414726257324
6585.597383601929	1.0019147396087646
6585.655747823929	1.00619375705719
6585.71411204593	1.00673508644104
6585.77247626793	0.9998791217803955
6585.83084048993	0.9976063370704651
6585.88920471193	1.005278468132019
6585.94756893393	1.0092967748641968
6586.00593315593	1.0027055740356445
6586.0642973779295	0.9974769353866577
6586.122661599929	1.0013644695281982
6586.181025821929	1.008702278137207
6586.239390043929	1.0140398740768433
6586.29775426593	1.0163543224334717
6586.35611848793	1.0135142803192139
6586.41448270993	1.0002319812774658
6586.47284693193	0.9794028401374817
6586.53121115393	0.9670911431312561
6586.58957537593	0.9699951410293579
6586.6479395979295	0.9784549474716187
6586.706303819929	0.9857139587402344
6586.764668041929	0.9920840859413147
6586.823032263929	0.9978269338607788
6586.88139648593	1.002081036567688
6586.93976070793	1.004638910293579
6586.99812492993	1.0062659978866577
6587.05648915193	1.0081045627593994
6587.11485337393	1.011614203453064
6587.17321759593	1.0166677236557007
6587.2315818179295	1.0212030410766602
6587.289946039929	1.0235059261322021
6587.348310261929	1.0224679708480835
6587.406674483929	1.0179049968719482
6587.46503870593	1.0107842683792114
6587.52340292793	1.0043052434921265
6587.58176714993	1.0035924911499023
6587.64013137193	1.0080071687698364
6587.69849559393	1.011351227760315
6587.75685981593	1.013413429260254
6587.8152240379295	1.0192196369171143
6587.873588259929	1.025277018547058
6587.931952481929	1.0214248895645142
6587.990316703929	1.0110992193222046
6588.04868092593	1.0084776878356934
6588.10704514793	1.0133819580078125
6588.16540936993	1.0144248008728027
6588.22377359193	1.0102909803390503
6588.28213781393	1.0073225498199463
6588.34050203593	1.0074598789215088
6588.3988662579295	1.0091999769210815
6588.457230479929	1.0106050968170166
6588.515594701929	1.009817361831665
6588.573958923929	1.0080218315124512
6588.63232314593	1.0080069303512573
6588.69068736793	1.0088281631469727
6588.74905158993	1.0080512762069702
6588.80741581193	1.0089609622955322
6588.86578003393	1.0162835121154785
6588.92414425593	1.023825764656067
6588.9825084779295	1.021676778793335
6589.040872699929	1.0139645338058472
6589.099236921929	1.0108016729354858
6589.157601143929	1.0121244192123413
6589.21596536593	1.012976884841919
6589.27432958793	1.011379599571228
6589.33269380993	1.0073654651641846
6589.39105803193	1.0031675100326538
6589.44942225393	1.0014253854751587
6589.50778647593	1.0017024278640747
6589.5661506979295	1.0027134418487549
6589.624514919929	1.0056324005126953
6589.682879141929	1.011348843574524
6589.741243363929	1.0163570642471313
6589.79960758593	1.0173619985580444
6589.85797180793	1.0175598859786987
6589.91633602993	1.020593285560608
6589.97470025193	1.0236133337020874
6590.03306447393	1.0229558944702148
6590.09142869593	1.0193060636520386
6590.1497929179295	1.015549898147583
6590.208157139929	1.0165516138076782
6590.266521361929	1.0236796140670776
6590.324885583929	1.0276998281478882
6590.38324980593	1.022109031677246
6590.44161402793	1.0150316953659058
6590.49997824993	1.0144222974777222
6590.55834247193	1.0179076194763184
6590.61670669393	1.021364688873291
6590.67507091593	1.0231472253799438
6590.7334351379295	1.0228853225708008
6590.791799359929	1.0216736793518066
6590.850163581929	1.0199177265167236
6590.908527803929	1.0157175064086914
6590.96689202593	1.0092438459396362
6591.02525624793	1.0055122375488281
6591.08362046993	1.006990909576416
6591.14198469193	1.009932518005371
6591.20034891393	1.01146399974823
6591.25871313593	1.0122166872024536
6591.3170773579295	1.0125010013580322
6591.375441579929	1.0110639333724976
6591.433805801929	1.0091391801834106
6591.492170023929	1.0121614933013916
6591.55053424593	1.0203551054000854
6591.60889846793	1.0255602598190308
6591.66726268993	1.024286150932312
6591.72562691193	1.020918369293213
6591.78399113393	1.0182911157608032
6591.84235535593	1.0160636901855469
6591.9007195779295	1.0140169858932495
6591.959083799929	1.0124573707580566
6592.017448021929	1.0125197172164917
6592.075812243929	1.016101598739624
6592.13417646593	1.0206409692764282
6592.19254068793	1.018843173980713
6592.25090490993	1.011154294013977
6592.30926913193	1.0062294006347656
6592.36763335393	1.0051113367080688
6592.42599757593	1.001171350479126
6592.4843617979295	0.9945034384727478
6592.542726019929	0.9915993213653564
6592.601090241929	0.9945533871650696
6592.659454463929	1.0010124444961548
6592.71781868593	1.007056713104248
6592.77618290793	1.0078741312026978
6592.83454712993	1.0025055408477783
6592.89291135193	0.9938064217567444
6592.95127557393	0.9878261089324951
6593.00963979593	0.9914272427558899
6593.0680040179295	0.9999293088912964
6593.126368239929	1.0020747184753418
6593.184732461929	1.0002635717391968
6593.243096683929	1.0043559074401855
6593.30146090593	1.0119882822036743
6593.35982512793	1.0144333839416504
6593.41818934993	1.0115858316421509
6593.47655357193	1.0082826614379883
6593.53491779393	1.0072963237762451
6593.59328201593	1.0095205307006836
6593.6516462379295	1.0125503540039062
6593.710010459929	1.0129255056381226
6593.768374681929	1.0110093355178833
6593.826738903929	1.008659839630127
6593.885103125929	1.0054312944412231
6593.94346734793	1.0008598566055298
6594.00183156993	0.9981402158737183
6594.06019579193	1.0006352663040161
6594.11856001393	1.0070929527282715
6594.17692423593	1.013773798942566
6594.2352884579295	1.015670657157898
6594.293652679929	1.0099236965179443
6594.352016901929	1.0011235475540161
6594.410381123929	0.995532751083374
6594.46874534593	0.9959597587585449
6594.52710956793	1.0018820762634277
6594.58547378993	1.0076171159744263
6594.64383801193	1.0082792043685913
6594.70220223393	1.0052767992019653
6594.76056645593	1.0013881921768188
6594.8189306779295	0.9976807236671448
6594.877294899929	0.9957552552223206
6594.935659121929	0.9995800256729126
6594.994023343929	1.0095221996307373
6595.052387565929	1.0174694061279297
6595.11075178793	1.0182286500930786
6595.16911600993	1.0162034034729004
6595.22748023193	1.0149750709533691
6595.28584445393	1.012619137763977
6595.34420867593	1.0085068941116333
6595.4025728979295	1.0061235427856445
6595.460937119929	1.0066702365875244
6595.519301341929	1.0064462423324585
6595.577665563929	1.004441261291504
6595.63602978593	1.0050328969955444
6595.69439400793	1.008292555809021
6595.75275822993	1.006948471069336
6595.81112245193	1.0007902383804321
6595.86948667393	1.0004063844680786
6595.92785089593	1.008141279220581
6595.9862151179295	1.0143275260925293
6596.044579339929	1.0149692296981812
6596.102943561929	1.0142300128936768
6596.161307783929	1.0136797428131104
6596.219672005929	1.0113887786865234
6596.27803622793	1.0085985660552979
6596.33640044993	1.0098164081573486
6596.39476467193	1.0134483575820923
6596.45312889393	1.012117862701416
6596.51149311593	1.0068856477737427
6596.5698573379295	1.0063931941986084
6596.628221559929	1.0105279684066772
6596.686585781929	1.011724829673767
6596.744950003929	1.0090876817703247
6596.803314225929	1.0071505308151245
6596.86167844793	1.007301688194275
6596.92004266993	1.0083681344985962
6596.97840689193	1.0090388059616089
6597.03677111393	1.0081276893615723
6597.09513533593	1.0061060190200806
6597.1534995579295	1.004613995552063
6597.211863779929	1.005113124847412
6597.270228001929	1.0080125331878662
6597.328592223929	1.0089997053146362
6597.386956445929	1.0030250549316406
6597.44532066793	0.995317280292511
6597.50368488993	0.9946358799934387
6597.56204911193	0.9987633228302002
6597.62041333393	1.0013456344604492
6597.67877755593	1.0035678148269653
6597.7371417779295	1.0089672803878784
6597.795505999929	1.0163356065750122
6597.853870221929	1.022322177886963
6597.912234443929	1.0236175060272217
6597.970598665929	1.0189136266708374
6598.02896288793	1.0130196809768677
6598.08732710993	1.0108603239059448
6598.14569133193	1.0098530054092407
6598.20405555393	1.007323145866394
6598.26241977593	1.0085309743881226
6598.3207839979295	1.0167964696884155
6598.379148219929	1.0237059593200684
6598.437512441929	1.0217876434326172
6598.495876663929	1.01449716091156
6598.554240885929	1.0081028938293457
6598.61260510793	1.00801420211792
6598.67096932993	1.014726996421814
6598.72933355193	1.0187917947769165
6598.78769777393	1.0153939723968506
6598.84606199593	1.0138627290725708
6598.9044262179295	1.019269347190857
6598.962790439929	1.0230716466903687
6599.021154661929	1.0195503234863281
6599.079518883929	1.0124069452285767
6599.137883105929	1.005337119102478
6599.19624732793	0.9992926120758057
6599.25461154993	0.9952219724655151
6599.31297577193	0.9947065711021423
6599.37133999393	0.9969591498374939
6599.42970421593	0.9977881908416748
6599.4880684379295	0.9960346221923828
6599.546432659929	0.9950603246688843
6599.604796881929	0.9963107109069824
6599.663161103929	0.9983208775520325
6599.721525325929	1.0005285739898682
6599.77988954793	1.003683090209961
6599.83825376993	1.008646011352539
6599.89661799193	1.0159887075424194
6599.95498221393	1.0214457511901855
6600.01334643593	1.016755223274231
6600.0717106579295	1.0051286220550537
6600.130074879929	1.0000132322311401
6600.188439101929	1.0040191411972046
6600.246803323929	1.0101754665374756
6600.305167545929	1.0160962343215942
6600.36353176793	1.0226831436157227
6600.42189598993	1.0268560647964478
6600.48026021193	1.0235843658447266
6600.53862443393	1.014628529548645
6600.59698865593	1.0063127279281616
6600.6553528779295	1.0017262697219849
6600.713717099929	1.0013223886489868
6600.772081321929	1.0033714771270752
6600.830445543929	1.005293846130371
6600.888809765929	1.0079833269119263
6600.94717398793	1.0132721662521362
6601.00553820993	1.0183254480361938
6601.06390243193	1.0191303491592407
6601.12226665393	1.016730546951294
6601.18063087593	1.0144511461257935
6601.23899509793	1.014548897743225
6601.2973593199295	1.0174474716186523
6601.355723541929	1.0189650058746338
6601.414087763929	1.015729546546936
6601.472451985929	1.0131866931915283
6601.53081620793	1.0166598558425903
6601.58918042993	1.0213446617126465
6601.64754465193	1.0209932327270508
6601.70590887393	1.0149935483932495
6601.76427309593	1.0061578750610352
6601.82263731793	1.0011582374572754
6601.8810015399295	1.0030604600906372
6601.939365761929	1.00397789478302
6601.997729983929	0.9984490275382996
6602.056094205929	0.9925410747528076
6602.11445842793	0.9913878440856934
6602.17282264993	0.9926978349685669
6602.23118687193	0.9942379593849182
6602.28955109393	0.9969536066055298
6602.34791531593	1.0003948211669922
6602.40627953793	1.000676155090332
6602.4646437599295	0.9973547458648682
6602.523007981929	0.9963564872741699
6602.581372203929	0.998715341091156
6602.639736425929	0.9968734383583069
6602.69810064793	0.9899848103523254
6602.75646486993	0.9877793788909912
6602.81482909193	0.9930620193481445
6602.87319331393	0.9984784722328186
6602.93155753593	1.000997543334961
6602.98992175793	1.003674864768982
6603.0482859799295	1.007276177406311
6603.106650201929	1.0096522569656372
6603.165014423929	1.0096490383148193
6603.223378645929	1.0073533058166504
6603.28174286793	1.0034422874450684
6603.34010708993	0.9991981983184814
6603.39847131193	0.996375560760498
6603.45683553393	0.996654748916626
6603.51519975593	0.9980865716934204
6603.57356397793	0.9961617588996887
6603.6319281999295	0.9898553490638733
6603.690292421929	0.981377124786377
6603.748656643929	0.9757328629493713
6603.807020865929	0.9781563878059387
6603.86538508793	0.9840753078460693
6603.92374930993	0.9844767451286316
6603.98211353193	0.9812107682228088
6604.04047775393	0.9808614253997803
6604.09884197593	0.9814758896827698
6604.15720619793	0.9781211018562317
6604.2155704199295	0.9726608395576477
6604.273934641929	0.9691436290740967
6604.332298863929	0.9669239521026611
6604.390663085929	0.9640042185783386
6604.44902730793	0.9610809087753296
6604.50739152993	0.9598290920257568
6604.56575575193	0.9616923332214355
6604.62411997393	0.9664527177810669
6604.68248419593	0.9695142507553101
6604.74084841793	0.9672954678535461
6604.7992126399295	0.9627652168273926
6604.857576861929	0.9604290723800659
6604.915941083929	0.963403046131134
6604.974305305929	0.9710782766342163
6605.03266952793	0.9754428863525391
6605.09103374993	0.9725058674812317
6605.14939797193	0.9706886410713196
6605.20776219393	0.9751035571098328
6605.26612641593	0.9789323210716248
6605.32449063793	0.977793276309967
6605.3828548599295	0.975919246673584
6605.441219081929	0.9764401912689209
6605.499583303929	0.978209912776947
6605.557947525929	0.9792703986167908
6605.61631174793	0.9774245023727417
6605.67467596993	0.9735277891159058
6605.73304019193	0.9726704955101013
6605.79140441393	0.9738560318946838
6605.84976863593	0.9679346084594727
6605.90813285793	0.9567066431045532
6605.9664970799295	0.9553090929985046
6606.024861301929	0.9651733040809631
6606.083225523929	0.972133457660675
6606.141589745929	0.9726021885871887
6606.19995396793	0.9741552472114563
6606.25831818993	0.9779970049858093
6606.31668241193	0.9795421957969666
6606.37504663393	0.9796475768089294
6606.43341085593	0.9832074642181396
6606.49177507793	0.9887136816978455
6606.5501392999295	0.9903366565704346
6606.608503521929	0.9883385300636292
6606.666867743929	0.9871553182601929
6606.725231965929	0.988832414150238
6606.78359618793	0.9931699633598328
6606.84196040993	0.9968969225883484
6606.90032463193	0.9958145022392273
6606.95868885393	0.9905136227607727
6607.01705307593	0.9847001433372498
6607.07541729793	0.9830573201179504
6607.1337815199295	0.9886012077331543
6607.192145741929	0.9962936639785767
6607.250509963929	0.9995233416557312
6607.308874185929	1.0001572370529175
6607.36723840793	1.001854419708252
6607.42560262993	1.002022624015808
6607.48396685193	0.9980969429016113
6607.54233107393	0.9942662715911865
6607.60069529593	0.994711697101593
6607.65905951793	0.9974570870399475
6607.7174237399295	0.9995612502098083
6607.775787961929	1.0004914999008179
6607.834152183929	1.001392126083374
6607.892516405929	1.0058504343032837
6607.95088062793	1.013756275177002
6608.00924484993	1.016303300857544
6608.06760907193	1.0085439682006836
6608.12597329393	0.9959731698036194
6608.18433751593	0.985958456993103
6608.24270173793	0.9854994416236877
6608.3010659599295	0.9951945543289185
6608.359430181929	1.0059013366699219
6608.417794403929	1.0114076137542725
6608.476158625929	1.011843204498291
6608.53452284793	1.0087718963623047
6608.59288706993	1.0046308040618896
6608.65125129193	1.0017718076705933
6608.70961551393	1.0021616220474243
6608.76797973593	1.0047850608825684
6608.82634395793	1.0054538249969482
6608.8847081799295	1.0026111602783203
6608.943072401929	0.9979646801948547
6609.001436623929	0.9969972968101501
6609.059800845929	1.0071111917495728
6609.11816506793	1.0212876796722412
6609.17652928993	1.0220353603363037
6609.23489351193	1.0100510120391846
6609.29325773393	0.999815046787262
6609.35162195593	0.9977667331695557
6609.40998617793	1.003319263458252
6609.4683503999295	1.0098850727081299
6609.526714621929	1.0088509321212769
6609.585078843929	1.0032206773757935
6609.643443065929	1.001176118850708
6609.70180728793	1.0012972354888916
6609.76017150993	0.9985606074333191
6609.81853573193	0.9946550130844116
6609.87689995393	0.993477463722229
6609.93526417593	0.9949426054954529
6609.99362839793	0.9974859952926636
6610.0519926199295	1.0006242990493774
6610.110356841929	1.0044434070587158
6610.168721063929	1.009932279586792
6610.227085285929	1.0159941911697388
6610.28544950793	1.0145306587219238
6610.34381372993	1.0029088258743286
6610.40217795193	0.9976188540458679
6610.46054217393	1.008429765701294
6610.51890639593	1.0174702405929565
6610.57727061793	1.0113009214401245
6610.6356348399295	1.0002819299697876
6610.693999061929	0.994971513748169
6610.752363283929	0.9960547685623169
6610.810727505929	1.0007874965667725
6610.869091727929	1.0039300918579102
6610.92745594993	1.0035316944122314
6610.98582017193	1.0035476684570312
6611.04418439393	1.005085825920105
6611.10254861593	1.003982424736023
6611.16091283793	0.9998759031295776
6611.2192770599295	0.9980669617652893
6611.277641281929	1.000412940979004
6611.336005503929	1.003989815711975
6611.394369725929	1.005750060081482
6611.45273394793	1.003157615661621
6611.51109816993	0.9975721836090088
6611.56946239193	0.9940386414527893
6611.62782661393	0.9944530725479126
6611.68619083593	0.9974943399429321
6611.74455505793	1.0006892681121826
6611.8029192799295	1.0012017488479614
6611.861283501929	1.0006146430969238
6611.919647723929	1.0030454397201538
6611.978011945929	1.0070033073425293
6612.036376167929	1.0078200101852417
6612.09474038993	1.0047353506088257
6612.15310461193	1.000014305114746
6612.21146883393	0.9983618855476379
6612.26983305593	1.003449559211731
6612.32819727793	1.0089728832244873
6612.3865614999295	1.0063902139663696
6612.444925721929	0.9982069134712219
6612.503289943929	0.9911917448043823
6612.561654165929	0.9887508153915405
6612.62001838793	0.9911138415336609
6612.67838260993	0.9932423233985901
6612.73674683193	0.9907735586166382
6612.79511105393	0.9867174029350281
6612.85347527593	0.9853711128234863
6612.91183949793	0.9880154132843018
6612.9702037199295	0.9940276145935059
6613.028567941929	1.000847339630127
6613.086932163929	1.004929780960083
6613.145296385929	1.0016485452651978
6613.203660607929	0.9916495084762573
6613.26202482993	0.9855284690856934
6613.32038905193	0.9883064031600952
6613.37875327393	0.9924923777580261
6613.43711749593	0.9930484294891357
6613.49548171793	0.9918469190597534
6613.5538459399295	0.9912863969802856
6613.612210161929	0.9931580424308777
6613.670574383929	0.9954007267951965
6613.728938605929	0.9914761185646057
6613.78730282793	0.9840754866600037
6613.84566704993	0.9861583113670349
6613.90403127193	0.99631267786026
6613.96239549393	0.9985607862472534
6614.02075971593	0.993108868598938
6614.07912393793	0.9946472644805908
6614.1374881599295	1.0017116069793701
6614.195852381929	1.0004373788833618
6614.254216603929	0.9926334023475647
6614.312580825929	0.9905325770378113
6614.370945047929	0.9924585819244385
6614.42930926993	0.9889749884605408
6614.48767349193	0.9827495217323303
6614.54603771393	0.9824205040931702
6614.60440193593	0.9881906509399414
6614.66276615793	0.9951850771903992
6614.7211303799295	0.9979385137557983
6614.779494601929	0.9933539032936096
6614.837858823929	0.9884456992149353
6614.896223045929	0.9911870956420898
6614.95458726793	0.9962871670722961
6615.01295148993	0.9967826008796692
6615.07131571193	0.9977430701255798
6615.12967993393	1.004470944404602
6615.18804415593	1.0111274719238281
6615.24640837793	1.0113563537597656
6615.3047725999295	1.0061379671096802
6615.363136821929	0.9993298053741455
6615.421501043929	0.996405839920044
6615.479865265929	0.9986989498138428
6615.538229487929	0.9985116720199585
6615.59659370993	0.991791844367981
6615.65495793193	0.9844702482223511
6615.71332215393	0.9824187159538269
6615.77168637593	0.9884693026542664
6615.83005059793	0.9992228150367737
6615.8884148199295	1.0029903650283813
6615.946779041929	0.9967007637023926
6616.005143263929	0.9900660514831543
6616.063507485929	0.9890545010566711
6616.12187170793	0.9933804273605347
6616.18023592993	0.9995979070663452
6616.23860015193	1.0015289783477783
6616.29696437393	0.9971863627433777
6616.35532859593	0.9892981052398682
6616.41369281793	0.9832412600517273
6616.4720570399295	0.9856081604957581
6616.530421261929	0.9945256114006042
6616.588785483929	1.0016412734985352
6616.647149705929	1.0031261444091797
6616.705513927929	0.9993556141853333
6616.76387814993	0.9948961734771729
6616.82224237193	0.9955539107322693
6616.88060659393	0.9987166523933411
6616.93897081593	0.9985606670379639
6616.99733503793	0.9975828528404236
6617.0556992599295	1.000572681427002
6617.114063481929	1.0044918060302734
6617.172427703929	1.0042951107025146
6617.230791925929	1.0003063678741455
6617.289156147929	0.9957027435302734
6617.34752036993	0.995323657989502
6617.40588459193	1.0016289949417114
6617.46424881393	1.009265422821045
6617.52261303593	1.0126224756240845
6617.58097725793	1.0118489265441895
6617.6393414799295	1.0088210105895996
6617.697705701929	1.005212664604187
6617.756069923929	1.0033717155456543
6617.814434145929	1.0071167945861816
6617.872798367929	1.0156396627426147
6617.93116258993	1.019668698310852
6617.98952681193	1.0149458646774292
6618.04789103393	1.0074485540390015
6618.10625525593	1.0018547773361206
6618.16461947793	0.9987661838531494
6618.2229836999295	0.9971991181373596
6618.281347921929	0.9948313236236572
6618.339712143929	0.9929684400558472
6618.398076365929	0.9968358278274536
6618.456440587929	1.0037484169006348
6618.51480480993	1.0033714771270752
6618.57316903193	0.9969605803489685
6618.63153325393	0.9959185719490051
6618.68989747593	0.9999540448188782
6618.74826169793	0.9998403191566467
6618.8066259199295	0.9961882829666138
6618.864990141929	0.9961580038070679
6618.923354363929	1.0003645420074463
6618.981718585929	1.0049753189086914
6619.040082807929	1.006606101989746
6619.09844702993	1.0034775733947754
6619.15681125193	0.9998489618301392
6619.21517547393	1.0011837482452393
6619.27353969593	1.0042732954025269
6619.33190391793	1.0037082433700562
6619.3902681399295	1.001292109489441
6619.448632361929	1.0006463527679443
6619.506996583929	1.001447319984436
6619.565360805929	1.002282977104187
6619.623725027929	1.0028334856033325
6619.68208924993	1.0029840469360352
6619.74045347193	1.0023345947265625
6619.79881769393	1.0006442070007324
6619.85718191593	0.9980471134185791
6619.91554613793	0.9954560399055481
6619.9739103599295	0.9951657056808472
6620.032274581929	0.9971297383308411
6620.090638803929	0.9967278242111206
6620.149003025929	0.9926446676254272
6620.207367247929	0.9899744987487793
6620.26573146993	0.9905723929405212
6620.32409569193	0.9904882311820984
6620.38245991393	0.9885061979293823
6620.44082413593	0.9876421093940735
6620.49918835793	0.9896454215049744
6620.5575525799295	0.9943194389343262
6620.615916801929	1.0001333951950073
6620.674281023929	1.0044864416122437
6620.732645245929	1.0072190761566162
6620.791009467929	1.0101044178009033
6620.84937368993	1.011613368988037
6620.90773791193	1.0081822872161865
6620.96610213393	1.0008301734924316
6621.02446635593	0.9938204288482666
6621.08283057793	0.9900578856468201
6621.1411947999295	0.9906185269355774
6621.199559021929	0.9924255013465881
6621.257923243929	0.9911677241325378
6621.316287465929	0.9879652261734009
6621.374651687929	0.9862222075462341
6621.43301590993	0.9870560169219971
6621.49138013193	0.9902861714363098
6621.54974435393	0.995104968547821
6621.60810857593	0.9998865723609924
6621.66647279793	1.001635193824768
6621.7248370199295	0.9988852739334106
6621.783201241929	0.994991660118103
6621.841565463929	0.9931946992874146
6621.899929685929	0.9931319952011108
6621.958293907929	0.9929433465003967
6622.01665812993	0.9895642399787903
6622.07502235193	0.9838080406188965
6622.13338657393	0.9839707612991333
6622.19175079593	0.9919890761375427
6622.25011501793	0.9974962472915649
6622.3084792399295	0.996248722076416
6622.366843461929	0.9953609108924866
6622.425207683929	0.9985705018043518
6622.483571905929	1.0034830570220947
6622.541936127929	1.0053458213806152
6622.60030034993	0.9979592561721802
6622.65866457193	0.9852277040481567
6622.71702879393	0.9805790781974792
6622.77539301593	0.9854001998901367
6622.83375723793	0.9901633262634277
6622.8921214599295	0.9915463328361511
6622.950485681929	0.9915102124214172
6623.008849903929	0.9919894337654114
6623.067214125929	0.9943352341651917
6623.125578347929	0.9963378310203552
6623.18394256993	0.9944514632225037
6623.24230679193	0.9899027943611145
6623.30067101393	0.9861637949943542
6623.35903523593	0.9841887950897217
6623.41739945793	0.9840028882026672
6623.4757636799295	0.9869716763496399
6623.534127901929	0.993651270866394
6623.592492123929	1.0007891654968262
6623.650856345929	1.0047117471694946
6623.709220567929	1.0046217441558838
6623.76758478993	1.0017515420913696
6623.82594901193	0.9997052550315857
6623.88431323393	1.0001592636108398
6623.94267745593	0.9990325570106506
6624.00104167793	0.9940119385719299
6624.0594058999295	0.9888781905174255
6624.117770121929	0.9870558381080627
6624.176134343929	0.9892444014549255
6624.234498565929	0.993572473526001
6624.292862787929	0.9950474500656128
6624.35122700993	0.9929837584495544
6624.40959123193	0.9930057525634766
6624.46795545393	0.9962825179100037
6624.52631967593	0.9979342818260193
6624.58468389793	0.9960734844207764
6624.6430481199295	0.9925917983055115
6624.701412341929	0.9899538159370422
6624.759776563929	0.9904187321662903
6624.818140785929	0.9905971884727478
6624.876505007929	0.9839354753494263
6624.93486922993	0.9763107299804688
6624.99323345193	0.9801259636878967
6625.05159767393	0.989995002746582
6625.10996189593	0.9914621114730835
6625.16832611793	0.9853429794311523
6625.2266903399295	0.9803808331489563
6625.285054561929	0.9799709320068359
6625.343418783929	0.9836875200271606
6625.401783005929	0.9871811270713806
6625.460147227929	0.9859216213226318
6625.51851144993	0.9808509349822998
6625.57687567193	0.9755211472511292
6625.63523989393	0.9743874073028564
6625.69360411593	0.9789962768554688
6625.75196833793	0.9829835891723633
6625.8103325599295	0.982154369354248
6625.868696781929	0.9824042916297913
6625.927061003929	0.9868165850639343
6625.985425225929	0.9880931973457336
6626.043789447929	0.9830584526062012
6626.10215366993	0.9792199730873108
6626.16051789193	0.9793984889984131
6626.21888211393	0.9766229391098022
6626.27724633593	0.9695661664009094
6626.33561055793	0.966074526309967
6626.3939747799295	0.9690126776695251
6626.452339001929	0.9741570949554443
6626.510703223929	0.9774855375289917
6626.569067445929	0.9760186076164246
6626.627431667929	0.9701219201087952
6626.68579588993	0.9632986783981323
6626.74416011193	0.9579752087593079
6626.80252433393	0.9553399085998535
6626.86088855593	0.9552261829376221
6626.91925277793	0.9558773040771484
6626.9776169999295	0.9531015157699585
6627.035981221929	0.9425885081291199
6627.094345443929	0.9262239336967468
6627.152709665929	0.9099566340446472
6627.211073887929	0.9009532332420349
6627.26943810993	0.9031037092208862
6627.32780233193	0.9072526693344116
6627.38616655393	0.903734564781189
6627.44453077593	0.8990642428398132
6627.50289499793	0.9018713235855103
6627.5612592199295	0.909988284111023
6627.619623441929	0.9191452264785767
6627.677987663929	0.928413450717926
6627.736351885929	0.9375036358833313
6627.794716107929	0.9456371665000916
6627.85308032993	0.9531490206718445
6627.91144455193	0.9625778198242188
6627.96980877393	0.9730374217033386
6628.02817299593	0.9775633811950684
6628.08653721793	0.9744752049446106
6628.1449014399295	0.9707497954368591
6628.203265661929	0.9707478284835815
6628.261629883929	0.9740996360778809
6628.319994105929	0.9767072200775146
6628.378358327929	0.9715915322303772
6628.43672254993	0.9631646871566772
6628.49508677193	0.9655500650405884
6628.55345099393	0.9763358235359192
6628.61181521593	0.9801282286643982
6628.67017943793	0.974982738494873
6628.7285436599295	0.9692506790161133
6628.786907881929	0.9693232774734497
6628.845272103929	0.9784152507781982
6628.903636325929	0.991174578666687
6628.962000547929	0.9980247020721436
6629.02036476993	0.9936614632606506
6629.07872899193	0.9788388609886169
6629.13709321393	0.9667628407478333
6629.19545743593	0.9698171019554138
6629.25382165793	0.980660617351532
6629.3121858799295	0.9875596165657043
6629.370550101929	0.9880112409591675
6629.428914323929	0.9848135709762573
6629.487278545929	0.9862216711044312
6629.545642767929	0.9948387145996094
6629.60400698993	0.9982215166091919
6629.66237121193	0.9904484152793884
6629.72073543393	0.9837093353271484
6629.77909965593	0.9848699569702148
6629.83746387793	0.9868773818016052
6629.8958280999295	0.9849196076393127
6629.954192321929	0.9802799224853516
6630.012556543929	0.9753724932670593
6630.070920765929	0.9730919003486633
6630.129284987929	0.9742940068244934
6630.187649209929	0.9775049090385437
6630.24601343193	0.981552004814148
6630.30437765393	0.9856433272361755
6630.36274187593	0.9889678955078125
6630.42110609793	0.9907426238059998
6630.4794703199295	0.9902428984642029
6630.537834541929	0.987208366394043
6630.596198763929	0.9831202030181885
6630.654562985929	0.9806935787200928
6630.712927207929	0.983053982257843
6630.77129142993	0.9914429187774658
6630.82965565193	0.9993654489517212
6630.88801987393	0.9997102618217468
6630.94638409593	0.9965426921844482
6631.00474831793	0.995650589466095
6631.0631125399295	0.9932039380073547
6631.121476761929	0.9863883852958679
6631.179840983929	0.9839978814125061
6631.238205205929	0.9906005859375
6631.296569427929	0.9936356544494629
6631.354933649929	0.9848196506500244
6631.41329787193	0.9725551009178162
6631.47166209393	0.9663490653038025
6631.53002631593	0.9714516997337341
6631.58839053793	0.9853977560997009
6631.6467547599295	0.9954875111579895
6631.705118981929	0.9954057931900024
6631.763483203929	0.989206075668335
6631.821847425929	0.9818029999732971
6631.880211647929	0.9777434468269348
6631.93857586993	0.9786173701286316
6631.99694009193	0.9827030301094055
6632.05530431393	0.9867051839828491
6632.11366853593	0.986599862575531
6632.17203275793	0.9828674793243408
6632.2303969799295	0.9791781306266785
6632.288761201929	0.9757013916969299
6632.347125423929	0.9717061519622803
6632.405489645929	0.9741501808166504
6632.463853867929	0.9895851612091064
6632.522218089929	1.0050455331802368
6632.58058231193	1.0036882162094116
6632.63894653393	0.9904531836509705
6632.69731075593	0.9781532883644104
6632.75567497793	0.9731180667877197
6632.8140391999295	0.976084291934967
6632.872403421929	0.9795523881912231
6632.930767643929	0.9776850938796997
6632.989131865929	0.9750744700431824
6633.047496087929	0.9756854176521301
6633.10586030993	0.9763984680175781
6633.16422453193	0.976248025894165
6633.22258875393	0.9807847738265991
6633.28095297593	0.9894149303436279
6633.33931719793	0.9906606674194336
