6486.671875	0.0574643313885
6486.671875	0.9645994901657104
6486.7293393313885	0.961715579032898
6486.786803662777	0.9633850455284119
6486.844267994165	0.9664870500564575
6486.901732325554	0.9644767045974731
6486.959196656942	0.9624695777893066
6487.016660988331	0.9649708271026611
6487.074125319719	0.9703749418258667
6487.131589651108	0.9733222723007202
6487.189053982496	0.9723303318023682
6487.246518313885	0.9707254767417908
6487.303982645273	0.9695435166358948
6487.361446976662	0.966001033782959
6487.41891130805	0.9622752666473389
6487.476375639439	0.961107611656189
6487.533839970827	0.956857442855835
6487.591304302216	0.9510917663574219
6487.648768633604	0.9502962827682495
6487.7062329649925	0.9506350755691528
6487.763697296381	0.9506354928016663
6487.8211616277695	0.9484126567840576
6487.878625959158	0.9439471960067749
6487.936090290546	0.9468405842781067
6487.993554621935	0.9536781311035156
6488.051018953323	0.9530316591262817
6488.108483284712	0.9514681100845337
6488.1659476161	0.9532285928726196
6488.223411947489	0.9573675394058228
6488.280876278877	0.9605647325515747
6488.338340610266	0.9574156999588013
6488.395804941654	0.9575628638267517
6488.453269273043	0.9695652723312378
6488.510733604431	0.9811436533927917
6488.56819793582	0.9815168976783752
6488.625662267208	0.9763899445533752
6488.683126598597	0.972571849822998
6488.740590929985	0.9708592891693115
6488.7980552613735	0.9725055694580078
6488.855519592762	0.9753153324127197
6488.9129839241505	0.9734241366386414
6488.970448255539	0.9681735634803772
6489.027912586927	0.9639063477516174
6489.085376918316	0.9610869288444519
6489.142841249704	0.9604795575141907
6489.200305581093	0.9580230116844177
6489.257769912481	0.9523380398750305
6489.31523424387	0.9517983198165894
6489.372698575258	0.9573512077331543
6489.430162906647	0.9636654257774353
6489.487627238035	0.9663326740264893
6489.545091569424	0.9659069180488586
6489.602555900812	0.9649713635444641
6489.660020232201	0.9666122198104858
6489.717484563589	0.9681685566902161
6489.774948894978	0.9643576145172119
6489.832413226366	0.9638800024986267
6489.8898775577545	0.9674819111824036
6489.947341889143	0.965715229511261
6490.0048062205315	0.9648481011390686
6490.06227055192	0.968379020690918
6490.119734883308	0.9697747230529785
6490.177199214697	0.967786967754364
6490.234663546085	0.9653742909431458
6490.292127877474	0.964065670967102
6490.349592208862	0.9624513387680054
6490.407056540251	0.9598051905632019
6490.464520871639	0.9558880925178528
6490.521985203028	0.9499973058700562
6490.579449534416	0.9434267282485962
6490.636913865805	0.9363990426063538
6490.694378197193	0.9299018979072571
6490.751842528582	0.9247809052467346
6490.80930685997	0.921779453754425
6490.866771191359	0.9218952059745789
6490.924235522747	0.9206157922744751
6490.9816998541355	0.9233445525169373
6491.039164185524	0.9309590458869934
6491.0966285169125	0.9383919835090637
6491.154092848301	0.9428603649139404
6491.211557179689	0.9455520510673523
6491.269021511078	0.9473696351051331
6491.326485842466	0.9456361532211304
6491.383950173855	0.9440990686416626
6491.441414505243	0.9445976614952087
6491.498878836632	0.9486469030380249
6491.55634316802	0.9499074220657349
6491.613807499409	0.9422991275787354
6491.671271830797	0.9349492788314819
6491.728736162186	0.9350256323814392
6491.786200493574	0.9363068342208862
6491.843664824963	0.9336093068122864
6491.901129156351	0.9309330582618713
6491.95859348774	0.9325019717216492
6492.016057819128	0.9389053583145142
6492.0735221505165	0.9470687508583069
6492.130986481905	0.950870156288147
6492.1884508132935	0.9496438503265381
6492.245915144682	0.9493351578712463
6492.30337947607	0.9509006142616272
6492.360843807459	0.9509918093681335
6492.418308138847	0.949131190776825
6492.475772470236	0.9478596448898315
6492.533236801624	0.9493404626846313
6492.590701133013	0.9508454203605652
6492.648165464401	0.9485629200935364
6492.70562979579	0.9458407163619995
6492.763094127178	0.9449427127838135
6492.820558458567	0.9418217539787292
6492.878022789955	0.9380788803100586
6492.935487121344	0.9391528964042664
6492.992951452732	0.9408509135246277
6493.050415784121	0.93828946352005
6493.107880115509	0.938289999961853
6493.1653444468975	0.9421678185462952
6493.222808778286	0.9436137676239014
6493.280273109674	0.9430325031280518
6493.337737441063	0.9431729912757874
6493.395201772451	0.9458056092262268
6493.45266610384	0.9523801803588867
6493.510130435228	0.9597119092941284
6493.567594766617	0.9642109870910645
6493.625059098005	0.9660850167274475
6493.682523429394	0.9669715762138367
6493.739987760782	0.9683621525764465
6493.797452092171	0.9705749154090881
6493.854916423559	0.9729885458946228
6493.912380754948	0.9739865064620972
6493.969845086336	0.970318078994751
6494.027309417725	0.96819007396698
6494.084773749113	0.9733622670173645
6494.142238080502	0.9762427806854248
6494.19970241189	0.9716432690620422
6494.2571667432785	0.9661211967468262
6494.314631074667	0.9657248258590698
6494.372095406055	0.9664194583892822
6494.429559737444	0.9616129398345947
6494.487024068832	0.9595013856887817
6494.544488400221	0.9638264179229736
6494.601952731609	0.9638574719429016
6494.659417062998	0.962553083896637
6494.716881394386	0.9650347232818604
6494.774345725775	0.9661515951156616
6494.831810057163	0.9655067324638367
6494.889274388552	0.962561845779419
6494.94673871994	0.9580086469650269
6495.004203051329	0.954524576663971
6495.061667382717	0.9536337852478027
6495.119131714106	0.9572864770889282
6495.176596045494	0.9622213840484619
6495.234060376883	0.9671217203140259
6495.291524708271	0.9731295108795166
6495.3489890396595	0.975814938545227
6495.406453371048	0.9731706380844116
6495.463917702436	0.9678540825843811
6495.521382033825	0.960288941860199
6495.578846365213	0.9544768929481506
6495.636310696602	0.954524576663971
6495.69377502799	0.9551968574523926
6495.751239359379	0.9483273029327393
6495.808703690767	0.9387204647064209
6495.866168022156	0.9348213076591492
6495.923632353544	0.93567955493927
6495.981096684933	0.9422075152397156
6496.038561016321	0.9486104846000671
6496.09602534771	0.9524762630462646
6496.153489679098	0.9563315510749817
6496.210954010487	0.9591295123100281
6496.268418341875	0.9583651423454285
6496.325882673264	0.9533799290657043
6496.383347004652	0.9511198401451111
6496.4408113360405	0.9535931944847107
6496.498275667429	0.9573686122894287
6496.555739998817	0.959438681602478
6496.613204330206	0.9608727693557739
6496.670668661594	0.9638758301734924
6496.728132992983	0.9661262631416321
6496.785597324371	0.9640565514564514
6496.84306165576	0.9618768692016602
6496.900525987148	0.9617738127708435
6496.957990318537	0.9610728621482849
6497.015454649925	0.9612252712249756
6497.072918981314	0.9605223536491394
6497.130383312702	0.9566585421562195
6497.187847644091	0.9545891880989075
6497.245311975479	0.9545726180076599
6497.302776306868	0.9504722356796265
6497.360240638256	0.9441993832588196
6497.417704969645	0.9429181218147278
6497.475169301033	0.9443643093109131
6497.5326336324215	0.9407214522361755
6497.59009796381	0.9361185431480408
6497.647562295198	0.9415246248245239
6497.705026626587	0.9513400793075562
6497.762490957975	0.9571592807769775
6497.819955289364	0.9598483443260193
6497.877419620752	0.9549331665039062
6497.934883952141	0.9495616555213928
6497.992348283529	0.9538108110427856
6498.049812614918	0.958358108997345
6498.107276946306	0.9571643471717834
6498.164741277695	0.9545199275016785
6498.222205609083	0.955936074256897
6498.279669940472	0.957295298576355
6498.33713427186	0.9578427672386169
6498.394598603249	0.9612857699394226
6498.452062934637	0.963473916053772
6498.5095272660255	0.963979959487915
6498.566991597414	0.9638271331787109
6498.6244559288025	0.9621418714523315
6498.681920260191	0.9605200290679932
6498.739384591579	0.960451602935791
6498.796848922968	0.9607083797454834
6498.854313254356	0.9594958424568176
6498.911777585745	0.9571078419685364
6498.969241917133	0.9554446935653687
6499.026706248522	0.953804075717926
6499.08417057991	0.950324535369873
6499.141634911299	0.9483118653297424
6499.199099242687	0.9501672983169556
6499.256563574076	0.9517317414283752
6499.314027905464	0.9542320966720581
6499.371492236853	0.9585327506065369
6499.428956568241	0.9581992626190186
6499.48642089963	0.956669270992279
6499.543885231018	0.9620481133460999
6499.6013495624065	0.9652713537216187
6499.658813893795	0.9628536701202393
6499.7162782251835	0.9634014964103699
6499.773742556572	0.9597728848457336
6499.83120688796	0.9531117081642151
6499.888671219349	0.9521008729934692
6499.946135550737	0.953521728515625
6500.003599882126	0.9520329833030701
6500.061064213514	0.9482536911964417
6500.118528544903	0.9439958333969116
6500.175992876291	0.9425804615020752
6500.23345720768	0.9473229646682739
6500.290921539068	0.9522498250007629
6500.348385870457	0.9507690668106079
6500.405850201845	0.9465959072113037
6500.463314533234	0.9456833600997925
6500.520778864622	0.9473031163215637
6500.578243196011	0.9469045996665955
6500.635707527399	0.9439469575881958
6500.6931718587875	0.944867730140686
6500.750636190176	0.9513149261474609
6500.8081005215645	0.9560160636901855
6500.865564852953	0.9555252194404602
6500.923029184341	0.9516087174415588
6500.98049351573	0.9466421008110046
6501.037957847118	0.9477107524871826
6501.095422178507	0.9515913128852844
6501.152886509895	0.950719952583313
6501.210350841284	0.9516553282737732
6501.267815172672	0.9532226324081421
6501.325279504061	0.9510787129402161
6501.382743835449	0.951668918132782
6501.440208166838	0.9566490054130554
6501.497672498226	0.9579946398735046
6501.555136829615	0.9535811543464661
6501.612601161003	0.9542129039764404
6501.670065492392	0.9541192054748535
6501.72752982378	0.9478049278259277
6501.7849941551685	0.9491539001464844
6501.842458486557	0.9539649486541748
6501.8999228179455	0.9538707137107849
6501.957387149334	0.9544500112533569
6502.014851480722	0.95560622215271
6502.072315812111	0.9508371949195862
6502.129780143499	0.9471696019172668
6502.187244474888	0.9509799480438232
6502.244708806276	0.9522705078125
6502.302173137665	0.9486074447631836
6502.359637469053	0.9495254755020142
6502.417101800442	0.9551421403884888
6502.47456613183	0.9595150351524353
6502.532030463219	0.9620201587677002
6502.589494794607	0.9632079005241394
6502.646959125996	0.9626277685165405
6502.704423457384	0.9595019221305847
6502.761887788773	0.9544000029563904
6502.819352120161	0.9532354474067688
6502.8768164515495	0.9560222029685974
6502.934280782938	0.9547408819198608
6502.9917451143265	0.9505234360694885
6503.049209445715	0.9492289423942566
6503.106673777103	0.9471303224563599
6503.164138108492	0.9438099265098572
6503.22160243988	0.9453219175338745
6503.279066771269	0.9464803338050842
6503.336531102657	0.947801947593689
6503.393995434046	0.9520235061645508
6503.451459765434	0.9511593580245972
6503.508924096823	0.9470425248146057
6503.566388428211	0.9443364143371582
6503.6238527596	0.9454379081726074
6503.681317090988	0.9517146348953247
6503.738781422377	0.9552916884422302
6503.796245753765	0.9518904089927673
6503.853710085154	0.9485355615615845
6503.911174416542	0.9471480846405029
6503.9686387479305	0.947424054145813
6504.026103079319	0.9491599202156067
6504.0835674107075	0.9477902054786682
6504.141031742096	0.9440295100212097
6504.198496073484	0.9434823989868164
6504.255960404873	0.9468865394592285
6504.313424736261	0.9478448033332825
6504.37088906765	0.9438016414642334
6504.428353399038	0.9414668083190918
6504.485817730427	0.9429994821548462
6504.543282061815	0.9431381225585938
6504.600746393204	0.9448023438453674
6504.658210724592	0.951460063457489
6504.715675055981	0.9542486071586609
6504.773139387369	0.9520963430404663
6504.830603718758	0.9529915452003479
6504.888068050146	0.9537285566329956
6504.945532381535	0.9522740244865417
6505.002996712923	0.9527004361152649
6505.0604610443115	0.9548253417015076
6505.1179253757	0.9557064771652222
6505.1753897070885	0.9557898640632629
6505.232854038477	0.9553892016410828
6505.290318369865	0.9557126760482788
6505.347782701254	0.9571278691291809
6505.405247032642	0.9543276429176331
6505.462711364031	0.9493426084518433
6505.520175695419	0.9477335214614868
6505.577640026808	0.9499077200889587
6505.635104358196	0.9537058472633362
6505.692568689585	0.955913782119751
6505.750033020973	0.9580313563346863
6505.807497352362	0.9602242708206177
6505.86496168375	0.9571854472160339
6505.922426015139	0.951447069644928
6505.979890346527	0.9506711363792419
6506.037354677916	0.9539693593978882
6506.094819009304	0.9577929973602295
6506.1522833406925	0.9607605934143066
6506.209747672081	0.9628674983978271
6506.2672120034695	0.9642003774642944
6506.324676334858	0.9630185961723328
6506.382140666246	0.9598613977432251
6506.439604997635	0.9579959511756897
6506.497069329023	0.9569571614265442
6506.554533660412	0.955737292766571
6506.6119979918	0.9545372724533081
6506.669462323189	0.9522147178649902
6506.726926654577	0.9518066048622131
6506.784390985966	0.9544137120246887
6506.841855317354	0.9562327861785889
6506.899319648743	0.9585169553756714
6506.956783980131	0.9596032500267029
6507.01424831152	0.9560660123825073
6507.071712642908	0.9531839489936829
6507.129176974297	0.9508727192878723
6507.186641305685	0.9472315907478333
6507.2441056370735	0.9464560747146606
6507.301569968462	0.9456260800361633
6507.3590342998505	0.9403774738311768
6507.416498631239	0.9376818537712097
6507.473962962627	0.9426848888397217
6507.531427294016	0.9516786336898804
6507.588891625404	0.9579685926437378
6507.646355956793	0.956588625907898
6507.703820288181	0.9542068839073181
6507.76128461957	0.9530972838401794
6507.818748950958	0.9471753835678101
6507.876213282347	0.9427832365036011
6507.933677613735	0.9458616375923157
6507.991141945124	0.9511564373970032
6508.048606276512	0.9554362297058105
6508.106070607901	0.9570585489273071
6508.163534939289	0.9558477997779846
6508.220999270678	0.9536925554275513
6508.278463602066	0.9497337937355042
6508.3359279334545	0.9463614821434021
6508.393392264843	0.9445298314094543
6508.4508565962315	0.9419794082641602
6508.50832092762	0.9417762160301208
6508.565785259008	0.9438196420669556
6508.623249590397	0.9422808885574341
6508.680713921785	0.9378885626792908
6508.738178253174	0.9369129538536072
6508.795642584562	0.9425848126411438
6508.853106915951	0.9512020349502563
6508.910571247339	0.9607746005058289
6508.968035578728	0.9672206044197083
6509.025499910116	0.9628443121910095
6509.082964241505	0.9573682546615601
6509.140428572893	0.9591950178146362
6509.197892904282	0.9619853496551514
6509.25535723567	0.9627193212509155
6509.312821567059	0.9615920782089233
6509.370285898447	0.9604213833808899
6509.4277502298355	0.9617387056350708
6509.485214561224	0.9613488912582397
6509.5426788926125	0.9559075832366943
6509.600143224001	0.9536871910095215
6509.657607555389	0.9581807851791382
6509.715071886778	0.9605965614318848
6509.772536218166	0.9602424502372742
6509.830000549555	0.9583920240402222
6509.887464880943	0.956656277179718
6509.944929212332	0.9580492973327637
6510.00239354372	0.9601009488105774
6510.059857875109	0.960231363773346
6510.117322206497	0.9599263072013855
6510.174786537886	0.9629350900650024
6510.232250869274	0.9650452733039856
6510.289715200663	0.9646254777908325
6510.347179532051	0.9670435786247253
6510.40464386344	0.9695104956626892
6510.462108194828	0.9676737189292908
6510.5195725262165	0.9653648138046265
6510.577036857605	0.9651964902877808
6510.634501188993	0.9651134610176086
6510.691965520382	0.9654116034507751
6510.74942985177	0.9669671654701233
6510.806894183159	0.9700120091438293
6510.864358514547	0.9712508320808411
6510.921822845936	0.966407060623169
6510.979287177324	0.9631320238113403
6511.036751508713	0.9669875502586365
6511.094215840101	0.9706870317459106
6511.15168017149	0.9735497236251831
6511.209144502878	0.9748952984809875
6511.266608834267	0.9709634780883789
6511.324073165655	0.9661447405815125
6511.381537497044	0.9628793597221375
6511.439001828432	0.9648171663284302
6511.496466159821	0.9715257287025452
6511.553930491209	0.9732764959335327
6511.6113948225975	0.9732605218887329
6511.668859153986	0.9734302759170532
6511.726323485374	0.9671018719673157
6511.783787816763	0.96013343334198
6511.841252148151	0.9585477113723755
6511.89871647954	0.9622244834899902
6511.956180810928	0.9636475443840027
6512.013645142317	0.9587752223014832
6512.071109473705	0.9534499645233154
6512.128573805094	0.9496757984161377
6512.186038136482	0.9453914165496826
6512.243502467871	0.9436667561531067
6512.300966799259	0.9493451118469238
6512.358431130648	0.9570479989051819
6512.415895462036	0.9619274139404297
6512.473359793425	0.9630874395370483
6512.530824124813	0.9612248539924622
6512.588288456202	0.9630500078201294
6512.64575278759	0.9688605070114136
6512.7032171189785	0.9722112417221069
6512.760681450367	0.9732994437217712
6512.818145781755	0.9731285572052002
6512.875610113144	0.9709023833274841
6512.933074444532	0.9697148203849792
6512.990538775921	0.9676575660705566
6513.048003107309	0.9625187516212463
6513.105467438698	0.9619808793067932
6513.162931770086	0.9655358195304871
6513.220396101475	0.9641144871711731
6513.277860432863	0.9606908559799194
6513.335324764252	0.958919107913971
6513.39278909564	0.956072211265564
6513.450253427029	0.9584527015686035
6513.507717758417	0.9686185121536255
6513.565182089806	0.9715075492858887
6513.622646421194	0.964606761932373
6513.680110752583	0.9620404243469238
6513.737575083971	0.9654423594474792
6513.7950394153595	0.9627174735069275
6513.852503746748	0.9545978903770447
6513.909968078136	0.9554086923599243
6513.967432409525	0.9596458077430725
6514.024896740913	0.9589529633522034
6514.082361072302	0.9555217623710632
6514.13982540369	0.9523339867591858
6514.197289735079	0.9498517513275146
6514.254754066467	0.9467104077339172
6514.312218397856	0.9496855735778809
6514.369682729244	0.9521766901016235
6514.427147060633	0.9450845718383789
6514.484611392021	0.9378855228424072
6514.54207572341	0.9295678734779358
6514.599540054798	0.9192990660667419
6514.657004386187	0.9161747694015503
6514.714468717575	0.913974940776825
6514.771933048964	0.9071760177612305
6514.829397380352	0.905064582824707
6514.8868617117405	0.9088260531425476
6514.944326043129	0.9135426878929138
6515.001790374517	0.9215040802955627
6515.059254705906	0.9303277730941772
6515.116719037294	0.9337267279624939
6515.174183368683	0.9327106475830078
6515.231647700071	0.9302329421043396
6515.28911203146	0.9266616106033325
6515.346576362848	0.9226981401443481
6515.404040694237	0.919538676738739
6515.461505025625	0.9188690781593323
6515.518969357014	0.9178042411804199
6515.576433688402	0.9136577248573303
6515.633898019791	0.908450722694397
6515.691362351179	0.9025878310203552
6515.748826682568	0.8964638710021973
6515.806291013956	0.8897218108177185
6515.8637553453445	0.8808619379997253
6515.921219676733	0.8750523328781128
6515.9786840081215	0.8761606812477112
6516.03614833951	0.8777735233306885
6516.093612670898	0.8765289187431335
6516.151077002287	0.8737568259239197
6516.208541333675	0.863896906375885
6516.266005665064	0.850820779800415
6516.323469996452	0.8414201736450195
6516.380934327841	0.8330488801002502
6516.438398659229	0.8216012120246887
6516.495862990618	0.8125399351119995
6516.553327322006	0.8119544982910156
6516.610791653395	0.8140074610710144
6516.668255984783	0.820708155632019
6516.725720316172	0.8332379460334778
6516.78318464756	0.856401801109314
6516.840648978949	0.8810256719589233
6516.898113310337	0.8977527618408203
6516.9555776417255	0.9088574647903442
6517.013041973114	0.9150935411453247
6517.0705063045025	0.9215534329414368
6517.127970635891	0.9320613145828247
6517.185434967279	0.9424816370010376
6517.242899298668	0.9472576379776001
6517.300363630056	0.947297990322113
6517.357827961445	0.9480680823326111
6517.415292292833	0.9525043964385986
6517.472756624222	0.9592921733856201
6517.53022095561	0.9655535221099854
6517.587685286999	0.9688117504119873
6517.645149618387	0.967698335647583
6517.702613949776	0.961948037147522
6517.760078281164	0.9572300910949707
6517.817542612553	0.9581555724143982
6517.875006943941	0.9564275145530701
6517.93247127533	0.9504648447036743
6517.989935606718	0.9496162533760071
6518.0473999381065	0.9549958109855652
6518.104864269495	0.962013840675354
6518.1623286008835	0.9659240245819092
6518.219792932272	0.9683666229248047
6518.27725726366	0.9721258878707886
6518.334721595049	0.9760569930076599
6518.392185926437	0.9777241349220276
6518.449650257826	0.9788994193077087
6518.507114589214	0.9818378686904907
6518.564578920603	0.9811582565307617
6518.622043251991	0.9770318269729614
6518.67950758338	0.9768674373626709
6518.736971914768	0.9808658957481384
6518.794436246157	0.9828310012817383
6518.851900577545	0.9817962050437927
6518.909364908934	0.9796461462974548
6518.966829240322	0.9803080558776855
6519.024293571711	0.9821361303329468
6519.081757903099	0.9827585816383362
6519.1392222344875	0.9853583574295044
6519.196686565876	0.9875614643096924
6519.2541508972645	0.985664427280426
6519.311615228653	0.9828246235847473
6519.369079560041	0.980064868927002
6519.42654389143	0.9771137237548828
6519.484008222818	0.9795958399772644
6519.541472554207	0.9836441278457642
6519.598936885595	0.9815860986709595
6519.656401216984	0.98097163438797
6519.713865548372	0.9865503907203674
6519.771329879761	0.9926078915596008
6519.828794211149	0.9955159425735474
6519.886258542538	0.9945237636566162
6519.943722873926	0.9914712309837341
6520.001187205315	0.9883266091346741
6520.058651536703	0.9855602383613586
6520.116115868092	0.9844276905059814
6520.17358019948	0.9836897850036621
6520.2310445308685	0.9822391867637634
6520.288508862257	0.9810153245925903
6520.3459731936455	0.9793719053268433
6520.403437525034	0.9798657298088074
6520.460901856422	0.9831718802452087
6520.518366187811	0.9828163981437683
6520.575830519199	0.9789647459983826
6520.633294850588	0.9774453639984131
6520.690759181976	0.9771415591239929
6520.748223513365	0.9743207693099976
6520.805687844753	0.9693390130996704
6520.863152176142	0.9640488624572754
6520.92061650753	0.9647417068481445
6520.978080838919	0.969315230846405
6521.035545170307	0.9643478989601135
6521.093009501696	0.9587537050247192
6521.150473833084	0.9622901678085327
6521.207938164473	0.9641625881195068
6521.265402495861	0.9637802839279175
6521.3228668272495	0.9630621671676636
6521.380331158638	0.963961660861969
6521.4377954900265	0.9654014706611633
6521.495259821415	0.9608536958694458
6521.552724152803	0.9578226208686829
6521.610188484192	0.9580171704292297
6521.66765281558	0.9574245810508728
6521.725117146969	0.9574841260910034
6521.782581478357	0.9566892981529236
6521.840045809746	0.9550824165344238
6521.897510141134	0.9538252353668213
6521.954974472523	0.9517884254455566
6522.012438803911	0.9462085962295532
6522.0699031353	0.9396511912345886
6522.127367466688	0.939216673374176
6522.184831798077	0.9441184401512146
6522.242296129465	0.948121190071106
6522.299760460854	0.9507204294204712
6522.357224792242	0.9513394832611084
6522.4146891236305	0.9504544734954834
6522.472153455019	0.9505965113639832
6522.5296177864075	0.9503229856491089
6522.587082117796	0.9491055607795715
6522.644546449184	0.9482336640357971
6522.702010780573	0.9463176131248474
6522.759475111961	0.9444209337234497
6522.81693944335	0.9457309246063232
6522.874403774738	0.9494833946228027
6522.931868106127	0.952557384967804
6522.989332437515	0.9526359438896179
6523.046796768904	0.9502925276756287
6523.104261100292	0.9481798410415649
6523.161725431681	0.9486287832260132
6523.219189763069	0.9509702920913696
6523.276654094458	0.9499930739402771
6523.334118425846	0.9459975957870483
6523.391582757235	0.942561686038971
6523.449047088623	0.9409311413764954
6523.5065114200115	0.9411680102348328
6523.5639757514	0.9406304955482483
6523.6214400827885	0.9383114576339722
6523.678904414177	0.9315668940544128
6523.736368745565	0.922484815120697
6523.793833076954	0.9228530526161194
6523.851297408342	0.9290981888771057
6523.908761739731	0.9262146949768066
6523.966226071119	0.9230122566223145
6524.023690402508	0.9270419478416443
6524.081154733896	0.932257890701294
6524.138619065285	0.9357851147651672
6524.196083396673	0.9380294680595398
6524.253547728062	0.9414874911308289
6524.31101205945	0.9495351314544678
6524.368476390839	0.955302357673645
6524.425940722227	0.9523146748542786
6524.483405053616	0.949931263923645
6524.540869385004	0.9489263296127319
6524.5983337163925	0.9457523822784424
6524.655798047781	0.9415948390960693
6524.7132623791695	0.9393659830093384
6524.770726710558	0.9421555995941162
6524.828191041946	0.9461168050765991
6524.885655373335	0.948236882686615
6524.943119704723	0.9484219551086426
6525.000584036112	0.946135401725769
6525.0580483675	0.9455555081367493
6525.115512698889	0.9507648944854736
6525.172977030277	0.9567040205001831
6525.230441361666	0.9582676887512207
6525.287905693054	0.9555394053459167
6525.345370024443	0.9493252635002136
6525.402834355831	0.9438154697418213
6525.46029868722	0.9437457919120789
6525.517763018608	0.9483722448348999
6525.575227349997	0.9510701298713684
6525.632691681385	0.9465792775154114
6525.6901560127735	0.9395785331726074
6525.747620344162	0.9378365874290466
6525.8050846755505	0.9395151138305664
6525.862549006939	0.9389480948448181
6525.920013338327	0.9364490509033203
6525.977477669716	0.9334355592727661
6526.034942001104	0.9318584203720093
6526.092406332493	0.9366482496261597
6526.149870663881	0.9429935216903687
6526.20733499527	0.9439032077789307
6526.264799326658	0.9417885541915894
6526.322263658047	0.9406500458717346
6526.379727989435	0.9404749274253845
6526.437192320824	0.9413219094276428
6526.494656652212	0.9453858137130737
6526.552120983601	0.945793628692627
6526.609585314989	0.9432268738746643
6526.667049646378	0.9448961019515991
6526.724513977766	0.9446814656257629
6526.7819783091545	0.9387959837913513
6526.839442640543	0.9359484910964966
6526.8969069719315	0.9384075403213501
6526.95437130332	0.93984055519104
6527.011835634708	0.944460391998291
6527.069299966097	0.9504131078720093
6527.126764297485	0.9508858323097229
6527.184228628874	0.9490488767623901
6527.241692960262	0.9476838111877441
6527.299157291651	0.9420417547225952
6527.356621623039	0.9338985085487366
6527.414085954428	0.9344493746757507
6527.471550285816	0.9380728006362915
6527.529014617205	0.9372570514678955
6527.586478948593	0.9343767762184143
6527.643943279982	0.935250997543335
6527.70140761137	0.9391852021217346
6527.758871942759	0.9389903545379639
6527.816336274147	0.9423412680625916
6527.8738006055355	0.9480757713317871
6527.931264936924	0.946003794670105
6527.988729268312	0.9396584630012512
6528.046193599701	0.9322551488876343
6528.103657931089	0.9285703897476196
6528.161122262478	0.93244868516922
6528.218586593866	0.9362241625785828
6528.276050925255	0.9376543760299683
6528.333515256643	0.9418871998786926
6528.390979588032	0.9466889500617981
6528.44844391942	0.9476563930511475
6528.505908250809	0.9452502727508545
6528.563372582197	0.9433454871177673
6528.620836913586	0.9459517598152161
6528.678301244974	0.9504347443580627
6528.735765576363	0.9517156481742859
6528.793229907751	0.9507132172584534
6528.85069423914	0.9479219317436218
6528.908158570528	0.9426661133766174
6528.9656229019165	0.9416896104812622
6529.023087233305	0.947219967842102
6529.080551564693	0.9497791528701782
6529.138015896082	0.9465579390525818
6529.19548022747	0.9430948495864868
6529.252944558859	0.9428455233573914
6529.310408890247	0.9448686838150024
6529.367873221636	0.9471321702003479
6529.425337553024	0.9469574689865112
6529.482801884413	0.9410616159439087
6529.540266215801	0.9353836178779602
6529.59773054719	0.9315871596336365
6529.655194878578	0.9293233156204224
6529.712659209967	0.9348332285881042
6529.770123541355	0.942357063293457
6529.827587872744	0.9466065764427185
6529.885052204132	0.9479342699050903
6529.942516535521	0.9478462338447571
6529.999980866909	0.9490928649902344
6530.0574451982975	0.9541109800338745
6530.114909529686	0.9591487050056458
6530.172373861074	0.954902708530426
6530.229838192463	0.948884904384613
6530.287302523851	0.943575382232666
6530.34476685524	0.9383987784385681
6530.402231186628	0.9377520084381104
6530.459695518017	0.935826301574707
6530.517159849405	0.9344514012336731
6530.574624180794	0.9364610314369202
6530.632088512182	0.9384769201278687
6530.689552843571	0.9383318424224854
6530.747017174959	0.9338539242744446
6530.804481506348	0.9303422570228577
6530.861945837736	0.9352871775627136
6530.919410169125	0.9412440657615662
6530.976874500513	0.9419440031051636
6531.034338831902	0.9423657655715942
6531.09180316329	0.9430058598518372
6531.1492674946785	0.939829409122467
6531.206731826067	0.9357510805130005
6531.264196157455	0.9346620440483093
6531.321660488844	0.9356170296669006
6531.379124820232	0.9385142922401428
6531.436589151621	0.9412168860435486
6531.494053483009	0.9424964189529419
6531.551517814398	0.9429238438606262
6531.608982145786	0.9404032230377197
6531.666446477175	0.9362640380859375
6531.723910808563	0.9346238970756531
6531.781375139952	0.9352381229400635
6531.83883947134	0.9356964230537415
6531.896303802729	0.937027633190155
6531.953768134117	0.9399147033691406
6532.011232465506	0.9420232176780701
6532.068696796894	0.9406640529632568
6532.126161128283	0.9336432218551636
6532.183625459671	0.9253280758857727
6532.2410897910595	0.9223918318748474
6532.298554122448	0.9230021834373474
6532.356018453836	0.9250271320343018
6532.413482785225	0.92854243516922
6532.470947116613	0.9311425089836121
6532.528411448002	0.931499183177948
6532.58587577939	0.9311116337776184
6532.643340110779	0.9319682121276855
6532.700804442167	0.9332821369171143
6532.758268773556	0.935560405254364
6532.815733104944	0.9390502572059631
6532.873197436333	0.9427538514137268
6532.930661767721	0.9454621076583862
6532.98812609911	0.9456259608268738
6533.045590430498	0.9474559426307678
6533.103054761887	0.9518246054649353
6533.160519093275	0.9501473307609558
6533.2179834246635	0.9424187541007996
6533.275447756052	0.9405452013015747
6533.3329120874405	0.944317638874054
6533.390376418829	0.9444315433502197
6533.447840750217	0.9449097514152527
6533.505305081606	0.9488071799278259
6533.562769412994	0.9493415951728821
6533.620233744383	0.9460629224777222
6533.677698075771	0.9428487420082092
6533.73516240716	0.9435250163078308
6533.792626738548	0.9425315260887146
6533.850091069937	0.9371331334114075
6533.907555401325	0.9361444115638733
6533.965019732714	0.9358813166618347
6534.022484064102	0.9283352494239807
6534.079948395491	0.9244861602783203
6534.137412726879	0.9310641884803772
6534.194877058268	0.9340302348136902
6534.252341389656	0.9325549602508545
6534.3098057210445	0.9339210987091064
6534.367270052433	0.933987557888031
6534.4247343838215	0.9338592290878296
6534.48219871521	0.9403618574142456
6534.539663046598	0.945735514163971
6534.597127377987	0.9439208507537842
6534.654591709375	0.9418626427650452
6534.712056040764	0.9427708387374878
6534.769520372152	0.9441614151000977
6534.826984703541	0.9426777362823486
6534.884449034929	0.9408860206604004
6534.941913366318	0.9422838091850281
6534.999377697706	0.9439824819564819
6535.056842029095	0.9408906698226929
6535.114306360483	0.9370157718658447
6535.171770691872	0.9362029433250427
6535.22923502326	0.9333365559577942
6535.286699354649	0.9332482814788818
6535.344163686037	0.9392825961112976
6535.4016280174255	0.9424842596054077
6535.459092348814	0.9410363435745239
6535.5165566802025	0.9394153356552124
6535.574021011591	0.9397594928741455
6535.631485342979	0.9439062476158142
6535.688949674368	0.9490901231765747
6535.746414005756	0.9477629065513611
6535.803878337145	0.9402614831924438
6535.861342668533	0.9365659356117249
6535.918806999922	0.9387636780738831
6535.97627133131	0.9389253854751587
6536.033735662699	0.9376860857009888
6536.091199994087	0.9416724443435669
6536.148664325476	0.9472863078117371
6536.206128656864	0.948250949382782
6536.263592988253	0.9471156001091003
6536.321057319641	0.9449540376663208
6536.37852165103	0.938317596912384
6536.435985982418	0.9359683990478516
6536.4934503138065	0.9444463849067688
6536.550914645195	0.9471212029457092
6536.6083789765835	0.9368923902511597
6536.665843307972	0.930144190788269
6536.72330763936	0.9300407767295837
6536.780771970749	0.9318676590919495
6536.838236302137	0.9357593655586243
6536.895700633526	0.9371631145477295
6536.953164964914	0.9385833740234375
6537.010629296303	0.9402551651000977
6537.068093627691	0.9389005303382874
6537.12555795908	0.9376920461654663
6537.183022290468	0.9388968348503113
6537.240486621857	0.9400120973587036
6537.297950953245	0.9389625787734985
6537.355415284634	0.9387328624725342
6537.412879616022	0.9405536651611328
6537.470343947411	0.9423012137413025
6537.527808278799	0.9436243176460266
6537.5852726101875	0.9439681172370911
6537.642736941576	0.9408161640167236
6537.7002012729645	0.9401379823684692
6537.757665604353	0.9451583027839661
6537.815129935741	0.9422386288642883
6537.87259426713	0.9323520660400391
6537.930058598518	0.9308249354362488
6537.987522929907	0.9356241822242737
6538.044987261295	0.9383460283279419
6538.102451592684	0.9395509958267212
6538.159915924072	0.942122757434845
6538.217380255461	0.9468691349029541
6538.274844586849	0.9501880407333374
6538.332308918238	0.952142059803009
6538.389773249626	0.951046347618103
6538.447237581015	0.9425144195556641
6538.504701912403	0.9347981810569763
6538.562166243792	0.9341228604316711
6538.61963057518	0.9368235468864441
6538.6770949065685	0.9385403990745544
6538.734559237957	0.9379742741584778
6538.7920235693455	0.9370578527450562
6538.849487900734	0.9381667375564575
6538.906952232122	0.9394047856330872
6538.964416563511	0.9388293027877808
6539.021880894899	0.9362298250198364
6539.079345226288	0.9329929351806641
6539.136809557676	0.9336280822753906
6539.194273889065	0.9370191693305969
6539.251738220453	0.9413412809371948
6539.309202551842	0.9446063041687012
6539.36666688323	0.9413323402404785
6539.424131214619	0.9358543753623962
6539.481595546007	0.9352813959121704
6539.539059877396	0.9367496967315674
6539.596524208784	0.9373676180839539
6539.653988540173	0.9374597668647766
6539.711452871561	0.9349052906036377
6539.7689172029495	0.9309290051460266
6539.826381534338	0.9309558272361755
6539.8838458657265	0.9336928129196167
6539.941310197115	0.9354550838470459
6539.998774528503	0.9387781620025635
6540.056238859892	0.9429364800453186
6540.11370319128	0.9434759020805359
6540.171167522669	0.9424227476119995
6540.228631854057	0.9424479603767395
6540.286096185446	0.9410227537155151
6540.343560516834	0.9397482872009277
6540.401024848223	0.941728413105011
6540.458489179611	0.9409337639808655
6540.515953511	0.9338980317115784
6540.573417842388	0.9281368851661682
6540.630882173777	0.9282371401786804
6540.688346505165	0.9293261766433716
6540.745810836554	0.9286057353019714
6540.803275167942	0.9296176433563232
6540.8607394993305	0.9344215393066406
6540.918203830719	0.9395686388015747
6540.9756681621075	0.9397858381271362
6541.033132493496	0.9362738728523254
6541.090596824884	0.9358605742454529
6541.148061156273	0.9373325705528259
6541.205525487661	0.9378910064697266
6541.26298981905	0.9423995614051819
6541.320454150438	0.9437075853347778
6541.377918481827	0.9369251728057861
6541.435382813215	0.9352569580078125
6541.492847144604	0.9417738318443298
6541.550311475992	0.9451058506965637
6541.607775807381	0.9413108229637146
6541.665240138769	0.9374262094497681
6541.722704470158	0.9357430934906006
6541.780168801546	0.9370280504226685
6541.837633132935	0.9357823729515076
6541.895097464323	0.9305205941200256
6541.9525617957115	0.929438591003418
6542.0100261271	0.9285603761672974
6542.0674904584885	0.9310054183006287
6542.124954789877	0.9379833340644836
6542.182419121265	0.9383559226989746
6542.239883452654	0.9334065318107605
6542.297347784042	0.9313326478004456
6542.354812115431	0.9296211004257202
6542.412276446819	0.9260839819908142
6542.469740778208	0.9257290363311768
6542.527205109596	0.9214199185371399
6542.584669440985	0.9190549254417419
6542.642133772373	0.9323731660842896
6542.699598103762	0.943317174911499
6542.75706243515	0.9392079710960388
6542.814526766539	0.9344244599342346
6542.871991097927	0.9373271465301514
6542.929455429316	0.9407423734664917
6542.986919760704	0.9357381463050842
6543.0443840920925	0.9306454062461853
6543.101848423481	0.9322001338005066
6543.1593127548695	0.9300106167793274
6543.216777086258	0.9258211851119995
6543.274241417646	0.924902617931366
6543.331705749035	0.9241256713867188
6543.389170080423	0.9221785664558411
6543.446634411812	0.9213212728500366
6543.5040987432	0.9213884472846985
6543.561563074589	0.9198405742645264
6543.619027405977	0.9172348976135254
6543.676491737366	0.912436842918396
6543.733956068754	0.9079498052597046
6543.791420400143	0.9075846076011658
6543.848884731531	0.908187210559845
6543.90634906292	0.9040301442146301
6543.963813394308	0.9019654393196106
6544.021277725697	0.9078823924064636
6544.078742057085	0.910630464553833
6544.1362063884735	0.9073634147644043
6544.193670719862	0.9069216847419739
6544.2511350512505	0.9146279096603394
6544.308599382639	0.9238116145133972
6544.366063714027	0.9255571365356445
6544.423528045416	0.9252574443817139
6544.480992376804	0.9270099401473999
6544.538456708193	0.9258381724357605
6544.595921039581	0.9243848323822021
6544.65338537097	0.9251290559768677
6544.710849702358	0.9230145812034607
6544.768314033747	0.9213649034500122
6544.825778365135	0.9255142211914062
6544.883242696524	0.9308018684387207
6544.940707027912	0.9336814284324646
6544.998171359301	0.9339987635612488
6545.055635690689	0.9313781261444092
6545.113100022078	0.9281399250030518
6545.170564353466	0.9273171424865723
6545.2280286848545	0.9306967854499817
6545.285493016243	0.9369821548461914
6545.342957347631	0.9411176443099976
6545.40042167902	0.9404441118240356
6545.457886010408	0.9382834434509277
6545.515350341797	0.9359755516052246
6545.572814673185	0.9303320050239563
6545.630279004574	0.9251578450202942
6545.687743335962	0.9244436621665955
6545.745207667351	0.9233251810073853
6545.802671998739	0.9209734797477722
6545.860136330128	0.9209451079368591
6545.917600661516	0.9233073592185974
6545.975064992905	0.9290021061897278
6546.032529324293	0.9368741512298584
6546.089993655682	0.9403164982795715
6546.14745798707	0.9387287497520447
6546.204922318459	0.9370090961456299
6546.262386649847	0.9355481266975403
6546.3198509812355	0.9330628514289856
6546.377315312624	0.929548442363739
6546.434779644012	0.9296498894691467
6546.492243975401	0.9346383810043335
6546.549708306789	0.9343785047531128
6546.607172638178	0.927550733089447
6546.664636969566	0.9241660237312317
6546.722101300955	0.9263363480567932
6546.779565632343	0.9273182153701782
6546.837029963732	0.9206345677375793
6546.89449429512	0.9173633456230164
6546.951958626509	0.9233731031417847
6547.009422957897	0.9259934425354004
6547.066887289286	0.9274665117263794
6547.124351620674	0.9319676756858826
6547.181815952063	0.9346468448638916
6547.239280283451	0.9333008527755737
6547.29674461484	0.928115963935852
6547.354208946228	0.9199796319007874
6547.4116732776165	0.9138703942298889
6547.469137609005	0.9158214330673218
6547.526601940393	0.9219656586647034
6547.584066271782	0.9240325093269348
6547.64153060317	0.9195690751075745
6547.698994934559	0.9179558753967285
6547.756459265947	0.925222635269165
6547.813923597336	0.9289337396621704
6547.871387928724	0.9260925054550171
6547.928852260113	0.9269108772277832
6547.986316591501	0.9288141131401062
6548.04378092289	0.9270914793014526
6548.101245254278	0.9234480261802673
6548.158709585667	0.9216971397399902
6548.216173917055	0.9262032508850098
6548.273638248444	0.9319649934768677
6548.331102579832	0.9286986589431763
6548.388566911221	0.9182771444320679
6548.446031242609	0.9066463112831116
6548.5034955739975	0.9036781191825867
6548.560959905386	0.9131370782852173
6548.618424236774	0.916568398475647
6548.675888568163	0.9082598090171814
6548.733352899551	0.9043839573860168
6548.79081723094	0.9120074510574341
6548.848281562328	0.9198268055915833
6548.905745893717	0.9214242696762085
6548.963210225105	0.9198524951934814
6549.020674556494	0.9193549156188965
6549.078138887882	0.9198578596115112
6549.135603219271	0.9194739460945129
6549.193067550659	0.9224476218223572
6549.250531882048	0.9288673400878906
6549.307996213436	0.9323890805244446
6549.365460544825	0.9305437207221985
6549.422924876213	0.92905592918396
6549.480389207602	0.9320305585861206
6549.53785353899	0.9336075782775879
6549.5953178703785	0.9296331405639648
6549.652782201767	0.9260404706001282
6549.710246533155	0.927924633026123
6549.767710864544	0.9322758913040161
6549.825175195932	0.9349469542503357
6549.882639527321	0.9351105093955994
6549.940103858709	0.9328943490982056
6549.997568190098	0.930453360080719
6550.055032521486	0.9303523302078247
6550.112496852875	0.9326284527778625
6550.169961184263	0.9341419339179993
6550.227425515652	0.9332030415534973
6550.28488984704	0.9370424747467041
6550.342354178429	0.9432357549667358
6550.399818509817	0.9394226670265198
6550.457282841206	0.9347341656684875
6550.514747172594	0.9378326535224915
6550.5722115039825	0.9393072724342346
6550.629675835371	0.9372374415397644
6550.6871401667595	0.9344807267189026
6550.744604498148	0.9306511878967285
6550.802068829536	0.9277712106704712
6550.859533160925	0.928498387336731
6550.916997492313	0.9318170547485352
6550.974461823702	0.9366112947463989
6551.03192615509	0.941877007484436
6551.089390486479	0.9419441819190979
6551.146854817867	0.9373395442962646
6551.204319149256	0.9357824921607971
6551.261783480644	0.9379947781562805
6551.319247812033	0.9414985775947571
6551.376712143421	0.9449240565299988
6551.43417647481	0.9445479512214661
6551.491640806198	0.9407883286476135
6551.549105137587	0.9396152496337891
6551.606569468975	0.9434720873832703
6551.6640338003635	0.948316752910614
6551.721498131752	0.9490001797676086
6551.7789624631405	0.9471173882484436
6551.836426794529	0.947243869304657
6551.893891125917	0.9479671716690063
6551.951355457306	0.9475885629653931
6552.008819788694	0.9462443590164185
6552.066284120083	0.9430027008056641
6552.123748451471	0.9412955641746521
6552.18121278286	0.9434319734573364
6552.238677114248	0.9440802931785583
6552.296141445637	0.9409016370773315
6552.353605777025	0.9373759031295776
6552.411070108414	0.935584545135498
6552.468534439802	0.9356016516685486
6552.525998771191	0.9346117973327637
6552.583463102579	0.9322472214698792
6552.640927433968	0.9313351511955261
6552.698391765356	0.934499204158783
6552.7558560967445	0.9402230978012085
6552.813320428133	0.9415463209152222
6552.8707847595215	0.9412621855735779
6552.92824909091	0.9444056153297424
6552.985713422298	0.9479763507843018
6553.043177753687	0.9536923170089722
6553.100642085075	0.9630044102668762
6553.158106416464	0.9676475524902344
6553.215570747852	0.9667803645133972
6553.273035079241	0.9664689898490906
6553.330499410629	0.967279314994812
6553.387963742018	0.9690661430358887
6553.445428073406	0.9722346067428589
6553.502892404795	0.9732505083084106
6553.560356736183	0.9704418182373047
6553.617821067572	0.9676038026809692
6553.67528539896	0.9657294750213623
6553.732749730349	0.9675957560539246
6553.790214061737	0.9738338589668274
6553.8476783931255	0.9786269068717957
6553.905142724514	0.9812123775482178
6553.9626070559025	0.9877195358276367
6554.020071387291	0.9958643913269043
6554.077535718679	0.994991660118103
6554.135000050068	0.9901439547538757
6554.192464381456	0.9928340315818787
6554.249928712845	1.0014070272445679
6554.307393044233	1.0059661865234375
6554.364857375622	1.0011321306228638
6554.42232170701	0.9959156513214111
6554.479786038399	0.9997153282165527
6554.537250369787	1.0081851482391357
6554.594714701176	1.015931248664856
6554.652179032564	1.0209438800811768
6554.709643363953	1.023906946182251
6554.767107695341	1.026357889175415
6554.82457202673	1.0262285470962524
6554.882036358118	1.0228317975997925
6554.9395006895065	1.0203887224197388
6554.996965020895	1.022103190422058
6555.0544293522835	1.0239845514297485
6555.111893683672	1.0273017883300781
6555.16935801506	1.03117036819458
6555.226822346449	1.0331506729125977
6555.284286677837	1.0403103828430176
6555.341751009226	1.0478652715682983
6555.399215340614	1.0517668724060059
6555.456679672003	1.0541809797286987
6555.514144003391	1.0555247068405151
6555.57160833478	1.0609478950500488
6555.629072666168	1.0676648616790771
6555.686536997557	1.0724812746047974
6555.744001328945	1.0808134078979492
6555.801465660334	1.0872527360916138
6555.858929991722	1.088680386543274
6555.916394323111	1.0896683931350708
6555.973858654499	1.0865168571472168
6556.0313229858875	1.0865932703018188
6556.088787317276	1.0927931070327759
6556.1462516486645	1.0991302728652954
6556.203715980053	1.1093089580535889
6556.261180311441	1.118725061416626
6556.31864464283	1.121971845626831
6556.376108974218	1.1209768056869507
6556.433573305607	1.121594786643982
6556.491037636995	1.1284284591674805
6556.548501968384	1.140990972518921
6556.605966299772	1.1508301496505737
6556.663430631161	1.1519445180892944
6556.720894962549	1.1509846448898315
6556.778359293938	1.1557496786117554
6556.835823625326	1.1653915643692017
6556.893287956715	1.1750940084457397
6556.950752288103	1.1828299760818481
6557.008216619492	1.1886978149414062
6557.06568095088	1.1915048360824585
6557.1231452822685	1.1978604793548584
6557.180609613657	1.2114779949188232
6557.2380739450455	1.2232955694198608
6557.295538276434	1.2291066646575928
6557.353002607822	1.2357348203659058
6557.410466939211	1.2474675178527832
6557.467931270599	1.2653353214263916
6557.525395601988	1.2836692333221436
6557.582859933376	1.29241144657135
6557.640324264765	1.3007416725158691
6557.697788596153	1.3153681755065918
6557.755252927542	1.3250190019607544
6557.81271725893	1.3342171907424927
6557.870181590319	1.3471847772598267
6557.927645921707	1.358727216720581
6557.985110253096	1.3705635070800781
6558.042574584484	1.3806837797164917
6558.100038915873	1.3903368711471558
6558.157503247261	1.4021226167678833
6558.2149675786495	1.4170783758163452
6558.272431910038	1.4407294988632202
6558.3298962414265	1.4621070623397827
6558.387360572815	1.4783021211624146
6558.444824904203	1.496010184288025
6558.502289235592	1.5134904384613037
6558.55975356698	1.5304977893829346
6558.617217898369	1.5483237504959106
6558.674682229757	1.5659043788909912
6558.732146561146	1.5874086618423462
6558.789610892534	1.6151889562606812
6558.847075223923	1.646406650543213
6558.904539555311	1.6699140071868896
6558.9620038867	1.6846548318862915
6559.019468218088	1.7034116983413696
6559.076932549477	1.7245891094207764
6559.134396880865	1.750299334526062
6559.191861212254	1.7830228805541992
6559.249325543642	1.810537576675415
6559.3067898750305	1.8322093486785889
6559.364254206419	1.857698917388916
6559.4217185378075	1.8918591737747192
6559.479182869196	1.9254132509231567
6559.536647200584	1.9578447341918945
6559.594111531973	1.9917994737625122
6559.651575863361	2.0225794315338135
6559.70904019475	2.0515503883361816
6559.766504526138	2.07718563079834
6559.823968857527	2.104184865951538
6559.881433188915	2.1410908699035645
6559.938897520304	2.1811511516571045
6559.996361851692	2.220301866531372
6560.053826183081	2.261077642440796
6560.111290514469	2.300452470779419
6560.168754845858	2.3346400260925293
6560.226219177246	2.3668837547302246
6560.283683508635	2.395902156829834
6560.341147840023	2.4203696250915527
6560.3986121714115	2.452646255493164
6560.4560765028	2.497213363647461
6560.5135408341885	2.5389740467071533
6560.571005165577	2.5697414875030518
6560.628469496965	2.5982918739318848
6560.685933828354	2.629163980484009
6560.743398159742	2.661503553390503
6560.800862491131	2.6921918392181396
6560.858326822519	2.720120429992676
6560.915791153908	2.741497278213501
6560.973255485296	2.7597551345825195
6561.030719816685	2.792222023010254
6561.088184148073	2.8249363899230957
6561.145648479462	2.8284671306610107
6561.20311281085	2.8190174102783203
6561.260577142239	2.8106346130371094
6561.318041473627	2.804112195968628
6561.375505805016	2.7906041145324707
6561.432970136404	2.764765739440918
6561.4904344677925	2.732576847076416
6561.547898799181	2.69893741607666
6561.6053631305695	2.6582000255584717
6561.662827461958	2.6120386123657227
6561.720291793346	2.562559127807617
6561.777756124735	2.512333631515503
6561.835220456123	2.4612863063812256
6561.892684787512	2.4052951335906982
6561.9501491189	2.3465819358825684
6562.007613450289	2.2906064987182617
6562.065077781677	2.2299787998199463
6562.122542113066	2.1636781692504883
6562.180006444454	2.0949461460113525
6562.237470775843	2.024404525756836
6562.294935107231	1.95005464553833
6562.35239943862	1.8721615076065063
6562.409863770008	1.7987630367279053
6562.467328101397	1.7261534929275513
6562.524792432785	1.6437422037124634
6562.5822567641735	1.5584948062896729
6562.639721095562	1.4769538640975952
6562.69718542695	1.396122694015503
6562.754649758339	1.313085913658142
6562.812114089727	1.2290315628051758
6562.869578421116	1.145237684249878
6562.927042752504	1.0622928142547607
6562.984507083893	0.9768471121788025
6563.041971415281	0.8878448605537415
6563.09943574667	0.8012738227844238
6563.156900078058	0.7224425673484802
6563.214364409447	0.652885913848877
6563.271828740835	0.5853619575500488
6563.329293072224	0.5215686559677124
6563.386757403612	0.4683564305305481
6563.444221735001	0.4310983717441559
6563.501686066389	0.40369147062301636
6563.559150397778	0.38700070977211
6563.616614729166	0.3815307021141052
6563.6740790605545	0.38856062293052673
6563.731543391943	0.4076041281223297
6563.789007723331	0.4401092827320099
6563.84647205472	0.4828418791294098
6563.903936386108	0.5408686399459839
6563.961400717497	0.6113085746765137
6564.018865048885	0.6913801431655884
6564.076329380274	0.7804760336875916
6564.133793711662	0.8773786425590515
6564.191258043051	0.9782062768936157
6564.248722374439	1.0872132778167725
6564.306186705828	1.2009906768798828
6564.363651037216	1.3066552877426147
6564.421115368605	1.404320478439331
6564.478579699993	1.4938569068908691
6564.536044031382	1.5778216123580933
6564.59350836277	1.6630038022994995
6564.650972694159	1.7480932474136353
6564.708437025547	1.8239456415176392
6564.7659013569355	1.8925849199295044
6564.823365688324	1.9588924646377563
6564.880830019712	2.020516872406006
6564.938294351101	2.078007698059082
6564.995758682489	2.1360554695129395
6565.053223013878	2.1923444271087646
6565.110687345266	2.2476961612701416
6565.168151676655	2.299765110015869
6565.225616008043	2.344202995300293
6565.283080339432	2.3865432739257812
6565.34054467082	2.430000066757202
6565.398009002209	2.4718525409698486
6565.455473333597	2.5114057064056396
6565.512937664986	2.543877124786377
6565.570401996374	2.571237802505493
6565.627866327763	2.5987799167633057
6565.685330659151	2.6244680881500244
6565.74279499054	2.6440536975860596
6565.800259321928	2.6616177558898926
6565.8577236533165	2.6754508018493652
6565.915187984705	2.6802690029144287
6565.972652316093	2.6801984310150146
6566.030116647482	2.6791162490844727
6566.08758097887	2.670961856842041
6566.145045310259	2.6554203033447266
6566.202509641647	2.6373960971832275
6566.259973973036	2.622016191482544
6566.317438304424	2.603534698486328
6566.374902635813	2.573836326599121
6566.432366967201	2.5354740619659424
6566.48983129859	2.497138500213623
6566.547295629978	2.4635543823242188
6566.604759961367	2.4276986122131348
6566.662224292755	2.3800010681152344
6566.719688624144	2.33122181892395
6566.777152955532	2.2941195964813232
6566.834617286921	2.261370897293091
6566.892081618309	2.227599859237671
6566.9495459496975	2.194765567779541
6567.007010281086	2.155489444732666
6567.064474612474	2.111984968185425
6567.121938943863	2.0763742923736572
6567.179403275251	2.0437026023864746
6567.23686760664	2.0082993507385254
6567.294331938028	1.9725241661071777
6567.351796269417	1.9346752166748047
6567.409260600805	1.8967173099517822
6567.466724932194	1.8647902011871338
6567.524189263582	1.8338285684585571
6567.581653594971	1.7987182140350342
6567.639117926359	1.7653447389602661
6567.696582257748	1.735735297203064
6567.754046589136	1.707632064819336
6567.811510920525	1.6841751337051392
6567.868975251913	1.6632969379425049
6567.9264395833015	1.6380128860473633
6567.98390391469	1.6091463565826416
6568.0413682460785	1.5824321508407593
6568.098832577467	1.557154655456543
6568.156296908855	1.5318609476089478
6568.213761240244	1.5099046230316162
6568.271225571632	1.4911805391311646
6568.328689903021	1.468775987625122
6568.386154234409	1.4456323385238647
6568.443618565798	1.4282355308532715
6568.501082897186	1.4110543727874756
6568.558547228575	1.39212167263031
6568.616011559963	1.3735833168029785
6568.673475891352	1.3549033403396606
6568.73094022274	1.338313341140747
6568.788404554129	1.323659062385559
6568.845868885517	1.3103225231170654
6568.903333216906	1.2976762056350708
6568.960797548294	1.2900844812393188
6569.0182618796825	1.28413724899292
6569.075726211071	1.2717889547348022
6569.1331905424595	1.2576195001602173
6569.190654873848	1.2444632053375244
6569.248119205236	1.2314252853393555
6569.305583536625	1.217017412185669
6569.363047868013	1.2040873765945435
6569.420512199402	1.1985414028167725
6569.47797653079	1.1952309608459473
6569.535440862179	1.1892231702804565
6569.592905193567	1.182472825050354
6569.650369524956	1.1727261543273926
6569.707833856344	1.1602559089660645
6569.765298187733	1.1529614925384521
6569.822762519121	1.148737907409668
6569.88022685051	1.1416566371917725
6569.937691181898	1.132972240447998
6569.995155513287	1.1242905855178833
6570.052619844675	1.118011236190796
6570.1100841760635	1.1159265041351318
6570.167548507452	1.1125737428665161
6570.2250128388405	1.1054280996322632
6570.282477170229	1.0991919040679932
6570.339941501617	1.0928632020950317
6570.397405833006	1.084647536277771
6570.454870164394	1.0798499584197998
6570.512334495783	1.0791122913360596
6570.569798827171	1.0748498439788818
6570.62726315856	1.0643073320388794
6570.684727489948	1.0544856786727905
6570.742191821337	1.0509639978408813
6570.799656152725	1.0514130592346191
6570.857120484114	1.0501290559768677
6570.914584815502	1.0488536357879639
6570.972049146891	1.0472986698150635
6571.029513478279	1.0388634204864502
6571.086977809668	1.0284059047698975
6571.144442141056	1.0226972103118896
6571.2019064724445	1.0207358598709106
6571.259370803833	1.018111228942871
6571.3168351352215	1.0137008428573608
6571.37429946661	1.0117276906967163
6571.431763797998	1.0107369422912598
6571.489228129387	1.0077571868896484
6571.546692460775	1.0049890279769897
6571.604156792164	1.004551649093628
6571.661621123552	1.0030465126037598
6571.719085454941	0.9971977472305298
6571.776549786329	0.9886298775672913
6571.834014117718	0.9812492728233337
6571.891478449106	0.9765393137931824
6571.948942780495	0.9689390063285828
6572.006407111883	0.9600260257720947
6572.063871443272	0.9592533707618713
6572.12133577466	0.9619729518890381
6572.178800106049	0.9597538113594055
6572.236264437437	0.9586066007614136
6572.2937287688255	0.9668221473693848
6572.351193100214	0.9741554856300354
6572.4086574316025	0.9758830070495605
6572.466121762991	0.9751041531562805
6572.523586094379	0.9686692953109741
6572.581050425768	0.9645835757255554
6572.638514757156	0.9652936458587646
6572.695979088545	0.9644303917884827
6572.753443419933	0.9602882862091064
6572.810907751322	0.9565944075584412
6572.86837208271	0.9535443186759949
6572.925836414099	0.9496324062347412
6572.983300745487	0.9505665302276611
6573.040765076876	0.95285964012146
6573.098229408264	0.9491931796073914
6573.155693739653	0.9428597688674927
6573.213158071041	0.939237117767334
6573.27062240243	0.9393539428710938
6573.328086733818	0.9432171583175659
6573.3855510652065	0.9454543590545654
6573.443015396595	0.9438650608062744
6573.5004797279835	0.9434117078781128
6573.557944059372	0.9442482590675354
6573.61540839076	0.9407702088356018
6573.672872722149	0.9354978203773499
6573.730337053537	0.9349155426025391
6573.787801384926	0.9357706904411316
6573.845265716314	0.936286985874176
6573.902730047703	0.9353215098381042
6573.960194379091	0.9360830783843994
6574.01765871048	0.9378519058227539
6574.075123041868	0.935121476650238
6574.132587373257	0.9344804286956787
6574.190051704645	0.9347241520881653
6574.247516036034	0.9278404116630554
6574.304980367422	0.9224074482917786
6574.362444698811	0.9189192056655884
6574.419909030199	0.9139955043792725
6574.4773733615875	0.9160100221633911
6574.534837692976	0.9159851670265198
6574.5923020243645	0.9080803394317627
6574.649766355753	0.9027763605117798
6574.707230687141	0.8995604515075684
6574.76469501853	0.8978049755096436
6574.822159349918	0.8968737721443176
6574.879623681307	0.8939444422721863
6574.937088012695	0.8912498950958252
6574.994552344084	0.8886433839797974
6575.052016675472	0.8918322920799255
6575.109481006861	0.8996275067329407
6575.166945338249	0.9071030616760254
6575.224409669638	0.9107378721237183
6575.281874001026	0.9091640114784241
6575.339338332415	0.9119347929954529
6575.396802663803	0.9231210947036743
6575.454266995192	0.9282548427581787
6575.51173132658	0.9261013865470886
6575.5691956579685	0.926633358001709
6575.626659989357	0.9270992875099182
6575.6841243207455	0.9269729852676392
6575.741588652134	0.9296724200248718
6575.799052983522	0.9313993453979492
6575.856517314911	0.9282544255256653
6575.913981646299	0.9263285994529724
6575.971445977688	0.9268356561660767
6576.028910309076	0.923719048500061
6576.086374640465	0.9190515875816345
6576.143838971853	0.9190373420715332
6576.201303303242	0.9198768734931946
6576.25876763463	0.9197512269020081
6576.316231966019	0.9179130792617798
6576.373696297407	0.9155972003936768
6576.431160628796	0.9193392395973206
6576.488624960184	0.9228605628013611
6576.546089291573	0.9178469777107239
6576.603553622961	0.9116694331169128
6576.6610179543495	0.9103714823722839
6576.718482285738	0.9119703769683838
6576.7759466171265	0.9135355949401855
6576.833410948515	0.9151650667190552
6576.890875279903	0.9193502068519592
6576.948339611292	0.9207792282104492
6577.00580394268	0.9181021451950073
6577.063268274069	0.9165468811988831
6577.120732605457	0.9143911600112915
6577.178196936846	0.9121689796447754
6577.235661268234	0.9159760475158691
6577.293125599623	0.9213688373565674
6577.350589931011	0.9228816032409668
6577.4080542624	0.9213718175888062
6577.465518593788	0.9171042442321777
6577.522982925177	0.91695237159729
6577.580447256565	0.9209827780723572
6577.637911587954	0.9222071766853333
6577.695375919342	0.9223993420600891
6577.7528402507305	0.9235000014305115
6577.810304582119	0.924365758895874
6577.8677689135075	0.9213208556175232
6577.925233244896	0.9141177535057068
6577.982697576284	0.9124624729156494
6578.040161907673	0.9165405035018921
6578.097626239061	0.9173775911331177
6578.15509057045	0.9170509576797485
6578.212554901838	0.9171344041824341
6578.270019233227	0.9150981903076172
6578.327483564615	0.915945291519165
6578.384947896004	0.9200870394706726
6578.442412227392	0.9201580882072449
6578.499876558781	0.9155368804931641
6578.557340890169	0.9133013486862183
6578.614805221558	0.9141002297401428
6578.672269552946	0.9124087691307068
6578.729733884335	0.9076492786407471
6578.787198215723	0.9051706790924072
6578.8446625471115	0.906721830368042
6578.9021268785	0.9080179333686829
6578.9595912098885	0.9093852639198303
6579.017055541277	0.9117646217346191
6579.074519872665	0.9148215055465698
6579.131984204054	0.9182337522506714
6579.189448535442	0.9214401841163635
6579.246912866831	0.9241632223129272
6579.304377198219	0.92421954870224
6579.361841529608	0.9190636873245239
6579.419305860996	0.9121418595314026
6579.476770192385	0.9125004410743713
6579.534234523773	0.9162884950637817
6579.591698855162	0.9176968932151794
6579.64916318655	0.9201492667198181
6579.706627517939	0.9215283989906311
6579.764091849327	0.9189499020576477
6579.821556180716	0.9146547913551331
6579.879020512104	0.9132224321365356
6579.9364848434925	0.9139764308929443
6579.993949174881	0.9117743372917175
6580.0514135062695	0.9084529876708984
6580.108877837658	0.9098508358001709
6580.166342169046	0.9146395325660706
6580.223806500435	0.917841911315918
6580.281270831823	0.9168592691421509
6580.338735163212	0.9122710227966309
6580.3961994946	0.9101244807243347
6580.453663825989	0.9127923250198364
6580.511128157377	0.9126853942871094
6580.568592488766	0.9070841073989868
6580.626056820154	0.904159426689148
6580.683521151543	0.9055718183517456
6580.740985482931	0.9068154692649841
6580.79844981432	0.9095808267593384
6580.855914145708	0.9129433035850525
6580.913378477097	0.9127160906791687
6580.970842808485	0.9123249053955078
6581.0283071398735	0.913487434387207
6581.085771471262	0.9141588807106018
6581.14323580265	0.912922203540802
6581.200700134039	0.9119212627410889
6581.258164465427	0.9135074615478516
6581.315628796816	0.9094098210334778
6581.373093128204	0.9035042524337769
6581.430557459593	0.909197211265564
6581.488021790981	0.9168916940689087
6581.54548612237	0.9169180393218994
6581.602950453758	0.9151890873908997
6581.660414785147	0.9139668941497803
6581.717879116535	0.9135933518409729
6581.775343447924	0.9130669832229614
6581.832807779312	0.9134655594825745
6581.890272110701	0.917216956615448
6581.947736442089	0.9193878769874573
6582.005200773478	0.9187511205673218
6582.062665104866	0.9181947112083435
6582.1201294362545	0.9185826182365417
6582.177593767643	0.9157078266143799
6582.235058099031	0.9093204140663147
6582.29252243042	0.9091288447380066
6582.349986761808	0.9122125506401062
6582.407451093197	0.9130708575248718
6582.464915424585	0.9146514534950256
6582.522379755974	0.9144388437271118
6582.579844087362	0.9153207540512085
6582.637308418751	0.9170491099357605
6582.694772750139	0.9121509790420532
6582.752237081528	0.9099797606468201
6582.809701412916	0.9133993983268738
6582.867165744305	0.9120509028434753
6582.924630075693	0.9107736945152283
6582.982094407082	0.9164975881576538
6583.03955873847	0.9230323433876038
6583.097023069859	0.9231312870979309
6583.154487401247	0.9223852157592773
6583.2119517326355	0.9239478707313538
6583.269416064024	0.9208384156227112
6583.326880395412	0.9174090027809143
6583.384344726801	0.912622332572937
6583.441809058189	0.906913697719574
6583.499273389578	0.9110183119773865
6583.556737720966	0.9178378582000732
6583.614202052355	0.9214887619018555
6583.671666383743	0.9222214221954346
6583.729130715132	0.915925145149231
6583.78659504652	0.9095205664634705
6583.844059377909	0.9176080822944641
6583.901523709297	0.9273784160614014
6583.958988040686	0.9250278472900391
6584.016452372074	0.9236748218536377
6584.073916703463	0.9248974323272705
6584.131381034851	0.925010085105896
6584.18884536624	0.9282802939414978
6584.246309697628	0.9302217960357666
6584.3037740290165	0.9278464317321777
6584.361238360405	0.9280280470848083
6584.418702691793	0.9311438202857971
6584.476167023182	0.9299982786178589
6584.53363135457	0.9252317547798157
6584.591095685959	0.9216418266296387
6584.648560017347	0.9212093353271484
6584.706024348736	0.9218785166740417
6584.763488680124	0.9194176197052002
6584.820953011513	0.9182570576667786
6584.878417342901	0.9194805026054382
6584.93588167429	0.9195879697799683
6584.993346005678	0.9190974831581116
6585.050810337067	0.9193804860115051
6585.108274668455	0.9215389490127563
6585.165738999844	0.9196628928184509
6585.223203331232	0.9158474802970886
6585.2806676626205	0.9176481366157532
6585.338131994009	0.9169360995292664
6585.3955963253975	0.9143809676170349
6585.453060656786	0.9179926514625549
6585.510524988174	0.9222738742828369
6585.567989319563	0.9255149960517883
6585.625453650951	0.9234225749969482
6585.68291798234	0.9142948389053345
6585.740382313728	0.9101552963256836
6585.797846645117	0.9116753339767456
6585.855310976505	0.9137428402900696
6585.912775307894	0.9161099791526794
6585.970239639282	0.9148707985877991
6586.027703970671	0.9131416082382202
6586.085168302059	0.9172682762145996
6586.142632633448	0.9199165105819702
6586.200096964836	0.9150885939598083
6586.257561296225	0.9087938666343689
6586.315025627613	0.9091216325759888
6586.3724899590015	0.9151016473770142
6586.42995429039	0.9156773090362549
6586.4874186217785	0.9093775153160095
6586.544882953167	0.907148003578186
6586.602347284555	0.9115340113639832
6586.659811615944	0.9165387749671936
6586.717275947332	0.9200328588485718
6586.774740278721	0.9208397269248962
6586.832204610109	0.9190540313720703
6586.889668941498	0.9195778369903564
6586.947133272886	0.922866702079773
6587.004597604275	0.9233702421188354
6587.062061935663	0.9214931130409241
6587.119526267052	0.9190855622291565
6587.17699059844	0.9157367944717407
6587.234454929829	0.9181774854660034
6587.291919261217	0.9250040054321289
6587.349383592606	0.9252827763557434
6587.406847923994	0.9199769496917725
6587.4643122553825	0.9174044132232666
6587.521776586771	0.9193623661994934
6587.5792409181595	0.920235276222229
6587.636705249548	0.9195539951324463
6587.694169580936	0.9200953841209412
6587.751633912325	0.9197249412536621
6587.809098243713	0.9198744297027588
6587.866562575102	0.9226176142692566
6587.92402690649	0.9268600940704346
6587.981491237879	0.928939938545227
6588.038955569267	0.9275404810905457
6588.096419900656	0.927777886390686
6588.153884232044	0.9274267554283142
6588.211348563433	0.9260825514793396
6588.268812894821	0.9278252720832825
6588.32627722621	0.9284314513206482
6588.383741557598	0.9280062913894653
6588.441205888987	0.9270421266555786
6588.498670220375	0.9210529327392578
6588.5561345517635	0.9174953103065491
6588.613598883152	0.924268901348114
6588.6710632145405	0.9311145544052124
6588.728527545929	0.9282199740409851
6588.785991877317	0.9226363897323608
6588.843456208706	0.920001208782196
6588.900920540094	0.9187873601913452
6588.958384871483	0.9190472364425659
6589.015849202871	0.9194878935813904
6589.07331353426	0.9218975305557251
6589.130777865648	0.9232848882675171
6589.188242197037	0.9224327206611633
6589.245706528425	0.9287859201431274
6589.303170859814	0.9371992349624634
6589.360635191202	0.9340067505836487
6589.418099522591	0.9197577834129333
6589.475563853979	0.909888744354248
6589.533028185368	0.9117733240127563
6589.590492516756	0.9155294299125671
6589.6479568481445	0.918764591217041
6589.705421179533	0.9232955574989319
6589.7628855109215	0.9265772104263306
6589.82034984231	0.9268770217895508
6589.877814173698	0.9243097901344299
6589.935278505087	0.9245153665542603
6589.992742836475	0.9237726330757141
6590.050207167864	0.9200375080108643
6590.107671499252	0.918788731098175
6590.165135830641	0.9185050129890442
6590.222600162029	0.9217908978462219
6590.280064493418	0.9252028465270996
6590.337528824806	0.9215647578239441
6590.394993156195	0.9216594099998474
6590.452457487583	0.928450882434845
6590.509921818972	0.9275861382484436
6590.56738615036	0.923559844493866
6590.624850481749	0.9240403771400452
6590.682314813137	0.9223672151565552
6590.7397791445255	0.9211872816085815
6590.797243475914	0.9233444929122925
6590.8547078073025	0.9249402284622192
6590.912172138691	0.9246006608009338
6590.969636470079	0.9221227765083313
6591.027100801468	0.9186002612113953
6591.084565132856	0.9119985699653625
6591.142029464245	0.9040875434875488
6591.199493795633	0.902991771697998
6591.256958127022	0.9078600406646729
6591.31442245841	0.9134247899055481
6591.371886789799	0.9148597717285156
6591.429351121187	0.9136680364608765
6591.486815452576	0.9164324402809143
6591.544279783964	0.9191581010818481
6591.601744115353	0.919391393661499
6591.659208446741	0.9214590191841125
6591.71667277813	0.924241304397583
6591.774137109518	0.9244457483291626
6591.8316014409065	0.9231997132301331
6591.889065772295	0.9198516607284546
6591.9465301036835	0.9153774380683899
6592.003994435072	0.9117803573608398
6592.06145876646	0.9078670740127563
6592.118923097849	0.907764196395874
6592.176387429237	0.911700427532196
6592.233851760626	0.9153599143028259
6592.291316092014	0.9168108701705933
6592.348780423403	0.917828381061554
6592.406244754791	0.9181703329086304
6592.46370908618	0.9147864580154419
6592.521173417568	0.9120474457740784
6592.578637748957	0.912811279296875
6592.636102080345	0.9141188263893127
6592.693566411734	0.9124312996864319
6592.751030743122	0.9095529317855835
6592.808495074511	0.9096800684928894
6592.865959405899	0.910018265247345
6592.9234237372875	0.9105364084243774
6592.980888068676	0.9143659472465515
6593.0383524000645	0.9167150259017944
6593.095816731453	0.915168046951294
6593.153281062841	0.9121408462524414
6593.21074539423	0.9092332124710083
6593.268209725618	0.9077288508415222
6593.325674057007	0.9077848792076111
6593.383138388395	0.9101523160934448
6593.440602719784	0.9106470346450806
6593.498067051172	0.9097131490707397
6593.555531382561	0.9111210107803345
6593.612995713949	0.9134315848350525
6593.670460045338	0.914315938949585
6593.727924376726	0.9139350652694702
6593.785388708115	0.918615460395813
6593.842853039503	0.9254262447357178
6593.900317370892	0.9277472496032715
6593.95778170228	0.9299778342247009
6594.0152460336685	0.9292406439781189
6594.072710365057	0.9215287566184998
6594.1301746964455	0.9144625663757324
6594.187639027834	0.9103606939315796
6594.245103359222	0.9110920429229736
6594.302567690611	0.9177005290985107
6594.360032021999	0.9192746877670288
6594.417496353388	0.9140310287475586
6594.474960684776	0.9140467643737793
6594.532425016165	0.9188188314437866
6594.589889347553	0.9186180830001831
6594.647353678942	0.9158823490142822
6594.70481801033	0.9170174598693848
6594.762282341719	0.9182518720626831
6594.819746673107	0.9145435690879822
6594.877211004496	0.9109125733375549
6594.934675335884	0.9125622510910034
6594.992139667273	0.91607266664505
6595.049603998661	0.9181041121482849
6595.1070683300495	0.9203258752822876
6595.164532661438	0.9220667481422424
6595.2219969928265	0.9206504821777344
6595.279461324215	0.9166811108589172
6595.336925655603	0.9141659140586853
6595.394389986992	0.9145170450210571
6595.45185431838	0.9169245362281799
6595.509318649769	0.9226554036140442
6595.566782981157	0.9256371855735779
6595.624247312546	0.9235976338386536
6595.681711643934	0.9237673282623291
6595.739175975323	0.9229097366333008
6595.796640306711	0.9160351157188416
6595.8541046381	0.909117579460144
6595.911568969488	0.9072594046592712
6595.969033300877	0.9084803462028503
6596.026497632265	0.9094364643096924
6596.083961963654	0.9050639867782593
6596.141426295042	0.8993300199508667
6596.1988906264305	0.9020424485206604
6596.256354957819	0.9051865935325623
6596.3138192892075	0.9058740735054016
6596.371283620596	0.9115296006202698
6596.428747951984	0.9166432619094849
6596.486212283373	0.9164151549339294
6596.543676614761	0.91586834192276
6596.60114094615	0.9160236716270447
6596.658605277538	0.9165617823600769
6596.716069608927	0.9173320531845093
6596.773533940315	0.9127781987190247
6596.830998271704	0.9083675146102905
6596.888462603092	0.9122024178504944
6596.945926934481	0.9189415574073792
6597.003391265869	0.9169251918792725
6597.060855597258	0.9082508683204651
6597.118319928646	0.9080034494400024
6597.175784260035	0.913029134273529
6597.233248591423	0.9150188565254211
6597.2907129228115	0.9154836535453796
6597.3481772542	0.9151723384857178
6597.4056415855885	0.9162482619285583
6597.463105916977	0.9159188866615295
6597.520570248365	0.9124175906181335
6597.578034579754	0.9103958010673523
6597.635498911142	0.9124160408973694
6597.692963242531	0.9168645739555359
6597.750427573919	0.9167212843894958
6597.807891905308	0.9144266843795776
6597.865356236696	0.9146265387535095
6597.922820568085	0.9101564288139343
6597.980284899473	0.9075962901115417
6598.037749230862	0.9127607345581055
6598.09521356225	0.9169007539749146
6598.152677893639	0.9180560111999512
6598.210142225027	0.9177544116973877
6598.267606556416	0.9189509153366089
6598.325070887804	0.9209105968475342
6598.3825352191925	0.9231447577476501
6598.439999550581	0.9231479167938232
6598.497463881969	0.9175558090209961
6598.554928213358	0.916317880153656
6598.612392544746	0.9193335771560669
6598.669856876135	0.9177201986312866
6598.727321207523	0.91463702917099
6598.784785538912	0.9141411781311035
6598.8422498703	0.9152148365974426
6598.899714201689	0.9138820767402649
6598.957178533077	0.9090232253074646
6599.014642864466	0.9063100814819336
6599.072107195854	0.905121386051178
6599.129571527243	0.9018239378929138
6599.187035858631	0.9013659358024597
6599.24450019002	0.9040971398353577
6599.301964521408	0.9050328135490417
6599.359428852797	0.9073261618614197
6599.416893184185	0.9110467433929443
6599.4743575155735	0.9123693704605103
6599.531821846962	0.9126220345497131
6599.58928617835	0.9106355905532837
6599.646750509739	0.9093062281608582
6599.704214841127	0.9112228751182556
6599.761679172516	0.9097027778625488
6599.819143503904	0.9058275818824768
6599.876607835293	0.9082096815109253
6599.934072166681	0.916289210319519
6599.99153649807	0.9207746982574463
6600.049000829458	0.922161340713501
6600.106465160847	0.9222704172134399
6600.163929492235	0.9179626703262329
6600.221393823624	0.916342556476593
6600.278858155012	0.9167083501815796
6600.336322486401	0.9147033095359802
6600.393786817789	0.9085615873336792
6600.451251149178	0.9004748463630676
6600.508715480566	0.9048759937286377
6600.5661798119545	0.9129562377929688
6600.623644143343	0.9145270586013794
6600.681108474731	0.9159600138664246
6600.73857280612	0.9125370979309082
6600.796037137508	0.9105735421180725
6600.853501468897	0.9135093092918396
6600.910965800285	0.9129989147186279
6600.968430131674	0.9135006070137024
6601.025894463062	0.9174323678016663
6601.083358794451	0.9156999588012695
6601.140823125839	0.9107072949409485
6601.198287457228	0.9091205596923828
6601.255751788616	0.9097569584846497
6601.313216120005	0.9156855940818787
6601.370680451393	0.9220950603485107
6601.428144782782	0.9228286147117615
6601.48560911417	0.9222508668899536
6601.543073445559	0.922920823097229
6601.600537776947	0.9217236042022705
6601.6580021083355	0.9169748425483704
6601.715466439724	0.9135440587997437
6601.772930771112	0.9131677746772766
6601.830395102501	0.9115774631500244
6601.887859433889	0.9075482487678528
6601.945323765278	0.9049038887023926
6602.002788096666	0.9059861302375793
6602.060252428055	0.9066587090492249
6602.117716759443	0.9062393307685852
6602.175181090832	0.9087348580360413
6602.23264542222	0.9090853929519653
6602.290109753609	0.9059958457946777
6602.347574084997	0.9032289981842041
6602.405038416386	0.9037760496139526
6602.462502747774	0.9073601365089417
6602.519967079163	0.9093650579452515
6602.577431410551	0.9105789661407471
6602.6348957419395	0.914340615272522
6602.692360073328	0.9193482398986816
6602.7498244047165	0.918199360370636
6602.807288736105	0.9134260416030884
6602.864753067493	0.9117699265480042
6602.922217398882	0.9119002819061279
6602.97968173027	0.9090115427970886
6603.037146061659	0.9036257266998291
6603.094610393047	0.9040867686271667
6603.152074724436	0.9097772240638733
6603.209539055824	0.9145026803016663
6603.267003387213	0.9158646464347839
6603.324467718601	0.9116350412368774
6603.38193204999	0.9097447395324707
6603.439396381378	0.9119855761528015
6603.496860712767	0.9087533950805664
6603.554325044155	0.9059417247772217
6603.611789375544	0.9068686366081238
6603.669253706932	0.9105311632156372
6603.7267180383205	0.9152507781982422
6603.784182369709	0.9137098789215088
6603.8416467010975	0.909061074256897
6603.899111032486	0.9001054167747498
6603.956575363874	0.8925632834434509
6604.014039695263	0.8959637880325317
6604.071504026651	0.9000239968299866
6604.12896835804	0.9033488631248474
6604.186432689428	0.9088214039802551
6604.243897020817	0.9080745577812195
6604.301361352205	0.9056615233421326
6604.358825683594	0.9072675704956055
6604.416290014982	0.9069477915763855
6604.473754346371	0.9041083455085754
6604.531218677759	0.9009349346160889
6604.588683009148	0.8984328508377075
6604.646147340536	0.8974946737289429
6604.703611671925	0.8993898034095764
6604.761076003313	0.8987774848937988
6604.8185403347015	0.8947396278381348
6604.87600466609	0.8970914483070374
6604.9334689974785	0.9027618169784546
6604.990933328867	0.9034479260444641
6605.048397660255	0.9016898274421692
6605.105861991644	0.9018245339393616
6605.163326323032	0.9015788435935974
6605.220790654421	0.9010591506958008
6605.278254985809	0.9049360156059265
6605.335719317198	0.9079709053039551
6605.393183648586	0.9052108526229858
6605.450647979975	0.9025086164474487
6605.508112311363	0.9030920267105103
6605.565576642752	0.9025782346725464
6605.62304097414	0.8998733162879944
6605.680505305529	0.8978749513626099
6605.737969636917	0.8963105082511902
6605.795433968306	0.8932165503501892
6605.852898299694	0.8909059166908264
6605.9103626310825	0.8917751312255859
6605.967826962471	0.8929360508918762
6606.0252912938595	0.8954994082450867
6606.082755625248	0.8986457586288452
6606.140219956636	0.8989638686180115
6606.197684288025	0.8981856107711792
6606.255148619413	0.9007532596588135
6606.312612950802	0.9058635830879211
6606.37007728219	0.9090251922607422
6606.427541613579	0.9083751440048218
6606.485005944967	0.9053047299385071
6606.542470276356	0.9044002294540405
6606.599934607744	0.9043964147567749
6606.657398939133	0.9031878113746643
6606.714863270521	0.9032540321350098
6606.77232760191	0.9047889709472656
6606.829791933298	0.9084990620613098
6606.887256264687	0.9142000675201416
6606.944720596075	0.9153947830200195
6607.0021849274635	0.9118127822875977
6607.059649258852	0.9068409204483032
6607.1171135902405	0.9053741693496704
6607.174577921629	0.9089598059654236
6607.232042253017	0.9089261889457703
6607.289506584406	0.9037772417068481
6607.346970915794	0.8998656272888184
6607.404435247183	0.9007442593574524
6607.461899578571	0.9028831124305725
6607.51936390996	0.903167724609375
6607.576828241348	0.9026972055435181
6607.634292572737	0.9024242758750916
6607.691756904125	0.906650722026825
6607.749221235514	0.9121875166893005
6607.806685566902	0.9127574563026428
6607.864149898291	0.9116052389144897
6607.921614229679	0.9102734327316284
6607.979078561068	0.9073664546012878
6608.036542892456	0.9056103229522705
6608.0940072238445	0.907607913017273
6608.151471555233	0.9089841842651367
6608.2089358866215	0.9090958833694458
6608.26640021801	0.9109398126602173
6608.323864549398	0.9094493389129639
6608.381328880787	0.9078617095947266
6608.438793212175	0.9088230729103088
6608.496257543564	0.9058997631072998
6608.553721874952	0.9061267375946045
6608.611186206341	0.9141569137573242
6608.668650537729	0.9189384579658508
6608.726114869118	0.9166986346244812
6608.783579200506	0.9164724349975586
6608.841043531895	0.9185578227043152
6608.898507863283	0.9157813787460327
6608.955972194672	0.9094813466072083
6609.01343652606	0.9055635333061218
6609.070900857449	0.9099071621894836
6609.128365188837	0.9167946577072144
6609.1858295202255	0.9154971241950989
6609.243293851614	0.9135599732398987
6609.3007581830025	0.9142192006111145
6609.358222514391	0.912868320941925
6609.415686845779	0.9100291132926941
6609.473151177168	0.9066898226737976
6609.530615508556	0.9126880168914795
6609.588079839945	0.9186989665031433
6609.645544171333	0.9141022562980652
6609.703008502722	0.912972629070282
6609.76047283411	0.9142313599586487
6609.817937165499	0.9122703671455383
6609.875401496887	0.9058156609535217
6609.932865828276	0.9000194072723389
6609.990330159664	0.9030416011810303
6610.047794491053	0.9076554179191589
6610.105258822441	0.9100026488304138
6610.16272315383	0.9093343019485474
6610.220187485218	0.9047191739082336
6610.2776518166065	0.9056445360183716
6610.335116147995	0.9118244647979736
6610.3925804793835	0.9127083420753479
6610.450044810772	0.9083015322685242
6610.50750914216	0.903751790523529
6610.564973473549	0.9033883810043335
6610.622437804937	0.9086136221885681
6610.679902136326	0.9155987501144409
6610.737366467714	0.9156994819641113
6610.794830799103	0.9081880450248718
6610.852295130491	0.9027318954467773
6610.90975946188	0.9028973579406738
6610.967223793268	0.9060027599334717
6611.024688124657	0.9067981243133545
6611.082152456045	0.9040791988372803
6611.139616787434	0.9042561650276184
6611.197081118822	0.9101157188415527
6611.254545450211	0.9154635667800903
6611.312009781599	0.9186334609985352
6611.3694741129875	0.9194052815437317
6611.426938444376	0.9137858748435974
6611.4844027757645	0.9113761782646179
6611.541867107153	0.9133172035217285
6611.599331438541	0.9092481136322021
6611.65679576993	0.8986707329750061
6611.714260101318	0.8938957452774048
6611.771724432707	0.9033743739128113
6611.829188764095	0.9101687669754028
6611.886653095484	0.9069358110427856
6611.944117426872	0.9063113927841187
6612.001581758261	0.9067421555519104
6612.059046089649	0.9081825613975525
6612.116510421038	0.9147530198097229
6612.173974752426	0.9145820140838623
6612.231439083815	0.9075113534927368
6612.288903415203	0.9047378897666931
6612.346367746592	0.9056521058082581
6612.40383207798	0.9087809324264526
6612.4612964093685	0.9085736870765686
6612.518760740757	0.9052904844284058
6612.5762250721455	0.9074294567108154
6612.633689403534	0.9076398611068726
6612.691153734922	0.9033203125
6612.748618066311	0.9043440818786621
6612.806082397699	0.9101740717887878
6612.863546729088	0.913731038570404
6612.921011060476	0.9097883701324463
6612.978475391865	0.9038439989089966
6613.035939723253	0.9037837386131287
6613.093404054642	0.9044250845909119
6613.15086838603	0.9018135666847229
6613.208332717419	0.9018587470054626
6613.265797048807	0.9049257636070251
6613.323261380196	0.9073678255081177
6613.380725711584	0.9073787331581116
6613.438190042973	0.9074565768241882
6613.495654374361	0.9090843796730042
6613.5531187057495	0.9070559144020081
6613.610583037138	0.9045131802558899
6613.6680473685265	0.9059337973594666
6613.725511699915	0.9102841019630432
6613.782976031303	0.9157149791717529
6613.840440362692	0.916841983795166
6613.89790469408	0.9139190316200256
6613.955369025469	0.9127726554870605
6614.012833356857	0.9082897305488586
6614.070297688246	0.9033608436584473
6614.127762019634	0.9049471616744995
6614.185226351023	0.905507504940033
6614.242690682411	0.9019858837127686
6614.3001550138	0.8993898034095764
6614.357619345188	0.8974111676216125
6614.415083676577	0.8982589244842529
6614.472548007965	0.9019351005554199
6614.530012339354	0.9007276892662048
6614.587476670742	0.8956895470619202
6614.6449410021305	0.8927944898605347
6614.702405333519	0.895485520362854
6614.7598696649075	0.8997986316680908
6614.817333996296	0.8984750509262085
6614.874798327684	0.9004371762275696
6614.932262659073	0.908109724521637
6614.989726990461	0.9089805483818054
6615.04719132185	0.9051991105079651
6615.104655653238	0.9035735130310059
6615.162119984627	0.9028525948524475
6615.219584316015	0.9049929976463318
6615.277048647404	0.9096916317939758
6615.334512978792	0.9102801084518433
6615.391977310181	0.9083647727966309
6615.449441641569	0.9094706177711487
6615.506905972958	0.9093900322914124
6615.564370304346	0.9043917059898376
6615.621834635735	0.9026029109954834
6615.679298967123	0.906755268573761
6615.7367632985115	0.9095216989517212
6615.7942276299	0.9093992710113525
6615.851691961288	0.9080093502998352
6615.909156292677	0.902780294418335
6615.966620624065	0.8994147777557373
6616.024084955454	0.9011767506599426
6616.081549286842	0.9003661274909973
6616.139013618231	0.8996943831443787
6616.196477949619	0.900489091873169
6616.253942281008	0.9023239016532898
6616.311406612396	0.9033750295639038
6616.368870943785	0.9008123874664307
6616.426335275173	0.9024119973182678
6616.483799606562	0.9078359603881836
6616.54126393795	0.9089449048042297
6616.598728269339	0.9066648483276367
6616.656192600727	0.9091095924377441
6616.713656932116	0.9111133217811584
6616.771121263504	0.9067400097846985
6616.8285855948925	0.9023906588554382
6616.886049926281	0.9056296348571777
6616.943514257669	0.9120784997940063
6617.000978589058	0.9116153120994568
6617.058442920446	0.9091943502426147
6617.115907251835	0.904232919216156
6617.173371583223	0.8972933292388916
6617.230835914612	0.9024589657783508
6617.288300246	0.9117035269737244
6617.345764577389	0.9088810086250305
6617.403228908777	0.9021578431129456
6617.460693240166	0.9040289521217346
6617.518157571554	0.9095385074615479
6617.575621902943	0.9063367247581482
6617.633086234331	0.8975475430488586
6617.69055056572	0.8939865827560425
6617.748014897108	0.8948968052864075
6617.805479228497	0.9006161689758301
6617.862943559885	0.9061516523361206
6617.9204078912735	0.9020466208457947
6617.977872222662	0.895987868309021
6618.03533655405	0.8953885436058044
6618.092800885439	0.8954134583473206
6618.150265216827	0.8948817849159241
6618.207729548216	0.897118330001831
6618.265193879604	0.8999614715576172
6618.322658210993	0.8993055820465088
6618.380122542381	0.9001172184944153
6618.43758687377	0.9001502990722656
6618.495051205158	0.8927017450332642
6618.552515536547	0.8901665806770325
6618.609979867935	0.8976519703865051
6618.667444199324	0.9041104316711426
6618.724908530712	0.9069833159446716
6618.782372862101	0.9079734086990356
6618.839837193489	0.9027513861656189
6618.897301524878	0.896856963634491
6618.954765856266	0.8993067741394043
6619.0122301876545	0.9038388729095459
6619.069694519043	0.9030340909957886
6619.127158850431	0.9031844139099121
6619.18462318182	0.9063428640365601
6619.242087513208	0.9058593511581421
6619.299551844597	0.9008945822715759
6619.357016175985	0.89422607421875
6619.414480507374	0.891863226890564
6619.471944838762	0.8981934785842896
6619.529409170151	0.9045081734657288
6619.586873501539	0.9027326703071594
6619.644337832928	0.9011396169662476
6619.701802164316	0.9024991989135742
6619.759266495705	0.9017517566680908
6619.816730827093	0.9020105600357056
6619.874195158482	0.9027068614959717
6619.93165948987	0.8991410732269287
6619.9891238212585	0.8951186537742615
6620.046588152647	0.8994606733322144
6620.1040524840355	0.9065913558006287
6620.161516815424	0.9079306721687317
6620.218981146812	0.9032164812088013
6620.276445478201	0.8950873613357544
6620.333909809589	0.8931469917297363
6620.391374140978	0.8966785669326782
6620.448838472366	0.8966770172119141
6620.506302803755	0.899278998374939
6620.563767135143	0.9059804081916809
6620.621231466532	0.9063085317611694
6620.67869579792	0.903037965297699
6620.736160129309	0.90392005443573
6620.793624460697	0.9052605032920837
6620.851088792086	0.8994774222373962
6620.908553123474	0.8957522511482239
6620.966017454863	0.9011985659599304
6621.023481786251	0.9059095978736877
6621.0809461176395	0.9069663882255554
6621.138410449028	0.9068466424942017
6621.1958747804165	0.9066541790962219
6621.253339111805	0.9037718176841736
6621.310803443193	0.9015336036682129
6621.368267774582	0.9083173274993896
6621.42573210597	0.9141814112663269
6621.483196437359	0.907241702079773
6621.540660768747	0.8995797634124756
6621.598125100136	0.8979436159133911
6621.655589431524	0.896163821220398
6621.713053762913	0.8966256380081177
6621.770518094301	0.9004935622215271
6621.82798242569	0.9030516147613525
6621.885446757078	0.9009317755699158
6621.942911088467	0.8989384770393372
6622.000375419855	0.8967382907867432
6622.057839751244	0.8935120105743408
6622.115304082632	0.8967477679252625
6622.1727684140205	0.9019364714622498
6622.230232745409	0.9018927216529846
6622.2876970767975	0.9011325240135193
6622.345161408186	0.9017513990402222
6622.402625739574	0.9000329375267029
6622.460090070963	0.9001368284225464
6622.517554402351	0.9063531160354614
6622.57501873374	0.9084758162498474
6622.632483065128	0.8995246291160583
6622.689947396517	0.8944429755210876
6622.747411727905	0.8997620344161987
6622.804876059294	0.9015670418739319
6622.862340390682	0.8986532092094421
6622.919804722071	0.9000703692436218
6622.977269053459	0.9019584059715271
6623.034733384848	0.899746835231781
6623.092197716236	0.8983889818191528
6623.149662047625	0.9006277918815613
6623.207126379013	0.9012249708175659
6623.2645907104015	0.8966350555419922
6623.32205504179	0.8924373984336853
6623.3795193731785	0.8938102126121521
6623.436983704567	0.8963919878005981
6623.494448035955	0.8952553868293762
6623.551912367344	0.8933356404304504
6623.609376698732	0.8917567729949951
6623.666841030121	0.890674352645874
6623.724305361509	0.8926356434822083
6623.781769692898	0.8932432532310486
6623.839234024286	0.8931625485420227
6623.896698355675	0.8948907256126404
6623.954162687063	0.8940688371658325
6624.011627018452	0.8940162062644958
6624.06909134984	0.8962038159370422
6624.126555681229	0.8948773145675659
6624.184020012617	0.8950411677360535
6624.241484344006	0.8968110680580139
6624.298948675394	0.8943265676498413
6624.3564130067825	0.8966313600540161
6624.413877338171	0.8989174962043762
6624.4713416695595	0.8969958424568176
6624.528806000948	0.898074746131897
6624.586270332336	0.8968142867088318
6624.643734663725	0.894639253616333
6624.701198995113	0.8934191465377808
6624.758663326502	0.8917821645736694
6624.81612765789	0.8904337882995605
6624.873591989279	0.8881895542144775
6624.931056320667	0.8881646990776062
6624.988520652056	0.8925181031227112
6625.045984983444	0.8974503874778748
6625.103449314833	0.9003630876541138
6625.160913646221	0.8979807496070862
6625.21837797761	0.8887420296669006
6625.275842308998	0.8847597241401672
6625.333306640387	0.8921811580657959
6625.390770971775	0.8984957933425903
6625.4482353031635	0.8964869379997253
6625.505699634552	0.8913953900337219
6625.5631639659405	0.885899007320404
6625.620628297329	0.880551815032959
6625.678092628717	0.8819202780723572
6625.735556960106	0.8896394371986389
6625.793021291494	0.8931662440299988
6625.850485622883	0.889273464679718
6625.907949954271	0.8868246078491211
6625.96541428566	0.8911799192428589
6626.022878617048	0.8919466137886047
6626.080342948437	0.8897787928581238
6626.137807279825	0.8891956210136414
6626.195271611214	0.8861694931983948
6626.252735942602	0.8837456107139587
6626.310200273991	0.8801111578941345
6626.367664605379	0.8760442733764648
6626.425128936768	0.8773325085639954
6626.482593268156	0.8785622715950012
6626.5400575995445	0.8775501847267151
6626.597521930933	0.8797746896743774
6626.6549862623215	0.883374810218811
6626.71245059371	0.8829449415206909
6626.769914925098	0.8777283430099487
6626.827379256487	0.8745805025100708
6626.884843587875	0.8745242953300476
6626.942307919264	0.8727053999900818
6626.999772250652	0.8711633682250977
6627.057236582041	0.8696306347846985
6627.114700913429	0.8672538995742798
6627.172165244818	0.8653324246406555
6627.229629576206	0.8598616123199463
6627.287093907595	0.850709855556488
6627.344558238983	0.8459179401397705
6627.402022570372	0.8487634062767029
6627.45948690176	0.8514208793640137
6627.516951233149	0.8434789180755615
6627.574415564537	0.8317524194717407
6627.6318798959255	0.8321900367736816
6627.689344227314	0.8369682431221008
6627.7468085587025	0.8392956852912903
6627.804272890091	0.8406699299812317
6627.861737221479	0.8403101563453674
6627.919201552868	0.8453102707862854
6627.976665884256	0.8549086451530457
6628.034130215645	0.8594872951507568
6628.091594547033	0.8647058606147766
6628.149058878422	0.8733275532722473
6628.20652320981	0.8786337971687317
6628.263987541199	0.8791972398757935
6628.321451872587	0.8801193833351135
6628.378916203976	0.8845108151435852
6628.436380535364	0.8887045979499817
6628.493844866753	0.890089750289917
6628.551309198141	0.8903048038482666
6628.60877352953	0.8904232382774353
6628.666237860918	0.893364667892456
6628.7237021923065	0.8979933261871338
6628.781166523695	0.8970978856086731
6628.8386308550835	0.8960509896278381
6628.896095186472	0.8972713351249695
6628.95355951786	0.8950908184051514
6629.011023849249	0.8950033187866211
6629.068488180637	0.8962792158126831
6629.125952512026	0.8932807445526123
6629.183416843414	0.8920519351959229
6629.240881174803	0.8948817849159241
6629.298345506191	0.8955163955688477
6629.35580983758	0.8985170125961304
6629.413274168968	0.9006667137145996
6629.470738500357	0.8974254131317139
6629.528202831745	0.8939028382301331
6629.585667163134	0.8878373503684998
6629.643131494522	0.8879820704460144
6629.700595825911	0.8939677476882935
6629.758060157299	0.8984473347663879
6629.8155244886875	0.8994861245155334
6629.872988820076	0.8972666263580322
6629.9304531514645	0.8967040777206421
6629.987917482853	0.8963623046875
6630.045381814241	0.8998751044273376
6630.10284614563	0.9008362889289856
6630.160310477018	0.8947285413742065
6630.217774808407	0.8920887112617493
6630.275239139795	0.8957936763763428
6630.332703471184	0.9002606272697449
6630.390167802572	0.898073136806488
6630.447632133961	0.8907173871994019
6630.505096465349	0.8843903541564941
6630.562560796738	0.8817670345306396
6630.620025128126	0.8847516179084778
6630.677489459515	0.8882826566696167
6630.734953790903	0.8891829252243042
6630.792418122292	0.8903412818908691
6630.84988245368	0.8881220817565918
6630.9073467850685	0.886350154876709
6630.964811116457	0.8930327892303467
6631.0222754478455	0.899707555770874
6631.079739779234	0.9005076885223389
6631.137204110622	0.8957793116569519
6631.194668442011	0.8929134011268616
6631.252132773399	0.8984838724136353
6631.309597104788	0.9004332423210144
6631.367061436176	0.8945603966712952
6631.424525767565	0.8916927576065063
6631.481990098953	0.8966665267944336
6631.539454430342	0.9018200039863586
6631.59691876173	0.9019090533256531
6631.654383093119	0.8977632522583008
6631.711847424507	0.8930076956748962
6631.769311755896	0.8877353668212891
6631.826776087284	0.884366512298584
6631.884240418673	0.888746976852417
6631.941704750061	0.8895232081413269
6631.9991690814495	0.8822065591812134
6632.056633412838	0.8818435668945312
6632.1140977442265	0.8908398747444153
6632.171562075615	0.8939008712768555
6632.229026407003	0.8910266757011414
6632.286490738392	0.8920230865478516
6632.34395506978	0.8911639451980591
6632.401419401169	0.8869605660438538
6632.458883732557	0.8876574635505676
6632.516348063946	0.8910465240478516
6632.573812395334	0.89173424243927
6632.631276726723	0.8948551416397095
6632.688741058111	0.8979110717773438
6632.7462053895	0.8928782939910889
6632.803669720888	0.8907656669616699
6632.861134052277	0.8951242566108704
6632.918598383665	0.8930073976516724
6632.976062715054	0.8899294137954712
6633.033527046442	0.8926234245300293
6633.0909913778305	0.8922790884971619
6633.148455709219	0.892549455165863
6633.205920040607	0.8915622234344482
6633.263384371996	0.8900972008705139
6633.320848703384	0.8958488702774048
6633.378313034773	0.8983608484268188
6633.435777366161	0.8924262523651123
6633.49324169755	0.8889595866203308
6633.550706028938	0.8907890319824219
6633.608170360327	0.8909133672714233
6633.665634691715	0.8909667134284973
6633.723099023104	0.8919808268547058
6633.780563354492	0.8939191102981567
6633.838027685881	0.8966103196144104
6633.895492017269	0.8951973915100098
6633.952956348658	0.8888754844665527
6634.010420680046	0.8837568759918213
6634.067885011435	0.8882927298545837
6634.125349342823	0.8964963555335999
6634.1828136742115	0.8978970050811768
6634.2402780056	0.8953478336334229
6634.297742336988	0.8929862976074219
6634.355206668377	0.8920534253120422
6634.412670999765	0.89090895652771
6634.470135331154	0.8881216645240784
6634.527599662542	0.8900452256202698
6634.585063993931	0.89471036195755
6634.642528325319	0.8942195177078247
6634.699992656708	0.8893336653709412
6634.757456988096	0.8872469067573547
6634.814921319485	0.8885821104049683
6634.872385650873	0.8842548727989197
6634.929849982262	0.8811633586883545
6634.98731431365	0.8798114657402039
6635.044778645039	0.8777923583984375
6635.102242976427	0.8817574977874756
6635.159707307816	0.8870646357536316
6635.217171639204	0.8875110149383545
6635.2746359705925	0.8866276144981384
6635.332100301981	0.890105128288269
6635.389564633369	0.8939517140388489
6635.447028964758	0.8899445533752441
6635.504493296146	0.884760856628418
6635.561957627535	0.8847637176513672
6635.619421958923	0.88229900598526
6635.676886290312	0.8800339102745056
6635.7343506217	0.8826093077659607
6635.791814953089	0.8851350545883179
6635.849279284477	0.8874025344848633
6635.906743615866	0.8880530595779419
6635.964207947254	0.8836286664009094
6636.021672278643	0.8788621425628662
6636.079136610031	0.8779804706573486
6636.13660094142	0.8806005716323853
6636.194065272808	0.8859679102897644
6636.251529604197	0.8866965174674988
6636.308993935585	0.8877331614494324
6636.3664582669735	0.8923975229263306
6636.423922598362	0.8933020830154419
6636.48138692975	0.8928807973861694
6636.538851261139	0.8955221772193909
6636.596315592527	0.8970213532447815
6636.653779923916	0.8949944972991943
6636.711244255304	0.8926982283592224
6636.768708586693	0.8900325298309326
6636.826172918081	0.8897382616996765
6636.88363724947	0.8920454978942871
6636.941101580858	0.890373945236206
6636.998565912247	0.8866236209869385
6637.056030243635	0.8882134556770325
6637.113494575024	0.8928815126419067
6637.170958906412	0.8942283987998962
6637.228423237801	0.8911635875701904
6637.285887569189	0.8875396251678467
6637.3433519005775	0.8879481554031372
6637.400816231966	0.8898295164108276
6637.4582805633545	0.8907588720321655
6637.515744894743	0.8921025991439819
6637.573209226131	0.8927066922187805
6637.63067355752	0.8918404579162598
6637.688137888908	0.8911834359169006
6637.745602220297	0.8874096274375916
6637.803066551685	0.8830506205558777
6637.860530883074	0.8836663961410522
6637.917995214462	0.884513795375824
6637.975459545851	0.8865225315093994
6638.032923877239	0.8872426152229309
6638.090388208628	0.8871418237686157
6638.147852540016	0.8911047577857971
6638.205316871405	0.8925973176956177
6638.262781202793	0.8908447623252869
6638.320245534182	0.889495313167572
6638.37770986557	0.8890002369880676
6638.4351741969585	0.8906563520431519
6638.492638528347	0.8905702829360962
6638.5501028597355	0.8859968185424805
6638.607567191124	0.8812708258628845
6638.665031522512	0.8803718686103821
6638.722495853901	0.8827648162841797
6638.779960185289	0.8845884799957275
6638.837424516678	0.8872097730636597
6638.894888848066	0.8891518115997314
6638.952353179455	0.8853489756584167
6639.009817510843	0.8817834854125977
6639.067281842232	0.8787617683410645
6639.12474617362	0.8721756935119629
6639.182210505009	0.8748243451118469
6639.239674836397	0.8842735290527344
6639.297139167786	0.8863460421562195
6639.354603499174	0.8849751353263855
6639.412067830563	0.8837345838546753
6639.469532161951	0.8821816444396973
6639.5269964933395	0.8825687170028687
6639.584460824728	0.8863065838813782
6639.6419251561165	0.8937473297119141
6639.699389487505	0.8961759209632874
6639.756853818893	0.8916493654251099
6639.814318150282	0.8922019600868225
6639.87178248167	0.8948739767074585
6639.929246813059	0.8929191827774048
6639.986711144447	0.8912399411201477
6640.044175475836	0.8902560472488403
6640.101639807224	0.891839325428009
6640.159104138613	0.8966627717018127
6640.216568470001	0.8997132182121277
6640.27403280139	0.8997389674186707
6640.331497132778	0.8959144949913025
6640.388961464167	0.8900072574615479
6640.446425795555	0.8903356790542603
6640.503890126944	0.8923800587654114
6640.561354458332	0.8894937634468079
6640.6188187897205	0.8855076432228088
6640.676283121109	0.8836674690246582
6640.7337474524975	0.8859445452690125
6640.791211783886	0.8847079873085022
6640.848676115274	0.8836814761161804
6640.906140446663	0.8841206431388855
6640.963604778051	0.8833043575286865
6641.02106910944	0.8845601081848145
6641.078533440828	0.8880786895751953
6641.135997772217	0.893681526184082
6641.193462103605	0.8969119787216187
6641.250926434994	0.8969999551773071
6641.308390766382	0.9001496434211731
6641.365855097771	0.9022949934005737
6641.423319429159	0.8990732431411743
6641.480783760548	0.8971220254898071
6641.538248091936	0.8975726366043091
6641.595712423325	0.898836076259613
6641.653176754713	0.8998626470565796
6641.7106410861015	0.8957567811012268
6641.76810541749	0.8928055763244629
6641.8255697488785	0.8940573930740356
6641.883034080267	0.8938616514205933
6641.940498411655	0.8946828842163086
6641.997962743044	0.8972017765045166
6642.055427074432	0.8967203497886658
6642.112891405821	0.8966745734214783
6642.170355737209	0.8962624669075012
6642.227820068598	0.8964413404464722
6642.285284399986	0.8831090927124023
6642.342748731375	0.7575267553329468
