6501.8873095	0.041459167
6501.88730949634	0.9077533483505249
6501.92876866334	0.9077533483505249
6501.97022783034	0.909808337688446
6502.01168699734	0.9127470850944519
6502.05314616434	0.9175401329994202
6502.09460533134	0.9200304746627808
6502.13606449834	0.9185588359832764
6502.17752366534	0.9156985282897949
6502.21898283234	0.9131038784980774
6502.26044199934	0.9133821129798889
6502.30190116634	0.9140092134475708
6502.34336033334	0.9074748158454895
6502.38481950034	0.8957116007804871
6502.42627866734	0.8876648545265198
6502.46773783434	0.8866652250289917
6502.50919700134	0.8918018341064453
6502.5506561683405	0.8998741507530212
6502.59211533534	0.9052450656890869
6502.63357450234	0.9066823720932007
6502.67503366934	0.9065585136413574
6502.71649283634	0.9033157825469971
6502.7579520033405	0.8995856642723083
6502.79941117034	0.8999984860420227
6502.84087033734	0.8993452191352844
6502.88232950434	0.8969029784202576
6502.92378867134	0.8989477157592773
6502.9652478383405	0.9024027585983276
6503.00670700534	0.9053472876548767
6503.04816617234	0.9118946194648743
6503.08962533934	0.9151113033294678
6503.13108450634	0.9113460779190063
6503.17254367334	0.9100000858306885
6503.21400284034	0.9126135110855103
6503.25546200734	0.9126636981964111
6503.29692117434	0.9089228510856628
6503.33838034134	0.9033924341201782
6503.37983950834	0.8975679874420166
6503.42129867534	0.8966546058654785
6503.46275784234	0.9018489122390747
6503.50421700934	0.9046786427497864
6503.54567617634	0.9014357924461365
6503.58713534334	0.8997529149055481
6503.62859451034	0.9029572606086731
6503.670053677341	0.9059805274009705
6503.71151284434	0.9078904390335083
6503.75297201134	0.9117900729179382
6503.79443117834	0.9149948954582214
6503.83589034534	0.9159805178642273
6503.8773495123405	0.9184252023696899
6503.91880867934	0.9193370342254639
6503.96026784634	0.9179171323776245
6504.00172701334	0.9168325662612915
6504.04318618034	0.9141332507133484
6504.0846453473405	0.9092930555343628
6504.12610451434	0.9032798409461975
6504.16756368134	0.9002869129180908
6504.20902284834	0.9038227200508118
6504.25048201534	0.90533846616745
6504.29194118234	0.8973007202148438
6504.33340034934	0.8929305672645569
6504.37485951634	0.904107391834259
6504.41631868334	0.9186186790466309
6504.45777785034	0.9235432147979736
6504.49923701734	0.9212355017662048
6504.54069618434	0.9173291921615601
6504.58215535134	0.9156928658485413
6504.62361451834	0.9166788458824158
6504.66507368534	0.9187632203102112
6504.70653285234	0.9230319857597351
6504.74799201934	0.9275466799736023
6504.78945118634	0.9294275641441345
6504.83091035334	0.9285707473754883
6504.87236952034	0.9248427748680115
6504.91382868734	0.9204737544059753
6504.95528785434	0.917804479598999
6504.9967470213405	0.9175896644592285
6505.03820618834	0.92148756980896
6505.07966535534	0.9269697666168213
6505.12112452234	0.9282951354980469
6505.16258368934	0.9251677989959717
6505.2040428563405	0.9204422235488892
6505.24550202334	0.9162635207176208
6505.28696119034	0.9153099060058594
6505.32842035734	0.9183601140975952
6505.36987952434	0.9226697683334351
6505.4113386913405	0.9232146143913269
6505.45279785834	0.9189910292625427
6505.49425702534	0.9169644713401794
6505.53571619234	0.9212949872016907
6505.57717535934	0.9257261157035828
6505.61863452634	0.9234887957572937
6505.66009369334	0.919114351272583
6505.70155286034	0.9209264516830444
6505.74301202734	0.926166296005249
6505.78447119434	0.9261965751647949
6505.82593036134	0.9224638342857361
6505.86738952834	0.9210934638977051
6505.90884869534	0.9210782051086426
6505.95030786234	0.9209587574005127
6505.99176702934	0.9204752445220947
6506.03322619634	0.9171290397644043
6506.07468536334	0.9127294421195984
6506.1161445303405	0.9113364219665527
6506.15760369734	0.9104546904563904
6506.19906286434	0.9109081029891968
6506.24052203134	0.9179677963256836
6506.28198119834	0.9291473627090454
6506.3234403653405	0.9368939399719238
6506.36489953234	0.9399447441101074
6506.40635869934	0.9432401657104492
6506.44781786634	0.9469664692878723
6506.48927703334	0.9443395137786865
6506.5307362003405	0.931983232498169
6506.57219536734	0.9207680225372314
6506.61365453434	0.9196680188179016
6506.65511370134	0.9227231740951538
6506.69657286834	0.9265636205673218
6506.73803203534	0.9336211681365967
6506.77949120234	0.9395180344581604
6506.82095036934	0.9416863918304443
6506.86240953634	0.9385123252868652
6506.90386870334	0.9279947876930237
6506.94532787034	0.9210205674171448
6506.98678703734	0.9247205853462219
6507.02824620434	0.9325345754623413
6507.06970537134	0.9378007650375366
6507.11116453834	0.9396436214447021
6507.15262370534	0.939670741558075
6507.19408287234	0.9445422887802124
6507.2355420393405	0.9553585052490234
6507.27700120634	0.9586278796195984
6507.31846037334	0.9505271315574646
6507.35991954034	0.9393184781074524
6507.40137870734	0.9302671551704407
6507.4428378743405	0.9229387640953064
6507.48429704134	0.9169532656669617
6507.52575620834	0.9161050915718079
6507.56721537534	0.9209323525428772
6507.60867454234	0.9238534569740295
6507.6501337093405	0.9193241596221924
6507.69159287634	0.9157528877258301
6507.73305204334	0.9186221361160278
6507.77451121034	0.9211925864219666
6507.81597037734	0.9203850030899048
6507.85742954434	0.9245433807373047
6507.89888871134	0.936712920665741
6507.94034787834	0.9435111284255981
6507.98180704534	0.9406881332397461
6508.02326621234	0.9376201629638672
6508.06472537934	0.9351065754890442
6508.10618454634	0.9297752976417542
6508.14764371334	0.9263722896575928
6508.18910288034	0.9284459948539734
6508.23056204734	0.9306208491325378
6508.27202121434	0.9291794896125793
6508.31348038134	0.9269335865974426
6508.354939548341	0.9228107333183289
6508.39639871534	0.9142107963562012
6508.43785788234	0.9048399925231934
6508.47931704934	0.8977625370025635
6508.52077621634	0.894184947013855
6508.5622353833405	0.8956671357154846
6508.60369455034	0.896801233291626
6508.64515371734	0.8901451230049133
6508.68661288434	0.8817038536071777
6508.72807205134	0.8818554878234863
6508.7695312183405	0.8889485001564026
6508.81099038534	0.895842969417572
6508.85244955234	0.9015671610832214
6508.89390871934	0.9103910326957703
6508.93536788634	0.9207803010940552
6508.9768270533405	0.9275993704795837
6509.01828622034	0.9336247444152832
6509.05974538734	0.9410878419876099
6509.10120455434	0.9441167712211609
6509.14266372134	0.939294159412384
6509.18412288834	0.9329412579536438
6509.22558205534	0.9334256052970886
6509.26704122234	0.938001811504364
6509.30850038934	0.9384962320327759
6509.34995955634	0.9365482926368713
6509.39141872334	0.9370241761207581
6509.43287789034	0.9389967918395996
6509.474337057341	0.9415407180786133
6509.51579622434	0.9443939328193665
6509.55725539134	0.9433104395866394
6509.59871455834	0.9377418756484985
6509.64017372534	0.9338830709457397
6509.6816328923405	0.9346370100975037
6509.72309205934	0.941251814365387
6509.76455122634	0.9503761529922485
6509.80601039334	0.952722430229187
6509.84746956034	0.948145866394043
6509.8889287273405	0.9433524012565613
6509.93038789434	0.9392215013504028
6509.97184706134	0.9355724453926086
6510.01330622834	0.9357255697250366
6510.05476539534	0.9363974928855896
6510.0962245623405	0.9347192049026489
6510.13768372934	0.9321885704994202
6510.17914289634	0.9297133088111877
6510.22060206334	0.9348629713058472
6510.26206123034	0.9445146322250366
6510.30352039734	0.9466670751571655
6510.34497956434	0.943031907081604
6510.38643873134	0.9362875819206238
6510.42789789834	0.9285003542900085
6510.46935706534	0.9277345538139343
6510.51081623234	0.9341053366661072
6510.55227539934	0.9405835866928101
6510.593734566341	0.9450887441635132
6510.63519373334	0.9471206068992615
6510.67665290034	0.944644033908844
6510.71811206734	0.9418138265609741
6510.75957123434	0.942838728427887
6510.8010304013405	0.9415661692619324
6510.84248956834	0.9346693754196167
6510.88394873534	0.9320404529571533
6510.92540790234	0.9345147013664246
6510.96686706934	0.9395747184753418
6511.0083262363405	0.9527016282081604
6511.04978540334	0.958506166934967
6511.09124457034	0.9509832262992859
6511.13270373734	0.9477026462554932
6511.17416290434	0.9499502778053284
6511.2156220713405	0.9534334540367126
6511.25708123834	0.9565183520317078
6511.29854040534	0.9535735249519348
6511.33999957234	0.9492853283882141
6511.38145873934	0.9517843127250671
6511.42291790634	0.9548459053039551
6511.46437707334	0.9524540901184082
6511.50583624034	0.9506818652153015
6511.54729540734	0.9516491293907166
6511.58875457434	0.9506175518035889
6511.63021374134	0.9504085183143616
6511.67167290834	0.9547728300094604
6511.71313207534	0.9544482827186584
6511.75459124234	0.944220781326294
6511.79605040934	0.9311657547950745
6511.83750957634	0.9221860766410828
6511.87896874334	0.9200247526168823
6511.920427910341	0.9200507402420044
6511.96188707734	0.9130896329879761
6512.00334624434	0.9000802636146545
6512.04480541134	0.8920382857322693
6512.08626457834	0.8915125727653503
6512.1277237453405	0.8926205039024353
6512.16918291234	0.8924859762191772
6512.21064207934	0.8943834900856018
6512.25210124634	0.9029062390327454
6512.29356041334	0.9113772511482239
6512.3350195803405	0.9125286340713501
6512.37647874734	0.9142786264419556
6512.41793791434	0.9203009605407715
6512.45939708134	0.9245229959487915
6512.50085624834	0.925022304058075
6512.54231541534	0.9276873469352722
6512.58377458234	0.937833845615387
6512.62523374934	0.9491884708404541
6512.66669291634	0.9564650058746338
6512.70815208334	0.9602462649345398
6512.74961125034	0.959284245967865
6512.79107041734	0.955827534198761
6512.83252958434	0.9519442319869995
6512.87398875134	0.9472725987434387
6512.91544791834	0.9460487365722656
6512.95690708534	0.9490946531295776
6512.99836625234	0.9499495029449463
6513.039825419341	0.9486372470855713
6513.08128458634	0.9495218396186829
6513.12274375334	0.951792299747467
6513.16420292034	0.9540786147117615
6513.20566208734	0.9542881846427917
6513.2471212543405	0.9498099684715271
6513.28858042134	0.9418627023696899
6513.33003958834	0.9341158270835876
6513.37149875534	0.9300825595855713
6513.41295792234	0.9308945536613464
6513.4544170893405	0.9344642162322998
6513.49587625634	0.935196042060852
6513.53733542334	0.9310647249221802
6513.57879459034	0.9283095002174377
6513.62025375734	0.9284293055534363
6513.6617129243405	0.9271594882011414
6513.70317209134	0.9266515970230103
6513.74463125834	0.9286401867866516
6513.78609042534	0.9286596775054932
6513.82754959234	0.926447331905365
6513.86900875934	0.9249805808067322
6513.91046792634	0.9234303832054138
6513.95192709334	0.9234489798545837
6513.99338626034	0.929627001285553
6514.03484542734	0.9372913837432861
6514.07630459434	0.9379013776779175
6514.11776376134	0.9330028891563416
6514.159222928341	0.9272271394729614
6514.20068209534	0.9213908910751343
6514.24214126234	0.9162824153900146
6514.28360042934	0.9151318669319153
6514.32505959634	0.9200981259346008
6514.3665187633405	0.9236622452735901
6514.40797793034	0.9125747084617615
6514.44943709734	0.8894922733306885
6514.49089626434	0.870577335357666
6514.53235543134	0.8604264259338379
6514.5738145983405	0.8503285050392151
6514.61527376534	0.8392786979675293
6514.65673293234	0.8339044451713562
6514.69819209934	0.83066725730896
6514.73965126634	0.8258645534515381
6514.7811104333405	0.8243635296821594
6514.82256960034	0.8336355090141296
6514.86402876734	0.8493011593818665
6514.90548793434	0.8581803441047668
6514.94694710134	0.8625829815864563
6514.98840626834	0.8693733215332031
6515.02986543534	0.8742567896842957
6515.07132460234	0.87483149766922
6515.11278376934	0.8751879930496216
6515.15424293634	0.8794381618499756
6515.19570210334	0.8873282074928284
6515.23716127034	0.8950533270835876
6515.278620437341	0.9003066420555115
6515.32007960434	0.9021246433258057
6515.36153877134	0.9019091129302979
6515.40299793834	0.9018955230712891
6515.44445710534	0.9019467830657959
6515.485916272341	0.9014864563941956
6515.52737543934	0.9004237651824951
6515.56883460634	0.8945068120956421
6515.61029377334	0.8807671070098877
6515.65175294034	0.8665552139282227
6515.6932121073405	0.8606081604957581
6515.73467127434	0.8592485189437866
6515.77613044134	0.8567873239517212
6515.81758960834	0.8505178689956665
6515.85904877534	0.8385708332061768
6515.9005079423405	0.828406572341919
6515.94196710934	0.8263786435127258
6515.98342627634	0.826140820980072
6516.02488544334	0.8188374042510986
6516.06634461034	0.8060411214828491
6516.10780377734	0.7941579222679138
6516.14926294434	0.7873587012290955
6516.19072211134	0.7838141918182373
6516.23218127834	0.7716448903083801
6516.27364044534	0.7522184252738953
6516.31509961234	0.734462320804596
6516.35655877934	0.7180302739143372
6516.39801794634	0.6965359449386597
6516.43947711334	0.6697745323181152
6516.48093628034	0.6539260149002075
6516.52239544734	0.6536093950271606
6516.56385461434	0.6551021337509155
6516.605313781341	0.6493473649024963
6516.64677294834	0.6491528153419495
6516.68823211534	0.6626043319702148
6516.72969128234	0.6812114715576172
6516.77115044934	0.6977688670158386
6516.8126096163405	0.7140275835990906
6516.85406878334	0.7311148047447205
6516.89552795034	0.7533664703369141
6516.93698711734	0.7871402502059937
6516.97844628434	0.8144389390945435
6517.0199054513405	0.824573278427124
6517.06136461834	0.8292152285575867
6517.10282378534	0.832925021648407
6517.14428295234	0.8434803485870361
6517.18574211934	0.8651869893074036
6517.2272012863405	0.8845942616462708
6517.26866045334	0.8943662643432617
6517.31011962034	0.8989912867546082
6517.35157878734	0.9047113060951233
6517.39303795434	0.9158567190170288
6517.43449712134	0.9315582513809204
6517.47595628834	0.9390424489974976
6517.51741545534	0.9318305850028992
6517.55887462234	0.9269006848335266
6517.60033378934	0.9341418147087097
6517.64179295634	0.9397118091583252
6517.68325212334	0.938149631023407
6517.724711290341	0.9381998777389526
6517.76617045734	0.9395981431007385
6517.80762962434	0.9343825578689575
6517.84908879134	0.9207729697227478
6517.89054795834	0.9109756946563721
6517.9320071253405	0.9145128726959229
6517.97346629234	0.9182910919189453
6518.01492545934	0.9104518294334412
6518.05638462634	0.9042328596115112
6518.09784379334	0.9101957082748413
6518.1393029603405	0.9177890419960022
6518.18076212734	0.9187992811203003
6518.22222129434	0.9192770719528198
6518.26368046134	0.9244107604026794
6518.30513962834	0.9293618202209473
6518.3465987953405	0.9283705949783325
6518.38805796234	0.9247024059295654
6518.42951712934	0.9242637753486633
6518.47097629634	0.926738977432251
6518.51243546334	0.9306726455688477
6518.55389463034	0.9359476566314697
6518.59535379734	0.9421608448028564
6518.63681296434	0.9484623670578003
6518.67827213134	0.9540194272994995
6518.71973129834	0.9572373628616333
6518.76119046534	0.9557831287384033
6518.80264963234	0.9507193565368652
6518.844108799341	0.944369375705719
6518.88556796634	0.9385895729064941
6518.92702713334	0.9362606406211853
6518.96848630034	0.9396467804908752
6519.00994546734	0.9481527805328369
6519.0514046343405	0.9549696445465088
6519.09286380134	0.9538059830665588
6519.13432296834	0.9475221633911133
6519.17578213534	0.941028892993927
6519.21724130234	0.9312219619750977
6519.2587004693405	0.9158397912979126
6519.30015963634	0.9043052196502686
6519.34161880334	0.9052058458328247
6519.38307797034	0.9112216830253601
6519.42453713734	0.9067883491516113
6519.4659963043405	0.8937730193138123
6519.50745547134	0.8898727297782898
6519.54891463834	0.9014261364936829
6519.59037380534	0.9199844002723694
6519.63183297234	0.9347985982894897
6519.67329213934	0.9420443773269653
6519.71475130634	0.9470601677894592
6519.75621047334	0.9559448957443237
6519.79766964034	0.9645259976387024
6519.83912880734	0.965187132358551
6519.88058797434	0.9618387818336487
6519.92204714134	0.9626989364624023
6519.963506308341	0.9676242470741272
6520.00496547534	0.9710790514945984
6520.04642464234	0.9707103967666626
6520.08788380934	0.9683660268783569
6520.12934297634	0.9663273096084595
6520.170802143341	0.9651678800582886
6520.21226131034	0.9641926288604736
6520.25372047734	0.9632329344749451
6520.29517964434	0.9611043930053711
6520.33663881134	0.9581031799316406
6520.3780979783405	0.9585621356964111
6520.41955714534	0.9631960988044739
6520.46101631234	0.965907633304596
6520.50247547934	0.9621947407722473
6520.54393464634	0.9567950963973999
6520.5853938133405	0.9562954306602478
6520.62685298034	0.9573438763618469
6520.66831214734	0.9542245268821716
6520.70977131434	0.9492412209510803
6520.75123048134	0.9455692172050476
6520.7926896483405	0.9435483813285828
6520.83414881534	0.9457751512527466
6520.87560798234	0.9506613612174988
6520.91706714934	0.9513931274414062
6520.95852631634	0.9481378793716431
6520.99998548334	0.9457389116287231
6521.04144465034	0.9447136521339417
6521.082903817341	0.9465033411979675
6521.12436298434	0.9510541558265686
6521.16582215134	0.9498182535171509
6521.20728131834	0.9428699016571045
6521.24874048534	0.9423747062683105
6521.290199652341	0.9483460187911987
6521.33165881934	0.9492486715316772
6521.37311798634	0.9456003904342651
6521.41457715334	0.9451820850372314
6521.45603632034	0.945958137512207
6521.4974954873405	0.94404536485672
6521.53895465434	0.9418761134147644
6521.58041382134	0.941899836063385
6521.62187298834	0.9430243968963623
6521.66333215534	0.942454993724823
6521.7047913223405	0.9388100504875183
6521.74625048934	0.9337064027786255
6521.78770965634	0.9289885759353638
6521.82916882334	0.9264371395111084
6521.87062799034	0.926700234413147
6521.9120871573405	0.9288161396980286
6521.95354632434	0.9321594834327698
6521.99500549134	0.9341380000114441
6522.03646465834	0.9323073029518127
6522.07792382534	0.9261071681976318
6522.11938299234	0.9189393520355225
6522.16084215934	0.9163471460342407
6522.202301326341	0.9169210195541382
6522.24376049334	0.919921338558197
6522.28521966034	0.9261981248855591
6522.32667882734	0.9313581585884094
6522.36813799434	0.9333157539367676
6522.409597161341	0.9329747557640076
6522.45105632834	0.9318543076515198
6522.49251549534	0.9308221340179443
6522.53397466234	0.929553210735321
6522.57543382934	0.9309273958206177
6522.6168929963405	0.9343820214271545
6522.65835216334	0.9343215227127075
6522.69981133034	0.9310973882675171
6522.74127049734	0.9249444603919983
6522.78272966434	0.916533887386322
6522.8241888313405	0.9142112731933594
6522.86564799834	0.9172574877738953
6522.90710716534	0.9168496131896973
6522.94856633234	0.9166445732116699
6522.99002549934	0.9207366704940796
6523.0314846663405	0.9229413270950317
6523.07294383334	0.9247159957885742
6523.11440300034	0.9275504350662231
6523.15586216734	0.9251987934112549
6523.19732133434	0.9206866025924683
6523.23878050134	0.9171645641326904
6523.28023966834	0.912004828453064
6523.32169883534	0.9091981053352356
6523.36315800234	0.911694347858429
6523.40461716934	0.9114062190055847
6523.44607633634	0.9018532037734985
6523.48753550334	0.8903713226318359
6523.528994670341	0.8856489658355713
6523.57045383734	0.8820618987083435
6523.61191300434	0.8726562261581421
6523.65337217134	0.8614935278892517
6523.69483133834	0.8546424508094788
6523.736290505341	0.8556790947914124
6523.77774967234	0.8619133234024048
6523.81920883934	0.8660605549812317
6523.86066800634	0.8660293221473694
6523.90212717334	0.8620160222053528
6523.9435863403405	0.854943037033081
6523.98504550734	0.8552765250205994
6524.02650467434	0.8632087707519531
6524.06796384134	0.8698333501815796
6524.10942300834	0.8776748776435852
6524.1508821753405	0.8840107321739197
6524.19234134234	0.8848495483398438
6524.23380050934	0.8865483403205872
6524.27525967634	0.8888866901397705
6524.31671884334	0.8950392007827759
6524.35817801034	0.9103857278823853
6524.39963717734	0.9195671677589417
6524.44109634434	0.9161691665649414
6524.48255551134	0.9135392308235168
6524.52401467834	0.9162623286247253
6524.56547384534	0.9201227426528931
6524.60693301234	0.9244069457054138
6524.648392179341	0.9251296520233154
6524.68985134634	0.9177727699279785
6524.73131051334	0.9136216044425964
6524.77276968034	0.9222230315208435
6524.81422884734	0.9309541583061218
6524.855688014341	0.9261713027954102
6524.89714718134	0.9170370101928711
6524.93860634834	0.915928065776825
6524.98006551534	0.9173324704170227
6525.02152468234	0.9166468977928162
6525.0629838493405	0.9185345768928528
6525.10444301634	0.9224462509155273
6525.14590218334	0.923970103263855
6525.18736135034	0.9214631915092468
6525.22882051734	0.9201458692550659
6525.2702796843405	0.9230213165283203
6525.31173885134	0.9216501712799072
6525.35319801834	0.9170647263526917
6525.39465718534	0.9161548018455505
6525.43611635234	0.9167386293411255
6525.4775755193405	0.9141023755073547
6525.51903468634	0.9114704132080078
6525.56049385334	0.9093891978263855
6525.60195302034	0.9015423655509949
6525.64341218734	0.8979951739311218
6525.68487135434	0.9021175503730774
6525.72633052134	0.9027044177055359
6525.767789688341	0.9013265371322632
6525.80924885534	0.9021169543266296
6525.85070802234	0.9040863513946533
6525.89216718934	0.909974217414856
6525.93362635634	0.9175810217857361
6525.975085523341	0.9166154861450195
6526.01654469034	0.9076266288757324
6526.05800385734	0.9061022996902466
6526.09946302434	0.9174518585205078
6526.14092219134	0.9260613322257996
6526.1823813583405	0.9221421480178833
6526.22384052534	0.9123059511184692
6526.26529969234	0.9038691520690918
6526.30675885934	0.901912271976471
6526.34821802634	0.9069355726242065
6526.3896771933405	0.9125686287879944
6526.43113636034	0.9123324751853943
6526.47259552734	0.911104679107666
6526.51405469434	0.9171929359436035
6526.55551386134	0.924332857131958
6526.5969730283405	0.9276800155639648
6526.63843219534	0.9232101440429688
6526.67989136234	0.9091171026229858
6526.72135052934	0.8992862105369568
6526.76280969634	0.8988311290740967
6526.80426886334	0.9026786684989929
6526.84572803034	0.9079963564872742
6526.887187197341	0.9113762378692627
6526.92864636434	0.9122283458709717
6526.97010553134	0.9111785888671875
6527.01156469834	0.9074906706809998
6527.05302386534	0.9032068848609924
6527.094483032341	0.901580810546875
6527.13594219934	0.9031797647476196
6527.17740136634	0.9067667722702026
6527.21886053334	0.909652054309845
6527.26031970034	0.9108730554580688
6527.3017788673405	0.9101232886314392
6527.34323803434	0.9064833521842957
6527.38469720134	0.8995437622070312
6527.42615636834	0.8947141170501709
6527.46761553534	0.894389808177948
6527.5090747023405	0.8905391097068787
6527.55053386934	0.8875143527984619
6527.59199303634	0.8943476676940918
6527.63345220334	0.9045954942703247
6527.67491137034	0.90549635887146
6527.7163705373405	0.9002236723899841
6527.75782970434	0.9028376340866089
6527.79928887134	0.9120116233825684
6527.84074803834	0.9195322394371033
6527.88220720534	0.9207911491394043
6527.92366637234	0.9172192215919495
6527.96512553934	0.9150667190551758
6528.00658470634	0.9134557843208313
6528.04804387334	0.90618497133255
6528.08950304034	0.8982071280479431
6528.13096220734	0.8987652063369751
6528.17242137434	0.9010607600212097
6528.213880541341	0.9002844095230103
6528.25533970834	0.9023202061653137
6528.29679887534	0.9066547155380249
6528.33825804234	0.9098773002624512
6528.37971720934	0.9097702503204346
6528.421176376341	0.9059228301048279
6528.46263554334	0.9019037485122681
6528.50409471034	0.900321364402771
6528.54555387734	0.9067023396492004
6528.58701304434	0.9192348122596741
6528.6284722113405	0.9254087805747986
6528.66993137834	0.9241862297058105
6528.71139054534	0.9176452159881592
6528.75284971234	0.9070843458175659
6528.79430887934	0.9045815467834473
6528.8357680463405	0.9147716760635376
6528.87722721334	0.9234191179275513
6528.91868638034	0.9209800362586975
6528.96014554734	0.9156419634819031
6529.00160471434	0.9127527475357056
6529.0430638813405	0.9126277565956116
6529.08452304834	0.9176039099693298
6529.12598221534	0.9205005168914795
6529.16744138234	0.9144885540008545
6529.20890054934	0.9086479544639587
6529.25035971634	0.9110113382339478
6529.29181888334	0.9172467589378357
6529.333278050341	0.9221522212028503
6529.37473721734	0.9206733107566833
6529.41619638434	0.9153658151626587
6529.45765555134	0.9119086861610413
6529.49911471834	0.9064417481422424
6529.540573885341	0.9018884301185608
6529.58203305234	0.9026469588279724
6529.62349221934	0.9073457717895508
6529.66495138634	0.9142360091209412
6529.70641055334	0.9186645150184631
6529.7478697203405	0.9209474325180054
6529.78932888734	0.9185908436775208
6529.83078805434	0.9085768461227417
6529.87224722134	0.9044060707092285
6529.91370638834	0.9117887020111084
6529.9551655553405	0.9197448492050171
6529.99662472234	0.9255162477493286
6530.03808388934	0.9301683902740479
6530.07954305634	0.9300102591514587
6530.12100222334	0.9221370816230774
6530.1624613903405	0.9116169810295105
6530.20392055734	0.9093915820121765
6530.24537972434	0.9143643975257874
6530.28683889134	0.9106240272521973
6530.32829805834	0.8959498405456543
6530.36975722534	0.8872691988945007
6530.41121639234	0.8890623450279236
6530.452675559341	0.8912190198898315
6530.49413472634	0.8882439136505127
6530.53559389334	0.8832010626792908
6530.57705306034	0.88359534740448
6530.61851222734	0.8890005946159363
6530.659971394341	0.8909497857093811
6530.70143056134	0.8912198543548584
6530.74288972834	0.8954351544380188
6530.78434889534	0.9052325487136841
6530.82580806234	0.9158843159675598
6530.8672672293405	0.9153357148170471
6530.90872639634	0.9074930548667908
6530.95018556334	0.9033817648887634
6530.99164473034	0.9011589884757996
6531.03310389734	0.8983134031295776
6531.0745630643405	0.8970217704772949
6531.11602223134	0.8969917297363281
6531.15748139834	0.8967876434326172
6531.19894056534	0.8974887132644653
6531.24039973234	0.8995126485824585
6531.2818588993405	0.9018547534942627
6531.32331806634	0.901655375957489
6531.36477723334	0.8982881903648376
6531.40623640034	0.8968328237533569
6531.44769556734	0.9007317423820496
6531.48915473434	0.9033992886543274
6531.53061390134	0.901150643825531
6531.572073068341	0.9012527465820312
6531.61353223534	0.9058145880699158
6531.65499140234	0.9094008803367615
6531.69645056934	0.9107540249824524
6531.73790973634	0.9123978018760681
6531.779368903341	0.9124895334243774
6531.82082807034	0.9112526178359985
6531.86228723734	0.9074947237968445
6531.90374640434	0.899232804775238
6531.94520557134	0.8931469917297363
6531.986664738341	0.8920638561248779
6532.02812390534	0.89051753282547
6532.06958307234	0.8844897747039795
6532.11104223934	0.8752725720405579
6532.15250140634	0.8652009963989258
6532.1939605733405	0.854790985584259
6532.23541974034	0.8490636348724365
6532.27687890734	0.8509339094161987
6532.31833807434	0.8549333810806274
6532.35979724134	0.8547592759132385
6532.4012564083405	0.8470067381858826
6532.44271557534	0.8366612792015076
6532.48417474234	0.8309868574142456
6532.52563390934	0.8325984477996826
6532.56709307634	0.8386803865432739
6532.6085522433405	0.84698086977005
6532.65001141034	0.8584491610527039
6532.691470577341	0.8691627383232117
6532.73292974434	0.8765521049499512
6532.77438891134	0.886786162853241
6532.81584807834	0.8989723324775696
6532.85730724534	0.9034475684165955
6532.898766412341	0.9044625163078308
6532.94022557934	0.9068542122840881
6532.98168474634	0.9081845283508301
6533.02314391334	0.9090784788131714
6533.06460308034	0.905040979385376
6533.106062247341	0.8988600969314575
6533.14752141434	0.8968492150306702
6533.18898058134	0.8988462090492249
6533.23043974834	0.9040824770927429
6533.27189891534	0.9048143625259399
6533.3133580823405	0.8999505043029785
6533.35481724934	0.8974310159683228
6533.39627641634	0.9031049609184265
6533.43773558334	0.9091888666152954
6533.47919475034	0.9026553630828857
6533.5206539173405	0.8954538106918335
6533.56211308434	0.8974183201789856
6533.60357225134	0.8993529677391052
6533.64503141834	0.9013240337371826
6533.68649058534	0.8976098895072937
6533.7279497523405	0.881634533405304
6533.76940891934	0.8729922771453857
6533.810868086341	0.8787351250648499
6533.85232725334	0.8831388354301453
6533.89378642034	0.8830938339233398
6533.93524558734	0.8823835849761963
6533.97670475434	0.879167377948761
6534.018163921341	0.8683164119720459
6534.05962308834	0.8548571467399597
6534.10108225534	0.849419355392456
6534.14254142234	0.8505994081497192
6534.18400058934	0.8585112690925598
6534.225459756341	0.8698975443840027
6534.26691892334	0.8747922778129578
6534.30837809034	0.87406986951828
6534.34983725734	0.8765178322792053
6534.39129642434	0.8845860362052917
6534.4327555913405	0.8901236653327942
6534.47421475834	0.8896509408950806
6534.51567392534	0.8891950249671936
6534.55713309234	0.8908339142799377
6534.59859225934	0.8892260789871216
6534.6400514263405	0.8843403458595276
6534.68151059334	0.8809500932693481
6534.72296976034	0.8790804743766785
6534.76442892734	0.8795796036720276
6534.80588809434	0.8811163306236267
6534.8473472613405	0.8809269666671753
6534.88880642834	0.8805086016654968
6534.93026559534	0.8778612017631531
6534.97172476234	0.8731712698936462
6535.01318392934	0.8745995759963989
6535.05464309634	0.8817761540412903
6535.09610226334	0.8903778791427612
6535.137561430341	0.9016010165214539
6535.17902059734	0.9079121947288513
6535.22047976434	0.9043788909912109
6535.26193893134	0.8987607359886169
6535.30339809834	0.894589364528656
6535.344857265341	0.8923287391662598
6535.38631643234	0.8933065533638
6535.42777559934	0.8934372663497925
6535.46923476634	0.891695499420166
6535.51069393334	0.8911174535751343
6535.552153100341	0.8915988802909851
6535.59361226734	0.8924152851104736
6535.63507143434	0.8927069306373596
6535.67653060134	0.8917579054832458
6535.71798976834	0.8893527388572693
6535.7594489353405	0.8879884481430054
6535.80090810234	0.891410231590271
6535.84236726934	0.8939223289489746
6535.88382643634	0.889793336391449
6535.92528560334	0.8854507207870483
6535.9667447703405	0.8858498930931091
6536.00820393734	0.8911199569702148
6536.04966310434	0.8997671008110046
6536.09112227134	0.8987483978271484
6536.13258143834	0.8857425451278687
6536.17404060534	0.8822231292724609
6536.21549977234	0.8873848915100098
6536.256958939341	0.888597846031189
6536.29841810634	0.8911185264587402
6536.33987727334	0.8943558931350708
6536.38133644034	0.8958514332771301
6536.42279560734	0.8943021297454834
6536.464254774341	0.8873544335365295
6536.50571394134	0.8788573741912842
6536.54717310834	0.8740761876106262
6536.58863227534	0.8746093511581421
6536.63009144234	0.8763991594314575
6536.671550609341	0.878583550453186
6536.71300977634	0.8807961940765381
6536.75446894334	0.8823041319847107
6536.79592811034	0.8835460543632507
6536.83738727734	0.8852500319480896
6536.8788464443405	0.8895353674888611
6536.92030561134	0.8930383920669556
6536.96176477834	0.8938766717910767
6537.00322394534	0.8956807255744934
6537.04468311234	0.8994497060775757
6537.0861422793405	0.8992972373962402
6537.12760144634	0.8932225108146667
6537.16906061334	0.8929493427276611
6537.21051978034	0.9008568525314331
6537.25197894734	0.9002541303634644
6537.2934381143405	0.889658510684967
6537.33489728134	0.8851068019866943
6537.376356448341	0.8921477198600769
6537.41781561534	0.9003844261169434
6537.45927478234	0.900743305683136
6537.50073394934	0.9030798673629761
6537.54219311634	0.9097386598587036
6537.583652283341	0.9112988710403442
6537.62511145034	0.9113858342170715
6537.66657061734	0.907478928565979
6537.70802978434	0.8974804282188416
6537.74948895134	0.8936249613761902
6537.790948118341	0.896888792514801
6537.83240728534	0.8968054056167603
6537.87386645234	0.8925198316574097
6537.91532561934	0.8924298882484436
6537.95678478634	0.896313488483429
6537.9982439533405	0.8967912197113037
6538.03970312034	0.8946936726570129
6538.08116228734	0.8944929838180542
6538.12262145434	0.8963027000427246
6538.16408062134	0.8997541069984436
6538.2055397883405	0.9041075110435486
6538.24699895534	0.9058074355125427
6538.28845812234	0.9057589173316956
6538.32991728934	0.9062678813934326
6538.37137645634	0.9035310745239258
6538.4128356233405	0.8971808552742004
6538.45429479034	0.890971839427948
6538.495753957341	0.8881648778915405
6538.53721312434	0.8908553123474121
6538.57867229134	0.8951995372772217
6538.62013145834	0.8945608735084534
6538.66159062534	0.886107861995697
6538.703049792341	0.8764599561691284
6538.74450895934	0.8785883188247681
6538.78596812634	0.8914703130722046
6538.82742729334	0.9001701474189758
6538.86888646034	0.9008185863494873
6538.910345627341	0.8983129858970642
6538.95180479434	0.8948943018913269
6538.99326396134	0.8968060612678528
6539.03472312834	0.9037368893623352
6539.07618229534	0.9048226475715637
6539.1176414623405	0.9004698991775513
6539.15910062934	0.8963698148727417
6539.20055979634	0.8910239338874817
6539.24201896334	0.8862870335578918
6539.28347813034	0.8853068947792053
6539.3249372973405	0.8869225382804871
6539.36639646434	0.8887321949005127
6539.40785563134	0.8883519172668457
6539.44931479834	0.8880060911178589
6539.49077396534	0.8920069932937622
6539.5322331323405	0.8974020481109619
6539.57369229934	0.8982189297676086
6539.61515146634	0.8958956599235535
6539.65661063334	0.8988180160522461
6539.69806980034	0.9084823727607727
6539.73952896734	0.9152722358703613
6539.78098813434	0.9143558144569397
6539.822447301341	0.9089103937149048
6539.86390646834	0.9012367725372314
6539.90536563534	0.8932727575302124
6539.94682480234	0.8907613158226013
6539.98828396934	0.8974816799163818
6540.029743136341	0.9044522643089294
6540.07120230334	0.9013217687606812
6540.11266147034	0.8930273652076721
6540.15412063734	0.888346791267395
6540.19557980434	0.8880424499511719
6540.237038971341	0.8911647796630859
6540.27849813834	0.89513099193573
6540.31995730534	0.8947706818580627
6540.36141647234	0.8914994597434998
6540.40287563934	0.891249418258667
6540.4443348063405	0.8934144377708435
6540.48579397334	0.893508791923523
6540.52725314034	0.8924781680107117
6540.56871230734	0.8945000767707825
6540.61017147434	0.8959478735923767
6540.6516306413405	0.8891231417655945
6540.69308980834	0.8791692852973938
6540.73454897534	0.8766847848892212
6540.77600814234	0.879380464553833
6540.81746730934	0.8791133165359497
6540.8589264763405	0.8775843977928162
6540.90038564334	0.8812671899795532
6540.941844810341	0.8863357305526733
6540.98330397734	0.8872988820075989
6541.02476314434	0.8873971700668335
6541.06622231134	0.889033854007721
6541.10768147834	0.8920231461524963
6541.149140645341	0.895801305770874
6541.19059981234	0.8964087963104248
6541.23205897934	0.8933454751968384
6541.27351814634	0.8916652202606201
6541.31497731334	0.8916853070259094
6541.356436480341	0.8912279605865479
6541.39789564734	0.8911963105201721
6541.43935481434	0.8916466236114502
6541.48081398134	0.8911805152893066
6541.52227314834	0.8911625742912292
6541.5637323153405	0.8932040929794312
6541.60519148234	0.8951573371887207
6541.64665064934	0.8974393010139465
6541.68810981634	0.898502767086029
6541.72956898334	0.8922611474990845
6541.7710281503405	0.8829714059829712
6541.81248731734	0.8802392482757568
6541.85394648434	0.8849836587905884
6541.89540565134	0.8913695216178894
6541.93686481834	0.889387845993042
6541.9783239853405	0.876337468624115
6542.01978315234	0.8644007444381714
6542.061242319341	0.8606544137001038
6542.10270148634	0.8610062599182129
6542.14416065334	0.8621934056282043
6542.18561982034	0.862058699131012
6542.22707898734	0.8596738576889038
6542.268538154341	0.8580577373504639
6542.30999732134	0.8600828647613525
6542.35145648834	0.8614540100097656
6542.39291565534	0.8584645986557007
6542.43437482234	0.857779860496521
6542.475833989341	0.8618341684341431
6542.51729315634	0.866825520992279
6542.55875232334	0.8741984367370605
6542.60021149034	0.8798877596855164
6542.64167065734	0.8789734840393066
6542.6831298243405	0.8771893978118896
6542.72458899134	0.8772144317626953
6542.76604815834	0.8782251477241516
6542.80750732534	0.8810263276100159
6542.84896649234	0.8831446170806885
6542.8904256593405	0.8841391801834106
6542.93188482634	0.8857890367507935
6542.97334399334	0.887120246887207
6543.01480316034	0.8841337561607361
6543.05626232734	0.8752042055130005
6543.0977214943405	0.8695152401924133
6543.13918066134	0.8754532933235168
6543.180639828341	0.8855428099632263
6543.22209899534	0.8875567317008972
6543.26355816234	0.8839557766914368
6543.30501732934	0.8841169476509094
6543.34647649634	0.8879202008247375
6543.387935663341	0.8905751705169678
6543.42939483034	0.8880840539932251
6543.47085399734	0.8836418390274048
6543.51231316434	0.880806028842926
6543.55377233134	0.8725247383117676
6543.595231498341	0.8551701903343201
6543.63669066534	0.8382731080055237
6543.67814983234	0.8250722289085388
6543.71960899934	0.8122007250785828
6543.76106816634	0.803952157497406
6543.802527333341	0.7995733022689819
6543.84398650034	0.7992148995399475
6543.88544566734	0.8045714497566223
6543.92690483434	0.8078933358192444
6543.96836400134	0.8070712089538574
6544.0098231683405	0.8052489757537842
6544.05128233534	0.8012948632240295
6544.09274150234	0.8019796013832092
6544.13420066934	0.8099170327186584
6544.17565983634	0.8228855133056641
6544.2171190033405	0.8408157825469971
6544.25857817034	0.8542157411575317
6544.300037337341	0.8610675930976868
6544.34149650434	0.8676633834838867
6544.38295567134	0.874209463596344
6544.42441483834	0.8757556080818176
6544.46587400534	0.8719193339347839
6544.507333172341	0.8713799118995667
6544.54879233934	0.8766939640045166
6544.59025150634	0.8808168768882751
6544.63171067334	0.8802809715270996
6544.67316984034	0.8831762671470642
6544.714629007341	0.8943396806716919
6544.75608817434	0.9007663130760193
6544.79754734134	0.896297037601471
6544.83900650834	0.8932774662971497
6544.88046567534	0.8940168023109436
6544.921924842341	0.8917105197906494
6544.96338400934	0.8879925012588501
6545.00484317634	0.8844428062438965
6545.04630234334	0.8839908838272095
6545.08776151034	0.8835469484329224
6545.1292206773405	0.8778585195541382
6545.17067984434	0.8746377229690552
6545.21213901134	0.8764975070953369
6545.25359817834	0.8813191652297974
6545.29505734534	0.89073246717453
6545.3365165123405	0.8991341590881348
6545.37797567934	0.8986117839813232
6545.419434846341	0.8933947682380676
6545.46089401334	0.8931652307510376
6545.50235318034	0.8904808163642883
6545.5438123473405	0.8805964589118958
6545.58527151434	0.8744057416915894
6545.626730681341	0.8727365136146545
6545.66818984834	0.8734963536262512
6545.70964901534	0.8761258721351624
6545.75110818234	0.8759483695030212
6545.79256734934	0.8731771111488342
6545.834026516341	0.8735899925231934
6545.87548568334	0.877701461315155
6545.91694485034	0.87802654504776
6545.95840401734	0.8735078573226929
6545.99986318434	0.8690171837806702
6546.041322351341	0.8654779195785522
6546.08278151834	0.864771842956543
6546.12424068534	0.8678162097930908
6546.16569985234	0.8696643114089966
6546.20715901934	0.8669387698173523
6546.2486181863405	0.8675035834312439
6546.29007735334	0.8788251876831055
6546.33153652034	0.8907057046890259
6546.37299568734	0.8922698497772217
6546.41445485434	0.887578010559082
6546.4559140213405	0.8836254477500916
6546.49737318834	0.8814833164215088
6546.53883235534	0.8818987607955933
6546.58029152234	0.8865605592727661
6546.62175068934	0.8928812146186829
6546.6632098563405	0.8955684900283813
6546.70466902334	0.8946508169174194
6546.746128190341	0.8974361419677734
6546.78758735734	0.9017504453659058
6546.82904652434	0.8962070345878601
6546.87050569134	0.8850348591804504
6546.91196485834	0.8808699250221252
6546.953424025341	0.8838650584220886
6546.99488319234	0.8891597390174866
6547.03634235934	0.8924666047096252
6547.07780152634	0.8893091678619385
6547.11926069334	0.8826245069503784
6547.160719860341	0.879912257194519
6547.20217902734	0.8813979029655457
6547.24363819434	0.8805277347564697
6547.28509736134	0.8748539686203003
6547.32655652834	0.8688890337944031
6547.368015695341	0.8674238324165344
6547.40947486234	0.8669212460517883
6547.45093402934	0.8610011339187622
6547.49239319634	0.854280412197113
6547.53385236334	0.8535438776016235
6547.5753115303405	0.8551713228225708
6547.61677069734	0.8552605509757996
6547.65822986434	0.8547510504722595
6547.69968903134	0.8537153601646423
6547.74114819834	0.8545909523963928
6547.7826073653405	0.8571969866752625
6547.82406653234	0.8566868305206299
6547.865525699341	0.8561697602272034
6547.90698486634	0.8586388826370239
6547.94844403334	0.8574652075767517
6547.98990320034	0.851542592048645
6548.03136236734	0.8515727519989014
6548.072821534341	0.8604546785354614
6548.11428070134	0.8671755790710449
6548.15573986834	0.8682344555854797
6548.19719903534	0.8709226846694946
6548.23865820234	0.8762432932853699
6548.280117369341	0.8767936825752258
6548.32157653634	0.869440495967865
6548.36303570334	0.8530761003494263
6548.40449487034	0.830500602722168
6548.44595403734	0.8183220028877258
6548.487413204341	0.8208474516868591
6548.52887237134	0.8241455554962158
6548.57033153834	0.8253613114356995
6548.61179070534	0.8277230262756348
6548.65324987234	0.8280266523361206
6548.6947090393405	0.8249495625495911
6548.73616820634	0.820684015750885
6548.77762737334	0.8227779865264893
6548.81908654034	0.8352037668228149
6548.86054570734	0.8489645719528198
6548.9020048743405	0.857941210269928
6548.94346404134	0.8635659217834473
6548.984923208341	0.8671043515205383
6549.02638237534	0.8678598999977112
6549.06784154234	0.8676702380180359
6549.1093007093405	0.8707644939422607
6549.15075987634	0.8737633228302002
6549.192219043341	0.8747000098228455
6549.23367821034	0.8787590265274048
6549.27513737734	0.8835284113883972
6549.31659654434	0.8850364089012146
6549.35805571134	0.8853763937950134
6549.399514878341	0.885551929473877
6549.44097404534	0.8866466283798218
6549.48243321234	0.8881658315658569
6549.52389237934	0.8892661929130554
6549.56535154634	0.8914470672607422
6549.606810713341	0.8908520340919495
6549.64826988034	0.8871984481811523
6549.68972904734	0.8838824033737183
6549.73118821434	0.8784996867179871
6549.77264738134	0.8744003176689148
6549.8141065483405	0.8769261837005615
6549.85556571534	0.8820201754570007
6549.89702488234	0.8821418285369873
6549.93848404934	0.8805609941482544
6549.97994321634	0.883423388004303
6550.0214023833405	0.8881412744522095
6550.06286155034	0.8919097781181335
6550.104320717341	0.8855492472648621
6550.14577988434	0.870718777179718
6550.18723905134	0.8653051853179932
6550.2286982183405	0.8683645725250244
6550.27015738534	0.8659234642982483
6550.311616552341	0.860779345035553
6550.35307571934	0.8648117184638977
6550.39453488634	0.8747986555099487
6550.43599405334	0.8815006017684937
6550.47745322034	0.8832383155822754
6550.518912387341	0.8824400305747986
6550.56037155434	0.8814355731010437
6550.60183072134	0.8792012929916382
6550.64328988834	0.8760237097740173
6550.68474905534	0.874589741230011
6550.726208222341	0.8752191066741943
6550.76766738934	0.8765100836753845
6550.80912655634	0.8764996528625488
6550.85058572334	0.8740337491035461
6550.89204489034	0.8707365989685059
6550.9335040573405	0.8703855872154236
6550.97496322434	0.8744966387748718
6551.01642239134	0.8809329867362976
6551.05788155834	0.8859928250312805
6551.09934072534	0.8849311470985413
6551.1407998923405	0.8787018060684204
6551.18225905934	0.8744368553161621
6551.22371822634	0.8745867013931274
6551.26517739334	0.8748056888580322
6551.30663656034	0.8740401864051819
6551.3480957273405	0.8745295405387878
6551.38955489434	0.8777422904968262
6551.431014061341	0.8860054016113281
6551.47247322834	0.8952291011810303
6551.51393239534	0.8967620134353638
6551.55539156234	0.8904197216033936
6551.59685072934	0.884053647518158
6551.638309896341	0.8833726644515991
6551.67976906334	0.8894298076629639
6551.72122823034	0.8940920829772949
6551.76268739734	0.8864151239395142
6551.80414656434	0.8757150769233704
6551.845605731341	0.8751958012580872
6551.88706489834	0.8786476850509644
6551.92852406534	0.8806261420249939
6551.96998323234	0.8823971152305603
6552.01144239934	0.8816066980361938
6552.052901566341	0.8797957301139832
6552.09436073334	0.880645215511322
6552.13581990034	0.8814015984535217
6552.17727906734	0.8783187866210938
6552.21873823434	0.8740209341049194
6552.2601974013405	0.8745837211608887
6552.30165656834	0.8749598860740662
6552.34311573534	0.8645462393760681
6552.38457490234	0.8484640717506409
6552.42603406934	0.8358907103538513
6552.4674932363405	0.8274802565574646
6552.50895240334	0.8239200115203857
6552.550411570341	0.8250402808189392
6552.59187073734	0.8267495036125183
6552.63332990434	0.825050950050354
6552.6747890713405	0.820030152797699
6552.71624823834	0.8186538815498352
6552.757707405341	0.823553204536438
6552.79916657234	0.831596851348877
6552.84062573934	0.8439365029335022
6552.88208490634	0.8583627343177795
6552.92354407334	0.8702630400657654
6552.965003240341	0.8777207732200623
6553.00646240734	0.8797574639320374
6553.04792157434	0.8810229897499084
6553.08938074134	0.8863654732704163
6553.13083990834	0.8930264115333557
6553.172299075341	0.8947494029998779
6553.21375824234	0.8948875069618225
6553.25521740934	0.9025048613548279
6553.29667657634	0.9088693261146545
6553.33813574334	0.9083763957023621
6553.3795949103405	0.9101740717887878
6553.42105407734	0.9112579822540283
6553.46251324434	0.9069011807441711
6553.50397241134	0.9023284912109375
6553.54543157834	0.8998308777809143
6553.5868907453405	0.8962295651435852
6553.62834991234	0.8880549669265747
6553.669809079341	0.879215657711029
6553.71126824634	0.8820257186889648
6553.75272741334	0.895302414894104
6553.7941865803405	0.905523955821991
6553.83564574734	0.9112695455551147
6553.877104914341	0.9086151719093323
6553.91856408134	0.900496244430542
6553.96002324834	0.900543212890625
6554.00148241534	0.9008572101593018
6554.04294158234	0.9035155773162842
6554.084400749341	0.9137957096099854
6554.12585991634	0.9185361862182617
6554.16731908334	0.9185228943824768
6554.20877825034	0.9206035733222961
6554.25023741734	0.9260443449020386
6554.291696584341	0.9340130090713501
6554.33315575134	0.9414471387863159
6554.37461491834	0.9482892751693726
6554.41607408534	0.9538137316703796
6554.45753325234	0.9479929804801941
6554.4989924193405	0.9314961433410645
6554.54045158634	0.9255454540252686
6554.58191075334	0.9365999698638916
6554.62336992034	0.9521152973175049
6554.66482908734	0.9616432785987854
6554.7062882543405	0.9603099226951599
6554.74774742134	0.9522525072097778
6554.789206588341	0.9501988291740417
6554.83066575534	0.9572505950927734
6554.87212492234	0.958189845085144
6554.9135840893405	0.9495575428009033
6554.95504325634	0.9486570954322815
6554.996502423341	0.9590706825256348
6555.03796159034	0.9660995006561279
6555.07942075734	0.9645671248435974
6555.12087992434	0.9643986225128174
6555.16233909134	0.970538318157196
6555.203798258341	0.9768280982971191
6555.24525742534	0.9784243106842041
6555.28671659234	0.9732036590576172
6555.32817575934	0.965569257736206
6555.36963492634	0.9651074409484863
6555.411094093341	0.9707651138305664
6555.45255326034	0.9766302108764648
6555.49401242734	0.9839646220207214
6555.53547159434	0.9941480755805969
6555.57693076134	0.9990711808204651
6555.618389928341	0.9925040006637573
6555.65984909534	0.9858911037445068
6555.70130826234	0.990936279296875
6555.74276742934	1.002197027206421
6555.78422659634	1.010514736175537
6555.8256857633405	1.014169692993164
6555.86714493034	1.0169692039489746
6555.908604097341	1.0204768180847168
6555.95006326434	1.022565245628357
6555.99152243134	1.0229636430740356
6556.0329815983405	1.0231668949127197
6556.07444076534	1.0264761447906494
6556.115899932341	1.0344845056533813
6556.15735909934	1.0409128665924072
6556.19881826634	1.0393973588943481
6556.24027743334	1.0370614528656006
6556.28173660034	1.0428262948989868
6556.323195767341	1.0487831830978394
6556.36465493434	1.04705011844635
6556.40611410134	1.0467826128005981
6556.44757326834	1.0547088384628296
6556.48903243534	1.0624209642410278
6556.530491602341	1.0640884637832642
6556.57195076934	1.0650819540023804
6556.61340993634	1.0691009759902954
6556.65486910334	1.0742806196212769
6556.69632827034	1.0778660774230957
6556.737787437341	1.0805270671844482
6556.77924660434	1.0882923603057861
6556.82070577134	1.0942573547363281
6556.86216493834	1.084702730178833
6556.90362410534	1.0683218240737915
6556.9450832723405	1.0606894493103027
6556.98654243934	1.0629843473434448
6557.028001606341	1.067431926727295
6557.06946077334	1.0720492601394653
6557.11091994034	1.0797125101089478
6557.1523791073405	1.0850938558578491
6557.19383827434	1.0858516693115234
6557.235297441341	1.092445731163025
6557.27675660834	1.1061452627182007
6557.31821577534	1.1153292655944824
6557.3596749423405	1.1197468042373657
6557.40113410934	1.1256276369094849
6557.442593276341	1.131353497505188
6557.48405244334	1.1431282758712769
6557.52551161034	1.1650069952011108
6557.56697077734	1.1876035928726196
6557.60842994434	1.2051664590835571
6557.649889111341	1.211795687675476
6557.69134827834	1.2122300863265991
6557.73280744534	1.213165283203125
6557.77426661234	1.208500623703003
6557.81572577934	1.2055691480636597
6557.857184946341	1.2105741500854492
6557.89864411334	1.2161582708358765
6557.94010328034	1.223337173461914
6557.98156244734	1.236555814743042
6558.02302161434	1.250410556793213
6558.0644807813405	1.2562593221664429
6558.10593994834	1.2608642578125
6558.14739911534	1.278959035873413
6558.18885828234	1.3020272254943848
6558.23031744934	1.3140664100646973
6558.2717766163405	1.3202370405197144
6558.31323578334	1.3308650255203247
6558.354694950341	1.3475849628448486
6558.39615411734	1.3696459531784058
6558.43761328434	1.3909316062927246
6558.4790724513405	1.4024689197540283
6558.52053161834	1.4060683250427246
6558.561990785341	1.4109466075897217
6558.60344995234	1.4241423606872559
6558.64490911934	1.4444007873535156
6558.68636828634	1.4649348258972168
6558.72782745334	1.483504056930542
6558.769286620341	1.4997538328170776
6558.81074578734	1.5174943208694458
6558.85220495434	1.5384423732757568
6558.89366412134	1.5537983179092407
6558.93512328834	1.5625741481781006
6558.976582455341	1.5718727111816406
6559.01804162234	1.5792553424835205
6559.05950078934	1.5806190967559814
6559.10095995634	1.5869756937026978
6559.14241912334	1.6092746257781982
6559.1838782903405	1.6338222026824951
6559.22533745734	1.646376371383667
6559.26679662434	1.6536568403244019
6559.30825579134	1.6608996391296387
6559.34971495834	1.6702800989151
6559.3911741253405	1.6896265745162964
6559.43263329234	1.7173879146575928
6559.474092459341	1.7377279996871948
6559.51555162634	1.7553296089172363
6559.55701079334	1.7891501188278198
6559.5984699603405	1.8213311433792114
6559.63992912734	1.833269476890564
6559.681388294341	1.838780403137207
6559.72284746134	1.8485994338989258
6559.76430662834	1.867783546447754
6559.80576579534	1.8966898918151855
6559.84722496234	1.9266691207885742
6559.888684129341	1.9545444250106812
6559.93014329634	1.9822437763214111
6559.97160246334	2.0082473754882812
6560.01306163034	2.0319974422454834
6560.05452079734	2.0562033653259277
6560.095979964341	2.079033851623535
6560.13743913134	2.099398612976074
6560.17889829834	2.1202824115753174
6560.22035746534	2.137985944747925
6560.26181663234	2.1460728645324707
6560.303275799341	2.1544172763824463
6560.34473496634	2.175476312637329
6560.38619413334	2.2046098709106445
6560.42765330034	2.237264633178711
6560.46911246734	2.266693115234375
6560.5105716343405	2.2873759269714355
6560.55203080134	2.304799795150757
6560.593489968341	2.3261258602142334
6560.63494913534	2.3550169467926025
6560.67640830234	2.3821351528167725
6560.7178674693405	2.4004967212677
6560.75932663634	2.4238884449005127
6560.800785803341	2.451256275177002
6560.84224497034	2.4615254402160645
6560.88370413734	2.4594666957855225
6560.9251633043405	2.4538938999176025
6560.96662247134	2.4509358406066895
6561.008081638341	2.455960988998413
6561.04954080534	2.457665205001831
6561.09099997234	2.457979679107666
6561.13245913934	2.468885898590088
6561.17391830634	2.485792875289917
6561.215377473341	2.4992973804473877
6561.25683664034	2.505521535873413
6561.29829580734	2.5072829723358154
6561.33975497434	2.5143656730651855
6561.38121414134	2.5229110717773438
6561.422673308341	2.528106451034546
6561.46413247534	2.537517547607422
6561.50559164234	2.543199062347412
6561.54705080934	2.539423704147339
6561.58850997634	2.5335230827331543
6561.6299691433405	2.5266404151916504
6561.67142831034	2.518709659576416
6561.712887477341	2.5061142444610596
6561.75434664434	2.486097812652588
6561.79580581134	2.4643235206604004
6561.8372649783405	2.4418118000030518
6561.87872414534	2.416848659515381
6561.920183312341	2.391483783721924
6561.96164247934	2.3648040294647217
6562.00310164634	2.3371036052703857
6562.0445608133405	2.310896396636963
6562.08601998034	2.282627582550049
6562.127479147341	2.2447588443756104
6562.16893831434	2.198469638824463
6562.21039748134	2.1504251956939697
6562.25185664834	2.099116325378418
6562.29331581534	2.049760580062866
6562.334774982341	2.0100064277648926
6562.37623414934	1.9664716720581055
6562.41769331634	1.9123307466506958
6562.45915248334	1.8573863506317139
6562.50061165034	1.804348349571228
6562.542070817341	1.7537983655929565
6562.58352998434	1.7085388898849487
6562.62498915134	1.6629191637039185
6562.66644831834	1.6113699674606323
6562.70790748534	1.5631129741668701
6562.7493666523405	1.522985577583313
6562.79082581934	1.4866994619369507
6562.83228498634	1.4508315324783325
6562.87374415334	1.4171159267425537
6562.91520332034	1.3867213726043701
6562.9566624873405	1.3526248931884766
6562.99812165434	1.315661907196045
6563.039580821341	1.2809489965438843
6563.08103998834	1.2486923933029175
6563.12249915534	1.2205449342727661
6563.1639583223405	1.1915104389190674
6563.20541748934	1.1567167043685913
6563.246876656341	1.119350790977478
6563.28833582334	1.087142825126648
6563.32979499034	1.0601675510406494
6563.37125415734	1.0385416746139526
6563.41271332434	1.0263259410858154
6563.454172491341	1.0224357843399048
6563.49563165834	1.017710566520691
6563.53709082534	1.0045775175094604
6563.57854999234	0.9922380447387695
6563.62000915934	0.9921931624412537
6563.661468326341	0.9978119730949402
6563.70292749334	0.9991707801818848
6563.74438666034	0.9971304535865784
6563.78584582734	0.9997276067733765
6563.82730499434	1.0079156160354614
6563.868764161341	1.0240980386734009
6563.91022332834	1.0496435165405273
6563.95168249534	1.0788413286209106
6563.99314166234	1.1128047704696655
6564.03460082934	1.1607917547225952
6564.0760599963405	1.2208677530288696
6564.11751916334	1.2847421169281006
6564.158978330341	1.3479220867156982
6564.20043749734	1.407270908355713
6564.24189666434	1.4653838872909546
6564.2833558313405	1.526267170906067
6564.32481499834	1.5895484685897827
6564.366274165341	1.6590135097503662
6564.40773333234	1.7333647012710571
6564.44919249934	1.8038733005523682
6564.49065166634	1.8685187101364136
6564.53211083334	1.9269107580184937
6564.573570000341	1.9820456504821777
6564.61502916734	2.042792558670044
6564.65648833434	2.100951910018921
6564.69794750134	2.1415419578552246
6564.73940666834	2.1673455238342285
6564.780865835341	2.189298391342163
6564.82232500234	2.2135558128356934
6564.86378416934	2.23862361907959
6564.90524333634	2.2580063343048096
6564.94670250334	2.2712655067443848
6564.988161670341	2.288248062133789
6565.02962083734	2.3167710304260254
6565.07108000434	2.3443222045898438
6565.11253917134	2.3562817573547363
6565.15399833834	2.3696162700653076
6565.1954575053405	2.395481586456299
6565.23691667234	2.424597978591919
6565.278375839341	2.458259344100952
6565.31983500634	2.4911022186279297
6565.36129417334	2.513357639312744
6565.4027533403405	2.5226552486419678
6565.44421250734	2.5241830348968506
6565.485671674341	2.5324485301971436
6565.52713084134	2.551128625869751
6565.56859000834	2.573073625564575
6565.6100491753405	2.5945847034454346
6565.65150834234	2.6160600185394287
6565.692967509341	2.642613649368286
6565.73442667634	2.672072410583496
6565.77588584334	2.6919925212860107
6565.81734501034	2.7034709453582764
6565.85880417734	2.7180252075195312
6565.900263344341	2.7391600608825684
6565.94172251134	2.7583582401275635
6565.98318167834	2.7724192142486572
6566.02464084534	2.7894535064697266
6566.06610001234	2.801334857940674
6566.107559179341	2.8023531436920166
6566.14901834634	2.795076370239258
6566.19047751334	2.782087802886963
6566.23193668034	2.771693468093872
6566.27339584734	2.7634470462799072
6566.3148550143405	2.747694253921509
6566.35631418134	2.726771831512451
6566.397773348341	2.709364414215088
6566.43923251534	2.6919755935668945
6566.48069168234	2.662853479385376
6566.5221508493405	2.6216542720794678
6566.56361001634	2.5762267112731934
6566.605069183341	2.533041000366211
6566.64652835034	2.4936559200286865
6566.68798751734	2.454866886138916
6566.7294466843405	2.418855667114258
6566.77090585134	2.389615535736084
6566.812365018341	2.366692543029785
6566.85382418534	2.344815492630005
6566.89528335234	2.314995050430298
6566.93674251934	2.2786245346069336
6566.97820168634	2.2451698780059814
6567.019660853341	2.211038827896118
6567.06112002034	2.1718127727508545
6567.10257918734	2.137268543243408
6567.14403835434	2.113719940185547
6567.18549752134	2.094921350479126
6567.226956688341	2.0704238414764404
6567.26841585534	2.043196201324463
6567.30987502234	2.0216498374938965
6567.35133418934	2.001530408859253
6567.39279335634	1.9807058572769165
6567.434252523341	1.9546915292739868
6567.47571169034	1.9143658876419067
6567.51717085734	1.870192289352417
6567.55863002434	1.8382235765457153
6567.60008919134	1.8191750049591064
6567.6415483583405	1.8034840822219849
6567.68300752534	1.7792788743972778
6567.724466692341	1.7470155954360962
6567.76592585934	1.7211354970932007
6567.80738502634	1.709647536277771
6567.8488441933405	1.7028659582138062
6567.89030336034	1.6841530799865723
6567.931762527341	1.656943917274475
6567.97322169434	1.6349490880966187
6568.01468086134	1.619776725769043
6568.05614002834	1.6069239377975464
6568.09759919534	1.5919718742370605
6568.139058362341	1.5750218629837036
6568.18051752934	1.5578670501708984
6568.22197669634	1.542513370513916
6568.26343586334	1.5271751880645752
6568.30489503034	1.508380651473999
6568.346354197341	1.4880434274673462
6568.38781336434	1.4662379026412964
6568.42927253134	1.4436802864074707
6568.47073169834	1.4198381900787354
6568.51219086534	1.3928802013397217
6568.553650032341	1.3687663078308105
6568.59510919934	1.3538358211517334
6568.636568366341	1.3451480865478516
6568.67802753334	1.3352469205856323
6568.71948670034	1.3233898878097534
6568.7609458673405	1.3120092153549194
6568.80240503434	1.2990944385528564
6568.843864201341	1.2838108539581299
6568.88532336834	1.2719377279281616
6568.92678253534	1.268466830253601
6568.9682417023405	1.2674667835235596
6569.00970086934	1.2625470161437988
6569.051160036341	1.2553179264068604
6569.09261920334	1.2511588335037231
6569.13407837034	1.2482640743255615
6569.1755375373405	1.236952304840088
6569.21699670434	1.2216435670852661
6569.258455871341	1.213449478149414
6569.29991503834	1.2080471515655518
6569.34137420534	1.2017284631729126
6569.38283337234	1.1973261833190918
6569.42429253934	1.1921517848968506
6569.465751706341	1.1826475858688354
6569.50721087334	1.1686394214630127
6569.54867004034	1.1544475555419922
6569.59012920734	1.144300103187561
6569.63158837434	1.140169620513916
6569.673047541341	1.1422442197799683
6569.71450670834	1.142685890197754
6569.75596587534	1.1360037326812744
6569.79742504234	1.1295207738876343
6569.83888420934	1.1266318559646606
6569.8803433763405	1.122628092765808
6569.92180254334	1.1187876462936401
6569.963261710341	1.114173412322998
6570.00472087734	1.1062253713607788
6570.04618004434	1.100968837738037
6570.0876392113405	1.101262092590332
6570.12909837834	1.0959523916244507
6570.170557545341	1.082596778869629
6570.21201671234	1.0795562267303467
6570.25347587934	1.0842339992523193
6570.2949350463405	1.0745348930358887
6570.33639421334	1.0546016693115234
6570.377853380341	1.0440647602081299
6570.41931254734	1.0428510904312134
6570.46077171434	1.0435223579406738
6570.50223088134	1.047032356262207
6570.54369004834	1.0498391389846802
6570.585149215341	1.0451250076293945
6570.62660838234	1.0310758352279663
6570.66806754934	1.0165807008743286
6570.70952671634	1.0127027034759521
6570.75098588334	1.013293743133545
6570.792445050341	1.0134319067001343
6570.83390421734	1.0160670280456543
6570.87536338434	1.01114022731781
6570.91682255134	0.9980155229568481
6570.95828171834	0.9936564564704895
6570.9997408853405	0.9973775744438171
6571.04120005234	0.9961681365966797
6571.082659219341	0.9915350675582886
6571.12411838634	0.9907041192054749
6571.16557755334	0.9893399477005005
6571.2070367203405	0.9805066585540771
6571.24849588734	0.9724526405334473
6571.289955054341	0.9768224358558655
6571.33141422134	0.9836317300796509
6571.37287338834	0.9774856567382812
6571.4143325553405	0.9687405228614807
6571.45579172234	0.9708887934684753
6571.497250889341	0.9741052389144897
6571.53871005634	0.9714426398277283
6571.58016922334	0.9689242839813232
6571.62162839034	0.9675706624984741
6571.66308755734	0.965843141078949
6571.704546724341	0.9626072645187378
6571.74600589134	0.951810896396637
6571.78746505834	0.9334626197814941
6571.82892422534	0.9189673066139221
6571.87038339234	0.9116043448448181
6571.911842559341	0.9079442024230957
6571.95330172634	0.906493604183197
6571.99476089334	0.9011532068252563
6572.03622006034	0.8936082124710083
6572.07767922734	0.8936153650283813
6572.119138394341	0.9017452597618103
6572.16059756134	0.9090377688407898
6572.202056728341	0.9051483273506165
6572.24351589534	0.8940955996513367
6572.28497506234	0.8892306089401245
6572.3264342293405	0.8948178887367249
6572.36789339634	0.9008961319923401
6572.409352563341	0.904633104801178
6572.45081173034	0.9134839177131653
6572.49227089734	0.9219017624855042
6572.5337300643405	0.9259202480316162
6572.57518923134	0.9231944680213928
6572.616648398341	0.9125142693519592
6572.65810756534	0.9056655764579773
6572.69956673234	0.9056910872459412
6572.7410258993405	0.9117293357849121
6572.78248506634	0.9239199757575989
6572.823944233341	0.9263006448745728
6572.86540340034	0.9159327149391174
6572.90686256734	0.9119759202003479
6572.94832173434	0.916691780090332
6572.98978090134	0.9193573594093323
6573.031240068341	0.9173734188079834
6573.07269923534	0.912723958492279
6573.11415840234	0.9092974066734314
6573.15561756934	0.9065835475921631
6573.19707673634	0.9022455811500549
6573.238535903341	0.8989155888557434
6573.27999507034	0.8972858786582947
6573.321454237341	0.8964541554450989
6573.36291340434	0.894764244556427
6573.40437257134	0.888558030128479
6573.4458317383405	0.882673442363739
6573.48729090534	0.8839978575706482
6573.528750072341	0.8890501856803894
6573.57020923934	0.8929333686828613
6573.61166840634	0.8934673070907593
6573.6531275733405	0.8914217352867126
6573.69458674034	0.8897912502288818
6573.736045907341	0.8903529644012451
6573.77750507434	0.8920195698738098
6573.81896424134	0.8895685076713562
6573.8604234083405	0.8862355947494507
6573.90188257534	0.8902828097343445
6573.943341742341	0.8985636830329895
6573.98480090934	0.9025155305862427
6574.02626007634	0.8962234854698181
6574.06771924334	0.8831686973571777
6574.10917841034	0.8764402270317078
6574.150637577341	0.8818398118019104
6574.19209674434	0.8880405426025391
6574.23355591134	0.8869695663452148
6574.27501507834	0.8853026032447815
6574.31647424534	0.8885295391082764
6574.357933412341	0.8882864117622375
6574.39939257934	0.8777086734771729
6574.44085174634	0.867743730545044
6574.48231091334	0.8630706071853638
6574.52377008034	0.8555752038955688
6574.5652292473405	0.8439591526985168
6574.60668841434	0.8306905627250671
6574.648147581341	0.8200823664665222
6574.68960674834	0.8162596225738525
6574.73106591534	0.8155677914619446
6574.7725250823405	0.8139857649803162
6574.81398424934	0.8126338124275208
6574.855443416341	0.8136017322540283
6574.89690258334	0.8167390823364258
6574.93836175034	0.817233681678772
6574.9798209173405	0.8116607069969177
6575.02128008434	0.8079743385314941
6575.062739251341	0.8139389753341675
6575.10419841834	0.8264399766921997
6575.14565758534	0.8383813500404358
6575.18711675234	0.8473852276802063
6575.22857591934	0.8566282391548157
6575.270035086341	0.8666104078292847
6575.31149425334	0.8714848756790161
6575.35295342034	0.8703578114509583
6575.39441258734	0.8722565174102783
6575.43587175434	0.8807846307754517
6575.477330921341	0.8866358399391174
6575.51879008834	0.8859261870384216
6575.560249255341	0.8840038180351257
6575.60170842234	0.8821873664855957
6575.64316758934	0.8836592435836792
6575.684626756341	0.8909574747085571
6575.72608592334	0.8945927023887634
6575.767545090341	0.8890834450721741
6575.80900425734	0.8834248781204224
6575.85046342434	0.8830576539039612
6575.8919225913405	0.8821384906768799
6575.93338175834	0.8805450797080994
6575.974840925341	0.8821329474449158
6576.01630009234	0.8840363025665283
6576.05775925934	0.8839911818504333
6576.0992184263405	0.8811473846435547
6576.14067759334	0.8767534494400024
6576.182136760341	0.8735817670822144
6576.22359592734	0.8699986338615417
6576.26505509434	0.8686738014221191
6576.30651426134	0.8737982511520386
6576.34797342834	0.8802611827850342
6576.389432595341	0.8850198984146118
6576.43089176234	0.8876566290855408
6576.47235092934	0.8872808218002319
6576.51381009634	0.8872885704040527
6576.55526926334	0.8893941044807434
6576.596728430341	0.8899759650230408
6576.63818759734	0.8873445391654968
6576.67964676434	0.8853810429573059
6576.72110593134	0.8837092518806458
6576.76256509834	0.8796852827072144
6576.804024265341	0.8737896680831909
6576.84548343234	0.86751788854599
6576.886942599341	0.8677366971969604
6576.92840176634	0.8745275735855103
6576.96986093334	0.8793084621429443
6577.0113201003405	0.8799833059310913
6577.05277926734	0.8799166679382324
6577.094238434341	0.8810505867004395
6577.13569760134	0.8822693824768066
6577.17715676834	0.8847724795341492
6577.2186159353405	0.8902776837348938
6577.26007510234	0.8914763927459717
6577.301534269341	0.8821879029273987
6577.34299343634	0.872052788734436
6577.38445260334	0.8717992901802063
6577.4259117703405	0.8806599974632263
6577.46737093734	0.8919898271560669
6577.508830104341	0.8957046270370483
6577.55028927134	0.8898963928222656
6577.59174843834	0.8839429616928101
6577.63320760534	0.8820322155952454
6577.67466677234	0.8802891373634338
6577.716125939341	0.8763052821159363
6577.75758510634	0.869269847869873
6577.79904427334	0.8609679937362671
6577.84050344034	0.8611905574798584
6577.88196260734	0.8655802011489868
6577.923421774341	0.8639495968818665
6577.96488094134	0.8638364672660828
6578.006340108341	0.8680862188339233
6578.04779927534	0.8716332316398621
6578.08925844234	0.8751608729362488
6578.1307176093405	0.8800001740455627
6578.17217677634	0.8818200826644897
6578.213635943341	0.8794980645179749
6578.25509511034	0.8778682947158813
6578.29655427734	0.8788161277770996
6578.3380134443405	0.8810247778892517
6578.37947261134	0.8827285766601562
6578.420931778341	0.879399299621582
6578.46239094534	0.8713589310646057
6578.50385011234	0.8660133481025696
6578.5453092793405	0.8638333678245544
6578.58676844634	0.8632200360298157
6578.628227613341	0.8664641976356506
6578.66968678034	0.8721091151237488
6578.71114594734	0.8756940364837646
6578.75260511434	0.8733733296394348
6578.79406428134	0.8700185418128967
6578.835523448341	0.8753333687782288
6578.87698261534	0.8836283087730408
6578.91844178234	0.885374903678894
6578.95990094934	0.8835524916648865
6579.00136011634	0.8814087510108948
6579.042819283341	0.880174994468689
6579.08427845034	0.8791099786758423
6579.12573761734	0.8767053484916687
6579.16719678434	0.878508448600769
6579.20865595134	0.883851170539856
6579.250115118341	0.8838880658149719
6579.29157428534	0.8807107210159302
6579.333033452341	0.8813064694404602
6579.37449261934	0.8817551732063293
6579.41595178634	0.8774890303611755
6579.4574109533405	0.8729028701782227
6579.49887012034	0.8713268041610718
6579.540329287341	0.8701795339584351
6579.58178845434	0.8675149083137512
6579.62324762134	0.868269681930542
6579.6647067883405	0.8743113279342651
6579.70616595534	0.8783835172653198
6579.747625122341	0.8783436417579651
6579.78908428934	0.8802574276924133
6579.83054345634	0.8855410218238831
6579.87200262334	0.8860689997673035
6579.91346179034	0.878250002861023
6579.954920957341	0.8726418018341064
6579.99638012434	0.8746342658996582
6580.03783929134	0.8772598505020142
6580.07929845834	0.8789037466049194
6580.12075762534	0.879112958908081
6580.162216792341	0.8748174905776978
6580.20367595934	0.8682836890220642
6580.245135126341	0.8637866377830505
6580.28659429334	0.867097795009613
6580.32805346034	0.8743665218353271
6580.369512627341	0.8759825229644775
6580.41097179434	0.8752399682998657
6580.452430961341	0.8742440938949585
6580.49389012834	0.8705434203147888
6580.53534929534	0.8668883442878723
6580.5768084623405	0.8612625002861023
6580.61826762934	0.852315366268158
6580.659726796341	0.8487923741340637
6580.70118596334	0.8501244187355042
6580.74264513034	0.8524131178855896
6580.7841042973405	0.8621987700462341
6580.82556346434	0.8726665377616882
6580.867022631341	0.870474636554718
6580.90848179834	0.862572968006134
6580.94994096534	0.860797643661499
6580.9914001323405	0.8634232878684998
6581.03285929934	0.8653419613838196
6581.074318466341	0.8651248812675476
6581.11577763334	0.8616360425949097
6581.15723680034	0.8615444898605347
6581.19869596734	0.8699073791503906
6581.24015513434	0.8768169283866882
6581.281614301341	0.87688809633255
6581.32307346834	0.8773548603057861
6581.36453263534	0.879908561706543
6581.40599180234	0.8780025839805603
6581.44745096934	0.8765076994895935
6581.488910136341	0.8800770044326782
6581.53036930334	0.8830584287643433
6581.571828470341	0.8855538368225098
6581.61328763734	0.8888078331947327
6581.65474680434	0.8894273638725281
6581.6962059713405	0.8861268758773804
6581.73766513834	0.8811861872673035
6581.779124305341	0.8782228827476501
6581.82058347234	0.8755895495414734
6581.86204263934	0.8690319061279297
6581.9035018063405	0.8646870255470276
6581.94496097334	0.8686751127243042
6581.986420140341	0.8762713670730591
6582.02787930734	0.8818364143371582
6582.06933847434	0.8840277791023254
6582.1107976413405	0.8836955428123474
6582.15225680834	0.880889356136322
6582.193715975341	0.8771767616271973
6582.23517514234	0.8764110207557678
6582.27663430934	0.8788615465164185
6582.31809347634	0.8795709609985352
6582.35955264334	0.8757531642913818
6582.401011810341	0.873871386051178
6582.44247097734	0.8766122460365295
6582.48393014434	0.8748980760574341
6582.52538931134	0.8691057562828064
6582.56684847834	0.8693297505378723
6582.608307645341	0.8737766146659851
6582.64976681234	0.8781086206436157
6582.691225979341	0.8785722255706787
6582.73268514634	0.8696567416191101
6582.77414431334	0.8614315986633301
6582.8156034803405	0.8633301258087158
6582.85706264734	0.8700823783874512
6582.898521814341	0.874879777431488
6582.93998098134	0.8759957551956177
6582.98144014834	0.8741081357002258
6583.0228993153405	0.8710939884185791
6583.06435848234	0.8716909885406494
6583.105817649341	0.8711692690849304
6583.14727681634	0.8657417893409729
6583.18873598334	0.8607409596443176
6583.2301951503405	0.8576000332832336
6583.27165431734	0.8591861724853516
6583.313113484341	0.8644195199012756
6583.35457265134	0.8642902374267578
6583.39603181834	0.860541045665741
6583.43749098534	0.8603840470314026
6583.47895015234	0.8615477681159973
6583.520409319341	0.8609955310821533
6583.56186848634	0.8600353002548218
6583.60332765334	0.8585808277130127
6583.64478682034	0.8577733039855957
6583.68624598734	0.859751284122467
6583.727705154341	0.8625137209892273
6583.76916432134	0.8647110462188721
6583.810623488341	0.8676767945289612
6583.85208265534	0.8711671233177185
6583.89354182234	0.8728217482566833
6583.935000989341	0.869966447353363
6583.97646015634	0.8650612831115723
6584.017919323341	0.8641920685768127
6584.05937849034	0.8675748705863953
6584.10083765734	0.8712959289550781
6584.1422968243405	0.8734562397003174
6584.18375599134	0.8755930662155151
6584.225215158341	0.8799141049385071
6584.26667432534	0.8852439522743225
6584.30813349234	0.8864551186561584
6584.3495926593405	0.8821274638175964
6584.39105182634	0.8800773620605469
6584.432510993341	0.8829323053359985
6584.47397016034	0.8823839426040649
6584.51542932734	0.8783127665519714
6584.5568884943405	0.874309778213501
6584.59834766134	0.8673202991485596
6584.639806828341	0.8682635426521301
6584.68126599534	0.8850954174995422
6584.72272516234	0.8938958048820496
6584.76418432934	0.8834704756736755
6584.80564349634	0.876761794090271
6584.847102663341	0.8818327784538269
6584.88856183034	0.8820652961730957
6584.930020997341	0.8751435279846191
6584.97148016434	0.87608402967453
6585.01293933134	0.8833646774291992
6585.054398498341	0.8796364068984985
6585.09585766534	0.8682708740234375
6585.137316832341	0.8678369522094727
6585.17877599934	0.8758532404899597
6585.22023516634	0.877249538898468
6585.2616943333405	0.8746785521507263
6585.30315350034	0.8795579075813293
6585.344612667341	0.8851593732833862
6585.38607183434	0.8818394541740417
6585.42753100134	0.8775248527526855
6585.4689901683405	0.8791849613189697
6585.51044933534	0.8792524337768555
6585.551908502341	0.8716728091239929
6585.59336766934	0.8622518181800842
6585.63482683634	0.8591498136520386
6585.6762860033405	0.8649795651435852
6585.71774517034	0.8729125261306763
6585.759204337341	0.8752991557121277
6585.80066350434	0.8728349208831787
6585.84212267134	0.868973433971405
6585.88358183834	0.8661667108535767
6585.92504100534	0.8673297166824341
6585.966500172341	0.8746033906936646
6586.00795933934	0.8792803883552551
6586.04941850634	0.8773437738418579
6586.09087767334	0.88213711977005
6586.13233684034	0.8893501162528992
6586.173796007341	0.8800828456878662
6586.21525517434	0.865422248840332
6586.256714341341	0.8623785376548767
6586.29817350834	0.863762617111206
6586.33963267534	0.8646342158317566
6586.3810918423405	0.8660290241241455
6586.42255100934	0.8640221953392029
6586.464010176341	0.8566529750823975
6586.50546934334	0.8494206666946411
6586.54692851034	0.8467831015586853
6586.5883876773405	0.8459708094596863
6586.62984684434	0.8457365036010742
6586.671306011341	0.8446583151817322
6586.71276517834	0.8432351350784302
6586.75422434534	0.8478084802627563
6586.7956835123405	0.8569769859313965
6586.83714267934	0.863429605960846
6586.878601846341	0.8655029535293579
6586.92006101334	0.8642488718032837
6586.96152018034	0.864125669002533
6587.00297934734	0.870607852935791
6587.04443851434	0.8776895403862
6587.085897681341	0.8762008547782898
6587.12735684834	0.8712414503097534
6587.168816015341	0.8743943572044373
6587.21027518234	0.8844967484474182
6587.25173434934	0.8903118371963501
6587.293193516341	0.8896918296813965
6587.33465268334	0.8899446129798889
6587.376111850341	0.8884320855140686
6587.41757101734	0.8801615238189697
6587.45903018434	0.8740129470825195
6587.500489351341	0.874942421913147
6587.54194851834	0.8757445216178894
6587.583407685341	0.8715570569038391
6587.62486685234	0.8669289946556091
6587.66632601934	0.8695974349975586
6587.7077851863405	0.8762902617454529
6587.74924435334	0.879691481590271
6587.790703520341	0.8828487992286682
6587.83216268734	0.883830189704895
6587.87362185434	0.8803664445877075
6587.9150810213405	0.8821231722831726
6587.95654018834	0.8874887228012085
6587.997999355341	0.8874452710151672
6588.03945852234	0.8814079761505127
6588.08091768934	0.8742465972900391
6588.12237685634	0.8714773058891296
6588.16383602334	0.8720025420188904
6588.205295190341	0.8761056065559387
6588.24675435734	0.8849764466285706
6588.28821352434	0.8923164010047913
6588.32967269134	0.8909403681755066
6588.37113185834	0.8835691809654236
6588.412591025341	0.8786270618438721
6588.45405019234	0.8753530979156494
6588.495509359341	0.8716019988059998
6588.53696852634	0.8724064230918884
6588.57842769334	0.8769006729125977
6588.619886860341	0.8770813941955566
6588.66134602734	0.8717470169067383
6588.702805194341	0.8670845627784729
6588.74426436134	0.8677465915679932
6588.78572352834	0.8699287176132202
6588.8271826953405	0.8692988753318787
6588.86864186234	0.8704400062561035
6588.910101029341	0.8735218644142151
6588.95156019634	0.876111626625061
6588.99301936334	0.8816419243812561
6589.0344785303405	0.8878243565559387
6589.07593769734	0.8891149759292603
6589.117396864341	0.8855568766593933
6589.15885603134	0.8775370121002197
6589.20031519834	0.868733823299408
6589.2417743653405	0.8642617464065552
6589.28323353234	0.8637595176696777
6589.324692699341	0.8692230582237244
6589.36615186634	0.8784409761428833
6589.40761103334	0.8845009803771973
6589.44907020034	0.8876657485961914
6589.49052936734	0.8916321992874146
6589.531988534341	0.8944407105445862
6589.57344770134	0.8893634676933289
6589.614906868341	0.8820809721946716
6589.65636603534	0.8811199069023132
6589.69782520234	0.8817793726921082
6589.739284369341	0.8783761262893677
6589.78074353634	0.8722978234291077
6589.822202703341	0.8708440065383911
6589.86366187034	0.8768360018730164
6589.90512103734	0.885717511177063
6589.9465802043405	0.8877915143966675
6589.98803937134	0.877564013004303
6590.029498538341	0.8717817664146423
6590.07095770534	0.8830142021179199
6590.11241687234	0.8928717970848083
6590.1538760393405	0.8877154588699341
6590.19533520634	0.8805326819419861
6590.236794373341	0.8820338845252991
6590.27825354034	0.8846327066421509
6590.31971270734	0.8825697302818298
6590.3611718743405	0.8798770904541016
6590.40263104134	0.8762570023536682
6590.444090208341	0.8708674907684326
6590.48554937534	0.8657982349395752
6590.52700854234	0.8676490783691406
6590.56846770934	0.8751550316810608
6590.60992687634	0.8797202706336975
6590.651386043341	0.884921133518219
6590.69284521034	0.8903151154518127
6590.73430437734	0.8896620869636536
6590.77576354434	0.8819171786308289
6590.81722271134	0.8749101161956787
6590.858681878341	0.8762141466140747
6590.90014104534	0.8813568353652954
6590.941600212341	0.8851917386054993
6590.98305937934	0.885290265083313
6591.02451854634	0.8795615434646606
6591.0659777133405	0.8740440607070923
6591.10743688034	0.8754011988639832
6591.148896047341	0.8788252472877502
6591.19035521434	0.8783629536628723
6591.23181438134	0.8750469088554382
6591.2732735483405	0.871639609336853
6591.31473271534	0.8706177473068237
6591.356191882341	0.8709831833839417
6591.39765104934	0.8682834506034851
6591.43911021634	0.8632934093475342
6591.4805693833405	0.8603330850601196
6591.52202855034	0.8578284382820129
6591.563487717341	0.8541722893714905
6591.60494688434	0.8508194088935852
6591.64640605134	0.848214328289032
6591.68786521834	0.8484795093536377
6591.72932438534	0.8565086126327515
6591.770783552341	0.8718587160110474
6591.81224271934	0.8776007294654846
6591.853701886341	0.868865966796875
6591.89516105334	0.8652437329292297
6591.93662022034	0.8717858791351318
6591.978079387341	0.8762328028678894
6592.01953855434	0.8737032413482666
6592.060997721341	0.8729631900787354
6592.10245688834	0.8766841292381287
6592.14391605534	0.8790040612220764
6592.185375222341	0.8801974654197693
6592.22683438934	0.8779775500297546
6592.268293556341	0.8688979744911194
6592.30975272334	0.8608609437942505
6592.35121189034	0.8629396557807922
6592.3926710573405	0.8705978393554688
6592.43413022434	0.8743728995323181
6592.475589391341	0.8744636178016663
6592.51704855834	0.8747304081916809
6592.55850772534	0.8727738857269287
6592.5999668923405	0.8689473271369934
6592.64142605934	0.8679937720298767
6592.682885226341	0.8682593107223511
6592.72434439334	0.8661583662033081
6592.76580356034	0.8625297546386719
6592.8072627273405	0.8596162796020508
6592.84872189434	0.8628846406936646
6592.890181061341	0.872118353843689
6592.93164022834	0.8766679167747498
6592.97309939534	0.8772931694984436
6593.01455856234	0.8788275122642517
6593.05601772934	0.8777029514312744
6593.097476896341	0.8742735385894775
6593.13893606334	0.8686918616294861
6593.180395230341	0.8622710108757019
6593.22185439734	0.8599390387535095
6593.26331356434	0.8651416301727295
6593.304772731341	0.8761209845542908
6593.34623189834	0.88112872838974
6593.387691065341	0.878046989440918
6593.42915023234	0.8743365406990051
6593.47060939934	0.8683571219444275
6593.5120685663405	0.8680302500724792
6593.55352773334	0.8764660358428955
6593.594986900341	0.8778756856918335
6593.63644606734	0.8722179532051086
6593.67790523434	0.8682613372802734
6593.7193644013405	0.8674807548522949
6593.76082356834	0.8711356520652771
6593.802282735341	0.8752992749214172
6593.84374190234	0.875106930732727
6593.88520106934	0.8715293407440186
6593.9266602363405	0.8666887283325195
6593.96811940334	0.8641994595527649
6594.009578570341	0.8682491183280945
6594.05103773734	0.8759356737136841
6594.09249690434	0.8793492913246155
6594.13395607134	0.874710738658905
6594.17541523834	0.8669495582580566
6594.216874405341	0.8592914938926697
6594.25833357234	0.8504892587661743
6594.299792739341	0.8499408960342407
6594.34125190634	0.8588950037956238
6594.38271107334	0.8670583963394165
6594.424170240341	0.8743168711662292
6594.46562940734	0.8764786124229431
6594.507088574341	0.8698665499687195
6594.54854774134	0.8633500337600708
6594.59000690834	0.8608751893043518
6594.6314660753405	0.8592175245285034
6594.67292524234	0.859975278377533
6594.714384409341	0.8660423159599304
6594.75584357634	0.8709650635719299
6594.79730274334	0.8684332966804504
6594.8387619103405	0.8639195561408997
6594.88022107734	0.8604986071586609
6594.921680244341	0.8578052520751953
6594.96313941134	0.8591744899749756
6595.00459857834	0.863534152507782
6595.0460577453405	0.867199182510376
6595.08751691234	0.8698369264602661
6595.128976079341	0.8725049495697021
6595.17043524634	0.8701090812683105
6595.21189441334	0.8609050512313843
6595.25335358034	0.8570654988288879
6595.29481274734	0.8629992604255676
6595.336271914341	0.8695588707923889
6595.37773108134	0.8707799315452576
6595.419190248341	0.8701441884040833
6595.46064941534	0.8752748370170593
6595.50210858234	0.8800681829452515
6595.543567749341	0.8769293427467346
6595.58502691634	0.8736489415168762
6595.626486083341	0.8734034895896912
6595.66794525034	0.8732409477233887
6595.70940441734	0.8727331161499023
6595.750863584341	0.8751245141029358
6595.79232275134	0.8797487020492554
6595.833781918341	0.8773875832557678
6595.87524108534	0.8728188872337341
6595.91670025234	0.8704406023025513
6595.9581594193405	0.861770510673523
6595.99961858634	0.8558119535446167
6596.041077753341	0.8605345487594604
6596.08253692034	0.865896999835968
6596.12399608734	0.8692968487739563
6596.1654552543405	0.8733500242233276
6596.20691442134	0.8752447366714478
6596.248373588341	0.8703163862228394
6596.28983275534	0.8638051152229309
6596.33129192234	0.8667960166931152
6596.37275108934	0.8748465180397034
6596.41421025634	0.8778441548347473
6596.455669423341	0.8759099245071411
6596.49712859034	0.8702995181083679
6596.538587757341	0.864346981048584
6596.58004692434	0.8639543056488037
6596.62150609134	0.8683215975761414
6596.662965258341	0.8738018870353699
6596.70442442534	0.8735826015472412
6596.745883592341	0.8644362688064575
6596.78734275934	0.8567165732383728
6596.82880192634	0.8577960133552551
6596.870261093341	0.8632623553276062
6596.91172026034	0.8645347952842712
6596.953179427341	0.8592698574066162
6596.99463859434	0.8545197248458862
6597.03609776134	0.8575141429901123
6597.0775569283405	0.867348849773407
6597.11901609534	0.8725194931030273
6597.160475262341	0.8702443838119507
6597.20193442934	0.8707934021949768
6597.24339359634	0.8774377703666687
6597.2848527633405	0.8833760619163513
6597.32631193034	0.8801093697547913
6597.367771097341	0.870944619178772
6597.40923026434	0.867199182510376
6597.45068943134	0.8698798418045044
6597.4921485983405	0.8737195134162903
6597.53360776534	0.8780467510223389
6597.575066932341	0.8826498985290527
6597.61652609934	0.8851885795593262
6597.65798526634	0.8865548968315125
6597.69944443334	0.8836171627044678
6597.74090360034	0.8748454451560974
6597.782362767341	0.8678343296051025
6597.82382193434	0.8642910122871399
6597.865281101341	0.8643116354942322
6597.90674026834	0.8680450916290283
6597.94819943534	0.8686138987541199
6597.989658602341	0.8669788241386414
6598.03111776934	0.8699036836624146
6598.072576936341	0.8718418478965759
6598.11403610334	0.8693755865097046
6598.15549527034	0.8653398156166077
6598.1969544373405	0.8607987761497498
6598.23841360434	0.8622435331344604
6598.279872771341	0.8674383163452148
6598.32133193834	0.8660318851470947
6598.36279110534	0.8614689707756042
6598.4042502723405	0.8579663634300232
6598.44570943934	0.8539660573005676
6598.487168606341	0.8549893498420715
6598.52862777334	0.859110414981842
6598.57008694034	0.8598605394363403
6598.6115461073405	0.8612702488899231
6598.65300527434	0.8652998805046082
6598.694464441341	0.8678300380706787
6598.73592360834	0.8688401579856873
6598.777382775341	0.8699547648429871
6598.81884194234	0.8709548711776733
6598.86030110934	0.8709062933921814
6598.901760276341	0.8682146668434143
6598.94321944334	0.8666303157806396
6598.984678610341	0.8705888390541077
6599.02613777734	0.8759536743164062
6599.06759694434	0.8787186145782471
6599.109056111341	0.8770913481712341
6599.15051527834	0.8687888979911804
6599.191974445341	0.8577657341957092
6599.23343361234	0.852076530456543
6599.27489277934	0.8511356711387634
6599.316351946341	0.8497319221496582
6599.35781111334	0.8494147658348083
6599.399270280341	0.8521503806114197
6599.44072944734	0.856469452381134
6599.48218861434	0.8620394468307495
6599.5236477813405	0.8677387237548828
6599.56510694834	0.8678463101387024
6599.606566115341	0.8644213080406189
6599.64802528234	0.8662024736404419
6599.68948444934	0.8732502460479736
6599.7309436163405	0.8784475326538086
6599.77240278334	0.8736485838890076
6599.813861950341	0.8605350255966187
6599.85532111734	0.8498705625534058
6599.89678028434	0.8487055897712708
6599.93823945134	0.8582480549812317
6599.97969861834	0.8722928166389465
6600.021157785341	0.8800712823867798
6600.06261695234	0.8798614740371704
6600.104076119341	0.8790355920791626
6600.14553528634	0.8792435526847839
6600.18699445334	0.8761484622955322
6600.228453620341	0.8695700764656067
6600.26991278734	0.8632631301879883
6600.311371954341	0.8615701794624329
6600.35283112134	0.864501416683197
6600.39429028834	0.8650026917457581
6600.435749455341	0.8617802858352661
6600.47720862234	0.8633706569671631
6600.518667789341	0.8697995543479919
6600.56012695634	0.8711826205253601
6600.60158612334	0.8663777709007263
6600.6430452903405	0.8642975687980652
6600.68450445734	0.8664483428001404
6600.725963624341	0.8660846948623657
6600.76742279134	0.8639009594917297
6600.80888195834	0.8676605820655823
6600.8503411253405	0.8747125267982483
6600.89180029234	0.8796125650405884
6600.933259459341	0.8807896971702576
6600.97471862634	0.8740373849868774
6601.01617779334	0.8658879399299622
6601.0576369603405	0.8653051853179932
6601.09909612734	0.8689765334129333
6601.140555294341	0.8729432225227356
6601.18201446134	0.8774505257606506
6601.223473628341	0.8823056221008301
6601.26493279534	0.8857206106185913
6601.30639196234	0.8841722011566162
6601.347851129341	0.8786479234695435
6601.38931029634	0.8735480308532715
6601.430769463341	0.870776355266571
6601.47222863034	0.8741742372512817
6601.51368779734	0.87945157289505
6601.555146964341	0.8781735897064209
6601.59660613134	0.8736379742622375
6601.638065298341	0.8687934875488281
6601.67952446534	0.8665654063224792
6601.72098363234	0.8680971264839172
6601.7624427993405	0.8658663034439087
6601.80390196634	0.8592342734336853
6601.845361133341	0.8529297709465027
6601.88682030034	0.8473626375198364
6601.92827946734	0.8439063429832458
6601.9697386343405	0.8442411422729492
6602.01119780134	0.8498213291168213
6602.052656968341	0.8559175133705139
6602.09411613534	0.8553218841552734
6602.13557530234	0.852969765663147
6602.1770344693405	0.854707658290863
6602.21849363634	0.8577613830566406
6602.259952803341	0.8588677644729614
6602.30141197034	0.8573349714279175
6602.34287113734	0.8543199896812439
6602.38433030434	0.8535066246986389
6602.42578947134	0.8560631275177002
6602.467248638341	0.8570094704627991
6602.50870780534	0.8563870787620544
6602.550166972341	0.8574028611183167
6602.59162613934	0.8593586683273315
6602.63308530634	0.8590935468673706
6602.674544473341	0.854775607585907
6602.71600364034	0.8546048998832703
6602.757462807341	0.8601406812667847
6602.79892197434	0.8620926141738892
6602.84038114134	0.8631266951560974
6602.8818403083405	0.8640924692153931
6602.92329947534	0.8614993691444397
6602.964758642341	0.8595583438873291
6603.00621780934	0.8590151071548462
6603.04767697634	0.8607099056243896
6603.0891361433405	0.8628217577934265
6603.13059531034	0.8624788522720337
6603.172054477341	0.8627559542655945
6603.21351364434	0.8640347123146057
6603.25497281134	0.8646852374076843
6603.2964319783405	0.8665217161178589
6603.33789114534	0.8704303503036499
6603.379350312341	0.8702663779258728
6603.42080947934	0.8643407225608826
6603.462268646341	0.8590559959411621
6603.50372781334	0.8579009771347046
6603.54518698034	0.8589345812797546
6603.586646147341	0.8613694906234741
6603.62810531434	0.8655012845993042
6603.669564481341	0.864888608455658
6603.71102364834	0.8594067096710205
6603.75248281534	0.8581057786941528
6603.793941982341	0.859150230884552
6603.83540114934	0.857197642326355
6603.876860316341	0.8551332950592041
6603.91831948334	0.8572365641593933
6603.95977865034	0.8639277219772339
6604.001237817341	0.865864098072052
6604.04269698434	0.8594604134559631
6604.084156151341	0.8581815361976624
6604.12561531834	0.8641728758811951
6604.16707448534	0.8704913258552551
6604.2085336523405	0.8749899864196777
6604.24999281934	0.8697318434715271
6604.291451986341	0.8599628210067749
6604.33291115334	0.8564136624336243
6604.37437032034	0.854117214679718
6604.4158294873405	0.8482717275619507
6604.45728865434	0.8417628407478333
6604.498747821341	0.8364306092262268
6604.54020698834	0.8325182795524597
6604.58166615534	0.8331699967384338
6604.6231253223405	0.8365718126296997
6604.66458448934	0.8380559682846069
6604.706043656341	0.8388420939445496
6604.74750282334	0.8381536602973938
6604.788961990341	0.8346178531646729
6604.83042115734	0.8339719176292419
6604.87188032434	0.841916561126709
6604.913339491341	0.8529086709022522
6604.95479865834	0.853656530380249
6604.996257825341	0.84364914894104
6605.03771699234	0.8379606008529663
6605.07917615934	0.8403838872909546
6605.120635326341	0.8439136743545532
6605.16209449334	0.847079873085022
6605.203553660341	0.8472925424575806
6605.24501282734	0.8436448574066162
6605.28647199434	0.8417369723320007
6605.3279311613405	0.845672607421875
6605.36939032834	0.847670316696167
6605.410849495341	0.8433473110198975
6605.45230866234	0.8447067141532898
6605.49376782934	0.8516757488250732
6605.5352269963405	0.853186845779419
6605.57668616334	0.8509761095046997
6605.618145330341	0.8500205278396606
6605.65960449734	0.8496241569519043
6605.70106366434	0.8496818542480469
6605.7425228313405	0.849664032459259
6605.78398199834	0.8496391177177429
6605.825441165341	0.8515349626541138
6605.86690033234	0.8518584966659546
6605.908359499341	0.8489507436752319
6605.94981866634	0.8482721447944641
6605.99127783334	0.8505170941352844
6606.032737000341	0.8516716957092285
6606.07419616734	0.8509200215339661
6606.115655334341	0.850786566734314
6606.15711450134	0.8514068126678467
6606.19857366834	0.8486255407333374
6606.240032835341	0.840735673904419
6606.28149200234	0.8322644233703613
6606.322951169341	0.8317335247993469
6606.36441033634	0.8394588232040405
6606.40586950334	0.8476457595825195
6606.4473286703405	0.8512420654296875
6606.48878783734	0.8424198031425476
6606.530247004341	0.8259788751602173
6606.57170617134	0.8214259147644043
6606.61316533834	0.831002414226532
6606.6546245053405	0.8420791029930115
6606.69608367234	0.8478748202323914
6606.737542839341	0.8493601679801941
6606.77900200634	0.8509264588356018
6606.82046117334	0.8551559448242188
6606.8619203403405	0.8592970967292786
6606.90337950734	0.8595293164253235
6606.944838674341	0.8568525910377502
6606.98629784134	0.8554764986038208
6607.027757008341	0.8557419180870056
6607.06921617534	0.856606662273407
6607.11067534234	0.8573828935623169
6607.152134509341	0.8545374274253845
6607.19359367634	0.8506181240081787
6607.235052843341	0.8502180576324463
6607.27651201034	0.8499552607536316
6607.31797117734	0.848047137260437
6607.359430344341	0.8466840982437134
6607.40088951134	0.8459117412567139
6607.442348678341	0.8492075800895691
6607.48380784534	0.8568151593208313
6607.52526701234	0.8589048385620117
6607.566726179341	0.8533977270126343
6607.60818534634	0.8489066362380981
6607.649644513341	0.851192057132721
6607.69110368034	0.858165442943573
6607.73256284734	0.8620646595954895
6607.7740220143405	0.8597610592842102
6607.81548118134	0.8574750423431396
6607.856940348341	0.8599662184715271
6607.89839951534	0.8660730719566345
6607.93985868234	0.8723862171173096
6607.9813178493405	0.8758149743080139
6608.02277701634	0.8760918378829956
6608.064236183341	0.8717227578163147
6608.10569535034	0.8627739548683167
6608.147154517341	0.8575760722160339
6608.18861368434	0.8595470786094666
6608.23007285134	0.8634571433067322
6608.271532018341	0.8653567433357239
6608.31299118534	0.8639796376228333
6608.354450352341	0.8614489436149597
6608.39590951934	0.8623384237289429
6608.43736868634	0.8683566451072693
6608.478827853341	0.8719599843025208
6608.52028702034	0.8698418736457825
6608.561746187341	0.8705159425735474
6608.60320535434	0.8721198439598083
6608.64466452134	0.872632622718811
6608.686123688341	0.8758941888809204
6608.72758285534	0.8769621849060059
6608.769042022341	0.8745020627975464
6608.81050118934	0.8712257742881775
6608.85196035634	0.8661178946495056
6608.8934195233405	0.8613570332527161
6608.93487869034	0.8581689596176147
6608.976337857341	0.8528767824172974
6609.01779702434	0.8480807542800903
6609.05925619134	0.8502091765403748
6609.1007153583405	0.8543250560760498
6609.14217452534	0.854637086391449
6609.183633692341	0.8536480665206909
6609.22509285934	0.8492805361747742
6609.26655202634	0.8455280661582947
6609.3080111933405	0.8480583429336548
6609.34947036034	0.8503512144088745
6609.390929527341	0.8499026894569397
6609.43238869434	0.8568444848060608
6609.473847861341	0.872469425201416
6609.51530702834	0.8753558397293091
6609.55676619534	0.8607883453369141
6609.598225362341	0.8483467102050781
6609.63968452934	0.8479822874069214
6609.681143696341	0.8530700206756592
6609.72260286334	0.855872631072998
6609.76406203034	0.8561556935310364
6609.805521197341	0.854466438293457
6609.84698036434	0.8516222834587097
6609.888439531341	0.849886953830719
6609.92989869834	0.8517460227012634
6609.97135786534	0.8561908006668091
6610.0128170323405	0.8597586154937744
6610.05427619934	0.8586905598640442
6610.095735366341	0.8475236296653748
6610.13719453334	0.8347316980361938
6610.17865370034	0.8363956212997437
6610.2201128673405	0.8480271100997925
6610.26157203434	0.8577646613121033
6610.303031201341	0.862625241279602
6610.34449036834	0.8622180223464966
6610.385949535341	0.8594422936439514
6610.4274087023405	0.8573590517044067
6610.46886786934	0.8552014231681824
6610.510327036341	0.8543657660484314
6610.55178620334	0.8553577065467834
6610.593245370341	0.8583894968032837
6610.63470453734	0.8653009533882141
6610.67616370434	0.8696157336235046
6610.717622871341	0.8757930994033813
6610.75908203834	0.8867335319519043
6610.800541205341	0.8947924375534058
6610.84200037234	0.9019945859909058
6610.88345953934	0.9159739017486572
6610.924918706341	0.9352162480354309
6610.96637787334	0.9508669972419739
6611.007837040341	0.9148250818252563
