6523.97690305	0.113927432906
6523.97690305	1.0324338674545288
6524.090830482906	1.0163495540618896
6524.2047579158125	1.051253318786621
6524.318685348718	1.091630458831787
6524.432612781624	1.0525959730148315
6524.54654021453	1.0430841445922852
6524.660467647436	1.039371371269226
6524.774395080342	1.0325294733047485
6524.888322513249	1.0271787643432617
6525.002249946154	1.0389078855514526
6525.11617737906	1.0395313501358032
6525.230104811966	1.0439373254776
6525.344032244872	1.033567190170288
6525.4579596777785	1.0328004360198975
6525.571887110684	1.0579789876937866
6525.68581454359	1.036989688873291
6525.799741976496	1.0332032442092896
6525.913669409402	1.0242098569869995
6526.027596842308	1.0402311086654663
6526.141524275215	1.029991865158081
6526.25545170812	1.0314383506774902
6526.369379141026	1.034368872642517
6526.483306573932	1.0187994241714478
6526.597234006838	1.0146287679672241
6526.7111614397445	1.0308802127838135
6526.82508887265	1.0330396890640259
6526.939016305556	1.031005859375
6527.052943738462	1.0339245796203613
6527.166871171368	1.0377250909805298
6527.280798604274	1.031311273574829
6527.394726037181	1.0190883874893188
6527.508653470086	1.0284100770950317
6527.622580902992	1.0328497886657715
6527.736508335898	1.0432950258255005
6527.850435768804	1.0257683992385864
6527.9643632017105	1.0203543901443481
6528.078290634616	1.0380167961120605
6528.192218067522	1.0289925336837769
6528.306145500428	1.0517579317092896
6528.420072933334	1.0430740118026733
6528.53400036624	1.0424672365188599
6528.647927799147	1.0307867527008057
6528.761855232052	1.0295952558517456
6528.875782664958	1.0388754606246948
6528.989710097864	1.0491747856140137
6529.10363753077	1.037386178970337
6529.2175649636765	1.0288382768630981
6529.331492396582	1.022407054901123
6529.445419829488	1.0413472652435303
6529.559347262394	1.0528331995010376
6529.6732746953	1.0415029525756836
6529.787202128206	1.039990782737732
6529.901129561112	1.0411114692687988
6530.015056994018	1.0465385913848877
6530.128984426924	1.041851282119751
6530.24291185983	1.0367008447647095
6530.356839292736	1.0503681898117065
6530.4707667256425	1.0459142923355103
6530.584694158548	1.0415955781936646
6530.698621591454	1.0306274890899658
6530.81254902436	1.0207691192626953
6530.926476457266	1.033327341079712
6531.0404038901725	1.0244498252868652
6531.154331323078	1.037045955657959
6531.268258755984	1.0391438007354736
6531.38218618889	1.046586513519287
6531.496113621796	1.0436089038848877
6531.610041054702	1.0408196449279785
6531.7239684876085	1.0468093156814575
6531.837895920514	1.0553828477859497
6531.95182335342	1.0366301536560059
6532.065750786326	1.0345940589904785
6532.179678219232	1.0233899354934692
6532.2936056521385	1.002319097518921
6532.407533085044	1.007910132408142
6532.52146051795	1.019313931465149
6532.635387950856	1.0219060182571411
6532.749315383762	1.0377914905548096
6532.863242816668	1.0302196741104126
6532.977170249575	1.030704379081726
6533.09109768248	1.0416464805603027
6533.205025115386	1.03164541721344
6533.318952548292	1.026271939277649
6533.432879981198	1.0295838117599487
6533.5468074141045	1.0397266149520874
6533.66073484701	1.0445647239685059
6533.774662279916	1.0315841436386108
6533.888589712822	1.0120289325714111
6534.002517145728	1.0267505645751953
6534.116444578634	1.040410041809082
6534.230372011541	1.0244027376174927
6534.344299444446	1.0104690790176392
6534.458226877352	1.0252325534820557
6534.572154310258	1.0241692066192627
6534.686081743164	1.0270596742630005
6534.8000091760705	1.031213402748108
6534.913936608976	1.030453085899353
6535.027864041882	1.0204654932022095
6535.141791474788	1.0265216827392578
6535.255718907694	1.0614973306655884
6535.3696463406	1.037671446800232
6535.483573773507	1.0361748933792114
6535.597501206412	1.0426276922225952
6535.711428639318	1.0575318336486816
6535.825356072224	1.0468143224716187
6535.93928350513	1.040722370147705
6536.0532109380365	1.0389246940612793
6536.167138370942	1.0336235761642456
6536.281065803848	1.0339263677597046
6536.394993236754	1.0330928564071655
6536.50892066966	1.0304059982299805
6536.622848102566	1.0490039587020874
6536.736775535473	1.0518475770950317
6536.850702968378	1.0473073720932007
6536.964630401284	1.0659832954406738
6537.07855783419	1.0282691717147827
6537.192485267096	1.034885287284851
6537.3064127000025	1.030737280845642
6537.420340132908	1.0433175563812256
6537.534267565814	1.031973958015442
6537.64819499872	1.0542402267456055
6537.762122431626	1.0308592319488525
6537.876049864532	1.0267822742462158
6537.989977297439	1.037137746810913
6538.103904730344	1.0282223224639893
6538.21783216325	1.0275993347167969
6538.331759596156	1.029807686805725
6538.445687029062	1.0466606616973877
6538.5596144619685	1.043296217918396
6538.673541894874	1.0317856073379517
6538.78746932778	1.0385823249816895
6538.901396760686	1.0359364748001099
6539.015324193592	1.043533205986023
6539.129251626498	1.0376604795455933
6539.243179059404	1.0315557718276978
6539.35710649231	1.025227427482605
6539.471033925216	1.0307360887527466
6539.584961358122	1.044001579284668
6539.698888791028	1.0432597398757935
6539.8128162239345	1.034533977508545
6539.92674365684	1.0415821075439453
6540.040671089746	1.0466045141220093
6540.154598522652	1.0254522562026978
6540.268525955558	1.034348726272583
6540.3824533884645	1.0576353073120117
6540.49638082137	1.0447770357131958
6540.610308254276	1.0427230596542358
6540.724235687182	1.0384328365325928
6540.838163120088	1.029065489768982
6540.952090552994	1.0380374193191528
6541.0660179859005	1.024261713027954
6541.179945418806	1.0285673141479492
6541.293872851712	1.0353606939315796
6541.407800284618	1.0482499599456787
6541.521727717524	1.034010410308838
6541.6356551504305	1.036856770515442
6541.749582583336	1.04103422164917
6541.863510016242	1.0246427059173584
6541.977437449148	1.0326545238494873
6542.091364882054	1.0226006507873535
6542.20529231496	1.0014187097549438
6542.319219747867	1.0091737508773804
6542.433147180772	1.0229249000549316
6542.547074613678	1.028662085533142
6542.661002046584	1.0238831043243408
6542.77492947949	1.0308140516281128
6542.8888569123965	1.0217922925949097
6543.002784345302	1.0333894491195679
6543.116711778208	1.038680911064148
6543.230639211114	1.028863787651062
6543.34456664402	1.0296008586883545
6543.458494076926	1.0315791368484497
6543.572421509833	1.0316532850265503
6543.686348942738	1.01760733127594
6543.800276375644	0.9896969795227051
6543.91420380855	0.966625988483429
6544.028131241456	0.9860016107559204
6544.1420586743625	1.01308274269104
6544.255986107268	1.0289015769958496
6544.369913540174	1.0343910455703735
6544.48384097308	1.031302571296692
6544.597768405986	1.038360834121704
6544.711695838892	1.0355397462844849
6544.825623271799	1.0311343669891357
6544.939550704704	1.0282093286514282
6545.05347813761	1.0186710357666016
6545.167405570516	1.0289394855499268
6545.281333003422	1.021041750907898
6545.3952604363285	1.0281447172164917
6545.509187869234	1.0135895013809204
6545.62311530214	1.0074278116226196
6545.737042735046	1.0091257095336914
6545.850970167952	1.037043571472168
6545.964897600858	1.02663254737854
6546.078825033765	1.0143556594848633
6546.19275246667	1.0116266012191772
6546.306679899576	1.0143860578536987
6546.420607332482	1.0166215896606445
6546.534534765388	1.0199851989746094
6546.6484621982945	1.0266786813735962
6546.7623896312	1.0264400243759155
6546.876317064106	1.0285120010375977
6546.990244497012	1.0303882360458374
6547.104171929918	1.0341606140136719
6547.218099362824	1.035491943359375
6547.332026795731	1.0370049476623535
6547.445954228636	1.0323086977005005
6547.559881661542	1.0095853805541992
6547.673809094448	1.0036373138427734
6547.787736527354	1.0216482877731323
6547.9016639602605	1.0331982374191284
6548.015591393166	1.0183416604995728
6548.129518826072	1.0290228128433228
6548.243446258978	1.0265048742294312
6548.357373691884	1.0135799646377563
6548.47130112479	1.0134570598602295
6548.585228557697	1.0017226934432983
6548.699155990602	0.985434889793396
6548.813083423508	1.0022059679031372
6548.927010856414	1.0142126083374023
6549.04093828932	1.0156607627868652
6549.1548657222265	1.0053339004516602
6549.268793155132	1.0203077793121338
6549.382720588038	1.0319280624389648
6549.496648020944	1.0331052541732788
6549.61057545385	1.0322893857955933
6549.724502886756	1.0403573513031006
6549.838430319662	1.036405324935913
6549.952357752568	1.0282224416732788
6550.066285185474	1.035223364830017
6550.18021261838	1.0414601564407349
6550.294140051286	1.040492057800293
6550.4080674841925	1.0293223857879639
6550.521994917098	1.0249089002609253
6550.635922350004	1.0337026119232178
6550.74984978291	1.0338844060897827
6550.863777215816	1.0399736166000366
6550.9777046487225	1.0471187829971313
6551.091632081628	1.039123296737671
6551.205559514534	1.0352692604064941
6551.31948694744	1.0433770418167114
6551.433414380346	1.0527983903884888
6551.547341813252	1.042135238647461
6551.661269246159	1.0224498510360718
6551.775196679064	1.0311862230300903
6551.88912411197	1.0395399332046509
6552.003051544876	1.0292261838912964
6552.116978977782	1.0299160480499268
6552.2309064106885	1.0315815210342407
6552.344833843594	1.0410640239715576
6552.4587612765	1.0351991653442383
6552.572688709406	1.0107415914535522
6552.686616142312	1.0072602033615112
6552.800543575218	1.016406536102295
6552.914471008125	1.030747413635254
6553.02839844103	1.0486990213394165
6553.142325873936	1.0470651388168335
6553.256253306842	1.0540246963500977
6553.370180739748	1.0548582077026367
6553.4841081726545	1.0729713439941406
6553.59803560556	1.0653769969940186
6553.711963038466	1.0486171245574951
6553.825890471372	1.0652951002120972
6553.939817904278	1.072869062423706
6554.053745337184	1.0629279613494873
6554.167672770091	1.0692304372787476
6554.281600202996	1.0867650508880615
6554.395527635902	1.0881608724594116
6554.509455068808	1.0922189950942993
6554.623382501714	1.0941529273986816
6554.7373099346205	1.1030571460723877
6554.851237367526	1.1013424396514893
6554.965164800432	1.1108551025390625
6555.079092233338	1.1043832302093506
6555.193019666244	1.1109260320663452
6555.30694709915	1.1352155208587646
6555.420874532057	1.1395806074142456
6555.534801964962	1.151442050933838
6555.648729397868	1.1570301055908203
6555.762656830774	1.1577794551849365
6555.87658426368	1.1846263408660889
6555.9905116965865	1.1935776472091675
6556.104439129492	1.1862982511520386
6556.218366562398	1.2094060182571411
6556.332293995304	1.2287464141845703
6556.44622142821	1.2385982275009155
6556.560148861116	1.2489807605743408
6556.674076294023	1.270186424255371
6556.788003726928	1.2619608640670776
6556.901931159834	1.2719546556472778
6557.01585859274	1.2774282693862915
6557.129786025646	1.2809370756149292
6557.2437134585525	1.3125004768371582
6557.357640891458	1.3309900760650635
6557.471568324364	1.354036808013916
6557.58549575727	1.3876851797103882
6557.699423190176	1.4260574579238892
6557.813350623082	1.4695794582366943
6557.927278055989	1.4683676958084106
6558.041205488894	1.4931530952453613
6558.1551329218	1.5404852628707886
6558.269060354706	1.5766016244888306
6558.382987787612	1.6189591884613037
6558.4969152205185	1.6528494358062744
6558.610842653424	1.6968135833740234
6558.72477008633	1.7577526569366455
6558.838697519236	1.8118542432785034
6558.952624952142	1.8589061498641968
6559.066552385048	1.9078763723373413
6559.180479817954	1.9731589555740356
6559.29440725086	2.0276525020599365
6559.408334683766	2.070772171020508
6559.522262116672	2.12127947807312
6559.636189549578	2.1677911281585693
6559.7501169824845	2.206937551498413
6559.86404441539	2.2368013858795166
6559.977971848296	2.273151159286499
6560.091899281202	2.302042245864868
6560.205826714108	2.3498024940490723
6560.3197541470145	2.4035916328430176
6560.43368157992	2.4506404399871826
6560.547609012826	2.5434930324554443
6560.661536445732	2.659984588623047
6560.775463878638	2.7763278484344482
6560.889391311544	2.8846631050109863
6561.003318744451	3.0062975883483887
6561.117246177356	3.119678497314453
6561.231173610262	3.2003726959228516
6561.345101043168	3.2511544227600098
6561.459028476074	3.2636561393737793
6561.5729559089805	3.243429183959961
6561.686883341886	3.1603376865386963
6561.800810774792	3.0747666358947754
6561.914738207698	2.960373640060425
6562.028665640604	2.864833354949951
6562.14259307351	2.7378344535827637
6562.256520506417	2.62073016166687
6562.370447939322	2.492182970046997
6562.484375372228	2.330314874649048
6562.598302805134	2.207918882369995
6562.71223023804	2.092034101486206
6562.8261576709465	1.9368510246276855
6562.940085103852	1.841659665107727
6563.054012536758	1.7327772378921509
6563.167939969664	1.6061582565307617
6563.28186740257	1.44161856174469
6563.395794835476	1.267382025718689
6563.509722268383	1.0817830562591553
6563.623649701288	0.9084834456443787
6563.737577134194	0.7497448921203613
6563.8515045671	0.6403717994689941
6563.965432000006	0.5825290083885193
6564.0793594329125	0.5861330032348633
6564.193286865818	0.621971607208252
6564.307214298724	0.704750120639801
6564.42114173163	0.8339115977287292
6564.535069164536	0.9902268648147583
6564.648996597442	1.1936336755752563
6564.762924030349	1.4307172298431396
6564.876851463254	1.67487633228302
6564.99077889616	1.9303810596466064
6565.104706329066	2.1887221336364746
6565.218633761972	2.440357208251953
6565.3325611948785	2.6672511100769043
6565.446488627784	2.867263078689575
6565.56041606069	3.0400149822235107
6565.674343493596	3.163996696472168
6565.788270926502	3.2409591674804688
6565.902198359408	3.291539430618286
6566.016125792315	3.298133611679077
6566.13005322522	3.2698862552642822
6566.243980658126	3.2245514392852783
6566.357908091032	3.1407384872436523
6566.471835523938	3.072460412979126
6566.5857629568445	2.9837136268615723
6566.69969038975	2.8816542625427246
6566.813617822656	2.7877254486083984
6566.927545255562	2.7215778827667236
6567.041472688468	2.599224805831909
6567.155400121374	2.505528211593628
6567.269327554281	2.4090282917022705
6567.383254987186	2.305661678314209
6567.497182420092	2.2163617610931396
6567.611109852998	2.1234920024871826
6567.725037285904	2.02828049659729
6567.8389647188105	1.9744538068771362
6567.952892151716	1.8826026916503906
6568.066819584622	1.8492387533187866
6568.180747017528	1.8053040504455566
6568.294674450434	1.7407710552215576
6568.40860188334	1.6996947526931763
6568.522529316246	1.6365139484405518
6568.636456749152	1.5894949436187744
6568.750384182058	1.5627626180648804
6568.864311614964	1.5096818208694458
6568.97823904787	1.4810457229614258
6569.0921664807765	1.4500001668930054
6569.206093913682	1.423690915107727
6569.320021346588	1.3942725658416748
6569.433948779494	1.381032109260559
6569.5478762124	1.359273076057434
6569.6618036453065	1.3466590642929077
6569.775731078212	1.330379605293274
6569.889658511118	1.3104827404022217
6570.003585944024	1.2710932493209839
6570.11751337693	1.2429620027542114
6570.231440809836	1.2685822248458862
6570.345368242743	1.2576571702957153
6570.459295675648	1.2182732820510864
6570.573223108554	1.2202686071395874
6570.68715054146	1.188208818435669
6570.801077974366	1.1762477159500122
6570.9150054072725	1.1822891235351562
6571.028932840178	1.1703909635543823
6571.142860273084	1.1585134267807007
6571.25678770599	1.1376088857650757
6571.370715138896	1.119641900062561
6571.484642571802	1.1117020845413208
6571.598570004709	1.117018222808838
6571.712497437614	1.1153000593185425
6571.82642487052	1.107944369316101
6571.940352303426	1.095862865447998
6572.054279736332	1.0702098608016968
6572.1682071692385	1.057863473892212
6572.282134602144	1.0616378784179688
6572.39606203505	1.0740293264389038
6572.509989467956	1.079245686531067
6572.623916900862	1.079588532447815
6572.737844333768	1.0747172832489014
6572.851771766675	1.0725897550582886
6572.96569919958	1.075026512145996
6573.079626632486	1.0740123987197876
6573.193554065392	1.0488425493240356
6573.307481498298	1.0427058935165405
6573.4214089312045	1.0380229949951172
6573.53533636411	1.0451523065567017
6573.649263797016	1.027158498764038
6573.763191229922	1.047518014907837
6573.877118662828	1.053411602973938
6573.991046095734	1.0479803085327148
6574.104973528641	1.0260295867919922
6574.218900961546	1.0240249633789062
6574.332828394452	1.0247896909713745
6574.446755827358	1.0302499532699585
6574.560683260264	1.017420768737793
6574.6746106931705	0.9899488687515259
6574.788538126076	0.9742990136146545
6574.902465558982	0.9697909355163574
6575.016392991888	0.9923538565635681
6575.130320424794	1.0060250759124756
6575.2442478577	1.01259183883667
6575.358175290607	1.0180611610412598
6575.472102723512	1.0183534622192383
6575.586030156418	1.023685336112976
6575.699957589324	1.017088532447815
6575.81388502223	1.0351300239562988
6575.9278124551365	1.0169734954833984
6576.041739888042	1.026086688041687
6576.155667320948	1.0288119316101074
6576.269594753854	1.018772840499878
6576.38352218676	1.008981704711914
6576.497449619666	1.0254441499710083
6576.611377052573	1.0293567180633545
6576.725304485478	1.0169317722320557
6576.839231918384	1.0156841278076172
6576.95315935129	1.0198042392730713
6577.067086784196	1.0190306901931763
6577.1810142171025	1.0306376218795776
6577.294941650008	1.0254346132278442
6577.408869082914	1.0237081050872803
6577.52279651582	1.0328302383422852
6577.636723948726	1.0244593620300293
6577.750651381632	1.0118393898010254
6577.864578814539	1.0206643342971802
6577.978506247444	1.0266423225402832
6578.09243368035	1.0411102771759033
6578.206361113256	1.0382170677185059
6578.320288546162	1.0152614116668701
6578.4342159790685	1.023838758468628
6578.548143411974	1.025449275970459
6578.66207084488	1.0140448808670044
6578.775998277786	1.0174585580825806
6578.889925710692	1.0113662481307983
6579.0038531435985	1.01827871799469
6579.117780576504	1.0272136926651
6579.23170800941	1.0281400680541992
6579.345635442316	1.032370686531067
6579.459562875222	1.0176974534988403
6579.573490308128	1.0151411294937134
6579.687417741035	1.0321564674377441
6579.80134517394	1.053928256034851
6579.915272606846	1.0321755409240723
6580.029200039752	1.0244851112365723
6580.143127472658	1.0266016721725464
6580.2570549055645	1.0326910018920898
6580.37098233847	1.0229716300964355
6580.484909771376	1.0069289207458496
6580.598837204282	1.002243995666504
6580.712764637188	1.0113399028778076
6580.826692070094	1.0052204132080078
6580.940619503001	1.0137768983840942
6581.054546935906	1.0337870121002197
6581.168474368812	1.0230146646499634
6581.282401801718	1.0123391151428223
6581.396329234624	1.0030148029327393
6581.5102566675305	1.0170294046401978
6581.624184100436	1.0172234773635864
6581.738111533342	1.0007034540176392
6581.852038966248	1.0202550888061523
6581.965966399154	1.0216044187545776
6582.07989383206	1.0149495601654053
6582.193821264967	1.022617220878601
6582.307748697872	1.0321394205093384
6582.421676130778	1.0252306461334229
6582.535603563684	1.0215566158294678
6582.64953099659	1.0150328874588013
6582.7634584294965	1.0325247049331665
6582.877385862402	1.0347720384597778
6582.991313295308	1.0330374240875244
6583.105240728214	1.0190353393554688
6583.21916816112	1.0146008729934692
6583.333095594026	1.0046546459197998
6583.447023026933	1.010756492614746
6583.560950459838	0.9948850870132446
6583.674877892744	1.009629487991333
6583.78880532565	1.020010232925415
6583.902732758556	1.0155210494995117
6584.0166601914625	1.012706995010376
6584.130587624368	1.0222463607788086
6584.244515057274	1.0308932065963745
6584.35844249018	1.0350598096847534
6584.472369923086	1.0258557796478271
6584.586297355992	1.0112745761871338
6584.700224788899	1.017568826675415
6584.814152221804	1.0237693786621094
6584.92807965471	1.034217119216919
6585.042007087616	1.0179316997528076
6585.155934520522	1.0213100910186768
6585.2698619534285	1.020530104637146
6585.383789386334	1.0213390588760376
6585.49771681924	1.0175962448120117
6585.611644252146	1.004879117012024
6585.725571685052	1.0036219358444214
6585.839499117958	0.9975076913833618
6585.953426550865	1.0137487649917603
6586.06735398377	1.0149121284484863
6586.181281416676	1.0233675241470337
6586.295208849582	1.0302801132202148
6586.409136282488	1.0183764696121216
6586.5230637153945	1.0016863346099854
6586.6369911483	0.9895731806755066
6586.750918581206	1.005683422088623
6586.864846014112	1.0061204433441162
6586.978773447018	1.024601697921753
6587.092700879924	1.0302001237869263
6587.206628312831	1.0067217350006104
6587.320555745736	1.010919213294983
6587.434483178642	1.0374118089675903
6587.548410611548	1.0270441770553589
6587.662338044454	1.016775131225586
6587.7762654773605	1.035746693611145
6587.890192910266	1.0383195877075195
6588.004120343172	1.0282062292099
6588.118047776078	1.021274209022522
6588.231975208984	1.0115898847579956
6588.3459026418905	1.0064769983291626
6588.459830074797	1.0086586475372314
6588.573757507702	1.0156786441802979
6588.687684940608	1.011791467666626
6588.801612373514	1.0050593614578247
6588.91553980642	1.0120947360992432
6589.029467239327	1.0079832077026367
6589.143394672232	1.0121357440948486
6589.257322105138	1.0235151052474976
6589.371249538044	1.0227560997009277
6589.48517697095	1.0241062641143799
6589.5991044038565	1.0287905931472778
6589.713031836762	1.0227903127670288
6589.826959269668	1.0178132057189941
6589.940886702574	1.0092601776123047
6590.05481413548	1.0055170059204102
6590.168741568386	1.0278881788253784
6590.282669001293	1.0152391195297241
6590.396596434198	1.0162638425827026
6590.510523867104	1.0255335569381714
6590.62445130001	1.015708565711975
6590.738378732916	1.01107919216156
6590.8523061658225	1.0014939308166504
6590.966233598728	1.0208604335784912
6591.080161031634	1.0328940153121948
6591.19408846454	1.005558729171753
6591.308015897446	1.0107996463775635
6591.421943330352	1.0110411643981934
6591.535870763259	1.005053162574768
6591.649798196164	1.008727788925171
6591.76372562907	1.0070914030075073
6591.877653061976	1.0056098699569702
6591.991580494882	1.0249992609024048
6592.1055079277885	1.0131747722625732
6592.219435360694	1.0085601806640625
6592.3333627936	1.0061124563217163
6592.447290226506	1.0121831893920898
6592.561217659412	1.0242360830307007
6592.675145092318	1.0227148532867432
6592.789072525225	1.018486738204956
6592.90299995813	1.0014915466308594
6593.016927391036	0.990868091583252
6593.130854823942	1.0087472200393677
6593.244782256848	0.9928779602050781
6593.3587096897545	0.9981546998023987
6593.47263712266	0.9875025153160095
6593.586564555566	0.9947912096977234
6593.700491988472	1.0069979429244995
6593.814419421378	0.990881085395813
6593.928346854284	0.9918593168258667
6594.042274287191	1.0595123767852783
6594.156201720096	1.0085008144378662
6594.270129153002	0.9730435609817505
6594.384056585908	0.9976056814193726
6594.497984018814	1.0006601810455322
6594.6119114517205	1.0104761123657227
6594.725838884626	0.9900808930397034
6594.839766317532	0.9980762600898743
6594.953693750438	0.9999687671661377
6595.067621183344	0.9921639561653137
6595.18154861625	0.996877908706665
6595.295476049157	1.0204769372940063
6595.409403482062	1.017604947090149
6595.523330914968	1.011797547340393
6595.637258347874	1.0064367055892944
6595.75118578078	1.015738844871521
6595.8651132136865	0.9954727292060852
6595.979040646592	1.0207970142364502
6596.092968079498	1.0162709951400757
6596.206895512404	1.0102378129959106
6596.32082294531	0.9954350590705872
6596.434750378216	0.9892305135726929
6596.548677811123	0.9832355380058289
6596.662605244028	0.9977959394454956
6596.776532676934	1.0051552057266235
6596.89046010984	1.009422779083252
6597.004387542746	1.0284392833709717
6597.1183149756525	1.0174939632415771
6597.232242408558	1.0017272233963013
6597.346169841464	0.9999439120292664
6597.46009727437	0.9991587400436401
6597.574024707276	0.9867424964904785
6597.6879521401825	0.9884362816810608
6597.801879573088	1.0036180019378662
6597.915807005994	1.000585675239563
6598.0297344389	1.0040806531906128
6598.143661871806	1.0110836029052734
6598.257589304712	0.997319221496582
6598.371516737619	0.9839239120483398
6598.485444170524	1.0066264867782593
6598.59937160343	1.0039219856262207
6598.713299036336	1.0854823589324951
6598.827226469242	1.0485583543777466
6598.9411539021485	1.0201208591461182
6599.055081335055	1.000679850578308
6599.16900876796	0.9835606217384338
6599.282936200866	1.0041956901550293
6599.396863633772	0.992325484752655
6599.510791066678	0.990666925907135
6599.624718499585	1.004691481590271
6599.73864593249	0.9913662672042847
6599.852573365396	1.0074388980865479
6599.966500798302	1.0158448219299316
6600.080428231208	1.010629415512085
6600.1943556641145	1.0047184228897095
6600.30828309702	1.0023441314697266
6600.422210529926	1.01944899559021
6600.536137962832	1.0105642080307007
6600.650065395738	1.0118621587753296
6600.763992828644	1.0040944814682007
6600.877920261551	1.0211331844329834
6600.991847694456	1.026282787322998
6601.105775127362	1.0001051425933838
6601.219702560268	0.978952169418335
6601.333629993174	0.9959969520568848
6601.4475574260805	1.009691834449768
6601.561484858986	1.0068695545196533
6601.675412291892	0.992799699306488
6601.789339724798	0.9929819107055664
6601.903267157704	1.0156586170196533
6602.01719459061	1.004103422164917
6602.131122023517	0.9989619255065918
6602.245049456422	1.013066291809082
6602.358976889328	1.0018432140350342
6602.472904322234	0.998137354850769
6602.58683175514	1.0097380876541138
6602.7007591880465	1.0046347379684448
6602.814686620952	0.9973083138465881
6602.928614053858	1.0097241401672363
6603.042541486764	1.0028762817382812
6603.15646891967	0.9960156679153442
6603.270396352576	1.007346510887146
6603.384323785483	0.9926251769065857
6603.498251218388	1.005624532699585
6603.612178651294	1.0019166469573975
6603.7261060842	1.0049277544021606
6603.840033517106	1.010783314704895
6603.9539609500125	0.9982555508613586
6604.067888382918	0.9887968897819519
6604.181815815824	0.9834831357002258
6604.29574324873	0.9849779605865479
6604.409670681636	0.9875438809394836
6604.523598114542	0.9654952883720398
6604.637525547449	0.9765109419822693
6604.751452980354	0.9578145742416382
6604.86538041326	0.964078426361084
6604.979307846166	0.9668124318122864
6605.093235279072	0.9742206335067749
6605.2071627119785	0.9516642689704895
6605.321090144884	0.9343021512031555
6605.43501757779	0.9385363459587097
6605.548945010696	0.9583275318145752
6605.662872443602	0.969124972820282
6605.776799876508	0.9688331484794617
6605.890727309415	0.9665774703025818
6606.00465474232	0.9786506295204163
6606.118582175226	0.9757730960845947
6606.232509608132	0.974317193031311
6606.346437041038	0.9618517756462097
6606.4603644739445	0.9635077118873596
6606.57429190685	0.9651179313659668
6606.688219339756	0.9632931351661682
6606.802146772662	0.9772757291793823
6606.916074205568	0.9766532778739929
6607.0300016384745	0.9748010039329529
6607.143929071381	0.9882088303565979
6607.257856504286	0.9820694923400879
6607.371783937192	0.966343343257904
6607.485711370098	0.9718404412269592
6607.599638803004	0.9773619771003723
6607.713566235911	0.989926278591156
6607.827493668816	0.991021990776062
6607.941421101722	0.9722832441329956
6608.055348534628	0.9716160893440247
6608.169275967534	0.9905393123626709
6608.2832034004405	0.9837772250175476
6608.397130833346	0.9893201589584351
6608.511058266252	1.0060945749282837
6608.624985699158	1.0117226839065552
6608.738913132064	1.0062917470932007
6608.85284056497	1.0072234869003296
6608.966767997877	1.0157794952392578
6609.080695430782	1.0144158601760864
6609.194622863688	1.0135489702224731
6609.308550296594	1.002962350845337
6609.4224777295	0.9966784715652466
6609.5364051624065	0.9847699999809265
6609.650332595312	0.9915153980255127
6609.764260028218	0.9941433668136597
6609.878187461124	0.995293140411377
6609.99211489403	0.9958189725875854
6610.106042326936	0.9894562363624573
6610.219969759843	0.988483190536499
6610.333897192748	0.9898167252540588
6610.447824625654	0.9963390231132507
6610.56175205856	1.0059014558792114
6610.675679491466	1.0021390914916992
6610.7896069243725	1.0125885009765625
6610.903534357278	1.0108442306518555
6611.017461790184	0.9921150207519531
6611.13138922309	0.9988054037094116
6611.245316655996	1.0051671266555786
6611.359244088902	0.9979820847511292
6611.473171521809	0.9844945073127747
6611.587098954714	0.9988420605659485
6611.70102638762	0.9966996908187866
6611.814953820526	0.9913485646247864
6611.928881253432	1.006538987159729
6612.0428086863385	1.0049989223480225
6612.156736119244	1.012748122215271
6612.27066355215	1.0204596519470215
6612.384590985056	1.000803828239441
6612.498518417962	1.0093879699707031
6612.612445850868	0.9852950572967529
6612.726373283775	0.9949313402175903
6612.84030071668	0.9958035349845886
6612.954228149586	0.9915515184402466
6613.068155582492	1.0038855075836182
6613.182083015398	1.0074211359024048
6613.2960104483045	1.0079429149627686
6613.40993788121	0.9888170957565308
6613.523865314116	0.9880759716033936
6613.637792747022	0.9920415878295898
6613.751720179928	1.006836175918579
6613.865647612834	1.0039867162704468
6613.979575045741	0.9916622042655945
6614.093502478646	1.005618691444397
6614.207429911552	0.9948554635047913
6614.321357344458	0.9913387894630432
6614.435284777364	0.976978600025177
6614.5492122102705	0.9840614795684814
6614.663139643176	0.9891489148139954
6614.777067076082	0.9862041473388672
6614.890994508988	1.0058587789535522
6615.004921941894	0.9971505999565125
6615.1188493748	0.9956900477409363
6615.232776807707	1.015886664390564
6615.346704240612	1.002463459968567
6615.460631673518	0.9788455367088318
6615.574559106424	0.9874308109283447
6615.68848653933	1.0031108856201172
6615.8024139722365	1.0073994398117065
6615.916341405142	1.000773549079895
6616.030268838048	1.0129292011260986
6616.144196270954	0.9990341067314148
6616.25812370386	1.0037063360214233
6616.3720511367665	1.004869818687439
6616.485978569673	0.9817232489585876
6616.599906002578	0.9922037720680237
6616.713833435484	1.001396656036377
6616.82776086839	0.9897763133049011
6616.941688301296	1.001031756401062
6617.055615734203	0.9906236529350281
6617.169543167108	1.0073869228363037
6617.283470600014	1.0138270854949951
6617.39739803292	0.9939858913421631
6617.511325465826	0.9981237649917603
6617.6252528987325	0.99595046043396
6617.739180331639	1.0033371448516846
6617.853107764544	1.0144208669662476
6617.96703519745	1.0050816535949707
6618.080962630356	1.002072811126709
6618.194890063262	1.0041637420654297
6618.308817496169	0.998221755027771
6618.422744929074	0.9915220737457275
6618.53667236198	1.0005191564559937
6618.650599794886	1.0090986490249634
6618.764527227792	1.0079293251037598
6618.8784546606985	0.9965053200721741
6618.992382093604	1.0118727684020996
6619.10630952651	0.9966092705726624
6619.220236959416	1.0013632774353027
6619.334164392322	0.9948490858078003
6619.448091825228	0.9885151982307434
6619.562019258135	1.0100021362304688
6619.67594669104	1.0126996040344238
6619.789874123946	0.996189296245575
6619.903801556852	0.9972060918807983
6620.017728989758	1.0034825801849365
6620.1316564226645	1.0095748901367188
6620.24558385557	1.0082231760025024
6620.359511288476	1.0061174631118774
6620.473438721382	1.0084755420684814
6620.587366154288	1.0120327472686768
6620.701293587194	1.010372281074524
6620.815221020101	1.006758213043213
6620.929148453006	1.0177009105682373
6621.043075885912	1.0172204971313477
6621.157003318818	1.010294795036316
6621.270930751724	0.9970411658287048
6621.3848581846305	1.0017162561416626
6621.498785617536	1.0087335109710693
6621.612713050442	1.0181831121444702
6621.726640483348	1.016972541809082
6621.840567916254	1.0157620906829834
6621.95449534916	1.0145515203475952
6622.068422782067	1.0133410692214966
6622.182350214972	1.0121304988861084
6622.296277647878	1.0109200477600098
6622.410205080784	1.0097094774246216
6622.52413251369	1.008499026298523
6622.6380599465965	1.0072884559631348
6622.751987379502	0.9900147914886475
6622.865914812408	0.9939116835594177
6622.979842245314	0.9912916421890259
6623.09376967822	1.0072436332702637
6623.207697111126	1.0001542568206787
6623.321624544033	1.004729151725769
6623.435551976938	1.0074107646942139
6623.549479409844	1.0003488063812256
6623.66340684275	0.9931190013885498
6623.777334275656	0.988662600517273
6623.8912617085625	0.9941645860671997
6624.005189141468	0.9986155033111572
6624.119116574374	0.9937453269958496
6624.23304400728	0.9911554455757141
6624.346971440186	0.9963067173957825
6624.460898873092	1.0101498365402222
6624.574826305999	1.009822964668274
6624.688753738904	1.0064074993133545
6624.80268117181	0.9965110421180725
6624.916608604716	0.9927293658256531
6625.030536037622	0.9882976412773132
6625.1444634705285	0.9934436678886414
6625.258390903434	1.012658953666687
6625.37231833634	1.0119673013687134
6625.486245769246	0.9912935495376587
6625.600173202152	0.9946638345718384
6625.7141006350585	1.010093331336975
6625.828028067965	1.007891058921814
6625.94195550087	0.9970916509628296
6626.055882933776	0.989912748336792
6626.169810366682	0.9867637157440186
6626.283737799588	0.9917982220649719
6626.397665232495	0.9908478856086731
6626.5115926654	0.9831759929656982
6626.625520098306	0.9876478910446167
6626.739447531212	0.9878174066543579
6626.853374964118	0.979889988899231
6626.9673023970245	0.9820542931556702
6627.081229829931	0.9793139696121216
6627.195157262836	0.9655441641807556
6627.309084695742	0.9539634585380554
6627.423012128648	0.945423424243927
6627.536939561554	0.9359574317932129
6627.650866994461	0.9313331842422485
6627.764794427366	0.9061043858528137
6627.878721860272	0.91786128282547
6627.992649293178	0.9243128895759583
6628.106576726084	0.925845205783844
6628.2205041589905	0.93825763463974
6628.334431591897	0.9519214034080505
6628.448359024802	0.9739108681678772
6628.562286457708	0.9738075137138367
6628.676213890614	0.9844595193862915
6628.79014132352	0.9936617612838745
6628.904068756427	1.0075215101242065
6629.017996189332	0.9935112595558167
6629.131923622238	1.007912278175354
6629.245851055144	1.007592797279358
6629.35977848805	1.0037904977798462
6629.4737059209565	1.0145293474197388
6629.587633353862	0.9987291097640991
6629.701560786768	0.9929038882255554
6629.815488219674	0.9938466548919678
6629.92941565258	1.013397216796875
6630.043343085486	1.002562165260315
6630.157270518393	1.0058586597442627
6630.271197951298	1.0083425045013428
6630.385125384204	1.0064729452133179
6630.49905281711	0.9771461486816406
6630.612980250016	1.0061382055282593
6630.7269076829225	1.0019543170928955
6630.840835115828	0.9949760437011719
6630.954762548734	1.0065566301345825
6631.06868998164	1.0077801942825317
6631.182617414546	0.9947090744972229
6631.296544847452	1.0038347244262695
6631.410472280359	1.005258321762085
6631.524399713264	0.9978436231613159
6631.63832714617	1.0045632123947144
6631.752254579076	1.0077162981033325
6631.866182011982	1.0025794506072998
6631.9801094448885	1.0205097198486328
6632.094036877794	1.0123779773712158
6632.2079643107	1.0099443197250366
6632.321891743606	1.0086793899536133
6632.435819176512	0.994113028049469
6632.549746609418	1.007094383239746
6632.663674042325	1.0204503536224365
6632.77760147523	1.0037779808044434
6632.891528908136	0.9925908446311951
6633.005456341042	1.010177731513977
6633.119383773948	0.9983274936676025
6633.2333112068545	1.00016188621521
6633.34723863976	1.012696623802185
6633.461166072666	1.0013749599456787
6633.575093505572	0.9993079304695129
6633.689020938478	1.0047540664672852
6633.802948371384	1.0146886110305786
6633.916875804291	1.0249152183532715
6634.030803237196	1.0030540227890015
6634.144730670102	1.0048139095306396
6634.258658103008	0.9953442811965942
6634.372585535914	1.0042028427124023
6634.4865129688205	1.0172927379608154
6634.600440401726	0.9967824220657349
6634.714367834632	1.002517580986023
6634.828295267538	1.0106090307235718
6634.942222700444	1.0184893608093262
6635.0561501333505	1.0075199604034424
6635.170077566257	1.005681037902832
6635.284004999162	1.0104535818099976
6635.397932432068	1.0010119676589966
6635.511859864974	1.0059326887130737
6635.62578729788	0.9986888766288757
6635.739714730787	1.0004453659057617
6635.853642163692	1.0000473260879517
6635.967569596598	1.0030680894851685
6636.081497029504	1.0010566711425781
6636.19542446241	0.9991256594657898
6636.3093518953165	1.0004440546035767
6636.423279328223	0.9917271733283997
6636.537206761128	0.9937179684638977
6636.651134194034	0.9971102476119995
6636.76506162694	0.997125506401062
6636.878989059846	0.996873140335083
6636.992916492753	1.0068820714950562
6637.106843925658	1.0208581686019897
6637.220771358564	0.9919289350509644
6637.33469879147	0.9981240034103394
6637.448626224376	0.9908453822135925
6637.5625536572825	1.014016032218933
6637.676481090188	1.016129732131958
6637.790408523094	1.0074890851974487
6637.904335956	1.0073497295379639
6638.018263388906	1.00132155418396
6638.132190821812	1.0035772323608398
6638.246118254719	1.0179413557052612
6638.360045687624	0.9931766390800476
6638.47397312053	1.0026538372039795
6638.587900553436	0.9973877668380737
6638.701827986342	0.9972791075706482
6638.8157554192485	0.9956408143043518
6638.929682852155	0.9998998045921326
6639.04361028506	1.0061163902282715
6639.157537717966	0.9965707659721375
6639.271465150872	0.9894005060195923
6639.385392583778	1.0009883642196655
6639.499320016685	0.9875608682632446
6639.61324744959	1.0025627613067627
6639.727174882496	1.0074983835220337
6639.841102315402	1.005410075187683
6639.955029748308	1.006443977355957
6640.0689571812145	0.9969991445541382
6640.18288461412	0.9980300068855286
6640.296812047026	1.0041195154190063
6640.410739479932	1.0023423433303833
6640.524666912838	1.0059276819229126
6640.638594345744	0.9972222447395325
6640.752521778651	0.9945151209831238
6640.866449211556	1.003048062324524
6640.980376644462	0.998603343963623
6641.094304077368	1.0083979368209839
6641.208231510274	1.0100631713867188
6641.3221589431805	1.0087425708770752
6641.436086376086	1.011730670928955
6641.550013808992	1.013321876525879
6641.663941241898	1.0132981538772583
6641.777868674804	0.9994531869888306
6641.89179610771	0.9930424690246582
6642.005723540617	1.0014663934707642
6642.119650973522	1.0113157033920288
6642.233578406428	1.0152192115783691
6642.347505839334	1.0099055767059326
6642.46143327224	1.003775715827942
6642.5753607051465	1.0065213441848755
6642.689288138052	1.002119779586792
6642.803215570958	1.0063031911849976
6642.917143003864	0.9979226589202881
6643.03107043677	0.9951042532920837
6643.144997869676	0.9961761236190796
6643.258925302583	1.0008659362792969
6643.372852735488	1.0062673091888428
6643.486780168394	1.0055630207061768
6643.6007076013	0.9865959286689758
6643.714635034206	0.9988458156585693
6643.8285624671125	1.0002996921539307
6643.942489900018	0.9905835390090942
6644.056417332924	1.000209093093872
6644.17034476583	0.9931250810623169
6644.284272198736	0.9847397804260254
6644.3981996316425	0.9959433078765869
6644.512127064549	0.9867744445800781
6644.626054497454	0.9739071726799011
6644.73998193036	0.9964902997016907
6644.853909363266	0.9995831847190857
6644.967836796172	1.0159398317337036
6645.0817642290785	1.0092908143997192
6645.195691661984	1.0069838762283325
6645.30961909489	1.0215364694595337
6645.423546527796	0.988777756690979
6645.537473960702	0.9875739812850952
6645.6514013936085	0.993023693561554
6645.765328826515	1.0047862529754639
6645.87925625942	0.9978126883506775
6645.993183692326	0.9834153056144714
6646.107111125232	0.9987298250198364
6646.221038558138	1.0000900030136108
6646.334965991045	0.9937638640403748
6646.44889342395	1.0055642127990723
6646.562820856856	1.004708170890808
6646.676748289762	1.0041615962982178
6646.790675722668	0.9871682524681091
6646.9046031555745	1.0107249021530151
6647.018530588481	1.0373334884643555
6647.132458021386	1.0032033920288086
6647.246385454292	0.9866175055503845
6647.360312887198	1.0038106441497803
6647.474240320104	0.9989242553710938
6647.588167753011	1.0004879236221313
6647.702095185916	0.9978153705596924
6647.816022618822	1.001625418663025
6647.929950051728	1.0017180442810059
6648.043877484634	0.9948589205741882
6648.1578049175405	1.004562497138977
6648.271732350446	0.9904341101646423
6648.385659783352	1.022213101387024
6648.499587216258	0.9984262585639954
6648.613514649164	1.0069680213928223
6648.72744208207	1.028149127960205
6648.841369514977	1.0029858350753784
6648.955296947882	1.0039927959442139
6649.069224380788	1.0054326057434082
6649.183151813694	0.9945898056030273
6649.2970792466	1.0036044120788574
6649.4110066795065	1.0149506330490112
6649.524934112412	1.000410795211792
6649.638861545318	0.9965373277664185
6649.752788978224	1.0027340650558472
6649.86671641113	1.0231928825378418
6649.980643844036	1.0049647092819214
6650.094571276943	1.0112773180007935
6650.208498709848	1.0002986192703247
6650.322426142754	1.0078595876693726
6650.43635357566	1.0243910551071167
6650.550281008566	0.9995136857032776
6650.6642084414725	0.9830735921859741
6650.778135874378	0.9981511831283569
6650.892063307284	1.006739854812622
6651.00599074019	0.9918001890182495
6651.119918173096	1.0033658742904663
6651.233845606002	0.9957839250564575
6651.347773038909	0.9867636561393738
6651.461700471814	0.9800716638565063
6651.57562790472	1.0163408517837524
6651.689555337626	1.006663203239441
6651.803482770532	0.9938518404960632
6651.9174102034385	1.0001245737075806
6652.031337636344	0.9974051713943481
6652.14526506925	1.014441728591919
6652.259192502156	1.0165112018585205
6652.373119935062	0.9942510724067688
6652.487047367968	0.9891258478164673
6652.600974800875	0.9813121557235718
6652.71490223378	0.9906647801399231
6652.828829666686	0.9991741180419922
6652.942757099592	0.9927582144737244
6653.056684532498	1.0057744979858398
6653.1706119654045	1.0028177499771118
6653.28453939831	1.0017465353012085
6653.398466831216	0.9999402165412903
6653.512394264122	1.0006145238876343
6653.626321697028	0.9943565726280212
6653.740249129934	1.000164270401001
6653.854176562841	0.9903483986854553
6653.968103995746	1.0010770559310913
6654.082031428652	0.9959743618965149
6654.195958861558	0.9899017214775085
6654.309886294464	0.9936382174491882
6654.4238137273705	1.0145912170410156
6654.537741160276	1.0159376859664917
6654.651668593182	1.0116679668426514
6654.765596026088	0.9913572072982788
6654.879523458994	0.994968056678772
6654.9934508919005	0.9854406118392944
6655.107378324807	1.0092061758041382
6655.221305757712	1.0069551467895508
6655.335233190618	0.9919400811195374
6655.449160623524	1.0016814470291138
6655.56308805643	0.9938170313835144
6655.677015489337	0.9901477694511414
6655.790942922242	0.9932054877281189
6655.904870355148	0.9867439866065979
6656.018797788054	0.9941691160202026
6656.13272522096	0.9957301020622253
6656.2466526538665	0.9931901693344116
6656.360580086772	0.9877471327781677
6656.474507519678	0.9813311696052551
6656.588434952584	0.9955542087554932
6656.70236238549	1.0025056600570679
6656.816289818396	1.0038220882415771
6656.930217251303	0.9773674011230469
6657.044144684208	0.9771182537078857
6657.158072117114	0.9927374124526978
6657.27199955002	0.9936122298240662
6657.385926982926	0.9904236197471619
6657.4998544158325	0.9941630959510803
6657.613781848739	1.0072041749954224
6657.727709281644	1.0026662349700928
6657.84163671455	0.9977542161941528
6657.955564147456	0.9952578544616699
6658.069491580362	0.990531861782074
6658.183419013269	0.9981923699378967
6658.297346446174	1.0017824172973633
6658.41127387908	0.991104781627655
6658.525201311986	0.9968869090080261
6658.639128744892	1.0033565759658813
6658.7530561777985	0.9968845844268799
6658.866983610704	1.0058257579803467
6658.98091104361	1.0147004127502441
6659.094838476516	0.9972571730613708
6659.208765909422	1.0003927946090698
6659.322693342328	0.9993596076965332
6659.436620775235	0.9778363704681396
6659.55054820814	1.0098358392715454
6659.664475641046	0.9943846464157104
6659.778403073952	0.9786791205406189
6659.892330506858	0.9977775812149048
6660.0062579397645	1.010303258895874
6660.12018537267	1.0033085346221924
6660.234112805576	1.0005335807800293
6660.348040238482	1.0076639652252197
6660.461967671388	0.9956173896789551
6660.575895104294	0.9876740574836731
6660.689822537201	0.985443115234375
6660.803749970106	0.9863811135292053
6660.917677403012	0.9985395669937134
6661.031604835918	0.9971176981925964
6661.145532268824	1.0043399333953857
6661.2594597017305	1.0028717517852783
6661.373387134636	0.9898281693458557
6661.487314567542	0.994947075843811
6661.601242000448	0.9919952750205994
6661.715169433354	1.0022521018981934
6661.82909686626	1.0034029483795166
6661.943024299167	0.9965242743492126
6662.056951732072	0.9850960969924927
6662.170879164978	0.9891937971115112
6662.284806597884	0.9899464249610901
6662.39873403079	0.9972015619277954
6662.5126614636965	1.0013034343719482
6662.626588896602	1.0007537603378296
6662.740516329508	1.0022718906402588
6662.854443762414	1.0210994482040405
6662.96837119532	1.0023770332336426
6663.082298628226	0.9857004880905151
6663.196226061133	0.9830546379089355
6663.310153494038	0.9858202934265137
6663.424080926944	0.9656654596328735
6663.53800835985	0.9772753715515137
6663.651935792756	0.9968011379241943
6663.7658632256625	0.9896085262298584
6663.879790658568	0.9991040229797363
6663.993718091474	0.9969721436500549
6664.10764552438	0.9849032759666443
6664.221572957286	0.9877819418907166
6664.3355003901925	0.9966404438018799
6664.449427823099	0.986625075340271
6664.563355256004	0.9705114364624023
6664.67728268891	0.9842566847801208
6664.791210121816	1.0009313821792603
6664.905137554722	1.0013697147369385
6665.019064987629	0.992382824420929
6665.132992420534	1.001469612121582
6665.24691985344	1.0026357173919678
6665.360847286346	1.005611777305603
6665.474774719252	1.0159955024719238
6665.5887021521585	0.9900994896888733
6665.702629585065	0.990770697593689
6665.81655701797	1.005715250968933
6665.930484450876	0.9936135411262512
6666.044411883782	1.0017213821411133
6666.158339316688	0.9903666377067566
6666.272266749595	0.9970719814300537
6666.3861941825	1.007569432258606
6666.500121615406	0.9904350638389587
6666.614049048312	0.9974972009658813
6666.727976481218	0.9878411293029785
6666.8419039141245	0.98863285779953
6666.95583134703	0.9892728328704834
6667.069758779936	0.9922962188720703
6667.183686212842	0.9661963582038879
6667.297613645748	0.981263279914856
6667.411541078654	0.9894227981567383
6667.525468511561	0.9894787073135376
6667.639395944466	0.9872099757194519
6667.753323377372	0.9835971593856812
6667.867250810278	0.9820696711540222
6667.981178243184	0.9761824011802673
6668.0951056760905	0.9784507751464844
6668.209033108997	0.9802033305168152
6668.322960541902	0.9913255572319031
6668.436887974808	0.9944248795509338
6668.550815407714	0.9927140474319458
6668.66474284062	0.9976072311401367
6668.778670273527	1.0108791589736938
6668.892597706432	0.9835593700408936
6669.006525139338	0.9762428402900696
6669.120452572244	0.9817506670951843
6669.23438000515	0.9906600117683411
6669.3483074380565	0.9963318109512329
6669.462234870962	1.007271647453308
6669.576162303868	1.0097951889038086
6669.690089736774	0.9731065630912781
6669.80401716968	0.983189582824707
6669.917944602586	1.0046613216400146
6670.031872035493	0.9855127334594727
6670.145799468398	0.977616548538208
6670.259726901304	0.9830407500267029
6670.37365433421	0.9984883069992065
6670.487581767116	0.9898134469985962
6670.6015092000225	0.987497091293335
6670.715436632928	0.9923415184020996
6670.829364065834	0.9896667003631592
6670.94329149874	0.9767692685127258
6671.057218931646	0.9755740165710449
6671.171146364552	0.9860563278198242
6671.285073797459	0.9941422939300537
6671.399001230364	0.9850400686264038
6671.51292866327	0.9735220670700073
6671.626856096176	0.9923861622810364
6671.740783529082	0.9991677403450012
6671.8547109619885	0.9961910247802734
6671.968638394894	1.008259892463684
6672.0825658278	0.998516321182251
6672.196493260706	0.9835250973701477
6672.310420693612	0.9975539445877075
6672.424348126518	0.9971786141395569
6672.538275559425	0.9790064692497253
6672.65220299233	0.9857527613639832
6672.766130425236	0.985043466091156
6672.880057858142	0.9811580777168274
6672.993985291048	0.9965032935142517
6673.1079127239545	0.9910066723823547
6673.22184015686	0.9829583764076233
6673.335767589766	0.976154088973999
6673.449695022672	0.9808921217918396
6673.563622455578	0.9849337339401245
6673.6775498884845	0.983860969543457
6673.791477321391	0.9836499691009521
6673.905404754296	0.989336371421814
6674.019332187202	0.9886431694030762
6674.133259620108	0.9777216911315918
6674.247187053014	0.9733683466911316
6674.361114485921	0.9670527577400208
6674.475041918826	0.9584754705429077
6674.588969351732	0.9554174542427063
6674.702896784638	0.967351496219635
6674.816824217544	0.9581931829452515
6674.9307516504505	0.9597237706184387
6675.044679083357	0.9775642156600952
6675.158606516262	0.9691399335861206
6675.272533949168	0.9754109382629395
6675.386461382074	0.9783393740653992
6675.50038881498	0.959341824054718
6675.614316247887	0.9683143496513367
6675.728243680792	0.9607973694801331
6675.842171113698	0.9666106104850769
6675.956098546604	0.9711089134216309
6676.07002597951	1.001883625984192
6676.1839534124165	0.9617909789085388
6676.297880845323	0.9576874375343323
6676.411808278228	0.947182834148407
6676.525735711134	0.937706470489502
6676.63966314404	0.9461883902549744
6676.753590576946	0.9426366090774536
6676.867518009853	0.9551851749420166
6676.981445442758	0.949783205986023
6677.095372875664	0.9342350959777832
6677.20930030857	0.9268503785133362
6677.323227741476	0.9176556468009949
6677.4371551743825	0.9085568189620972
6677.551082607288	0.9087165594100952
6677.665010040194	0.9058659076690674
6677.7789374731	0.8904955387115479
6677.892864906006	0.874531090259552
6678.006792338912	0.8762003183364868
6678.120719771819	0.8665867447853088
6678.234647204724	0.8813072443008423
6678.34857463763	0.8868735432624817
6678.462502070536	0.8989171981811523
6678.576429503442	0.9255536198616028
6678.6903569363485	0.9406103491783142
6678.804284369255	0.9514451622962952
6678.91821180216	0.9509042501449585
6679.032139235066	0.9500384330749512
6679.146066667972	0.9450552463531494
6679.259994100878	0.9454736709594727
6679.373921533785	0.9475613832473755
6679.48784896669	0.9518479704856873
6679.601776399596	0.9477027654647827
6679.715703832502	0.944248616695404
6679.829631265408	0.959380567073822
6679.9435586983145	0.9638735055923462
6680.05748613122	0.9538361430168152
6680.171413564126	0.9420515894889832
6680.285340997032	0.9503702521324158
6680.399268429938	0.9512500166893005
6680.513195862844	0.9345124959945679
6680.627123295751	0.9320792555809021
6680.741050728656	0.9219917058944702
6680.854978161562	0.9283155798912048
6680.968905594468	0.9444488883018494
6681.082833027374	0.9381456971168518
6681.1967604602805	0.9428895115852356
6681.310687893186	0.9693382382392883
6681.424615326092	0.9647824168205261
6681.538542758998	0.9563325047492981
6681.652470191904	0.9705657958984375
6681.76639762481	0.9736553430557251
6681.880325057717	1.028456449508667
6681.994252490622	0.9735262989997864
6682.108179923528	0.9782161712646484
6682.222107356434	0.9776631593704224
6682.33603478934	0.9780789017677307
6682.4499622222465	0.9667938351631165
6682.563889655152	0.9810576438903809
6682.677817088058	0.9855872988700867
6682.791744520964	0.9818146824836731
6682.90567195387	0.9798054695129395
6683.0195993867765	0.979056179523468
6683.133526819683	1.0238131284713745
6683.247454252588	1.0470199584960938
6683.361381685494	0.9868307709693909
6683.4753091184	0.9830964207649231
6683.589236551306	0.976688802242279
6683.703163984213	0.9896482229232788
6683.817091417118	0.9864544868469238
6683.931018850024	0.9872851967811584
6684.04494628293	0.9888397455215454
6684.158873715836	0.9736451506614685
6684.2728011487425	0.99119633436203
6684.386728581649	0.9953127503395081
6684.500656014554	1.0067799091339111
6684.61458344746	0.9973583221435547
6684.728510880366	0.9735220670700073
6684.842438313272	0.9911534786224365
6684.956365746179	0.9914171099662781
6685.070293179084	1.0086312294006348
6685.18422061199	0.9864006042480469
6685.298148044896	0.9987701177597046
6685.412075477802	1.0027437210083008
6685.5260029107085	0.9893655776977539
6685.639930343615	0.988571047782898
6685.75385777652	0.9888248443603516
6685.867785209426	0.9794383645057678
6685.981712642332	0.9774878621101379
6686.095640075238	0.9740878343582153
6686.209567508145	0.9736733436584473
6686.32349494105	0.9777216911315918
6686.437422373956	0.9835591316223145
6686.551349806862	0.9849662780761719
6686.665277239768	0.9753981828689575
6686.7792046726745	0.9721879959106445
6686.893132105581	0.988530695438385
6687.007059538486	0.985136091709137
6687.120986971392	0.9915571212768555
6687.234914404298	1.0059040784835815
6687.348841837204	0.9803372621536255
6687.462769270111	0.9749194383621216
6687.576696703016	0.9724625945091248
6687.690624135922	0.9737728834152222
6687.804551568828	1.000849723815918
6687.918479001734	0.9741965532302856
6688.0324064346405	0.9747864007949829
6688.146333867546	0.9724327325820923
6688.260261300452	1.015819787979126
6688.374188733358	1.0308743715286255
6688.488116166264	0.9978175759315491
6688.60204359917	1.014034628868103
6688.715971032077	1.0019004344940186
6688.829898464982	0.9884474873542786
6688.943825897888	0.9919255971908569
6689.057753330794	0.9750303626060486
6689.1716807637	0.9761820435523987
6689.2856081966065	0.9733540415763855
6689.399535629513	0.9861071705818176
6689.513463062418	0.9837790131568909
6689.627390495324	0.9838298559188843
6689.74131792823	0.9854193329811096
6689.855245361136	0.9578441977500916
6689.969172794043	0.9946823716163635
6690.083100226948	0.9854909181594849
6690.197027659854	0.9637370109558105
6690.31095509276	0.9865245819091797
6690.424882525666	0.9885014891624451
6690.5388099585725	0.9841392040252686
6690.652737391478	1.0055962800979614
6690.766664824384	0.9942964911460876
6690.88059225729	1.0011498928070068
6690.994519690196	1.0081809759140015
6691.108447123102	1.0125982761383057
6691.222374556009	1.0256767272949219
6691.336301988914	1.0641740560531616
6691.45022942182	1.0881915092468262
