6519.92133373	0.113884715068
6519.92133373	1.090352177619934
6520.035218445068	1.0804208517074585
6520.149103160135	1.0720577239990234
6520.262987875204	1.071012258529663
6520.376872590272	1.0652626752853394
6520.49075730534	1.0699669122695923
6520.6046420204075	1.0772846937179565
6520.718526735476	1.0762392282485962
6520.832411450544	1.0741485357284546
6520.946296165612	1.0595128536224365
6521.06018088068	1.0605583190917969
6521.174065595747	1.058990240097046
6521.287950310816	1.0699669122695923
6521.401835025884	1.0579447746276855
6521.515719740952	1.0600355863571167
6521.6296044560195	1.0715349912643433
6521.743489171088	1.06578528881073
6521.857373886156	1.064217209815979
6521.971258601224	1.0861706733703613
6522.085143316292	1.0558539628982544
6522.199028031359	1.0459227561950684
6522.312912746428	1.0532405376434326
6522.426797461496	1.046445369720459
6522.540682176564	1.0495816469192505
6522.6545668916315	1.0511497259140015
6522.7684516067	1.0542858839035034
6522.882336321768	1.0568994283676147
6522.996221036836	1.0553312301635742
6523.110105751904	1.0558539628982544
6523.223990466971	1.041741132736206
6523.33787518204	1.0265827178955078
6523.451759897108	1.020833134651184
6523.565644612176	1.0129926204681396
6523.6795293272435	0.9978342652320862
6523.793414042312	0.9612452387809753
6523.90729875738	0.9659495949745178
6524.021183472448	0.9879029989242554
6524.135068187516	1.0291962623596191
6524.248952902583	1.040173053741455
6524.362837617652	1.0474907159805298
6524.47672233272	1.0469681024551392
6524.590607047788	1.057422161102295
6524.7044917628555	1.0595128536224365
6524.818376477924	1.0422637462615967
6524.932261192992	1.0595128536224365
6525.04614590806	1.058990240097046
6525.160030623128	1.0553312301635742
6525.273915338195	1.0631717443466187
6525.387800053264	1.06578528881073
6525.501684768332	1.0558539628982544
6525.6155694834	1.0563766956329346
6525.7294541984675	1.0600355863571167
6525.843338913536	1.0548086166381836
6525.957223628604	1.0459227561950684
6526.071108343672	1.0443545579910278
6526.18499305874	1.0501042604446411
6526.298877773807	1.0511497259140015
6526.412762488876	1.0542858839035034
6526.526647203944	1.0548086166381836
6526.640531919012	1.0542858839035034
6526.7544166340795	1.0511497259140015
6526.868301349148	1.0490589141845703
6526.982186064216	1.051672339439392
6527.096070779284	1.0521950721740723
6527.209955494352	1.0563766956329346
6527.323840209419	1.0542858839035034
6527.437724924488	1.0527178049087524
6527.551609639556	1.0412184000015259
6527.665494354624	1.0521950721740723
6527.7793790696915	1.0537632703781128
6527.89326378476	1.0490589141845703
6528.007148499828	1.0553312301635742
6528.121033214896	1.0501042604446411
6528.234917929964	1.057422161102295
6528.348802645031	1.0621263980865479
6528.4626873601	1.061081051826477
6528.576572075168	1.064217209815979
6528.690456790236	1.0548086166381836
6528.8043415053035	1.0501042604446411
6528.918226220372	1.0469681024551392
6529.03211093544	1.0454000234603882
6529.145995650508	1.067353367805481
6529.259880365576	1.0699669122695923
6529.373765080643	1.0548086166381836
6529.487649795712	1.0521950721740723
6529.60153451078	1.0469681024551392
6529.715419225848	1.0584675073623657
6529.829303940915	1.0521950721740723
6529.943188655984	1.0469681024551392
6530.057073371052	1.0537632703781128
6530.17095808612	1.0521950721740723
6530.284842801188	1.04801344871521
6530.398727516255	1.0412184000015259
6530.512612231324	1.0318098068237305
6530.626496946392	1.023969292640686
6530.74038166146	1.0323325395584106
6530.854266376527	1.0391275882720947
6530.968151091596	1.046445369720459
6531.082035806664	1.0490589141845703
6531.195920521732	1.0600355863571167
6531.3098052368	1.0600355863571167
6531.423689951868	1.046445369720459
6531.537574666936	1.0506269931793213
6531.651459382004	1.0636944770812988
6531.765344097072	1.0506269931793213
6531.879228812139	1.0443545579910278
6531.993113527208	1.043309211730957
6532.106998242276	1.027105450630188
6532.220882957344	0.9920846223831177
6532.3347676724115	0.9476551413536072
6532.44865238748	0.9518367052078247
6532.562537102548	0.9805852174758911
6532.676421817616	1.0166515111923218
6532.790306532684	1.0333778858184814
6532.904191247751	1.0359914302825928
6533.01807596282	1.0548086166381836
6533.131960677888	1.0542858839035034
6533.245845392956	1.0605583190917969
6533.3597301080235	1.0527178049087524
6533.473614823092	1.0391275882720947
6533.58749953816	1.039650321006775
6533.701384253228	1.0542858839035034
6533.815268968296	1.0265827178955078
6533.929153683363	1.000970482826233
6534.043038398432	1.001493215560913
6534.1569231135	0.9999251365661621
6534.270807828568	1.0145606994628906
6534.3846925436355	1.0297189950942993
6534.498577258704	1.0427864789962769
6534.612461973772	1.0359914302825928
6534.72634668884	1.0354686975479126
6534.840231403908	1.0443545579910278
6534.954116118975	1.0422637462615967
6535.068000834044	1.036514163017273
6535.181885549112	1.0406957864761353
6535.29577026418	1.0568994283676147
6535.4096549792475	1.0542858839035034
6535.523539694316	1.044877290725708
6535.637424409384	1.0595128536224365
6535.751309124452	1.0527178049087524
6535.86519383952	1.041741132736206
6535.979078554587	1.0521950721740723
6536.092963269656	1.0506269931793213
6536.206847984724	1.0548086166381836
6536.320732699792	1.0553312301635742
6536.4346174148595	1.0501042604446411
6536.548502129928	1.0344232320785522
6536.662386844996	1.0197877883911133
6536.776271560064	1.0276281833648682
6536.890156275132	1.0234465599060059
6537.004040990199	1.0469681024551392
6537.117925705268	1.0616037845611572
6537.231810420336	1.0584675073623657
6537.345695135404	1.0527178049087524
6537.4595798504715	1.0469681024551392
6537.57346456554	1.0558539628982544
6537.687349280608	1.0595128536224365
6537.801233995676	1.0495816469192505
6537.915118710744	1.051672339439392
6538.029003425811	1.0636944770812988
6538.14288814088	1.0616037845611572
6538.256772855948	1.0495816469192505
6538.370657571016	1.0548086166381836
6538.4845422860835	1.0595128536224365
6538.598427001152	1.0595128536224365
6538.71231171622	1.062649130821228
6538.826196431288	1.058990240097046
6538.940081146356	1.0616037845611572
6539.053965861423	1.0548086166381836
6539.167850576492	1.04801344871521
6539.28173529156	1.0553312301635742
6539.395620006628	1.0616037845611572
6539.5095047216955	1.0454000234603882
6539.623389436764	1.0511497259140015
6539.737274151832	1.062649130821228
6539.8511588669	1.0391275882720947
6539.965043581968	1.0600355863571167
6540.078928297035	1.0631717443466187
6540.192813012104	1.0537632703781128
6540.306697727172	1.0443545579910278
6540.42058244224	1.0412184000015259
6540.5344671573075	1.0391275882720947
6540.648351872376	1.064217209815979
6540.762236587444	1.051672339439392
6540.876121302512	1.0553312301635742
6540.99000601758	1.051672339439392
6541.103890732647	1.0521950721740723
6541.217775447716	1.061081051826477
6541.331660162784	1.0521950721740723
6541.445544877852	1.0474907159805298
6541.5594295929195	1.0563766956329346
6541.673314307988	1.0579447746276855
6541.787199023056	1.0511497259140015
6541.901083738124	1.0527178049087524
6542.014968453192	1.0354686975479126
6542.128853168259	1.0067201852798462
6542.242737883328	1.0041067600250244
6542.356622598396	0.9973115921020508
6542.470507313464	1.0082882642745972
6542.5843920285315	1.0354686975479126
6542.6982767436	1.0427864789962769
6542.812161458668	1.051672339439392
6542.926046173736	1.040173053741455
6543.039930888804	1.046445369720459
6543.153815603871	1.041741132736206
6543.26770031894	1.0438318252563477
6543.381585034008	1.051672339439392
6543.495469749076	1.0511497259140015
6543.6093544641435	1.0161287784576416
6543.723239179212	0.9696084856987
6543.83712389428	0.9178612232208252
6543.951008609348	0.9063617587089539
6544.064893324416	0.9283152222633362
6544.178778039483	0.9936527609825134
6544.292662754552	1.0375595092773438
6544.40654746962	1.039650321006775
6544.520432184688	1.0511497259140015
6544.6343168997555	1.0485361814498901
6544.748201614824	1.04801344871521
6544.862086329892	1.062649130821228
6544.97597104496	1.061081051826477
6545.089855760028	1.0548086166381836
6545.203740475095	1.0605583190917969
6545.317625190164	1.0595128536224365
6545.431509905232	1.0616037845611572
6545.5453946203	1.0631717443466187
6545.6592793353675	1.0412184000015259
6545.773164050436	1.027105450630188
6545.887048765504	1.0391275882720947
6546.000933480572	1.0652626752853394
6546.11481819564	1.072580337524414
6546.228702910707	1.0537632703781128
6546.342587625776	1.062649130821228
6546.456472340844	1.0521950721740723
6546.570357055912	1.0532405376434326
6546.6842417709795	1.0495816469192505
6546.798126486048	1.0579447746276855
6546.912011201116	1.0579447746276855
6547.025895916184	1.0548086166381836
6547.139780631252	1.0558539628982544
6547.253665346319	1.0563766956329346
6547.367550061388	1.0584675073623657
6547.481434776456	1.038082242012024
6547.595319491524	1.0119472742080688
6547.7092042065915	0.9978342652320862
6547.82308892166	1.0093337297439575
6547.936973636728	1.0391275882720947
6548.050858351796	1.051672339439392
6548.164743066864	1.0527178049087524
6548.278627781931	1.0501042604446411
6548.392512497	1.0213557481765747
6548.506397212068	0.9821532964706421
6548.620281927136	0.9445188641548157
6548.7341666422035	0.9612452387809753
6548.848051357272	0.9988797307014465
6548.96193607234	1.0339006185531616
6549.075820787408	1.062649130821228
6549.189705502476	1.057422161102295
6549.303590217543	1.0537632703781128
6549.417474932612	1.064217209815979
6549.53135964768	1.0704896450042725
6549.645244362748	1.0720577239990234
6549.7591290778155	1.0699669122695923
6549.873013792884	1.081989049911499
6549.986898507952	1.0793755054473877
6550.10078322302	1.06578528881073
6550.214667938088	1.0809435844421387
6550.328552653155	1.0814663171768188
6550.442437368224	1.08355712890625
6550.556322083292	1.0814663171768188
6550.67020679836	1.0856479406356812
6550.7840915134275	1.0856479406356812
6550.897976228496	1.0772846937179565
6551.011860943564	1.0861706733703613
6551.125745658632	1.093488335609436
6551.2396303737	1.0877387523651123
6551.353515088767	1.0955792665481567
6551.467399803836	1.1013288497924805
6551.581284518904	1.106033205986023
6551.695169233972	1.1065559387207031
6551.8090539490395	1.1023743152618408
6551.922938664108	1.088784098625183
6552.036823379176	1.1065559387207031
6552.150708094244	1.0971472263336182
6552.264592809312	1.0976699590682983
6552.37847752438	1.0793755054473877
6552.492362239448	1.020833134651184
6552.606246954516	0.9816306233406067
6552.720131669584	0.9905164837837219
6552.8340163846515	1.041741132736206
6552.94790109972	1.0987154245376587
6553.061785814788	1.1426222324371338
6553.175670529856	1.156212329864502
6553.289555244924	1.1583032608032227
6553.403439959992	1.1682344675064087
6553.51732467506	1.167189121246338
6553.631209390128	1.1473264694213867
6553.745094105196	1.13530433177948
6553.8589788202635	1.1494172811508179
6553.972863535332	1.169279932975769
6554.0867482504	1.190187931060791
6554.200632965468	1.2053462266921997
6554.314517680536	1.2205045223236084
6554.428402395604	1.2325266599655151
6554.542287110672	1.2393217086791992
6554.65617182574	1.2424578666687012
6554.770056540808	1.259706974029541
6554.8839412558755	1.2753880023956299
6554.997825970944	1.2780015468597412
6555.111710686012	1.2921143770217896
6555.22559540108	1.3166812658309937
6555.339480116148	1.3339303731918335
6555.453364831216	1.3469979763031006
6555.567249546284	1.366337776184082
6555.681134261352	1.3935182094573975
6555.79501897642	1.4201759099960327
6555.9089036914875	1.4264482259750366
6556.022788406556	1.4562422037124634
6556.136673121624	1.4719232320785522
6556.250557836692	1.4954447746276855
6556.36444255176	1.5367380380630493
6556.478327266828	1.55503249168396
6556.592211981896	1.578031301498413
6556.706096696964	1.6109614372253418
6556.819981412032	1.6428459882736206
6556.9338661270995	1.6538227796554565
6557.047750842168	1.6418007612228394
6557.161635557236	1.633960247039795
6557.275520272304	1.6783897876739502
6557.389404987372	1.766726016998291
6557.50328970244	1.855584979057312
6557.617174417508	1.9209225177764893
6557.731059132576	1.9700562953948975
6557.844943847644	2.0270304679870605
6557.9588285627115	2.0845274925231934
6558.07271327778	2.140456438064575
6558.186597992848	2.2125890254974365
6558.300482707916	2.3040616512298584
6558.414367422984	2.4133059978485107
6558.528252138052	2.508960008621216
6558.64213685312	2.579524517059326
6558.756021568188	2.666292667388916
6558.869906283256	2.765083074569702
6558.9837909983235	2.844010591506958
6559.097675713392	2.9067344665527344
6559.21156042846	2.974163055419922
6559.325445143528	3.0300920009613037
6559.439329858596	3.091248035430908
6559.553214573664	3.1388134956359863
6559.667099288732	3.1910834312438965
6559.7809840038	3.2841241359710693
6559.894868718868	3.365142583847046
6560.008753433935	3.469682455062866
6560.122638149004	3.584676504135132
6560.236522864072	3.6515820026397705
6560.35040757914	3.6468780040740967
6560.464292294208	3.598266839981079
6560.578177009276	3.544428586959839
6560.692061724344	3.5324065685272217
6560.805946439412	3.474909543991089
6560.91983115448	3.323326587677002
6561.033715869547	3.1853339672088623
6561.147600584616	3.0269556045532227
6561.261485299684	2.894712448120117
6561.375370014752	2.802717447280884
6561.48925472982	2.675701379776001
6561.603139444888	2.564366340637207
6561.717024159956	2.4582581520080566
6561.830908875024	2.319742441177368
6561.944793590092	2.1833178997039795
6562.058678305159	2.066232919692993
6562.172563020228	1.9277175664901733
6562.286447735296	1.7933837175369263
6562.400332450364	1.6752535104751587
6562.514217165432	1.5843037366867065
6562.6281018805	1.5707135200500488
6562.741986595568	1.6444141864776611
6562.855871310636	1.7897248268127441
6562.969756025704	1.9846919775009155
6563.083640740771	2.226179361343384
6563.19752545584	2.479688882827759
6563.311410170908	2.7117674350738525
6563.425294885976	2.926074504852295
6563.5391796010435	3.0996110439300537
6563.653064316112	3.278374433517456
6563.76694903118	3.4566149711608887
6563.880833746248	3.556973457336426
6563.994718461316	3.5376334190368652
6564.108603176383	3.5188164710998535
6564.222487891452	3.590949058532715
6564.33637260652	3.722146511077881
6564.450257321588	3.8251185417175293
6564.5641420366555	3.8324365615844727
6564.678026751724	3.7226693630218506
6564.791911466792	3.6594226360321045
6564.90579618186	3.5804951190948486
6565.019680896928	3.5517466068267822
6565.133565611995	3.4806594848632812
6565.247450327064	3.415844440460205
6565.361335042132	3.309736490249634
6565.4752197572	3.1754024028778076
6565.5891044722675	3.0290465354919434
6565.702989187336	2.8654415607452393
6565.816873902404	2.74208402633667
6565.930758617472	2.6265676021575928
6566.04464333254	2.510005474090576
6566.158528047607	2.4075562953948975
6566.272412762676	2.304584264755249
6566.386297477744	2.2214748859405518
6566.500182192812	2.126866340637207
6566.6140669078795	2.076164484024048
6566.727951622948	1.9998502731323242
6566.841836338016	1.9334672689437866
6566.955721053084	1.8738795518875122
6567.069605768152	1.8080192804336548
6567.183490483219	1.7693394422531128
6567.297375198288	1.7317050695419312
6567.411259913356	1.681003212928772
6567.525144628424	1.6370964050292969
6567.6390293434915	1.5905760526657104
6567.75291405856	1.5518962144851685
6567.866798773628	1.5288975238800049
6567.980683488696	1.506421446800232
6568.094568203764	1.4750595092773438
6568.208452918831	1.438470482826233
6568.3223376339	1.4086765050888062
6568.436222348968	1.3888139724731445
6568.550107064036	1.361110806465149
6568.6639917791035	1.3187720775604248
6568.777876494172	1.2931597232818604
6568.89176120924	1.2780015468597412
6569.005645924308	1.277478814125061
6569.119530639376	1.2847965955734253
6569.233415354443	1.280614972114563
6569.347300069512	1.2419352531433105
6569.46118478458	1.2304357290267944
6569.575069499648	1.228867769241333
6569.6889542147155	1.217890977859497
6569.802838929784	1.2147548198699951
6569.916723644852	1.2022099494934082
6570.03060835992	1.193324089050293
6570.144493074988	1.1896651983261108
6570.258377790055	1.1703252792358398
6570.372262505124	1.1577805280685425
6570.486147220192	1.1436675786972046
6570.60003193526	1.1326909065246582
6570.7139166503275	1.1431448459625244
6570.827801365396	1.1279866695404053
6570.941686080464	1.1342589855194092
6571.055570795532	1.128509283065796
6571.1694555106	1.1232823133468628
6571.283340225667	1.1232823133468628
6571.397224940736	1.1159645318984985
6571.511109655804	1.1159645318984985
6571.624994370872	1.0987154245376587
6571.7388790859395	1.0861706733703613
6571.852763801008	1.061081051826477
6571.966648516076	1.0103790760040283
6572.080533231144	0.9795397520065308
6572.194417946212	0.9868575930595398
6572.308302661279	1.0359914302825928
6572.422187376348	1.0616037845611572
6572.536072091416	1.0778074264526367
6572.649956806484	1.0798982381820679
6572.7638415215515	1.0767619609832764
6572.87772623662	1.069444179534912
6572.991610951688	1.0584675073623657
6573.105495666756	1.0553312301635742
6573.219380381824	1.0584675073623657
6573.333265096891	1.0579447746276855
6573.44714981196	1.0469681024551392
6573.561034527028	1.058990240097046
6573.674919242096	1.0616037845611572
6573.7888039571635	1.0506269931793213
6573.902688672232	1.0511497259140015
6574.0165733873	1.0527178049087524
6574.130458102368	1.0511497259140015
6574.244342817436	1.0579447746276855
6574.358227532504	1.0579447746276855
6574.472112247572	1.0459227561950684
6574.58599696264	1.0166515111923218
6574.699881677708	0.9612452387809753
6574.8137663927755	0.9304059743881226
6574.927651107844	0.9340648651123047
6575.041535822912	0.9696084856987
6575.15542053798	1.0166515111923218
6575.269305253048	1.044877290725708
6575.383189968116	1.0548086166381836
6575.497074683184	1.041741132736206
6575.610959398252	1.0506269931793213
6575.72484411332	1.0532405376434326
6575.8387288283875	1.0391275882720947
6575.952613543456	1.043309211730957
6576.066498258524	1.0521950721740723
6576.180382973592	1.0527178049087524
6576.29426768866	1.043309211730957
6576.408152403728	1.0406957864761353
6576.522037118796	1.040173053741455
6576.635921833864	1.0459227561950684
6576.749806548932	1.0469681024551392
6576.8636912639995	1.044877290725708
6576.977575979068	1.0386048555374146
6577.091460694136	1.0454000234603882
6577.205345409204	1.0532405376434326
6577.319230124272	1.0427864789962769
6577.43311483934	1.04801344871521
6577.546999554408	1.0359914302825928
6577.660884269476	1.0339006185531616
6577.774768984544	1.0485361814498901
6577.8886536996115	1.0485361814498901
6578.00253841468	1.0370367765426636
6578.116423129748	1.043309211730957
6578.230307844816	1.0490589141845703
6578.344192559884	1.044877290725708
6578.458077274952	1.044877290725708
6578.57196199002	1.040173053741455
6578.685846705088	1.0386048555374146
6578.799731420156	1.0469681024551392
6578.9136161352235	1.0427864789962769
6579.027500850292	1.0354686975479126
6579.14138556536	1.046445369720459
6579.255270280428	1.0375595092773438
6579.369154995496	1.0328552722930908
6579.483039710564	1.0354686975479126
6579.596924425632	1.0485361814498901
6579.7108091407	1.0307643413543701
6579.824693855768	1.0323325395584106
6579.9385785708355	1.0454000234603882
6580.052463285904	1.0412184000015259
6580.166348000972	1.0370367765426636
6580.28023271604	1.0438318252563477
6580.394117431108	1.0375595092773438
6580.508002146176	1.0302417278289795
6580.621886861244	1.0135152339935303
6580.735771576312	0.9957435131072998
6580.84965629138	1.001493215560913
6580.9635410064475	1.0197877883911133
6581.077425721516	1.0323325395584106
6581.191310436584	1.0406957864761353
6581.305195151652	1.0344232320785522
6581.41907986672	1.0328552722930908
6581.532964581788	1.0422637462615967
6581.646849296856	1.0454000234603882
6581.760734011924	1.0443545579910278
6581.874618726992	1.0412184000015259
6581.9885034420595	1.0427864789962769
6582.102388157128	1.0386048555374146
6582.216272872196	1.0370367765426636
6582.330157587264	1.0339006185531616
6582.444042302332	1.0318098068237305
6582.5579270174	1.0375595092773438
6582.671811732468	1.0323325395584106
6582.785696447536	1.044877290725708
6582.899581162604	1.0427864789962769
6583.0134658776715	1.022401213645935
6583.12735059274	1.0265827178955078
6583.241235307808	1.0176968574523926
6583.355120022876	1.0035840272903442
6583.469004737944	1.015606164932251
6583.582889453012	1.0260601043701172
6583.69677416808	1.0370367765426636
6583.810658883148	1.0354686975479126
6583.924543598216	1.0391275882720947
6584.0384283132835	1.0485361814498901
6584.152313028352	1.046445369720459
6584.26619774342	1.0412184000015259
6584.380082458488	1.0281509160995483
6584.493967173556	1.0474907159805298
6584.607851888624	1.0412184000015259
6584.721736603692	1.044877290725708
6584.83562131876	1.0412184000015259
6584.949506033828	1.0349459648132324
6585.0633907488955	1.0359914302825928
6585.177275463964	1.0391275882720947
6585.291160179032	1.0307643413543701
6585.4050448941	1.0485361814498901
6585.518929609168	1.0307643413543701
6585.632814324236	1.027105450630188
6585.746699039304	1.025537371635437
6585.860583754372	1.0161287784576416
6585.97446846944	1.0328552722930908
6586.0883531845075	1.0323325395584106
6586.202237899576	1.022401213645935
6586.316122614644	1.0114245414733887
6586.430007329712	1.0004477500915527
6586.54389204478	0.9805852174758911
6586.657776759848	0.9879029989242554
6586.771661474916	1.0067201852798462
6586.885546189984	1.0307643413543701
6586.999430905052	1.025537371635437
6587.1133156201195	1.0328552722930908
6587.227200335188	1.0490589141845703
6587.341085050256	1.0438318252563477
6587.454969765324	1.044877290725708
6587.568854480392	1.0495816469192505
6587.68273919546	1.0354686975479126
6587.796623910528	1.0391275882720947
6587.910508625596	1.0354686975479126
6588.024393340664	1.0375595092773438
6588.1382780557315	1.043309211730957
6588.2521627708	1.0386048555374146
6588.366047485868	1.0344232320785522
6588.479932200936	1.0328552722930908
6588.593816916004	1.027105450630188
6588.707701631072	1.0234465599060059
6588.82158634614	1.0328552722930908
6588.935471061208	1.0375595092773438
6589.049355776276	1.039650321006775
6589.1632404913435	1.046445369720459
6589.277125206412	1.040173053741455
6589.39100992148	1.0328552722930908
6589.504894636548	1.025537371635437
6589.618779351616	1.0328552722930908
6589.732664066684	1.0391275882720947
6589.846548781752	1.0359914302825928
6589.96043349682	1.0318098068237305
6590.074318211888	1.036514163017273
6590.1882029269555	1.038082242012024
6590.302087642024	1.038082242012024
6590.415972357092	1.0406957864761353
6590.52985707216	1.0286736488342285
6590.643741787228	1.0349459648132324
6590.757626502296	1.0354686975479126
6590.871511217364	1.0281509160995483
6590.985395932432	1.020310401916504
6591.0992806475	1.0265827178955078
6591.213165362567	1.0244920253753662
6591.327050077636	1.015606164932251
6591.440934792704	1.0302417278289795
6591.554819507772	1.038082242012024
6591.66870422284	1.0276281833648682
6591.782588937908	1.0281509160995483
6591.896473652976	1.0281509160995483
6592.010358368044	1.0197877883911133
6592.124243083112	1.019265055656433
6592.238127798179	1.0244920253753662
6592.352012513248	1.0344232320785522
6592.465897228316	1.0354686975479126
6592.579781943384	1.0307643413543701
6592.693666658452	1.0302417278289795
6592.80755137352	1.0244920253753662
6592.921436088588	1.0234465599060059
6593.035320803656	1.0312870740890503
6593.149205518724	1.0312870740890503
6593.263090233791	1.022401213645935
6593.37697494886	1.0260601043701172
6593.490859663928	1.019265055656433
6593.604744378996	1.022401213645935
6593.7186290940635	1.0307643413543701
6593.832513809132	1.022401213645935
6593.9463985242	1.020833134651184
6594.060283239268	1.0182195901870728
6594.174167954336	1.0265827178955078
6594.288052669404	1.0067201852798462
6594.401937384472	0.9967888593673706
6594.51582209954	1.0182195901870728
6594.629706814608	1.036514163017273
6594.7435915296755	1.0234465599060059
6594.857476244744	1.0302417278289795
6594.971360959812	1.0291962623596191
6595.08524567488	1.0291962623596191
6595.199130389948	1.0302417278289795
6595.313015105015	1.0302417278289795
6595.426899820084	1.0323325395584106
6595.540784535152	1.0229238271713257
6595.65466925022	1.0260601043701172
6595.7685539652875	1.0234465599060059
6595.882438680356	1.0339006185531616
6595.996323395424	1.0443545579910278
6596.110208110492	1.0323325395584106
6596.22409282556	1.0302417278289795
6596.337977540628	1.0276281833648682
6596.451862255696	1.0328552722930908
6596.565746970764	1.0286736488342285
6596.679631685832	1.0129926204681396
6596.7935164008995	1.006197452545166
6596.907401115968	1.0129926204681396
6597.021285831036	1.0234465599060059
6597.135170546104	1.0234465599060059
6597.249055261172	1.025537371635437
6597.36293997624	1.025537371635437
6597.476824691308	1.0145606994628906
6597.590709406376	1.0145606994628906
6597.704594121444	1.023969292640686
6597.8184788365115	1.020310401916504
6597.93236355158	1.0145606994628906
6598.046248266648	1.0291962623596191
6598.160132981716	1.018742322921753
6598.274017696784	1.0197877883911133
6598.387902411852	1.0229238271713257
6598.50178712692	1.0234465599060059
6598.615671841988	1.0302417278289795
6598.729556557056	1.0307643413543701
6598.8434412721235	1.0161287784576416
6598.957325987192	1.019265055656433
6599.07121070226	1.0103790760040283
6599.185095417328	0.9910392165184021
6599.298980132396	1.000970482826233
6599.412864847464	0.9978342652320862
6599.526749562532	1.0082882642745972
6599.6406342776	1.0103790760040283
6599.754518992668	1.023969292640686
6599.8684037077355	1.0291962623596191
6599.982288422804	1.0323325395584106
6600.096173137872	1.0307643413543701
6600.21005785294	1.025537371635437
6600.323942568008	1.0182195901870728
6600.437827283076	1.0182195901870728
6600.551711998144	1.0229238271713257
6600.665596713212	1.0297189950942993
6600.77948142828	1.018742322921753
6600.8933661433475	1.0150834321975708
6601.007250858416	1.0150834321975708
6601.121135573484	1.0166515111923218
6601.235020288552	1.020833134651184
6601.34890500362	1.0344232320785522
6601.462789718688	1.0197877883911133
6601.576674433756	1.023969292640686
6601.690559148824	1.019265055656433
6601.804443863892	1.0056747198104858
6601.9183285789595	1.006197452545166
6602.032213294028	0.9952207803726196
6602.146098009096	0.9988797307014465
6602.259982724164	1.0056747198104858
6602.373867439232	1.0025385618209839
6602.4877521543	0.9978342652320862
6602.601636869368	1.0020158290863037
6602.715521584436	1.0103790760040283
6602.829406299504	1.0129926204681396
6602.9432910145715	0.9978342652320862
6603.05717572964	1.0025385618209839
6603.171060444708	1.0035840272903442
6603.284945159776	1.000970482826233
6603.398829874844	0.9973115921020508
6603.512714589912	1.001493215560913
6603.62659930498	1.000970482826233
6603.740484020048	0.9994024038314819
6603.854368735116	1.0072429180145264
6603.9682534501835	1.0077656507492065
6604.082138165252	1.0109018087387085
6604.19602288032	1.0109018087387085
6604.309907595388	1.018742322921753
6604.423792310456	1.0082882642745972
6604.537677025524	1.0234465599060059
6604.651561740592	0.9994024038314819
6604.76544645566	1.006197452545166
6604.879331170728	0.9988797307014465
6604.9932158857955	1.0004477500915527
6605.107100600864	1.0020158290863037
6605.220985315932	0.9978342652320862
6605.334870031	0.9999251365661621
6605.448754746068	1.0051521062850952
6605.562639461136	1.0103790760040283
6605.676524176204	1.0161287784576416
6605.790408891272	1.015606164932251
6605.90429360634	1.0093337297439575
6606.0181783214075	1.0145606994628906
6606.132063036476	1.0150834321975708
6606.245947751544	1.0182195901870728
6606.359832466612	1.025537371635437
6606.47371718168	1.015606164932251
6606.587601896748	1.0182195901870728
6606.701486611816	1.0260601043701172
6606.815371326884	1.0150834321975708
6606.929256041952	1.0109018087387085
6607.0431407570195	1.020310401916504
6607.157025472088	1.017174243927002
6607.270910187156	1.0260601043701172
6607.384794902224	1.017174243927002
6607.498679617292	1.0166515111923218
6607.61256433236	1.0213557481765747
6607.726449047428	1.0302417278289795
6607.840333762496	1.0124698877334595
6607.954218477564	1.0098563432693481
6608.0681031926315	1.0213557481765747
6608.1819879077	1.0197877883911133
6608.295872622768	1.0229238271713257
6608.409757337836	1.0145606994628906
6608.523642052904	1.0067201852798462
6608.637526767972	1.0119472742080688
6608.75141148304	1.019265055656433
6608.865296198108	1.0166515111923218
6608.979180913176	1.0182195901870728
6609.0930656282435	1.0234465599060059
6609.206950343312	1.0281509160995483
6609.32083505838	1.017174243927002
6609.434719773448	1.0082882642745972
6609.548604488516	1.0176968574523926
6609.662489203584	1.0098563432693481
6609.776373918652	1.0056747198104858
6609.89025863372	1.019265055656433
6610.004143348788	1.027105450630188
6610.1180280638555	1.0119472742080688
6610.231912778924	1.0109018087387085
6610.345797493992	1.0244920253753662
6610.45968220906	1.0041067600250244
6610.573566924128	1.0124698877334595
6610.687451639196	1.018742322921753
6610.801336354264	1.0182195901870728
6610.915221069332	1.0109018087387085
6611.0291057844	1.018742322921753
6611.1429904994675	1.0213557481765747
6611.256875214536	1.023969292640686
6611.370759929604	1.0109018087387085
6611.484644644672	1.0119472742080688
6611.59852935974	1.0098563432693481
6611.712414074808	1.0051521062850952
6611.826298789876	0.9988797307014465
6611.940183504944	1.0119472742080688
6612.054068220012	1.0077656507492065
6612.1679529350795	1.0234465599060059
6612.281837650148	1.003061294555664
6612.395722365216	1.0056747198104858
6612.509607080284	0.9931300282478333
6612.623491795352	1.017174243927002
6612.73737651042	1.0103790760040283
6612.851261225488	1.0166515111923218
6612.965145940556	1.0103790760040283
6613.079030655624	1.0103790760040283
6613.1929153706915	1.006197452545166
6613.30680008576	1.0051521062850952
6613.420684800828	1.0218784809112549
6613.534569515896	1.0197877883911133
6613.648454230964	1.0067201852798462
6613.762338946032	1.0088109970092773
6613.8762236611	1.0103790760040283
6613.990108376168	1.0103790760040283
6614.103993091236	1.0218784809112549
6614.2178778063035	0.9983569979667664
6614.331762521372	1.0150834321975708
6614.44564723644	1.0135152339935303
6614.559531951508	1.015606164932251
6614.673416666576	1.0145606994628906
6614.787301381644	1.0150834321975708
6614.901186096712	1.0140379667282104
6615.01507081178	1.001493215560913
6615.128955526848	1.0276281833648682
6615.2428402419155	1.0072429180145264
6615.356724956984	1.0176968574523926
6615.470609672052	1.0176968574523926
6615.58449438712	1.015606164932251
6615.698379102188	1.006197452545166
6615.812263817256	1.0119472742080688
6615.926148532324	1.017174243927002
6616.040033247392	1.0098563432693481
6616.15391796246	1.015606164932251
6616.267802677528	1.0109018087387085
6616.381687392596	1.0098563432693481
6616.495572107664	1.0072429180145264
6616.609456822732	1.0098563432693481
6616.7233415378	1.0072429180145264
6616.837226252868	0.9973115921020508
6616.951110967936	0.99626624584198
6617.064995683004	1.0135152339935303
6617.178880398072	1.0020158290863037
6617.2927651131395	1.0218784809112549
6617.406649828208	1.0035840272903442
6617.520534543276	0.9973115921020508
6617.634419258344	1.003061294555664
6617.748303973412	1.0082882642745972
6617.86218868848	1.0150834321975708
6617.976073403548	1.0098563432693481
6618.089958118616	1.0182195901870728
6618.203842833684	1.0124698877334595
6618.317727548752	1.0098563432693481
6618.43161226382	1.0041067600250244
6618.545496978888	1.0035840272903442
6618.659381693956	1.0135152339935303
6618.773266409024	1.0051521062850952
6618.887151124092	1.0161287784576416
6619.00103583916	1.0035840272903442
6619.114920554228	1.0004477500915527
6619.228805269296	1.001493215560913
6619.342689984364	1.0020158290863037
6619.456574699432	1.0119472742080688
6619.5704594145	1.0114245414733887
6619.684344129568	1.0067201852798462
6619.798228844636	1.0041067600250244
6619.912113559704	1.0067201852798462
6620.025998274772	1.006197452545166
6620.13988298984	1.0056747198104858
6620.253767704908	1.0166515111923218
6620.367652419976	1.0135152339935303
6620.481537135044	1.0004477500915527
6620.595421850112	1.0067201852798462
6620.70930656518	1.0140379667282104
6620.823191280248	1.0041067600250244
6620.937075995316	1.0098563432693481
6621.050960710384	1.0082882642745972
6621.164845425452	0.9978342652320862
6621.27873014052	1.0109018087387085
6621.392614855588	1.0067201852798462
6621.506499570656	1.0020158290863037
6621.620384285724	1.0041067600250244
6621.734269000792	1.006197452545166
6621.84815371586	1.0119472742080688
6621.962038430928	1.0082882642745972
6622.075923145996	1.0077656507492065
6622.189807861064	1.0088109970092773
6622.303692576132	1.0129926204681396
6622.4175772912	1.006197452545166
6622.531462006268	1.0025385618209839
6622.645346721336	1.003061294555664
6622.759231436404	0.9957435131072998
6622.873116151472	1.000970482826233
6622.98700086654	1.0051521062850952
6623.100885581608	1.003061294555664
6623.214770296676	1.0067201852798462
6623.328655011744	1.0025385618209839
6623.442539726812	1.0109018087387085
6623.55642444188	1.006197452545166
6623.670309156948	0.9999251365661621
6623.784193872016	1.001493215560913
6623.898078587084	1.004629373550415
6624.011963302152	1.001493215560913
6624.12584801722	0.9957435131072998
6624.239732732288	0.9967888593673706
6624.353617447356	1.0051521062850952
6624.467502162424	0.9994024038314819
6624.581386877492	0.9931300282478333
6624.69527159256	1.003061294555664
6624.809156307628	0.9973115921020508
6624.9230410226955	0.9837213754653931
6625.036925737764	0.994175374507904
6625.150810452832	0.9988797307014465
6625.2646951679	0.9983569979667664
6625.378579882968	0.9983569979667664
6625.492464598036	0.9931300282478333
6625.606349313104	0.9774489998817444
6625.720234028172	0.9795397520065308
6625.83411874324	0.9779717326164246
6625.9480034583075	0.9581091403961182
6626.061888173376	0.948700487613678
6626.175772888444	0.9257017374038696
6626.289657603512	0.9398146271705627
6626.40354231858	0.9335422515869141
6626.517427033648	0.9372011423110962
6626.631311748716	0.9434735178947449
6626.745196463784	0.9601998925209045
6626.859081178852	0.9769262671470642
6626.9729658939195	0.9837213754653931
6627.086850608988	0.9931300282478333
6627.200735324056	0.9978342652320862
6627.314620039124	0.9926072955131531
6627.428504754192	1.0041067600250244
6627.54238946926	1.0056747198104858
6627.656274184328	1.0124698877334595
6627.770158899396	1.003061294555664
6627.884043614464	1.000970482826233
6627.9979283295315	1.004629373550415
6628.1118130446	1.0109018087387085
6628.225697759668	1.0072429180145264
6628.339582474736	1.0098563432693481
6628.453467189804	1.001493215560913
6628.567351904872	1.0103790760040283
6628.68123661994	1.0103790760040283
6628.795121335008	1.003061294555664
6628.909006050076	1.0082882642745972
6629.0228907651435	0.9994024038314819
6629.136775480212	0.9999251365661621
6629.25066019528	0.9936527609825134
6629.364544910348	0.9978342652320862
6629.478429625416	0.9931300282478333
6629.592314340484	1.0077656507492065
6629.706199055552	0.9988797307014465
6629.82008377062	1.0067201852798462
6629.933968485688	1.0119472742080688
6630.0478532007555	1.0124698877334595
6630.161737915824	1.0135152339935303
6630.275622630892	1.0103790760040283
6630.38950734596	1.0051521062850952
6630.503392061028	1.0150834321975708
6630.617276776096	0.9967888593673706
6630.731161491164	1.0077656507492065
6630.845046206232	1.0182195901870728
6630.9589309213	1.0114245414733887
6631.0728156363675	0.9978342652320862
6631.186700351436	0.9926072955131531
6631.300585066504	1.0093337297439575
6631.414469781572	1.0004477500915527
6631.52835449664	1.0035840272903442
6631.642239211708	0.9952207803726196
6631.756123926776	1.0067201852798462
6631.870008641844	1.0161287784576416
6631.983893356912	1.0088109970092773
6632.0977780719795	0.9973115921020508
6632.211662787048	1.001493215560913
6632.325547502116	1.0041067600250244
6632.439432217184	0.9994024038314819
6632.553316932252	1.003061294555664
6632.66720164732	1.0067201852798462
6632.781086362388	1.006197452545166
6632.894971077456	1.0077656507492065
6633.008855792524	1.0082882642745972
6633.1227405075915	1.0025385618209839
6633.23662522266	1.0088109970092773
6633.350509937728	1.0051521062850952
6633.464394652796	0.9988797307014465
6633.578279367864	1.001493215560913
6633.692164082932	1.0041067600250244
6633.806048798	1.0135152339935303
6633.919933513068	1.0114245414733887
6634.033818228136	1.0119472742080688
6634.1477029432035	1.0109018087387085
6634.261587658272	1.0166515111923218
6634.37547237334	1.017174243927002
6634.489357088408	1.0004477500915527
6634.603241803476	0.9910392165184021
6634.717126518544	1.0004477500915527
6634.831011233612	1.0072429180145264
6634.94489594868	1.004629373550415
6635.058780663748	0.9894711375236511
6635.1726653788155	0.9988797307014465
6635.286550093884	1.0020158290863037
6635.400434808952	0.99626624584198
6635.51431952402	1.001493215560913
6635.628204239088	0.9978342652320862
6635.742088954156	1.0035840272903442
6635.855973669224	1.0135152339935303
6635.969858384292	1.0082882642745972
6636.08374309936	1.000970482826233
6636.1976278144275	1.0020158290863037
6636.311512529496	1.0056747198104858
6636.425397244564	1.0077656507492065
6636.539281959632	1.0088109970092773
6636.6531666747	1.004629373550415
6636.767051389768	1.0025385618209839
6636.880936104836	1.0088109970092773
6636.994820819904	1.004629373550415
6637.108705534972	1.0051521062850952
6637.2225902500395	0.9915618896484375
6637.336474965108	1.000970482826233
6637.450359680176	1.0067201852798462
6637.564244395244	1.0135152339935303
6637.678129110312	1.003061294555664
6637.79201382538	0.9957435131072998
6637.905898540448	0.9999251365661621
6638.019783255516	1.001493215560913
6638.133667970584	1.0103790760040283
6638.247552685652	0.9994024038314819
6638.36143740072	1.001493215560913
6638.475322115788	1.0035840272903442
6638.589206830856	1.001493215560913
6638.703091545924	1.0077656507492065
6638.816976260992	1.0025385618209839
6638.93086097606	1.0041067600250244
6639.044745691128	1.0051521062850952
6639.158630406196	1.0025385618209839
6639.2725151212635	0.9978342652320862
6639.386399836332	1.0004477500915527
6639.5002845514	0.9988797307014465
6639.614169266468	1.0145606994628906
6639.728053981536	1.0109018087387085
6639.841938696604	1.0093337297439575
6639.955823411672	0.9999251365661621
6640.06970812674	1.015606164932251
6640.183592841808	1.0056747198104858
6640.297477556876	1.0067201852798462
6640.411362271944	1.0056747198104858
6640.525246987012	0.9931300282478333
6640.63913170208	0.9994024038314819
6640.753016417148	0.9999251365661621
6640.866901132216	0.9994024038314819
6640.980785847284	0.9946981072425842
6641.094670562352	0.9957435131072998
6641.20855527742	1.0035840272903442
6641.322439992488	1.004629373550415
6641.436324707556	1.0035840272903442
6641.550209422624	1.000970482826233
6641.664094137692	0.9926072955131531
6641.77797885276	0.9999251365661621
6641.891863567828	0.9915618896484375
6642.005748282896	0.9873802661895752
6642.119632997964	0.9936527609825134
6642.233517713032	1.0020158290863037
6642.3474024281	1.006197452545166
6642.461287143168	1.0093337297439575
6642.575171858236	1.0035840272903442
6642.689056573304	0.9967888593673706
6642.802941288372	1.0056747198104858
6642.91682600344	1.0051521062850952
6643.030710718508	0.9926072955131531
6643.144595433576	0.9957435131072998
6643.258480148644	0.9983569979667664
6643.372364863712	0.9967888593673706
6643.48624957878	1.003061294555664
6643.600134293848	0.9988797307014465
6643.714019008916	1.0124698877334595
6643.827903723984	0.9999251365661621
6643.941788439052	1.015606164932251
6644.05567315412	0.9946981072425842
6644.169557869188	1.0004477500915527
6644.283442584256	1.000970482826233
6644.397327299324	1.0020158290863037
6644.511212014392	1.0004477500915527
6644.62509672946	1.0004477500915527
6644.738981444528	0.9957435131072998
6644.852866159596	0.9983569979667664
6644.966750874664	0.9910392165184021
6645.080635589732	1.001493215560913
6645.1945203048	0.9894711375236511
6645.308405019868	1.0072429180145264
6645.422289734936	1.004629373550415
6645.536174450004	1.0166515111923218
6645.650059165072	0.9894711375236511
6645.76394388014	0.9879029989242554
6645.877828595208	1.0051521062850952
6645.991713310276	1.0025385618209839
6646.105598025344	1.0056747198104858
6646.219482740412	0.9973115921020508
6646.33336745548	0.9999251365661621
6646.447252170548	0.994175374507904
6646.561136885616	1.0098563432693481
6646.675021600684	1.0035840272903442
6646.788906315752	0.994175374507904
6646.90279103082	1.0020158290863037
6647.016675745888	1.0035840272903442
6647.130560460956	1.0035840272903442
6647.244445176024	0.9899937510490417
6647.358329891092	0.9936527609825134
6647.47221460616	1.0088109970092773
6647.586099321228	1.0035840272903442
6647.699984036296	1.0041067600250244
6647.813868751364	1.0020158290863037
6647.927753466432	0.99626624584198
6648.0416381815	0.9915618896484375
6648.155522896568	1.0072429180145264
6648.269407611636	1.0129926204681396
6648.383292326704	1.006197452545166
6648.497177041772	1.0004477500915527
6648.61106175684	0.9931300282478333
6648.724946471908	0.9873802661895752
6648.838831186976	0.9988797307014465
6648.952715902044	0.9994024038314819
6649.066600617112	0.9800624847412109
6649.18048533218	0.988948404788971
6649.294370047248	0.9967888593673706
6649.408254762316	0.9915618896484375
6649.522139477384	0.9967888593673706
6649.636024192452	1.0082882642745972
6649.74990890752	0.9973115921020508
6649.863793622588	0.9910392165184021
6649.977678337656	0.9978342652320862
6650.091563052724	1.0176968574523926
6650.205447767792	1.0098563432693481
6650.31933248286	1.0035840272903442
6650.433217197928	0.9999251365661621
6650.547101912996	0.9910392165184021
6650.660986628064	1.0004477500915527
6650.774871343132	0.9926072955131531
6650.8887560582	1.004629373550415
6651.002640773268	0.9952207803726196
6651.116525488336	0.9978342652320862
6651.230410203404	0.9926072955131531
6651.344294918472	0.9957435131072998
6651.45817963354	0.9999251365661621
6651.572064348608	1.0067201852798462
6651.685949063676	0.9988797307014465
6651.799833778744	0.9931300282478333
6651.913718493812	1.0072429180145264
6652.02760320888	1.006197452545166
6652.141487923948	0.9920846223831177
6652.255372639016	0.9967888593673706
6652.369257354084	1.0088109970092773
6652.483142069152	1.0020158290863037
6652.59702678422	0.9957435131072998
6652.710911499288	1.006197452545166
6652.824796214356	1.0004477500915527
6652.938680929424	1.0020158290863037
6653.052565644492	0.9946981072425842
6653.16645035956	0.9899937510490417
6653.280335074628	1.0056747198104858
6653.394219789696	0.9946981072425842
6653.508104504764	0.9905164837837219
6653.621989219832	0.9936527609825134
6653.7358739349	1.0025385618209839
6653.849758649968	1.0004477500915527
6653.963643365036	0.9973115921020508
6654.077528080104	0.9967888593673706
6654.191412795172	0.9999251365661621
6654.30529751024	1.0004477500915527
6654.419182225308	1.0109018087387085
6654.533066940376	1.0103790760040283
6654.646951655444	0.9905164837837219
6654.760836370512	0.9978342652320862
6654.87472108558	0.9899937510490417
6654.988605800648	0.9884257316589355
6655.1024905157155	0.9988797307014465
6655.216375230784	0.9920846223831177
6655.330259945852	0.9983569979667664
6655.44414466092	0.994175374507904
6655.558029375988	1.0056747198104858
6655.671914091056	0.9894711375236511
6655.785798806124	0.9894711375236511
6655.899683521192	1.006197452545166
6656.01356823626	1.0406957864761353
6656.1274529513275	0.9852895140647888
6656.241337666396	0.9957435131072998
6656.355222381464	1.003061294555664
6656.469107096532	0.985812246799469
6656.5829918116	0.9905164837837219
6656.696876526668	0.9978342652320862
6656.810761241736	0.985812246799469
6656.924645956804	0.9988797307014465
6657.038530671872	1.0056747198104858
6657.1524153869395	0.9988797307014465
6657.266300102008	1.0025385618209839
6657.380184817076	1.003061294555664
6657.494069532144	0.9978342652320862
6657.607954247212	1.0020158290863037
6657.72183896228	0.9957435131072998
6657.835723677348	0.9894711375236511
6657.949608392416	0.9863348603248596
6658.063493107484	0.9931300282478333
6658.177377822552	0.9994024038314819
6658.29126253762	0.9926072955131531
6658.405147252688	0.9957435131072998
6658.519031967756	0.9884257316589355
6658.632916682824	0.9920846223831177
6658.746801397892	0.9952207803726196
6658.86068611296	1.0072429180145264
6658.974570828028	0.9899937510490417
6659.088455543096	0.9837213754653931
6659.2023402581635	0.9920846223831177
6659.316224973232	0.9899937510490417
6659.4301096883	0.9879029989242554
6659.543994403368	0.9873802661895752
6659.657879118436	0.9988797307014465
6659.771763833504	0.9894711375236511
6659.885648548572	1.001493215560913
6659.99953326364	0.9915618896484375
6660.113417978708	0.988948404788971
6660.227302693776	0.9873802661895752
6660.341187408844	0.985812246799469
6660.455072123912	0.9894711375236511
6660.56895683898	0.9910392165184021
6660.682841554048	0.9863348603248596
6660.796726269116	0.9873802661895752
6660.910610984184	0.988948404788971
6661.024495699252	0.994175374507904
6661.13838041432	0.9873802661895752
6661.2522651293875	0.9842441082000732
6661.366149844456	0.9926072955131531
6661.480034559524	0.99626624584198
6661.593919274592	1.003061294555664
6661.70780398966	0.9926072955131531
6661.821688704728	0.988948404788971
6661.935573419796	0.9905164837837219
6662.049458134864	0.9879029989242554
6662.163342849932	0.9931300282478333
6662.277227565	1.0035840272903442
6662.391112280068	0.9884257316589355
6662.504996995136	0.9821532964706421
6662.618881710204	0.985812246799469
6662.732766425272	0.9915618896484375
6662.84665114034	0.9926072955131531
6662.960535855408	0.9837213754653931
6663.074420570476	0.9931300282478333
6663.188305285544	0.9884257316589355
6663.302190000612	0.9920846223831177
6663.41607471568	0.9842441082000732
6663.529959430748	0.9863348603248596
6663.643844145816	0.9926072955131531
6663.757728860884	0.9931300282478333
6663.871613575952	0.99626624584198
6663.98549829102	1.0088109970092773
6664.099383006088	0.9884257316589355
6664.213267721156	0.9905164837837219
6664.327152436224	0.994175374507904
6664.441037151292	0.9879029989242554
6664.55492186636	0.9920846223831177
6664.668806581428	0.9946981072425842
6664.782691296496	0.99626624584198
6664.896576011564	0.99626624584198
6665.010460726632	0.9926072955131531
6665.1243454417	0.9842441082000732
6665.238230156768	0.985812246799469
6665.352114871836	0.9868575930595398
6665.465999586904	0.988948404788971
6665.579884301972	0.9894711375236511
6665.69376901704	0.9842441082000732
6665.807653732108	0.9978342652320862
6665.921538447176	1.0020158290863037
6666.035423162244	0.9946981072425842
6666.149307877312	0.9952207803726196
6666.26319259238	0.9915618896484375
6666.377077307448	0.9816306233406067
6666.490962022516	0.9978342652320862
6666.604846737584	1.001493215560913
6666.718731452652	0.9899937510490417
6666.83261616772	0.9847667813301086
6666.946500882788	0.9899937510490417
6667.060385597856	0.9931300282478333
6667.174270312924	0.9764035940170288
6667.288155027992	0.9800624847412109
6667.40203974306	0.9879029989242554
6667.515924458128	0.99626624584198
6667.629809173196	0.988948404788971
6667.743693888264	0.9816306233406067
6667.857578603332	0.9831987023353577
6667.9714633184	0.9811078906059265
6668.085348033468	0.9926072955131531
6668.199232748536	0.988948404788971
6668.313117463604	0.9837213754653931
6668.427002178672	0.9826760292053223
6668.54088689374	0.9905164837837219
6668.654771608808	0.9842441082000732
6668.768656323876	0.9905164837837219
6668.882541038944	0.994175374507904
6668.996425754012	0.9837213754653931
6669.11031046908	0.9816306233406067
6669.224195184148	1.0051521062850952
6669.338079899216	0.9899937510490417
6669.451964614284	0.9831987023353577
6669.565849329352	0.9831987023353577
6669.67973404442	0.9790171384811401
6669.793618759488	0.9868575930595398
6669.907503474556	0.9831987023353577
6670.021388189624	0.9967888593673706
6670.135272904692	1.0025385618209839
6670.24915761976	0.9884257316589355
6670.363042334828	0.9884257316589355
6670.476927049896	0.9894711375236511
6670.590811764964	0.9926072955131531
6670.704696480032	0.9894711375236511
6670.8185811951	0.9800624847412109
6670.932465910168	0.9764035940170288
6671.046350625236	0.97849440574646
6671.160235340304	0.9957435131072998
6671.274120055372	0.9894711375236511
6671.38800477044	0.9795397520065308
6671.501889485508	0.9842441082000732
6671.615774200576	0.9831987023353577
6671.729658915644	0.9769262671470642
6671.843543630712	0.9873802661895752
6671.95742834578	0.9811078906059265
6672.071313060848	0.9764035940170288
6672.185197775916	0.9790171384811401
6672.299082490984	0.9758808612823486
6672.412967206052	0.968040406703949
6672.52685192112	0.9696084856987
6672.640736636188	0.9899937510490417
6672.754621351256	0.9842441082000732
6672.868506066324	0.9722219705581665
6672.982390781392	0.9831987023353577
6673.09627549646	0.9837213754653931
6673.210160211528	0.9748355150222778
6673.324044926596	0.9758808612823486
6673.437929641664	0.9899937510490417
6673.551814356732	0.9837213754653931
6673.6656990718	0.9706538915634155
6673.779583786868	0.9790171384811401
6673.893468501936	0.9779717326164246
6674.007353217004	0.9805852174758911
6674.121237932072	0.9758808612823486
6674.23512264714	0.9764035940170288
6674.349007362208	0.97849440574646
6674.462892077276	0.9675177335739136
6674.576776792344	0.9612452387809753
6674.690661507412	0.9737901091575623
6674.80454622248	0.9617679715156555
6674.918430937548	0.964904248714447
6675.032315652616	0.959154486656189
6675.146200367684	0.9528821110725403
6675.260085082752	0.9518367052078247
6675.37396979782	0.954450249671936
6675.487854512888	0.9298832416534424
6675.601739227956	0.9387692213058472
6675.715623943024	0.9351102709770203
6675.829508658092	0.9115887880325317
6675.94339337316	0.9168157577514648
6676.057278088228	0.8979986310005188
6676.171162803296	0.8755224943161011
6676.285047518364	0.8776132464408875
6676.398932233432	0.8912035226821899
6676.5128169485	0.8734317421913147
6676.626701663568	0.8776132464408875
6676.740586378636	0.8854537606239319
6676.854471093704	0.8880672454833984
6676.968355808772	0.9063617587089539
6677.08224052384	0.9183838963508606
6677.196125238908	0.9142022728919983
6677.310009953976	0.9481777548789978
6677.423894669044	0.9257017374038696
6677.537779384112	0.9466097354888916
6677.65166409918	0.9330195188522339
6677.765548814248	0.936678409576416
6677.879433529316	0.9324967861175537
6677.993318244384	0.9288378953933716
6678.107202959452	0.9319741129875183
6678.22108767452	0.9319741129875183
6678.334972389588	0.9372011423110962
6678.448857104656	0.9413827061653137
6678.562741819724	0.9361557364463806
6678.676626534792	0.9340648651123047
6678.79051124986	0.9288378953933716
6678.904395964928	0.9199519753456116
6679.018280679996	0.9189066290855408
6679.132165395064	0.9220427870750427
6679.246050110132	0.9257017374038696
6679.3599348252	0.9309287071228027
6679.473819540268	0.947132408618927
6679.587704255336	0.9523593783378601
6679.701588970404	0.9408599734306335
6679.815473685472	0.9377237558364868
6679.92935840054	0.9539275169372559
6680.043243115608	0.9622907042503357
6680.1571278306765	0.9659495949745178
6680.271012545744	0.9633361101150513
6680.384897260812	0.9596772193908691
6680.49878197588	0.9633361101150513
6680.612666690948	0.9769262671470642
6680.726551406016	0.9748355150222778
6680.840436121084	0.9716992974281311
6680.954320836152	0.9826760292053223
6681.06820555122	0.9831987023353577
6681.182090266288	0.9654268622398376
6681.295974981356	0.9816306233406067
6681.409859696424	0.985812246799469
6681.523744411492	0.985812246799469
6681.63762912656	0.9873802661895752
6681.751513841628	0.9852895140647888
6681.865398556696	0.9826760292053223
6681.979283271764	0.975358247756958
6682.093167986832	0.9811078906059265
6682.2070527019005	0.9868575930595398
6682.320937416968	0.9826760292053223
6682.434822132036	0.9894711375236511
6682.548706847104	0.9852895140647888
6682.662591562172	0.9774489998817444
6682.77647627724	0.9800624847412109
6682.890360992308	0.9994024038314819
6683.004245707376	0.9837213754653931
6683.118130422444	1.0109018087387085
6683.232015137512	0.9837213754653931
6683.34589985258	0.9905164837837219
6683.459784567648	0.9905164837837219
6683.573669282716	0.9795397520065308
6683.687553997784	0.9957435131072998
6683.801438712852	0.975358247756958
6683.91532342792	0.9826760292053223
6684.029208142988	0.9879029989242554
6684.143092858056	0.9831987023353577
6684.2569775731245	0.985812246799469
6684.370862288192	0.9915618896484375
6684.48474700326	0.9821532964706421
6684.598631718328	0.9873802661895752
6684.712516433396	0.9837213754653931
6684.826401148464	0.9837213754653931
6684.940285863532	0.9879029989242554
6685.0541705786	0.9779717326164246
6685.168055293668	0.9936527609825134
6685.2819400087365	0.9826760292053223
6685.395824723804	0.9837213754653931
6685.509709438872	0.9879029989242554
6685.62359415394	0.9873802661895752
6685.737478869008	0.9905164837837219
6685.851363584076	0.9952207803726196
6685.965248299144	0.9837213754653931
6686.079133014212	0.9910392165184021
6686.19301772928	0.9884257316589355
6686.306902444348	0.97849440574646
6686.420787159416	0.9926072955131531
6686.534671874484	0.9811078906059265
6686.648556589552	0.9837213754653931
6686.76244130462	0.9868575930595398
6686.876326019688	0.9915618896484375
6686.990210734756	0.9884257316589355
6687.104095449824	0.9743127822875977
6687.217980164892	0.9821532964706421
6687.33186487996	0.9999251365661621
6687.445749595028	0.9910392165184021
6687.559634310096	0.9764035940170288
6687.673519025164	0.9800624847412109
6687.787403740232	0.988948404788971
6687.9012884553	0.9894711375236511
6688.015173170368	0.9926072955131531
6688.129057885436	0.9920846223831177
6688.242942600504	0.9816306233406067
6688.356827315572	0.9811078906059265
6688.47071203064	0.9826760292053223
6688.584596745708	0.9936527609825134
6688.698481460776	0.9873802661895752
6688.812366175844	0.9868575930595398
6688.926250890912	0.9884257316589355
6689.04013560598	0.9795397520065308
6689.154020321048	0.9774489998817444
6689.267905036116	0.9779717326164246
6689.381789751184	0.9821532964706421
6689.495674466252	0.988948404788971
6689.60955918132	0.9795397520065308
6689.723443896388	0.9831987023353577
6689.837328611456	0.9842441082000732
6689.951213326524	0.9852895140647888
6690.065098041592	0.97849440574646
6690.17898275666	0.9790171384811401
6690.292867471728	0.9685631394386292
6690.406752186796	0.9659495949745178
6690.520636901864	0.9758808612823486
