6522.58	0.116067
6522.58	1.052327036857605
6522.696067	1.0341650247573853
6522.812134	1.0298819541931152
6522.928201	1.041306972503662
6523.044268	1.0013890266418457
6523.160335	1.0061899423599243
6523.2764019999995	1.0040010213851929
6523.392469	0.9881759881973267
6523.508536	0.988772988319397
6523.624603	0.970287024974823
6523.74067	0.9842349886894226
6523.856737	0.9717209935188293
6523.972804	0.9772940278053284
6524.088871	0.9930559992790222
6524.204938	1.0033559799194336
6524.321005	1.0363010168075562
6524.437072	1.0430660247802734
6524.553139	1.0411289930343628
6524.669206	1.0489059686660767
6524.7852729999995	1.0444769859313965
6524.90134	1.0335580110549927
6525.017407	1.0173499584197998
6525.133474	1.0322209596633911
6525.249541	1.0134350061416626
6525.365608	1.012017011642456
6525.481675	1.012086033821106
6525.597742	0.9774199724197388
6525.713809	0.9786419868469238
6525.829876	0.9765160083770752
6525.945943	1.009634017944336
6526.06201	0.9912959933280945
6526.178077	1.0335140228271484
6526.2941439999995	1.0145909786224365
6526.410211	0.9927340149879456
6526.526278	1.030344009399414
6526.642345	1.021628975868225
6526.758412	1.0236680507659912
6526.874479	1.006160020828247
6526.990546	1.0064280033111572
6527.106613	1.0261590480804443
6527.22268	1.0224599838256836
6527.338747	1.0144799947738647
6527.454814	1.017611026763916
6527.570881	1.0339980125427246
6527.686948	1.050068974494934
6527.8030149999995	1.06940495967865
6527.919082	1.076488971710205
6528.035149	1.0585429668426514
6528.151216	1.0488590002059937
6528.267283	1.0243799686431885
6528.38335	1.0389389991760254
6528.499417	1.0441559553146362
6528.615484	1.0376460552215576
6528.731551	1.0269140005111694
6528.847618	1.0187100172042847
6528.963685	1.0309900045394897
6529.079752	1.0263969898223877
6529.195819	1.0144360065460205
6529.3118859999995	1.0271090269088745
6529.427953	0.9993129968643188
6529.54402	1.013442039489746
6529.660087	1.0050740242004395
6529.776154	1.0028539896011353
6529.892221	1.0320229530334473
6530.008288	1.022961974143982
6530.124355	1.0275640487670898
6530.240422	1.0250170230865479
6530.356489	0.9986129999160767
6530.472556	0.996990978717804
6530.588623	0.9888290166854858
6530.70469	0.980122983455658
6530.8207569999995	1.0092430114746094
6530.936824	1.0136810541152954
6531.052891	0.9982560276985168
6531.168958	1.0144590139389038
6531.285025	0.9955649971961975
6531.401092	0.9865800142288208
6531.517159	1.0179699659347534
6531.633226	1.0144970417022705
6531.749293	1.0335849523544312
6531.86536	1.0230540037155151
6531.981427	1.1080600023269653
6532.097494	1.0495890378952026
6532.213561	1.0522910356521606
6532.3296279999995	1.0482219457626343
6532.445695	1.047532081604004
6532.561762	1.046842098236084
6532.677829	1.0461522340774536
6532.793896	1.0454622507095337
6532.909963	1.0447723865509033
6533.02603	1.0440824031829834
6533.142097	1.043392539024353
6533.258164	1.0427026748657227
6533.374231	1.0420126914978027
6533.490298	1.0413228273391724
6533.606365	1.0406328439712524
6533.722432	1.039942979812622
6533.8384989999995	1.029121994972229
6533.954566	0.9983350038528442
6534.070633	0.9960359930992126
6534.1867	1.005998969078064
6534.302767	1.009835958480835
6534.418834	0.9918090105056763
6534.534901	0.9870619773864746
6534.650968	0.9858890175819397
6534.767035	0.9890779852867126
6534.883102	0.9979569911956787
6534.999169	0.9972270131111145
6535.115236	0.9979879856109619
6535.231303	0.9805920124053955
6535.3473699999995	0.9918919801712036
6535.463437	0.9897720217704773
6535.579504	0.9939349889755249
6535.695571	0.989450991153717
6535.811638	0.9946500062942505
6535.927705	0.9792519807815552
6536.043772	0.9801819920539856
6536.159839	0.9844250082969666
6536.275906	0.9833930134773254
6536.391973	0.966871976852417
6536.50804	0.9654459953308105
6536.624107	0.9827079772949219
6536.740174	0.9831799864768982
6536.8562409999995	0.9919959902763367
6536.972308	1.0176010131835938
6537.088375	1.0316989421844482
6537.204442	1.0308270454406738
6537.320509	1.0184210538864136
6537.436576	1.0191370248794556
6537.552643	1.0163689851760864
6537.66871	1.0052549839019775
6537.784777	1.0146369934082031
6537.900844	1.0069530010223389
6538.016911	1.009313941001892
6538.132978	1.012516975402832
6538.249045	1.0078730583190918
6538.3651119999995	1.035823941230774
6538.481179	1.0430259704589844
6538.597246	1.039057970046997
6538.713313	1.0225399732589722
6538.82938	1.0108180046081543
6538.945447	1.0220609903335571
6539.061514	1.0168219804763794
6539.177581	1.004372000694275
6539.293648	1.006050944328308
6539.409715	0.9997959733009338
6539.525782	0.9874150156974792
6539.641849	1.0036170482635498
6539.757916	0.9981729984283447
6539.8739829999995	1.005797028541565
6539.99005	1.0204739570617676
6540.106117	1.0159059762954712
6540.222184	1.0177780389785767
6540.338251	0.9980660080909729
6540.454318	0.9979580044746399
6540.570385	1.0042669773101807
6540.686452	0.9952960014343262
6540.802519	1.0080080032348633
6540.918586	1.0163259506225586
6541.034653	1.0067009925842285
6541.15072	1.0063129663467407
6541.266787	0.9918869733810425
6541.3828539999995	0.9850929975509644
6541.498921	1.0083110332489014
6541.614988	0.9851469993591309
6541.731055	0.9745330214500427
6541.847122	0.9804810285568237
6541.963189	0.9816110134124756
6542.079256	0.987866997718811
6542.195323	0.9536409974098206
6542.31139	0.9772430062294006
6542.427457	0.9909549951553345
6542.543524	0.9880189895629883
6542.659591	1.013543963432312
6542.775658	0.996616005897522
6542.8917249999995	1.002632975578308
6543.007792	0.9828090071678162
6543.123859	0.9888030290603638
6543.239926	0.9923660159111023
6543.355993	0.9648209810256958
6543.47206	0.979237973690033
6543.588127	0.9702249765396118
6543.704194	0.9595900177955627
6543.820261	0.9286569952964783
6543.936328	0.9134330153465271
6544.052395	0.9492210149765015
6544.168462	0.9696080088615417
6544.284529	0.9967060089111328
6544.4005959999995	0.9971140027046204
6544.516663	0.9753029942512512
6544.63273	0.9799839854240417
6544.748797	0.9745889902114868
6544.864864	0.9648360013961792
6544.980931	0.9614800214767456
6545.096998	0.9566249847412109
6545.213065	0.9498550295829773
6545.329132	0.9540740251541138
6545.445199	0.9524719715118408
6545.561266	0.9505770206451416
6545.677333	0.9679030179977417
6545.7934	0.9867050051689148
6545.9094669999995	0.9914810061454773
6546.025534	0.9940549731254578
6546.141601	0.9748460054397583
6546.257668	0.9979329705238342
6546.373735	0.9969189763069153
6546.489802	0.9995009899139404
6546.605869	1.0014909505844116
6546.721936	0.9996820092201233
6546.838003	0.9932309985160828
6546.95407	1.0094560384750366
6547.070137	0.9994770288467407
6547.186204	0.9886109828948975
6547.302271	0.9847859740257263
6547.4183379999995	0.9865779876708984
6547.534405	0.9809659719467163
6547.650472	0.9736260175704956
6547.766539	0.9704409837722778
6547.882606	0.9992989897727966
6547.998673	1.0068390369415283
6548.11474	0.9961649775505066
6548.230807	0.9817759990692139
6548.346874	0.9561489820480347
6548.462941	0.9216470122337341
6548.579008	0.8924620151519775
6548.695075	0.913864016532898
6548.811142	0.9455980062484741
6548.9272089999995	0.957722008228302
6549.043276	0.9777200222015381
6549.159343	0.9821460247039795
6549.27541	0.9869830012321472
6549.391477	0.9989089965820312
6549.507544	0.9994419813156128
6549.623611	0.9965469837188721
6549.739678	1.0059670209884644
6549.855745	1.0057480335235596
6549.971812	0.9964500069618225
6550.087879	0.9914230108261108
6550.203946	1.0161000490188599
6550.320013	0.9884750247001648
6550.4360799999995	0.9891369938850403
6550.552147	0.9736930131912231
6550.668214	0.9859750270843506
6550.784281	1.0039470195770264
6550.900348	0.9992660284042358
6551.016415	1.0157229900360107
6551.132482	1.023149013519287
6551.248549	1.007680058479309
6551.364616	1.0106509923934937
6551.480683	0.9861130118370056
6551.59675	0.999019980430603
6551.712817	1.0046149492263794
6551.828884	0.985846996307373
6551.9449509999995	0.9791659712791443
6552.061018	0.9797509908676147
6552.177085	0.9775729775428772
6552.293152	0.9772660136222839
6552.409219	0.9928550124168396
6552.525286	0.9809690117835999
6552.641353	0.9783480167388916
6552.75742	1.010159969329834
6552.873487	1.0165929794311523
6552.989554	1.0406839847564697
6553.105621	1.0521520376205444
6553.221688	1.0489460229873657
6553.337755	1.0785210132598877
6553.4538219999995	1.0523630380630493
6553.569889	1.0464709997177124
6553.685956	1.0433310270309448
6553.802023	1.013090968132019
6553.91809	1.0401389598846436
6554.034157	1.0428889989852905
6554.150224	1.0512770414352417
6554.266291	1.0374690294265747
6554.382358	1.022966980934143
6554.498425	1.0572949647903442
6554.614492	1.067417025566101
6554.730559	1.0702500343322754
6554.846626	1.0718189477920532
6554.9626929999995	1.0736119747161865
6555.07876	1.0880759954452515
6555.194827	1.068822979927063
6555.310894	1.0916520357131958
6555.426961	1.0949829816818237
6555.543028	1.09197998046875
6555.659095	1.0946420431137085
6555.775162	1.0900249481201172
6555.891229	1.1000430583953857
6556.007296	1.1078460216522217
6556.123363	1.1115930080413818
6556.23943	1.1473430395126343
6556.355497	1.177927017211914
6556.471564	1.1976139545440674
6556.587631	1.206009030342102
6556.703698	1.2200599908828735
6556.819765	1.2413909435272217
6556.935832	1.2265130281448364
6557.051899	1.2347350120544434
6557.167966	1.2456170320510864
6557.284033	1.245879054069519
6557.4001	1.289715051651001
6557.516167	1.303879976272583
6557.632234	1.3237340450286865
6557.748301	1.3584829568862915
6557.864368	1.3778630495071411
6557.980435	1.4014019966125488
6558.096502	1.4270249605178833
6558.212569	1.4782739877700806
6558.328636	1.527282953262329
6558.444703	1.5652940273284912
6558.56077	1.5964829921722412
6558.676837	1.6249409914016724
6558.792904	1.686674952507019
6558.908971	1.713047981262207
6559.025038	1.7778220176696777
6559.141105	1.794653058052063
6559.257172	1.817126989364624
6559.373239	1.8718849420547485
6559.489306	1.9073740243911743
6559.605373	1.9809620380401611
6559.72144	2.0566580295562744
6559.837507	2.078913927078247
6559.953574	2.1022861003875732
6560.069641	2.0829989910125732
6560.185708	2.0762109756469727
6560.301775	2.0379230976104736
6560.417842	1.9903080463409424
6560.533909	1.9888429641723633
6560.649976	1.9446510076522827
6560.766043	1.927577018737793
6560.88211	1.9343119859695435
6560.998177	1.8800009489059448
6561.114244	1.867576003074646
6561.230311	1.8588759899139404
6561.346378	1.8439359664916992
6561.462445	1.856842041015625
6561.578512	1.787750005722046
6561.694579	1.7253049612045288
6561.810646	1.6842689514160156
6561.926713	1.6245770454406738
6562.04278	1.5678579807281494
6562.158847	1.4392240047454834
6562.274914	1.3417329788208008
6562.390981	1.2241510152816772
6562.507048	1.0588560104370117
6562.623115	0.9276700019836426
6562.739182	0.7681130170822144
6562.855249	0.6951580047607422
6562.971316	0.6277310252189636
6563.087383	0.559723973274231
6563.20345	0.5211319923400879
6563.319517	0.4879409968852997
6563.435584	0.494843989610672
6563.551651	0.51071697473526
6563.667718	0.5322129726409912
6563.783785	0.581512987613678
6563.899852	0.6228049993515015
6564.015919	0.7112529873847961
6564.131986	0.7932770252227783
6564.248053	0.9170389771461487
6564.36412	1.0421890020370483
6564.480187	1.1539980173110962
6564.596254	1.2675080299377441
6564.712321	1.3369120359420776
6564.828388	1.407302975654602
6564.944455	1.481793999671936
6565.060522	1.5549739599227905
6565.176589	1.6293610334396362
6565.292656	1.6763099431991577
6565.408723	1.7528820037841797
6565.52479	1.8035169839859009
6565.640857	1.8700729608535767
6565.756924	1.9181430339813232
6565.872991	1.96390700340271
6565.989058	2.0115509033203125
6566.105125	2.0212669372558594
6566.221192	2.0632870197296143
6566.337259	2.097517967224121
6566.453326	2.1042819023132324
6566.569393	2.133575916290283
6566.68546	2.138209104537964
6566.801527	2.1247940063476562
6566.917594	2.118607997894287
6567.033661	2.098294973373413
6567.149728	2.067671060562134
6567.265795	2.0179080963134766
6567.381862	1.9576400518417358
6567.497929	1.9205169677734375
6567.613996	1.8992170095443726
6567.730063	1.8656690120697021
6567.84613	1.839637041091919
6567.962197	1.8009740114212036
6568.078264	1.7243210077285767
6568.194331	1.693490982055664
6568.310398	1.6504290103912354
6568.426465	1.598438024520874
6568.542532	1.5771989822387695
6568.658599	1.5104169845581055
6568.774666	1.4901419878005981
6568.890733	1.4592959880828857
6569.0068	1.4204390048980713
6569.122867	1.412168025970459
6569.238934	1.3742049932479858
6569.355001	1.364933967590332
6569.471068	1.3366210460662842
6569.587135	1.2990039587020874
6569.703202	1.2726190090179443
6569.819269	1.234529972076416
6569.935336	1.2226550579071045
6570.051403	1.218183994293213
6570.16747	1.1995409727096558
6570.283537	1.1783009767532349
6570.399604	1.1521879434585571
6570.515671	1.1332780122756958
6570.631738	1.1309280395507812
6570.747805	1.1187299489974976
6570.863872	1.1103899478912354
6570.979939	1.1071070432662964
6571.096006	1.1081459522247314
6571.212073	1.1044889688491821
6571.32814	1.1187299489974976
6571.444207	1.1132169961929321
6571.560274	1.0942970514297485
6571.676341	1.0671759843826294
6571.792408	1.0595730543136597
6571.908475	1.0353779792785645
6572.024542	1.00839102268219
6572.140609	1.0061650276184082
6572.256676	1.0273430347442627
6572.372743	1.054129958152771
6572.48881	1.0466970205307007
6572.604877	1.0501689910888672
6572.720944	1.0634640455245972
6572.837011	1.0499060153961182
6572.953078	1.0508140325546265
6573.069145	1.0470119714736938
6573.185212	1.0281130075454712
6573.301279	1.0272190570831299
6573.417346	1.0273419618606567
6573.533413	1.0443179607391357
6573.64948	1.0445990562438965
6573.765547	1.0193099975585938
6573.881614	1.0262609720230103
6573.997681	1.0370179414749146
6574.113748	1.0326980352401733
6574.229815	1.0193860530853271
6574.345882	1.0564090013504028
6574.461949	1.0610649585723877
6574.578016	1.0165270566940308
6574.694083	1.0206539630889893
6574.81015	0.9691309928894043
6574.926217	0.9746159911155701
6575.042284	1.0014150142669678
6575.158351	0.9570019841194153
6575.274418	1.0188180208206177
6575.390485	0.9947360157966614
6575.506552	1.0070719718933105
6575.622619	1.030776023864746
6575.738686	0.9985529780387878
6575.854753	1.0383830070495605
6575.97082	1.0079940557479858
6576.086887	0.9949010014533997
6576.202954	1.0039199590682983
6576.319021	0.9986280202865601
6576.435088	1.004606008529663
6576.551155	0.9927070140838623
6576.667222	0.9858800172805786
6576.783289	0.9978970289230347
6576.899356	1.011518955230713
6577.015423	0.9967809915542603
6577.13149	0.9809560179710388
6577.247557	0.9775109887123108
6577.363624	0.9633039832115173
6577.479691	0.9786859750747681
6577.595758	0.9977260231971741
6577.711825	1.0077240467071533
6577.827892	1.026540994644165
6577.943959	1.0180200338363647
6578.060026	0.9955220222473145
6578.176093	0.9774209856987
6578.29216	0.9954479932785034
6578.408227	1.012977957725525
6578.524294	1.0008829832077026
6578.640361	1.0346720218658447
6578.756428	1.0116039514541626
6578.872495	0.9777370095252991
6578.988562	1.0128370523452759
6579.104629	0.9933969974517822
6579.220696	1.0033090114593506
6579.336763	1.010571002960205
6579.45283	0.9820169806480408
6579.568897	1.0042229890823364
6579.684964	0.9954540133476257
6579.801031	0.986657977104187
6579.917098	0.9884009957313538
6580.033165	0.998885989189148
6580.149232	1.0111279487609863
6580.265299	0.9917849898338318
6580.381366	1.027946949005127
6580.497433	1.0420269966125488
6580.6135	0.98956698179245
6580.729567	0.9922639727592468
6580.845634	0.9829530119895935
6580.961701	1.0006400346755981
6581.077768	0.9901040196418762
6581.193835	0.9909530282020569
6581.309902	0.997859001159668
6581.425969	0.988120973110199
6581.542036	0.9887049794197083
6581.658103	0.984516978263855
6581.77417	0.9916449785232544
6581.890237	0.985355019569397
6582.006304	0.9546740055084229
6582.122371	0.9875749945640564
6582.238438	1.0213860273361206
6582.354505	0.9923800230026245
6582.470572	1.0184880495071411
6582.586639	0.9727370142936707
6582.702706	0.9950090050697327
6582.818773	1.004588007926941
6582.93484	0.9785429835319519
6583.050907	1.0210020542144775
6583.166974	0.9983609914779663
6583.283041	1.0059939622879028
6583.399108	0.9908519983291626
6583.5151749999995	0.9783290028572083
6583.631242	1.009078025817871
6583.747309	0.9985209703445435
6583.863376	1.0174089670181274
6583.979443	1.017727017402649
6584.09551	1.0089590549468994
6584.211577	1.0433069467544556
6584.327644	1.012637972831726
6584.443711	1.0462369918823242
6584.559778	1.0404540300369263
6584.675845	1.0500060319900513
6584.791912	1.0366339683532715
6584.907979	1.0340080261230469
6585.0240459999995	1.0535329580307007
6585.140113	1.0475120544433594
6585.25618	1.0677289962768555
6585.372247	1.0544830560684204
6585.488314	1.0533419847488403
6585.604381	1.0524460077285767
6585.720448	1.0289469957351685
6585.836515	1.0208159685134888
6585.952582	1.0363869667053223
6586.068649	1.0269060134887695
6586.184716	1.0052969455718994
6586.300783	0.9960619807243347
6586.41685	0.9687510132789612
6586.5329169999995	0.9505379796028137
6586.648984	0.9626880288124084
6586.765051	0.9688739776611328
6586.881118	0.9741380214691162
6586.997185	0.983040988445282
6587.113252	1.0030219554901123
6587.229319	1.0055359601974487
6587.345386	0.9929919838905334
6587.461453	1.012694001197815
6587.57752	1.0092450380325317
6587.693587	0.985850989818573
6587.809654	0.9844419956207275
6587.925721	0.9745079874992371
6588.0417879999995	0.9711179733276367
6588.157855	0.9846180081367493
6588.273922	0.9879270195960999
6588.389989	0.9973199963569641
6588.506056	1.009220004081726
6588.622123	0.9986780285835266
6588.73819	1.0005370378494263
6588.854257	1.0310750007629395
6588.970324	1.039078950881958
6589.086391	1.017274022102356
6589.202458	1.0301849842071533
6589.318525	1.0202610492706299
6589.434592	1.025094985961914
6589.5506589999995	1.028633952140808
6589.666726	1.020346999168396
6589.782793	1.0534100532531738
6589.89886	1.062952995300293
6590.014927	1.0268460512161255
6590.130994	1.0427019596099854
6590.247061	1.0173050165176392
6590.363128	1.0391769409179688
6590.479195	1.0544179677963257
6590.595262	1.0044829845428467
6590.711329	1.0425440073013306
6590.827396	1.0368340015411377
6590.943463	1.0443799495697021
6591.0595299999995	1.0344940423965454
6591.175597	1.0450639724731445
6591.291664	1.0459719896316528
6591.407731	1.0373599529266357
6591.523798	1.0149060487747192
6591.639865	1.0154930353164673
6591.755932	1.0100009441375732
6591.871999	1.005592942237854
6591.988066	1.0026769638061523
6592.104133	0.9898040294647217
6592.2202	1.015401005744934
6592.336267	1.0219039916992188
6592.452334	1.0245829820632935
6592.5684009999995	1.0241119861602783
6592.684468	1.0270940065383911
6592.800535	1.0286600589752197
6592.916602	1.0266879796981812
6593.032669	1.0099209547042847
6593.148736	1.012992024421692
6593.264803	1.0037699937820435
6593.38087	1.0135560035705566
6593.496937	1.0267000198364258
6593.613004	1.0513499975204468
6593.729071	1.0364019870758057
6593.845138	1.0911409854888916
6593.961205	1.063472032546997
6594.0772719999995	1.0510449409484863
6594.193339	1.0510410070419312
6594.309406	1.0395499467849731
6594.425473	1.0549960136413574
6594.54154	1.0331859588623047
6594.657607	1.0725799798965454
6594.773674	1.0429339408874512
6594.889741	1.0088720321655273
6595.005808	1.012557029724121
6595.121875	1.0026689767837524
6595.237942	1.0000629425048828
6595.354009	1.0035560131072998
6595.470076	1.0077790021896362
6595.5861429999995	1.004457950592041
6595.70221	0.9989370107650757
6595.818277	1.0060349702835083
6595.934344	1.0343350172042847
6596.050411	1.0338020324707031
6596.166478	1.026384949684143
6596.282545	1.014327049255371
6596.398612	1.0173029899597168
6596.514679	1.0504859685897827
6596.630746	1.0452059507369995
6596.746813	1.0517289638519287
6596.86288	1.0673459768295288
6596.978947	1.0510499477386475
6597.0950139999995	1.0383590459823608
6597.211081	1.038593053817749
6597.327148	1.0264780521392822
6597.443215	1.0107799768447876
6597.559282	1.0078879594802856
6597.675349	1.011139988899231
6597.791416	1.020462989807129
6597.907483	1.0236400365829468
6598.02355	1.0157400369644165
6598.139617	1.015213966369629
6598.255684	1.0232900381088257
6598.371751	1.0127259492874146
6598.487818	1.018599033355713
6598.6038849999995	1.0356930494308472
6598.719952	1.037371039390564
6598.836019	1.0356440544128418
6598.952086	1.0134329795837402
6599.068153	1.0083129405975342
6599.18422	1.0141030550003052
6599.300287	1.0104780197143555
6599.416354	1.026568055152893
6599.532421	1.0262370109558105
6599.648488	1.03056001663208
6599.764555	1.0457370281219482
6599.880622	1.0436910390853882
6599.996689	1.048261046409607
6600.1127559999995	1.0420219898223877
6600.228823	1.0397709608078003
6600.34489	1.036942958831787
6600.460957	1.0235010385513306
6600.577024	1.0214409828186035
6600.693091	1.022009015083313
6600.809158	1.0386730432510376
6600.925225	1.071254014968872
6601.041292	1.0755709409713745
6601.157359	1.0735620260238647
6601.273426	1.0795999765396118
6601.389493	1.0533570051193237
6601.50556	1.0486639738082886
6601.6216269999995	1.0464329719543457
6601.737694	1.0662000179290771
6601.853761	1.0896430015563965
6601.969828	1.0839669704437256
6602.085895	1.0658040046691895
6602.201962	1.0464969873428345
6602.318029	1.065688967704773
6602.434096	1.0537179708480835
6602.550163	1.0489200353622437
6602.66623	1.050845980644226
6602.782297	1.0300819873809814
6602.898364	1.0377990007400513
6603.014431	1.0200220346450806
6603.1304979999995	1.0256530046463013
6603.246565	1.025825023651123
6603.362632	1.0331920385360718
6603.478699	1.0526880025863647
6603.594766	1.0460259914398193
6603.710833	1.0373990535736084
6603.8269	1.0338079929351807
6603.942967	1.0264559984207153
6604.059034	0.9988279938697815
6604.175101	0.9949089884757996
6604.291168	0.990103006362915
6604.407235	0.9914219975471497
6604.523302	1.0128710269927979
6604.6393689999995	0.9808350205421448
6604.755436	0.9801819920539856
6604.871503	0.9879980087280273
6604.98757	0.9965029954910278
6605.103637	0.9934430122375488
6605.219704	0.9837689995765686
6605.335771	0.976364016532898
6605.451838	0.9773020148277283
6605.567905	0.9809690117835999
6605.683972	0.9946320056915283
6605.800039	1.0088670253753662
6605.916106	1.009431004524231
6606.032173	1.004256010055542
6606.1482399999995	0.9927729964256287
6606.264307	0.9879149794578552
6606.380374	0.9776970148086548
6606.496441	0.9663640260696411
6606.612508	0.9753350019454956
6606.728575	0.9763249754905701
6606.844642	0.9922209978103638
6606.960709	0.9861509799957275
6607.076776	0.9803209900856018
6607.192843	1.007557988166809
6607.30891	0.9924439787864685
6607.424977	1.0006699562072754
6607.541044	0.9908049702644348
6607.657111	0.9943820238113403
6607.773178	0.994172990322113
6607.889245	0.9843720197677612
6608.005312	0.9921039938926697
6608.121379	0.9760929942131042
6608.237446	0.9835339784622192
6608.353513	0.980318009853363
6608.46958	0.988457977771759
6608.585647	1.0005220174789429
6608.701714	1.0026730298995972
6608.817781	0.9979169964790344
6608.933848	1.0004689693450928
6609.049915	1.0116839408874512
6609.165982	1.0097800493240356
6609.282049	1.009361982345581
6609.398116	1.0018260478973389
6609.514183	1.0254850387573242
6609.63025	1.0412260293960571
6609.746317	1.035994052886963
6609.862384	1.030979037284851
6609.978451	1.0183219909667969
6610.094518	1.0112990140914917
6610.210585	1.0153919458389282
6610.326652	1.01106595993042
6610.442719	1.0117290019989014
6610.558786	1.0213329792022705
6610.674853	1.0140329599380493
6610.79092	1.038686990737915
6610.906987	1.0418649911880493
6611.023054	1.0277220010757446
6611.139121	1.0372560024261475
6611.255188	1.0246740579605103
6611.371255	1.0136220455169678
6611.487322	1.0187040567398071
6611.603389	1.0368529558181763
6611.719456	1.0297249555587769
6611.835523	1.0263069868087769
6611.95159	1.0049599409103394
6612.067657	0.9933379888534546
6612.183724	1.0156810283660889
6612.299791	1.0053770542144775
6612.415858	1.0192979574203491
6612.531925	1.021785020828247
6612.647992	1.01397705078125
6612.764059	1.0135140419006348
6612.880126	1.0174750089645386
6612.996193	1.0237330198287964
6613.11226	0.9994329810142517
6613.228327	0.9878219962120056
6613.344394	0.9839180111885071
6613.460461	0.9724310040473938
6613.576528	0.9596750140190125
6613.692595	0.9709339737892151
6613.808662	1.0021339654922485
6613.924729	1.0266170501708984
6614.040796	1.099951982498169
6614.156863	1.0267599821090698
6614.27293	1.0491830110549927
6614.388997	1.0500379800796509
6614.505064	1.055503010749817
6614.621131	1.0743340253829956
6614.737198	1.0466439723968506
6614.853265	1.0632539987564087
6614.969332	1.0472840070724487
6615.085399	1.0415149927139282
6615.201466	1.0275750160217285
6615.317533	1.0249110460281372
6615.4336	1.0315860509872437
6615.549667	1.018326997756958
6615.665734	1.0108660459518433
6615.781801	0.999642014503479
6615.897868	1.0101009607315063
6616.013935	1.0092250108718872
6616.130002	1.0024739503860474
6616.246069	1.0085550546646118
6616.362136	1.0068680047988892
6616.478203	1.0348559617996216
6616.59427	1.0098429918289185
6616.710337	1.0193049907684326
6616.826404	1.0046509504318237
6616.942471	1.0169130563735962
6617.058538	1.010414958000183
6617.174605	1.0082919597625732
6617.290672	1.008441686630249
6617.406739	1.0085915327072144
6617.522806	1.0087412595748901
6617.638873	1.008890986442566
6617.75494	1.0090408325195312
6617.871007	1.009190559387207
6617.987074	1.0093402862548828
6618.103141	1.0094901323318481
6618.219208	1.009639859199524
6618.335275	1.0097897052764893
6618.451342	1.009939432144165
6618.567409	1.0100891590118408
6618.683476	1.0102390050888062
6618.799543	1.010388731956482
6618.91561	1.0105384588241577
6619.031677	1.010688304901123
6619.147744	1.0108380317687988
6619.263811	1.000298023223877
6619.379878	0.9920709729194641
6619.495945	0.9920110106468201
6619.612012	0.9854009747505188
6619.728079	1.032817006111145
6619.844146	1.0236090421676636
6619.960213	1.0148099660873413
6620.07628	1.0160330533981323
6620.192347	1.016821026802063
6620.308414	1.0024290084838867
6620.424481	0.9847210049629211
6620.540548	0.992618978023529
6620.656615	0.995507001876831
6620.772682	1.0171960592269897
6620.888749	1.0116380453109741
6621.004816	1.0137269496917725
6621.120883	1.022150993347168
6621.23695	1.0098069906234741
6621.353017	1.0209200382232666
6621.469084	1.0123640298843384
6621.585151	1.015944004058838
6621.701218	1.0261629819869995
6621.817285	1.0240570306777954
6621.933352	1.0246570110321045
6622.049419	1.0364209413528442
6622.165486	1.0514010190963745
6622.281553	1.0330519676208496
6622.39762	1.03158700466156
6622.513687	1.0310369729995728
6622.629754	1.0321619510650635
6622.745821	1.010511040687561
6622.861888	1.0140060186386108
6622.977955	1.0404679775238037
6623.094022	1.0098910331726074
6623.210089	1.0245840549468994
6623.326156	1.005882978439331
6623.442223	1.0275150537490845
6623.55829	1.063209056854248
6623.674357	1.0301289558410645
6623.790424	1.0521860122680664
6623.906491	1.0394279956817627
6624.022558	1.0481230020523071
6624.138625	1.0445129871368408
6624.254692	1.0214979648590088
6624.370759	1.0326119661331177
6624.486826	1.0260059833526611
6624.602893	1.0181100368499756
6624.71896	1.0206780433654785
6624.835027	1.0263780355453491
6624.951094	1.0234700441360474
6625.067161	1.010754942893982
6625.183228	1.0179970264434814
6625.299295	1.0228350162506104
6625.415362	1.0253180265426636
6625.531429	1.0250509977340698
6625.647496	1.0543889999389648
6625.763563	1.042691946029663
6625.87963	1.045238971710205
6625.995697	1.06781005859375
6626.111764	1.0415129661560059
6626.227831	1.0545649528503418
6626.343898	1.0446230173110962
6626.459965	1.0169459581375122
6626.576032	1.0249639749526978
6626.692099	0.9978820085525513
6626.808166	1.0071090459823608
6626.924233	1.0082329511642456
6627.0403	0.9952319860458374
6627.156367	1.002519965171814
6627.272434	0.9875249862670898
6627.388501	0.9890689849853516
6627.504568	0.9790570139884949
6627.620635	0.9874860048294067
6627.736702	1.0013010501861572
6627.852769	0.9683210253715515
6627.968836	0.9569410085678101
6628.084903	0.9585779905319214
6628.20097	0.9540799856185913
6628.317037	0.9538050293922424
6628.433104	0.9701579809188843
6628.549171	0.9838299751281738
6628.665238	1.00095796585083
6628.781305	1.0083990097045898
6628.897372	0.9850860238075256
6629.013439	0.9945939779281616
6629.129506	1.025979995727539
6629.245573	1.0210380554199219
6629.36164	1.0672169923782349
6629.477707	1.0568909645080566
6629.593774	1.0539710521697998
6629.709841	1.0553539991378784
6629.825908	1.0162889957427979
6629.941975	1.0179909467697144
6630.058042	1.000825047492981
6630.174109	1.0042330026626587
6630.290176	1.0017869472503662
6630.406243	0.9942589998245239
6630.52231	1.0102169513702393
6630.638377	0.9958720207214355
6630.754444	1.01459801197052
6630.870511	1.0091609954833984
6630.986578	1.0050599575042725
6631.102645	1.0150599479675293
6631.218712	1.018038034439087
6631.334779	1.0203649997711182
6631.450846	1.0177990198135376
6631.566913	1.0061860084533691
6631.68298	0.997048020362854
6631.799047	0.9947500228881836
6631.915114	1.0056439638137817
6632.031181	1.005728006362915
6632.147248	1.0029170513153076
6632.263315	0.9927260279655457
6632.379382	0.9862679839134216
6632.495449	0.9854819774627686
6632.611516	0.9893959760665894
6632.727583	0.9802759885787964
6632.84365	0.992933988571167
6632.959717	0.9773839712142944
6633.075784	0.98744797706604
6633.191851	0.9900010228157043
6633.307918	0.991129994392395
6633.423985	0.972350001335144
6633.540052	0.9668670296669006
6633.656119	0.9709929823875427
6633.772186	0.9701669812202454
6633.888253	0.9859510064125061
6634.00432	1.029790997505188
6634.120387	0.9816309809684753
6634.236454	1.028717041015625
6634.352521	0.996071994304657
6634.468588	1.0075600147247314
6634.584655	1.0196189880371094
6634.700722	1.0106979608535767
6634.816789	1.0356459617614746
6634.932856	1.0078480243682861
6635.048923	1.022670030593872
6635.16499	1.005282998085022
6635.281057	1.0026459693908691
6635.397124	1.0227789878845215
6635.513191	0.9876369833946228
6635.629258	0.9747340083122253
6635.745325	0.962680995464325
6635.861392	0.9621379971504211
6635.977459	0.9403039813041687
6636.093526	0.9513139724731445
6636.209593	0.9653120040893555
6636.32566	0.9662889838218689
6636.441727	0.9725310206413269
6636.557794	0.9616349935531616
6636.673861	0.9854909777641296
6636.789928	0.9795299768447876
6636.905995	0.9824690222740173
6637.022062	1.0001410245895386
6637.138129	0.9935709834098816
6637.254196	0.9875280261039734
6637.370263	0.9812740087509155
6637.48633	0.977744996547699
6637.602397	0.9651100039482117
6637.718464	0.9778310060501099
6637.834531	0.991221010684967
6637.950598	0.9947019815444946
6638.066665	0.9858620166778564
6638.182732	0.9974859952926636
6638.298799	1.008970022201538
6638.414866	1.0088419914245605
6638.530933	1.008059024810791
6638.647	1.0006779432296753
6638.763067	1.027016043663025
6638.879134	1.0215400457382202
6638.995201	1.007436990737915
6639.111268	1.0187859535217285
6639.227335	1.001602053642273
6639.343402	1.0031960010528564
6639.459469	0.9885619878768921
6639.575536	0.9793440103530884
6639.691603	1.0023349523544312
6639.80767	0.9913290143013
6639.923737	0.9962220191955566
6640.039804	0.989874005317688
6640.155871	0.9914519786834717
6640.271938	1.0039390325546265
6640.388005	1.0009989738464355
6640.504072	1.0032949447631836
6640.620139	0.9916960000991821
6640.736206	0.9958500266075134
6640.852273	0.978052020072937
6640.96834	0.994521975517273
6641.084407	0.9932630062103271
6641.200474	0.9961420297622681
6641.316541	0.9898110032081604
6641.432608	0.9755769968032837
6641.548675	0.9965699911117554
6641.664742	0.9879909753799438
6641.780809	1.0021840333938599
6641.896876	1.0131319761276245
6642.012943	0.99863600730896
6642.12901	1.0029139518737793
6642.245077	0.9836429953575134
6642.361144	0.9873210191726685
6642.477211	1.0157920122146606
6642.593278	1.0106829404830933
6642.709345	1.0020090341567993
6642.825412	1.0102750062942505
6642.941479	1.0212370157241821
6643.057546	1.0206400156021118
6643.173613	1.0197960138320923
6643.28968	1.015707015991211
6643.405747	1.027724027633667
6643.521814	1.0184299945831299
6643.637881	1.027250051498413
6643.753948	1.0282620191574097
6643.870015	1.02571702003479
6643.986082	1.0260670185089111
6644.102149	1.0160510540008545
6644.218216	1.0103249549865723
6644.334283	0.9934189915657043
6644.45035	0.9978430271148682
