6450.43396022	0.2020264
6450.43396022171	6199.21240234375
6450.63598662171	6111.458984375
6450.838013021709	6045.4072265625
6451.0400394217095	6055.66650390625
6451.24206582171	6075.82373046875
6451.44409222171	6100.4248046875
6451.646118621709	6026.17919921875
6451.84814502171	6019.830078125
6452.05017142171	6057.640625
6452.25219782171	5949.9521484375
6452.454224221709	5869.6240234375
6452.65625062171	5910.998046875
6452.85827702171	5938.33349609375
6453.060303421709	5957.0244140625
6453.2623298217095	6064.4853515625
6453.46435622171	6052.33349609375
6453.66638262171	5790.43310546875
6453.868409021709	5687.4853515625
6454.07043542171	5531.3388671875
6454.27246182171	5431.1748046875
6454.47448822171	5305.2197265625
6454.676514621709	5023.578125
6454.87854102171	4661.86767578125
6455.08056742171	4398.83740234375
6455.282593821709	4308.5859375
6455.4846202217095	4238.07373046875
6455.68664662171	4127.1748046875
6455.88867302171	4188.30419921875
6456.090699421709	4492.04345703125
6456.29272582171	4768.314453125
6456.49475222171	5013.3857421875
6456.696778621709	5422.82763671875
6456.898805021709	5666.24951171875
6457.10083142171	5703.59228515625
6457.30285782171	5645.11328125
6457.504884221709	5729.45556640625
6457.7069106217095	5850.19482421875
6457.90893702171	6061.91845703125
6458.11096342171	5944.55419921875
6458.312989821709	5939.70458984375
6458.51501622171	6104.36962890625
6458.71704262171	6159.16015625
6458.919069021709	6162.4248046875
6459.1210954217095	6099.7646484375
6459.32312182171	6109.38916015625
6459.52514822171	6203.775390625
6459.727174621709	6315.861328125
6459.92920102171	6322.58349609375
6460.13122742171	6346.123046875
6460.33325382171	6345.82861328125
6460.535280221709	6154.3720703125
6460.73730662171	6120.0087890625
6460.93933302171	6186.2978515625
6461.141359421709	6201.47021484375
6461.3433858217095	6267.6015625
6461.54541222171	6134.26953125
6461.74743862171	6080.93212890625
6461.949465021709	6148.31640625
6462.15149142171	6191.39013671875
6462.35351782171	6099.64208984375
6462.55554422171	6039.55810546875
6462.757570621709	6003.6552734375
6462.95959702171	6013.32763671875
6463.16162342171	6102.29296875
6463.363649821709	6083.42626953125
6463.5656762217095	6007.837890625
6463.76770262171	6183.181640625
6463.96972902171	6195.66015625
6464.171755421709	6018.52880859375
6464.37378182171	6018.36376953125
6464.57580822171	6120.60107421875
6464.777834621709	6190.0380859375
6464.979861021709	6236.5751953125
6465.18188742171	6179.1884765625
6465.38391382171	6059.765625
6465.585940221709	6125.40625
6465.7879666217095	6200.51708984375
6465.98999302171	6268.66015625
6466.19201942171	6202.5869140625
6466.394045821709	6039.5390625
6466.59607222171	6043.5927734375
6466.79809862171	6217.720703125
6467.000125021709	6198.78857421875
6467.2021514217095	6141.35693359375
6467.40417782171	6045.7255859375
6467.60620422171	6177.96728515625
6467.808230621709	6177.330078125
6468.01025702171	6005.8125
6468.21228342171	5888.72265625
6468.41430982171	5953.28466796875
6468.616336221709	6098.099609375
6468.81836262171	6088.1435546875
6469.02038902171	6008.68603515625
6469.222415421709	6019.00048828125
6469.4244418217095	6122.1962890625
6469.62646822171	6177.7490234375
6469.82849462171	6045.07275390625
6470.030521021709	6033.8955078125
6470.23254742171	6178.39990234375
6470.43457382171	6143.720703125
6470.63660022171	6078.3505859375
6470.838626621709	6077.87158203125
6471.04065302171	6175.447265625
6471.24267942171	6220.46875
6471.444705821709	6222.10107421875
6471.6467322217095	6147.06640625
6471.84875862171	6151.181640625
6472.05078502171	6099.4443359375
6472.252811421709	6118.1015625
6472.45483782171	6246.54345703125
6472.65686422171	6156.2265625
6472.858890621709	6048.30224609375
6473.060917021709	6015.00244140625
6473.26294342171	6111.6923828125
6473.46496982171	6220.9453125
6473.666996221709	6154.4306640625
6473.8690226217095	6098.57080078125
6474.07104902171	6111.77001953125
6474.27307542171	6004.736328125
6474.475101821709	5901.064453125
6474.67712822171	5901.4560546875
6474.87915462171	5812.01220703125
6475.081181021709	5828.27978515625
6475.283207421709	5809.08984375
6475.48523382171	5806.13720703125
6475.68726022171	5853.71435546875
6475.889286621709	5921.18994140625
6476.0913130217095	6136.43994140625
6476.29333942171	6163.3740234375
6476.49536582171	6132.8330078125
6476.697392221709	6083.9873046875
6476.89941862171	5980.12841796875
6477.10144502171	5954.76611328125
6477.303471421709	5961.5546875
6477.5054978217095	5975.9130859375
6477.70752422171	6040.3837890625
6477.90955062171	6059.5146484375
6478.111577021709	6023.64111328125
6478.31360342171	6077.48193359375
6478.51562982171	6083.24560546875
6478.71765622171	5925.42529296875
6478.919682621709	5820.84033203125
6479.12170902171	5845.85595703125
6479.32373542171	5876.1162109375
6479.525761821709	5842.0654296875
6479.7277882217095	5844.04052734375
6479.92981462171	5898.3994140625
6480.13184102171	5984.6123046875
6480.333867421709	6040.279296875
6480.53589382171	5940.57666015625
6480.73792022171	5776.3251953125
6480.939946621709	5722.15087890625
6481.141973021709	5725.78125
6481.34399942171	5713.791015625
6481.54602582171	5668.4990234375
6481.748052221709	5675.7587890625
6481.9500786217095	5721.68310546875
6482.15210502171	5764.701171875
6482.35413142171	5855.20654296875
6482.556157821709	5863.29150390625
6482.75818422171	5786.0908203125
6482.96021062171	5783.66748046875
6483.162237021709	5839.09521484375
6483.364263421709	5877.14208984375
6483.56628982171	5925.86962890625
6483.76831622171	5924.3740234375
6483.970342621709	5831.931640625
6484.1723690217095	5790.4677734375
6484.37439542171	5862.396484375
6484.57642182171	6029.03515625
6484.778448221709	6131.314453125
6484.98047462171	6152.591796875
6485.18250102171	6132.20556640625
6485.384527421709	6132.76953125
6485.5865538217095	6070.61962890625
6485.78858022171	6037.43115234375
6485.99060662171	5964.693359375
6486.192633021709	6031.720703125
6486.39465942171	6126.91455078125
6486.59668582171	5892.50439453125
6486.79871222171	5850.19775390625
6487.000738621709	5900.46044921875
6487.20276502171	6045.591796875
6487.40479142171	6029.58056640625
6487.606817821709	5959.81298828125
6487.8088442217095	6075.73046875
6488.01087062171	6103.37744140625
6488.21289702171	6114.203125
6488.414923421709	6207.55029296875
6488.61694982171	6103.1640625
6488.81897622171	5967.46923828125
6489.02100262171	6054.88427734375
6489.223029021709	6138.76904296875
6489.42505542171	6106.12939453125
6489.62708182171	6005.78271484375
6489.829108221709	5841.197265625
6490.0311346217095	5879.8603515625
6490.23316102171	5760.42333984375
6490.43518742171	5664.56298828125
6490.637213821709	5688.431640625
6490.83924022171	5728.0888671875
6491.04126662171	5858.74462890625
6491.243293021709	5866.09619140625
6491.445319421709	5907.796875
6491.64734582171	5905.55712890625
6491.84937222171	5884.36669921875
6492.051398621709	5799.271484375
6492.2534250217095	5842.044921875
6492.45545142171	5831.58740234375
6492.65747782171	5936.8271484375
6492.859504221709	6117.4736328125
6493.06153062171	6042.93994140625
6493.26355702171	5953.03564453125
6493.465583421709	5999.9970703125
6493.667609821709	6051.9765625
6493.86963622171	6178.197265625
6494.07166262171	6349.1708984375
6494.273689021709	6258.46435546875
6494.4757154217095	5990.99560546875
6494.67774182171	6041.13623046875
6494.87976822171	6089.57421875
6495.081794621709	5987.892578125
6495.28382102171	5909.2626953125
6495.48584742171	6024.0263671875
6495.687873821709	6091.48095703125
6495.8899002217095	6241.70703125
6496.09192662171	6287.58251953125
6496.29395302171	6291.4267578125
6496.495979421709	6170.181640625
6496.69800582171	6172.2705078125
6496.90003222171	6212.7275390625
6497.10205862171	6198.24609375
6497.304085021709	6243.60205078125
6497.50611142171	6308.0400390625
6497.70813782171	6232.84033203125
6497.910164221709	6075.90869140625
6498.1121906217095	6120.11865234375
6498.31421702171	6219.0029296875
6498.51624342171	6320.048828125
6498.718269821709	6336.044921875
6498.92029622171	6159.3212890625
6499.12232262171	6184.21142578125
6499.324349021709	6209.166015625
6499.526375421709	6236.72119140625
6499.72840182171	6381.9453125
6499.93042822171	6288.955078125
6500.132454621709	6261.12646484375
6500.3344810217095	6121.75
6500.53650742171	6097.671875
6500.73853382171	6094.52197265625
6500.940560221709	6103.2783203125
6501.14258662171	6321.416015625
6501.34461302171	6425.1923828125
6501.546639421709	6216.42919921875
6501.748665821709	6238.6474609375
6501.95069222171	6214.05078125
6502.15271862171	6113.18310546875
6502.354745021709	6046.9931640625
6502.5567714217095	6046.1552734375
6502.75879782171	6150.27197265625
6502.96082422171	6203.88134765625
6503.162850621709	6010.0283203125
6503.36487702171	6005.01513671875
6503.56690342171	6051.14990234375
6503.768929821709	5941.357421875
6503.9709562217095	5968.015625
6504.17298262171	6043.00537109375
6504.37500902171	6165.71240234375
6504.577035421709	6164.53076171875
6504.77906182171	6052.28662109375
6504.98108822171	6066.03173828125
6505.18311462171	6008.06005859375
6505.385141021709	6050.92138671875
6505.58716742171	6133.19189453125
6505.78919382171	6102.705078125
6505.991220221709	6096.111328125
6506.1932466217095	6136.35205078125
6506.39527302171	6074.25634765625
6506.59729942171	6099.744140625
6506.799325821709	5972.091796875
6507.00135222171	5880.04248046875
6507.20337862171	5923.1806640625
6507.405405021709	6063.49755859375
6507.607431421709	5977.80517578125
6507.80945782171	5803.53271484375
6508.01148422171	5805.41357421875
6508.213510621709	5923.98974609375
6508.4155370217095	5979.4306640625
6508.61756342171	6013.54296875
6508.81958982171	6039.93994140625
6509.021616221709	6081.11474609375
6509.22364262171	6155.7666015625
6509.42566902171	6195.03564453125
6509.627695421709	6214.03369140625
6509.829721821709	6164.33935546875
6510.03174822171	6133.92333984375
6510.23377462171	6208.123046875
6510.435801021709	6210.7060546875
6510.6378274217095	6210.98193359375
6510.83985382171	6146.015625
6511.04188022171	6139.3310546875
6511.243906621709	6099.8662109375
6511.44593302171	6038.400390625
6511.64795942171	6097.43212890625
6511.849985821709	6099.89208984375
6512.052012221709	6157.62255859375
6512.25403862171	6169.166015625
6512.45606502171	5981.60986328125
6512.658091421709	5866.71875
6512.8601178217095	5977.1298828125
6513.06214422171	6002.7021484375
6513.26417062171	5999.076171875
6513.466197021709	6037.7041015625
6513.66822342171	6081.02392578125
6513.87024982171	5868.78125
6514.072276221709	5736.25
6514.2743026217095	5650.77294921875
6514.47632902171	5522.740234375
6514.67835542171	5373.458984375
6514.880381821709	5088.72607421875
6515.08240822171	4934.64111328125
6515.28443462171	4875.09765625
6515.48646102171	4888.6435546875
6515.688487421709	5055.08447265625
6515.89051382171	5077.0166015625
6516.09254022171	5034.84814453125
6516.294566621709	5173.95263671875
6516.4965930217095	5293.7294921875
6516.69861942171	5432.30908203125
6516.90064582171	5638.51220703125
6517.102672221709	5793.0791015625
6517.30469862171	5888.3232421875
6517.50672502171	5811.22705078125
6517.708751421709	6008.30419921875
6517.910777821709	6159.6416015625
6518.11280422171	6184.32568359375
6518.31483062171	6138.5087890625
6518.516857021709	6153.60546875
6518.7188834217095	5980.412109375
6518.92090982171	5961.33642578125
6519.12293622171	5999.03759765625
6519.324962621709	6008.455078125
6519.52698902171	6038.82421875
6519.72901542171	6161.72021484375
6519.931041821709	6232.6826171875
6520.133068221709	6128.39794921875
6520.33509462171	6046.14453125
6520.53712102171	6098.63330078125
6520.739147421709	6220.92236328125
6520.9411738217095	6298.24072265625
6521.14320022171	6181.701171875
6521.34522662171	5965.74365234375
6521.547253021709	5921.96435546875
6521.74927942171	5895.205078125
6521.95130582171	5780.5498046875
6522.153332221709	5827.68994140625
6522.3553586217095	5880.38818359375
6522.55738502171	5837.73779296875
6522.75941142171	5868.150390625
6522.961437821709	5876.63525390625
6523.16346422171	5935.93017578125
6523.36549062171	5870.7353515625
6523.567517021709	5815.49658203125
6523.769543421709	5788.50146484375
6523.97156982171	5959.87744140625
6524.17359622171	6087.33837890625
6524.375622621709	6200.36328125
6524.5776490217095	6251.01708984375
6524.77967542171	6021.53125
6524.98170182171	5760.61279296875
6525.183728221709	5772.5361328125
6525.38575462171	5944.95654296875
6525.58778102171	6015.53662109375
6525.789807421709	5905.9736328125
6525.991833821709	5981.33984375
6526.19386022171	6245.861328125
6526.39588662171	6310.21240234375
6526.597913021709	6181.71630859375
6526.7999394217095	6102.82666015625
6527.00196582171	6088.947265625
6527.20399222171	6092.11767578125
6527.406018621709	6196.201171875
6527.60804502171	6115.970703125
6527.81007142171	5975.36328125
6528.012097821709	5987.40673828125
6528.214124221709	6060.5810546875
6528.41615062171	6061.544921875
6528.61817702171	6025.1904296875
6528.820203421709	6010.5947265625
6529.0222298217095	6045.1875
6529.22425622171	6233.77734375
6529.42628262171	6238.43212890625
6529.628309021709	6060.498046875
6529.83033542171	5917.53271484375
6530.03236182171	6122.38623046875
6530.234388221709	6093.646484375
6530.436414621709	5924.318359375
6530.63844102171	5975.60009765625
6530.84046742171	6073.03515625
6531.042493821709	6100.9111328125
6531.2445202217095	6062.97802734375
6531.44654662171	5910.318359375
6531.64857302171	5848.57373046875
6531.850599421709	5967.171875
6532.05262582171	5953.2490234375
6532.25465222171	5869.189453125
6532.456678621709	5966.84521484375
6532.6587050217095	6108.240234375
6532.86073142171	6143.67822265625
6533.06275782171	6032.34228515625
6533.264784221709	5933.08251953125
6533.46681062171	5984.24658203125
6533.66883702171	5922.98388671875
6533.870863421709	5843.38232421875
6534.072889821709	5946.5009765625
6534.27491622171	5969.185546875
6534.47694262171	5915.02685546875
6534.678969021709	5947.3818359375
6534.8809954217095	6007.4140625
6535.08302182171	5976.75048828125
6535.28504822171	6103.30810546875
6535.487074621709	6161.43603515625
6535.68910102171	6085.36474609375
6535.89112742171	6012.15576171875
6536.093153821709	6044.3330078125
6536.295180221709	6191.0029296875
6536.49720662171	6126.30908203125
6536.69923302171	6019.53173828125
6536.901259421709	5990.654296875
6537.1032858217095	5902.00341796875
6537.30531222171	6033.4736328125
6537.50733862171	6043.7998046875
6537.709365021709	5970.64404296875
6537.91139142171	6102.88134765625
6538.11341782171	6064.3896484375
6538.315444221709	6084.81005859375
6538.517470621709	6166.51220703125
6538.71949702171	6060.6435546875
6538.92152342171	5947.92041015625
6539.123549821709	5909.76904296875
6539.3255762217095	5992.9775390625
6539.52760262171	5961.5517578125
6539.72962902171	5911.208984375
6539.931655421709	5865.38037109375
6540.13368182171	5673.65576171875
6540.33570822171	5841.81982421875
6540.537734621709	6111.60400390625
6540.7397610217095	6155.94189453125
6540.94178742171	6184.97021484375
6541.14381382171	6099.6904296875
6541.345840221709	5893.2822265625
6541.5478666217095	5923.9609375
6541.74989302171	5863.60595703125
6541.95191942171	5785.5966796875
6542.153945821709	5890.0771484375
6542.35597222171	5986.6181640625
6542.55799862171	5870.208984375
6542.760025021709	5926.74560546875
6542.9620514217095	5821.11767578125
6543.16407782171	5726.04931640625
6543.36610422171	5686.64208984375
6543.568130621709	5680.5205078125
6543.77015702171	5680.265625
6543.97218342171	5794.4736328125
6544.174209821709	5809.388671875
6544.376236221709	5803.47412109375
6544.57826262171	5920.08447265625
6544.78028902171	5970.84521484375
6544.982315421709	5929.8369140625
6545.1843418217095	5903.75537109375
6545.38636822171	5972.42529296875
6545.58839462171	5959.1142578125
6545.790421021709	5938.49951171875
6545.99244742171	5928.70947265625
6546.19447382171	5727.4794921875
6546.396500221709	5775.37744140625
6546.598526621709	5865.30078125
6546.80055302171	5920.736328125
6547.00257942171	5933.42431640625
6547.204605821709	5946.8896484375
6547.4066322217095	5834.00439453125
6547.60865862171	5890.42529296875
6547.81068502171	5910.2724609375
6548.012711421709	5843.75732421875
6548.21473782171	5731.13916015625
6548.41676422171	5758.38134765625
6548.618790621709	5843.3232421875
6548.820817021709	5980.32763671875
6549.02284342171	6007.37939453125
6549.22486982171	6000.14306640625
6549.426896221709	5922.36083984375
6549.6289226217095	6032.314453125
6549.83094902171	6016.423828125
6550.032975421709	5947.84228515625
6550.235001821709	5941.3603515625
6550.43702822171	5961.6025390625
6550.63905462171	5938.55126953125
6550.841081021709	5993.4970703125
6551.0431074217095	6065.28173828125
6551.24513382171	6109.9755859375
6551.44716022171	5988.1064453125
6551.649186621709	5867.2265625
6551.85121302171	5870.02294921875
6552.05323942171	5889.34521484375
6552.255265821709	5909.49853515625
6552.457292221709	6000.92919921875
6552.65931862171	6147.68359375
6552.86134502171	6156.27734375
6553.063371421709	6059.9775390625
6553.2653978217095	6017.1845703125
6553.46742422171	6238.322265625
6553.66945062171	6403.32373046875
6553.871477021709	6493.54345703125
6554.07350342171	6470.07666015625
6554.27552982171	6301.126953125
6554.477556221709	6371.09375
6554.679582621709	6578.8974609375
6554.88160902171	6633.078125
6555.08363542171	6633.64501953125
6555.285661821709	6799.54345703125
6555.4876882217095	6894.7529296875
6555.68971462171	6927.3115234375
6555.89174102171	7135.99951171875
6556.093767421709	7200.958984375
6556.29579382171	7309.56982421875
6556.49782022171	7640.05322265625
6556.699846621709	7796.99609375
6556.901873021709	7921.97021484375
6557.10389942171	8264.56640625
6557.30592582171	8426.8291015625
6557.507952221709	8777.0703125
6557.7099786217095	9339.9638671875
6557.91200502171	9778.5986328125
6558.11403142171	9911.1142578125
6558.316057821709	10390.0439453125
6558.51808422171	11144.052734375
6558.72011062171	11541.8759765625
6558.922137021709	12009.7900390625
6559.124163421709	12656.4306640625
6559.32618982171	13259.451171875
6559.52821622171	13802.1044921875
6559.730242621709	14200.865234375
6559.9322690217095	14476.123046875
6560.13429542171	14352.3095703125
6560.336321821709	13983.2138671875
6560.538348221709	13542.0400390625
6560.74037462171	12823.5546875
6560.94240102171	11973.560546875
6561.144427421709	10952.802734375
6561.3464538217095	9827.8447265625
6561.54848022171	8741.466796875
6561.75050662171	7703.84228515625
6561.952533021709	6871.0693359375
6562.15455942171	6099.3583984375
6562.35658582171	5408.77880859375
6562.558612221709	4845.2099609375
6562.760638621709	4747.845703125
6562.96266502171	5167.7900390625
6563.16469142171	5490.81005859375
6563.366717821709	6019.603515625
6563.5687442217095	6969.00537109375
6563.77077062171	7857.8046875
6563.97279702171	8859.8583984375
6564.174823421709	9709.6943359375
6564.37684982171	10572.6630859375
6564.57887622171	11625.9951171875
6564.780902621709	12182.9921875
6564.982929021709	12567.6748046875
6565.18495542171	12846.453125
6565.38698182171	12872.9755859375
6565.589008221709	12824.8974609375
6565.7910346217095	12511.703125
6565.99306102171	12204.3671875
6566.19508742171	11888.126953125
6566.397113821709	11417.361328125
6566.59914022171	10953.54296875
6566.80116662171	10618.265625
6567.003193021709	10270.5146484375
6567.205219421709	9780.7080078125
6567.40724582171	9317.5830078125
6567.60927222171	8913.140625
6567.811298621709	8686.6630859375
6568.0133250217095	8515.3447265625
6568.21535142171	8286.5869140625
6568.41737782171	7961.3017578125
6568.619404221709	7884.48876953125
6568.82143062171	7526.31591796875
6569.02345702171	7080.60986328125
6569.225483421709	7006.9033203125
6569.4275098217095	7040.208984375
6569.62953622171	6872.4931640625
6569.83156262171	6705.36376953125
6570.033589021709	6721.080078125
6570.23561542171	6745.7646484375
6570.43764182171	6435.5107421875
6570.639668221709	6324.64453125
6570.841694621709	6327.82275390625
6571.04372102171	6123.03076171875
6571.24574742171	5977.7294921875
6571.447773821709	6073.66455078125
6571.6498002217095	6037.78955078125
6571.85182662171	5918.92431640625
6572.05385302171	5974.96142578125
6572.255879421709	5955.251953125
6572.45790582171	5932.3427734375
6572.65993222171	5875.6474609375
6572.861958621709	5891.19970703125
6573.063985021709	5779.37158203125
6573.26601142171	5723.75048828125
6573.46803782171	5939.1162109375
6573.670064221709	5995.416015625
6573.8720906217095	5837.20068359375
6574.07411702171	5635.99365234375
6574.27614342171	5544.0849609375
6574.478169821709	5596.89111328125
6574.68019622171	5664.70703125
6574.88222262171	5673.5341796875
6575.084249021709	5706.072265625
6575.286275421709	5883.69091796875
6575.48830182171	5999.17626953125
6575.69032822171	5982.82177734375
6575.892354621709	5941.43408203125
6576.0943810217095	5870.900390625
6576.29640742171	5809.94189453125
6576.498433821709	5822.12744140625
6576.700460221709	5788.173828125
6576.90248662171	5662.17529296875
6577.10451302171	5703.638671875
6577.306539421709	5786.4326171875
6577.508565821709	5680.69873046875
6577.71059222171	5721.48828125
6577.91261862171	5780.5576171875
6578.114645021709	5755.40625
6578.3166714217095	5847.00341796875
6578.51869782171	5857.6416015625
6578.720724221709	5978.9189453125
6578.922750621709	5953.41552734375
6579.12477702171	5923.34716796875
6579.32680342171	5851.16650390625
6579.528829821709	5822.1630859375
6579.7308562217095	5819.09912109375
6579.93288262171	5888.26025390625
6580.13490902171	5892.9990234375
6580.336935421709	5877.43505859375
6580.53896182171	5935.43115234375
6580.74098822171	5931.99609375
6580.943014621709	5767.30078125
6581.145041021709	5745.6572265625
6581.34706742171	5959.36865234375
6581.54909382171	5944.53076171875
6581.751120221709	5677.65283203125
6581.9531466217095	5704.029296875
6582.15517302171	5839.09130859375
6582.35719942171	5738.88818359375
6582.559225821709	5651.3935546875
6582.76125222171	5754.0439453125
6582.96327862171	5823.169921875
6583.165305021709	5868.24853515625
6583.367331421709	5907.74169921875
6583.56935782171	5883.47998046875
6583.77138422171	5902.39306640625
6583.973410621709	5937.65869140625
6584.1754370217095	5947.2841796875
6584.37746342171	5870.673828125
6584.57948982171	5885.2158203125
6584.781516221709	5868.06005859375
6584.98354262171	5873.5693359375
6585.18556902171	5871.85546875
6585.387595421709	5949.3212890625
6585.589621821709	6076.10400390625
6585.79164822171	6001.5458984375
6585.99367462171	5914.1083984375
6586.195701021709	5761.86669921875
6586.3977274217095	5644.42626953125
6586.59975382171	5637.896484375
6586.801780221709	5715.84716796875
6587.003806621709	5843.15234375
6587.20583302171	6038.193359375
6587.40785942171	6042.994140625
6587.609885821709	6026.5927734375
6587.8119122217095	6093.248046875
6588.01393862171	5962.1845703125
6588.21596502171	5896.38427734375
6588.417991421709	5836.33154296875
6588.62001782171	5765.89794921875
6588.82204422171	5955.576171875
6589.024070621709	6089.60595703125
6589.226097021709	5998.39013671875
6589.42812342171	5994.4306640625
6589.63014982171	6046.87548828125
6589.832176221709	5983.650390625
6590.0342026217095	5921.966796875
6590.23622902171	5873.8525390625
6590.43825542171	5987.70556640625
6590.640281821709	6050.17431640625
6590.84230822171	6123.25439453125
6591.04433462171	6166.95849609375
6591.246361021709	6080.5419921875
6591.448387421709	5967.45361328125
6591.65041382171	5841.70703125
6591.85244022171	5840.4423828125
6592.054466621709	5973.35302734375
6592.2564930217095	5997.767578125
6592.45851942171	5927.39111328125
6592.660545821709	5882.185546875
6592.862572221709	5913.27294921875
6593.06459862171	5862.4091796875
6593.26662502171	5748.1064453125
6593.468651421709	5813.41845703125
6593.670677821709	5735.91552734375
6593.87270422171	5681.58203125
6594.07473062171	5713.18603515625
6594.276757021709	5849.716796875
6594.4787834217095	5875.490234375
6594.68080982171	6002.6884765625
6594.88283622171	6031.947265625
6595.084862621709	5867.771484375
6595.28688902171	5892.24462890625
6595.48891542171	5851.0283203125
6595.690941821709	5798.58349609375
6595.892968221709	5772.6884765625
6596.09499462171	5801.3994140625
6596.29702102171	5863.07958984375
6596.499047421709	5947.71875
6596.7010738217095	5965.1572265625
6596.90310022171	5838.23779296875
6597.105126621709	5935.17138671875
6597.307153021709	6016.69482421875
6597.50917942171	6061.81298828125
6597.71120582171	6077.67333984375
6597.913232221709	6227.96240234375
6598.1152586217095	6158.81298828125
6598.31728502171	6074.52392578125
6598.51931142171	6085.15087890625
6598.721337821709	5984.44482421875
6598.92336422171	5877.05615234375
6599.12539062171	5811.86767578125
6599.327417021709	5910.05712890625
6599.529443421709	5959.46044921875
6599.73146982171	5873.83544921875
6599.93349622171	5825.5
6600.135522621709	6005.28515625
6600.3375490217095	6031.146484375
6600.53957542171	5903.90673828125
6600.74160182171	5968.10498046875
6600.943628221709	5954.595703125
6601.14565462171	5864.048828125
6601.34768102171	5815.4052734375
6601.549707421709	5905.7939453125
6601.751733821709	6060.27197265625
6601.95376022171	5927.7412109375
6602.15578662171	5833.83935546875
6602.357813021709	5944.27294921875
6602.5598394217095	5865.38916015625
6602.76186582171	5722.15966796875
6602.963892221709	5750.27392578125
6603.165918621709	5802.6943359375
6603.36794502171	5777.2451171875
6603.56997142171	5726.2412109375
6603.771997821709	5639.5048828125
6603.974024221709	5571.7255859375
6604.17605062171	5657.3212890625
6604.37807702171	5747.63037109375
6604.580103421709	5629.88525390625
6604.7821298217095	5662.60693359375
6604.98415622171	5700.048828125
6605.186182621709	5730.06591796875
6605.388209021709	5712.81005859375
6605.59023542171	5613.69873046875
6605.79226182171	5489.3671875
6605.994288221709	5483.7041015625
6606.1963146217095	5672.458984375
6606.39834102171	5812.01708984375
6606.60036742171	5982.50537109375
6606.802393821709	5686.0703125
6607.00442022171	5768.6181640625
6607.20644662171	5945.77001953125
6607.408473021709	5910.59228515625
6607.610499421709	5764.3173828125
6607.81252582171	5709.16455078125
6608.01455222171	5866.4189453125
6608.216578621709	5773.197265625
6608.4186050217095	5815.51416015625
6608.62063142171	5898.8876953125
6608.82265782171	5927.69189453125
6609.024684221709	5937.72607421875
6609.22671062171	5900.1796875
6609.42873702171	5922.81201171875
6609.630763421709	6040.04248046875
6609.832789821709	6029.73486328125
6610.03481622171	5956.04931640625
6610.23684262171	5759.26123046875
6610.438869021709	5662.365234375
6610.6408954217095	5771.01171875
6610.84292182171	5833.72314453125
6611.04494822171	5877.4697265625
6611.246974621709	5857.72021484375
6611.44900102171	5812.6171875
6611.65102742171	5859.6669921875
6611.853053821709	5886.09912109375
6612.055080221709	5761.4453125
6612.25710662171	5753.68798828125
6612.45913302171	5727.35693359375
6612.661159421709	5595.97509765625
6612.8631858217095	5660.66357421875
6613.06521222171	5843.13134765625
6613.267238621709	5960.9326171875
6613.469265021709	5937.1484375
6613.67129142171	5969.17724609375
6613.87331782171	6027.4912109375
6614.075344221709	5969.712890625
6614.277370621709	5859.90478515625
6614.47939702171	5762.6650390625
6614.68142342171	5807.375
6614.883449821709	5781.63720703125
6615.0854762217095	5803.5849609375
6615.28750262171	5727.1982421875
6615.489529021709	5712.1103515625
6615.691555421709	5782.1328125
6615.89358182171	5810.90283203125
6616.09560822171	5697.62744140625
6616.297634621709	5704.98828125
6616.4996610217095	5806.9169921875
6616.70168742171	5848.40478515625
6616.90371382171	5817.38818359375
6617.105740221709	5939.923828125
6617.30776662171	5871.173828125
6617.50979302171	5567.3115234375
6617.711819421709	5567.55419921875
6617.913845821709	5698.16064453125
6618.11587222171	5661.12353515625
6618.31789862171	5575.2138671875
6618.519925021709	5747.11572265625
6618.7219514217095	5893.2041015625
6618.92397782171	5834.35546875
6619.126004221709	5714.3720703125
6619.328030621709	5743.158203125
6619.53005702171	5896.54150390625
6619.73208342171	6001.12841796875
6619.934109821709	5873.26611328125
6620.136136221709	5846.59375
6620.33816262171	5754.50341796875
6620.54018902171	5779.6298828125
6620.742215421709	5744.80126953125
6620.9442418217095	5811.62158203125
6621.14626822171	5806.70556640625
6621.348294621709	5689.55322265625
6621.550321021709	5724.82763671875
6621.75234742171	5599.88427734375
6621.95437382171	5488.65576171875
6622.156400221709	5783.15087890625
6622.358426621709	5934.55419921875
6622.56045302171	5849.40625
6622.76247942171	5580.0986328125
6622.964505821709	5531.18798828125
6623.1665322217095	5698.92626953125
6623.36855862171	5710.13330078125
6623.570585021709	5690.59765625
6623.772611421709	5655.9326171875
6623.97463782171	5668.64990234375
6624.17666422171	5699.26416015625
6624.378690621709	5556.146484375
6624.5807170217095	5555.1533203125
6624.78274342171	5667.24609375
6624.98476982171	5700.11474609375
6625.186796221709	5701.1201171875
6625.38882262171	5596.40380859375
6625.59084902171	5497.40478515625
6625.792875421709	5514.99267578125
6625.994901821709	5486.47314453125
6626.19692822171	5489.4150390625
6626.39895462171	5538.494140625
6626.600981021709	5390.46728515625
6626.8030074217095	5360.97607421875
6627.00503382171	5393.6806640625
6627.20706022171	5357.810546875
6627.409086621709	5458.384765625
6627.61111302171	5669.48974609375
6627.81313942171	5788.04443359375
6628.015165821709	5708.33349609375
6628.217192221709	5693.1650390625
6628.41921862171	5743.3291015625
6628.62124502171	5684.3310546875
6628.823271421709	5710.51708984375
6629.0252978217095	5696.4052734375
6629.22732422171	5616.26123046875
6629.429350621709	5491.43505859375
6629.631377021709	5536.626953125
6629.83340342171	5867.09765625
6630.03542982171	6006.69091796875
6630.237456221709	5870.10009765625
6630.439482621709	5591.03076171875
6630.64150902171	5554.0478515625
6630.84353542171	5596.93896484375
6631.045561821709	5697.9990234375
6631.2475882217095	5928.69482421875
6631.44961462171	5648.72216796875
6631.651641021709	5522.55126953125
6631.853667421709	5636.77392578125
6632.05569382171	5602.2373046875
6632.25772022171	5525.099609375
6632.459746621709	5521.29052734375
6632.661773021709	5673.36572265625
6632.86379942171	5723.65234375
6633.06582582171	5708.86376953125
6633.267852221709	5721.69384765625
6633.4698786217095	5621.697265625
6633.67190502171	5438.32763671875
6633.873931421709	5501.05126953125
6634.075957821709	5599.2490234375
6634.27798422171	5586.16748046875
6634.48001062171	5640.8037109375
6634.682037021709	5811.349609375
6634.8840634217095	5883.732421875
6635.08608982171	5849.43310546875
6635.28811622171	5760.123046875
6635.490142621709	5767.31005859375
6635.69216902171	5715.8125
6635.89419542171	5638.57763671875
6636.096221821709	5640.36572265625
6636.298248221709	5826.6357421875
6636.50027462171	5834.55712890625
6636.70230102171	5702.97607421875
6636.904327421709	5687.689453125
6637.1063538217095	5771.70703125
6637.30838022171	5831.900390625
6637.51040662171	5804.11181640625
6637.712433021709	5731.9658203125
6637.91445942171	5863.302734375
6638.11648582171	5963.962890625
6638.318512221709	5835.92138671875
6638.520538621709	5688.24072265625
6638.72256502171	5635.0849609375
6638.92459142171	5632.482421875
6639.126617821709	5698.953125
6639.3286442217095	5617.203125
6639.53067062171	5671.81640625
6639.732697021709	5849.76220703125
6639.934723421709	5832.99560546875
6640.13674982171	5842.0322265625
6640.33877622171	5707.65087890625
6640.540802621709	5591.1044921875
6640.742829021709	5611.7958984375
6640.94485542171	5651.35791015625
6641.14688182171	5735.3349609375
6641.348908221709	5776.01220703125
6641.5509346217095	5805.94091796875
6641.75296102171	5830.5546875
6641.954987421709	5748.53369140625
6642.157013821709	5518.59765625
6642.35904022171	5669.62060546875
6642.56106662171	5842.4833984375
6642.763093021709	5817.98681640625
6642.9651194217095	5721.005859375
6643.16714582171	5766.96923828125
6643.36917222171	5749.54052734375
6643.571198621709	5786.076171875
6643.77322502171	5699.787109375
6643.97525142171	5647.1533203125
6644.177277821709	5627.9384765625
6644.379304221709	5668.1767578125
6644.58133062171	5637.2841796875
6644.78335702171	5546.4345703125
6644.985383421709	5595.07861328125
6645.1874098217095	5726.91748046875
6645.38943622171	5663.646484375
6645.591462621709	5741.4072265625
6645.793489021709	5819.189453125
6645.99551542171	5683.91748046875
6646.19754182171	5584.703125
6646.399568221709	5613.50341796875
6646.601594621709	5824.83544921875
6646.80362102171	5875.083984375
6647.00564742171	5898.970703125
6647.207673821709	5877.17822265625
6647.4097002217095	5732.541015625
6647.61172662171	5716.92724609375
6647.813753021709	5744.40087890625
6648.015779421709	5753.8349609375
6648.21780582171	5881.630859375
6648.41983222171	5988.4375
6648.621858621709	5878.9892578125
6648.823885021709	5640.345703125
6649.02591142171	5556.17919921875
6649.22793782171	5722.47802734375
6649.429964221709	5772.32177734375
6649.6319906217095	5702.3046875
6649.83401702171	5679.84033203125
6650.036043421709	5704.57080078125
6650.238069821709	5809.25341796875
6650.44009622171	5790.89013671875
6650.64212262171	5702.783203125
6650.844149021709	5586.30126953125
6651.046175421709	5554.943359375
6651.24820182171	5526.55908203125
6651.45022822171	5530.49609375
6651.652254621709	5621.33349609375
6651.8542810217095	5830.67919921875
6652.05630742171	5927.01513671875
6652.258333821709	5800.2001953125
6652.460360221709	5821.384765625
6652.66238662171	5722.9697265625
6652.86441302171	5576.5625
6653.066439421709	5677.44970703125
6653.2684658217095	5715.38525390625
6653.47049222171	5530.43115234375
6653.67251862171	5488.38427734375
6653.874545021709	5735.68408203125
6654.07657142171	5755.3115234375
6654.27859782171	5774.185546875
6654.480624221709	5694.03466796875
6654.682650621709	5674.00146484375
6654.88467702171	5642.6171875
6655.08670342171	5666.17724609375
6655.288729821709	5631.92626953125
6655.4907562217095	5633.4130859375
6655.69278262171	5683.296875
6655.894809021709	5733.06982421875
6656.096835421709	5704.48974609375
6656.29886182171	5772.26025390625
6656.50088822171	5783.025390625
6656.702914621709	5643.75634765625
6656.904941021709	5499.18310546875
6657.10696742171	5475.9052734375
6657.30899382171	5584.376953125
6657.511020221709	5585.48681640625
6657.7130466217095	5542.35888671875
6657.91507302171	5670.8779296875
6658.117099421709	5690.24560546875
6658.319125821709	5665.4609375
6658.52115222171	5692.1025390625
6658.72317862171	5691.365234375
6658.925205021709	5672.99462890625
6659.127231421709	5740.396484375
6659.32925782171	5882.6181640625
6659.53128422171	5858.23974609375
6659.733310621709	5747.83203125
6659.9353370217095	5628.0966796875
6660.13736342171	5607.20166015625
6660.339389821709	5663.62158203125
6660.541416221709	5612.41064453125
6660.74344262171	5497.8037109375
6660.94546902171	5462.21240234375
6661.147495421709	5548.572265625
6661.3495218217095	5661.09375
6661.55154822171	5738.98095703125
6661.75357462171	5654.345703125
6661.955601021709	5606.24462890625
6662.15762742171	5727.14892578125
6662.35965382171	5764.0185546875
6662.561680221709	5676.27978515625
6662.763706621709	5601.6767578125
6662.96573302171	5610.552734375
6663.16775942171	5641.64306640625
6663.369785821709	5689.7373046875
6663.5718122217095	5707.486328125
6663.77383862171	5697.0986328125
6663.97586502171	5721.470703125
6664.177891421709	5739.1806640625
6664.37991782171	5734.9501953125
6664.58194422171	5701.6494140625
6664.783970621709	5631.86376953125
6664.985997021709	5637.18017578125
6665.18802342171	5669.67578125
6665.39004982171	5689.54052734375
6665.592076221709	5652.3076171875
6665.7941026217095	5469.19970703125
6665.99612902171	5426.14306640625
6666.198155421709	5545.2060546875
6666.400181821709	5522.9130859375
6666.60220822171	5524.326171875
6666.80423462171	5647.00439453125
6667.006261021709	5852.23828125
6667.208287421709	5887.63134765625
6667.41031382171	5627.99609375
6667.61234022171	5627.42919921875
6667.814366621709	5647.787109375
6668.0163930217095	5522.216796875
6668.21841942171	5521.6669921875
6668.420445821709	5632.4892578125
6668.622472221709	5717.92822265625
6668.82449862171	5591.50634765625
6669.02652502171	5480.6796875
6669.228551421709	5553.12255859375
6669.430577821709	5628.125
6669.63260422171	5688.00732421875
6669.83463062171	5606.15673828125
6670.036657021709	5450.3662109375
6670.2386834217095	5509.60693359375
6670.44070982171	5672.626953125
6670.642736221709	5692.2783203125
6670.844762621709	5560.31787109375
6671.04678902171	5423.8173828125
6671.24881542171	5414.2138671875
6671.450841821709	5510.68896484375
6671.6528682217095	5464.732421875
6671.85489462171	5510.28125
6672.056921021709	5603.58203125
6672.258947421709	5644.68603515625
6672.46097382171	5619.83447265625
6672.66300022171	5706.83056640625
6672.865026621709	5773.67333984375
6673.067053021709	5618.3564453125
6673.26907942171	5479.33203125
6673.47110582171	5438.25537109375
6673.673132221709	5508.14892578125
6673.8751586217095	5556.20458984375
6674.07718502171	5583.45751953125
6674.279211421709	5554.06591796875
6674.481237821709	5553.08251953125
6674.68326422171	5459.6357421875
6674.88529062171	5492.5947265625
6675.087317021709	5624.10986328125
6675.289343421709	5403.5322265625
6675.49136982171	5338.53271484375
6675.69339622171	5298.35888671875
6675.895422621709	5308.9091796875
6676.0974490217095	5292.77001953125
6676.29947542171	5356.5107421875
6676.501501821709	5290.830078125
6676.703528221709	5356.12451171875
6676.90555462171	5385.9384765625
6677.10758102171	5343.603515625
6677.309607421709	5470.2763671875
6677.511633821709	5505.869140625
6677.71366022171	5426.50927734375
6677.91568662171	5417.67724609375
6678.117713021709	5512.8896484375
6678.3197394217095	5435.99951171875
6678.52176582171	5452.06884765625
6678.723792221709	5523.32421875
6678.925818621709	5707.65087890625
6679.12784502171	5587.5166015625
6679.32987142171	5514.67919921875
6679.531897821709	5506.3681640625
6679.7339242217095	5615.25048828125
6679.93595062171	5512.39111328125
6680.13797702171	5218.1884765625
6680.340003421709	5192.052734375
6680.54202982171	5369.0556640625
6680.74405622171	5546.31591796875
6680.946082621709	5540.142578125
6681.148109021709	5407.966796875
6681.35013542171	5358.74365234375
6681.55216182171	5435.85791015625
6681.754188221709	5575.724609375
6681.9562146217095	5585.50390625
6682.15824102171	5474.73291015625
6682.360267421709	5534.9853515625
6682.562293821709	5606.15625
6682.76432022171	5692.84619140625
6682.96634662171	5780.13232421875
6683.168373021709	5716.0390625
6683.370399421709	5678.4775390625
6683.57242582171	5709.9296875
6683.77445222171	5688.20263671875
6683.976478621709	5707.53369140625
6684.1785050217095	5641.3642578125
6684.38053142171	5475.90576171875
6684.582557821709	5471.443359375
6684.784584221709	5639.1015625
6684.98661062171	5690.37451171875
6685.18863702171	5653.892578125
6685.390663421709	5579.69189453125
6685.592689821709	5654.91064453125
6685.79471622171	5682.298828125
6685.99674262171	5672.384765625
6686.198769021709	5549.55419921875
6686.4007954217095	5433.4970703125
6686.60282182171	5535.4521484375
6686.804848221709	5651.31298828125
6687.006874621709	5691.39599609375
6687.20890102171	5693.7890625
6687.41092742171	5713.91064453125
6687.612953821709	5687.01513671875
6687.814980221709	5641.92529296875
6688.01700662171	5608.34326171875
6688.219033021709	5619.1298828125
6688.421059421709	5548.0302734375
6688.6230858217095	5477.1943359375
6688.82511222171	5457.93701171875
6689.027138621709	5588.07568359375
6689.229165021709	5704.3076171875
6689.43119142171	5631.1015625
6689.63321782171	5599.9931640625
6689.835244221709	5595.5595703125
6690.0372706217095	5499.21923828125
6690.23929702171	5557.859375
6690.44132342171	5515.13916015625
6690.643349821709	5514.35400390625
6690.84537622171	5552.07177734375
6691.04740262171	5588.89990234375
6691.249429021709	5773.9423828125
6691.451455421709	5754.59033203125
6691.65348182171	5584.40283203125
6691.85550822171	5471.28173828125
6692.057534621709	5491.779296875
6692.2595610217095	5504.697265625
6692.46158742171	5541.22607421875
6692.663613821709	5471.30419921875
6692.865640221709	5455.39501953125
6693.06766662171	5505.14208984375
6693.26969302171	5562.947265625
6693.471719421709	5589.70166015625
6693.673745821709	5527.45654296875
6693.87577222171	5515.6640625
6694.07779862171	5598.6708984375
6694.279825021709	5706.95556640625
