6466.25390625	0.6884765625
6466.25390625	344160.0
6466.9423828125	345099.0
6467.630859375	344517.1875
6468.3193359375	345296.40625
6469.0078125	345694.8125
6469.6962890625	343325.3125
6470.384765625	342075.0625
6471.0732421875	344996.53125
6471.76171875	344203.125
6472.4501953125	336695.15625
6473.138671875	335025.84375
6473.8271484375	339303.75
6474.515625	334929.9375
6475.2041015625	329722.5625
6475.892578125	330970.4375
6476.5810546875	338016.96875
6477.26953125	340530.75
6477.9580078125	346107.1875
6478.646484375	344967.96875
6479.3349609375	339304.78125
6480.0234375	334542.5625
6480.7119140625	338799.25
6481.400390625	335724.625
6482.0888671875	334787.5
6482.77734375	322469.15625
6483.4658203125	320776.03125
6484.154296875	331235.9375
6484.8427734375	335349.84375
6485.53125	341146.0
6486.2197265625	342755.40625
6486.908203125	341308.25
6487.5966796875	342696.6875
6488.28515625	343944.875
6488.9736328125	343248.5625
6489.662109375	340484.375
6490.3505859375	337800.3125
6491.0390625	333674.75
6491.7275390625	333140.125
6492.416015625	326189.25
6493.1044921875	323398.03125
6493.79296875	328123.59375
6494.4814453125	327709.96875
6495.169921875	326096.5625
6495.8583984375	321064.84375
6496.546875	324901.78125
6497.2353515625	328823.375
6497.923828125	332422.53125
6498.6123046875	333132.75
6499.30078125	339855.96875
6499.9892578125	337799.5
6500.677734375	339454.3125
6501.3662109375	337480.53125
6502.0546875	338690.25
6502.7431640625	337309.34375
6503.431640625	338665.4375
6504.1201171875	334711.46875
6504.80859375	337970.65625
6505.4970703125	336162.21875
6506.185546875	339507.9375
6506.8740234375	340401.03125
6507.5625	333740.75
6508.2509765625	333690.1875
6508.939453125	335462.625
6509.6279296875	339920.84375
6510.31640625	341162.25
6511.0048828125	342136.5625
6511.693359375	345633.78125
6512.3818359375	351348.53125
6513.0703125	356900.375
6513.7587890625	352530.1875
6514.447265625	339274.875
6515.1357421875	333879.65625
6515.82421875	321031.71875
6516.5126953125	306853.90625
6517.201171875	314761.78125
6517.8896484375	328205.1875
6518.578125	336873.65625
6519.2666015625	343316.71875
6519.955078125	354700.4375
6520.6435546875	354567.3125
6521.33203125	353357.46875
6522.0205078125	345732.78125
6522.708984375	338327.53125
6523.3974609375	332049.34375
6524.0859375	331352.75
6524.7744140625	333188.28125
6525.462890625	331782.3125
6526.1513671875	332228.125
6526.83984375	329431.25
6527.5283203125	330136.21875
6528.216796875	331228.53125
6528.9052734375	329881.5625
6529.59375	330324.1875
6530.2822265625	328925.1875
6530.970703125	330099.46875
6531.6591796875	327121.0625
6532.34765625	324714.5625
6533.0361328125	326964.5625
6533.724609375	323762.875
6534.4130859375	327094.375
6535.1015625	326728.25
6535.7900390625	326687.0
6536.478515625	328290.40625
6537.1669921875	324900.375
6537.85546875	327381.6875
6538.5439453125	324954.34375
6539.232421875	325904.0625
6539.9208984375	325656.3125
6540.609375	324912.625
6541.2978515625	324497.5625
6541.986328125	320479.5625
6542.6748046875	322597.34375
6543.36328125	314940.625
6544.0517578125	313214.875
6544.740234375	318672.5
6545.4287109375	321088.46875
6546.1171875	318429.28125
6546.8056640625	316064.625
6547.494140625	314529.71875
6548.1826171875	314133.53125
6548.87109375	315699.09375
6549.5595703125	320584.125
6550.248046875	320608.0
6550.9365234375	320540.90625
6551.625	321020.96875
6552.3134765625	316888.125
6553.001953125	321508.78125
6553.6904296875	327586.625
6554.37890625	338807.5
6555.0673828125	346924.5
6555.755859375	356857.96875
6556.4443359375	375698.6875
6557.1328125	403524.28125
6557.8212890625	443364.46875
6558.509765625	504326.84375
6559.1982421875	575993.6875
6559.88671875	648068.5
6560.5751953125	676267.375
6561.263671875	639934.125
6561.9521484375	537213.25
6562.640625	383701.9375
6563.3291015625	257529.65625
6564.017578125	305337.5
6564.7060546875	469287.125
6565.39453125	590042.1875
6566.0830078125	668286.875
6566.771484375	669771.5
6567.4599609375	609967.1875
6568.1484375	534890.875
6568.8369140625	466727.21875
6569.525390625	425155.15625
6570.2138671875	392216.59375
6570.90234375	369334.0
6571.5908203125	351402.0
6572.279296875	342028.03125
6572.9677734375	338749.96875
6573.65625	333761.125
6574.3447265625	325656.96875
6575.033203125	322463.875
6575.7216796875	325238.34375
6576.41015625	327390.5
6577.0986328125	325045.65625
6577.787109375	325728.5
6578.4755859375	326889.9375
6579.1640625	328339.125
6579.8525390625	326489.34375
6580.541015625	325093.375
6581.2294921875	327532.34375
6581.91796875	326880.1875
6582.6064453125	328142.46875
6583.294921875	325857.8125
6583.9833984375	326882.90625
6584.671875	327361.40625
6585.3603515625	325746.5625
6586.048828125	318748.34375
6586.7373046875	322846.28125
6587.42578125	327842.09375
6588.1142578125	329218.75
6588.802734375	328672.09375
6589.4912109375	327104.5
6590.1796875	330568.90625
6590.8681640625	328791.8125
6591.556640625	331512.0625
6592.2451171875	331165.34375
6592.93359375	328547.21875
6593.6220703125	328122.625
6594.310546875	325771.40625
6594.9990234375	326630.6875
6595.6875	329385.90625
6596.3759765625	328725.40625
6597.064453125	331149.75
6597.7529296875	330416.625
6598.44140625	333180.8125
6599.1298828125	332333.15625
6599.818359375	331785.1875
6600.5068359375	331429.15625
6601.1953125	333190.125
6601.8837890625	330039.8125
6602.572265625	331148.25
6603.2607421875	332212.0625
6603.94921875	328730.5
6604.6376953125	326696.59375
6605.326171875	320093.96875
6606.0146484375	321086.5625
6606.703125	323312.46875
6607.3916015625	327551.65625
6608.080078125	325922.71875
6608.7685546875	330681.65625
6609.45703125	331152.625
6610.1455078125	332056.59375
6610.833984375	332050.65625
6611.5224609375	331156.3125
6612.2109375	330001.75
6612.8994140625	331209.3125
6613.587890625	328689.46875
6614.2763671875	327079.90625
6614.96484375	328375.59375
6615.6533203125	329216.9375
6616.341796875	331035.0625
6617.0302734375	332030.40625
6617.71875	331356.78125
6618.4072265625	330293.65625
6619.095703125	330272.84375
6619.7841796875	333009.03125
6620.47265625	330322.0625
6621.1611328125	330631.28125
6621.849609375	328272.34375
6622.5380859375	328650.59375
6623.2265625	330833.875
6623.9150390625	331761.03125
6624.603515625	331323.15625
6625.2919921875	332539.9375
6625.98046875	331631.3125
6626.6689453125	330769.875
6627.357421875	326890.34375
6628.0458984375	325818.96875
6628.734375	324991.125
6629.4228515625	327627.5625
6630.111328125	330684.34375
6630.7998046875	332311.625
6631.48828125	331048.96875
6632.1767578125	331795.90625
6632.865234375	333203.375
6633.5537109375	332634.09375
6634.2421875	333750.34375
6634.9306640625	332757.4375
6635.619140625	330940.65625
6636.3076171875	329653.25
6636.99609375	331671.03125
6637.6845703125	331686.25
6638.373046875	332802.0625
6639.0615234375	331671.53125
6639.75	331685.21875
6640.4384765625	334619.65625
6641.126953125	330942.75
6641.8154296875	330997.1875
6642.50390625	329038.09375
6643.1923828125	332310.75
6643.880859375	331087.25
6644.5693359375	331077.84375
6645.2578125	331558.40625
6645.9462890625	330613.71875
6646.634765625	331260.78125
6647.3232421875	331980.78125
6648.01171875	332023.0625
6648.7001953125	332689.84375
6649.388671875	332633.15625
6650.0771484375	334950.5625
6650.765625	334374.71875
6651.4541015625	335133.3125
6652.142578125	332901.5625
6652.8310546875	333691.375
6653.51953125	332240.875
6654.2080078125	333573.21875
6654.896484375	333419.21875
6655.5849609375	332755.40625
6656.2734375	334124.5
6656.9619140625	334158.71875
6657.650390625	333793.25
6658.3388671875	332377.5625
6659.02734375	333067.59375
6659.7158203125	332639.9375
6660.404296875	331741.875
6661.0927734375	330911.0
6661.78125	330687.25
6662.4697265625	333234.25
6663.158203125	330083.125
6663.8466796875	329544.125
6664.53515625	331715.21875
6665.2236328125	333438.40625
6665.912109375	330546.53125
6666.6005859375	332928.21875
6667.2890625	333862.0
6667.9775390625	333002.25
6668.666015625	334435.5
6669.3544921875	332889.1875
6670.04296875	332294.8125
6670.7314453125	334091.8125
6671.419921875	333608.34375
6672.1083984375	332688.1875
6672.796875	334074.21875
6673.4853515625	333355.3125
6674.173828125	334810.1875
6674.8623046875	336518.40625
6675.55078125	333222.34375
6676.2392578125	332721.9375
6676.927734375	329204.5
6677.6162109375	326392.34375
6678.3046875	322719.84375
6678.9931640625	319015.125
6679.681640625	318996.5
6680.3701171875	320825.03125
6681.05859375	325014.875
6681.7470703125	327241.15625
6682.435546875	331787.3125
6683.1240234375	335317.9375
6683.8125	334369.40625
6684.5009765625	336716.71875
6685.189453125	338180.5
6685.8779296875	336965.03125
6686.56640625	337910.78125
6687.2548828125	336894.59375
6687.943359375	337506.53125
6688.6318359375	335053.84375
6689.3203125	335632.59375
6690.0087890625	335716.0
6690.697265625	335817.90625
6691.3857421875	337696.71875
6692.07421875	338353.5
6692.7626953125	338536.75
6693.451171875	336577.34375
6694.1396484375	337619.71875
6694.828125	337458.84375
6695.5166015625	336374.65625
6696.205078125	338394.40625
6696.8935546875	340200.125
6697.58203125	337096.75
6698.2705078125	339414.625
6698.958984375	339983.375
6699.6474609375	337429.03125
6700.3359375	340189.21875
6701.0244140625	337317.46875
6701.712890625	335954.84375
6702.4013671875	336957.375
6703.08984375	339950.3125
6703.7783203125	341972.59375
6704.466796875	338228.625
6705.1552734375	335453.34375
6705.84375	336761.21875
6706.5322265625	338783.375
6707.220703125	340236.6875
6707.9091796875	340454.0
6708.59765625	338623.75
6709.2861328125	334146.78125
6709.974609375	338034.0625
6710.6630859375	339469.40625
6711.3515625	340000.25
6712.0400390625	334728.9375
6712.728515625	340110.84375
6713.4169921875	340239.65625
6714.10546875	340369.65625
6714.7939453125	337963.34375
6715.482421875	340417.78125
6716.1708984375	337746.40625
6716.859375	334400.65625
