6428.66015625	0.24658203125
6428.66015625	344676.75
6428.90673828125	342463.3125
6429.1533203125	343832.59375
6429.39990234375	345162.3125
6429.646484375	345711.65625
6429.89306640625	346160.875
6430.1396484375	348955.09375
6430.38623046875	349124.78125
6430.6328125	344201.3125
6430.87939453125	340799.65625
6431.1259765625	343896.0
6431.37255859375	341094.375
6431.619140625	339174.1875
6431.86572265625	338778.90625
6432.1123046875	333603.625
6432.35888671875	330173.1875
6432.60546875	328770.34375
6432.85205078125	328090.0
6433.0986328125	323469.25
6433.34521484375	316352.53125
6433.591796875	314481.59375
6433.83837890625	310436.71875
6434.0849609375	307033.5625
6434.33154296875	312907.625
6434.578125	318643.40625
6434.82470703125	317998.3125
6435.0712890625	322428.625
6435.31787109375	325974.625
6435.564453125	331879.96875
6435.81103515625	337808.40625
6436.0576171875	337670.40625
6436.30419921875	339649.78125
6436.55078125	340056.65625
6436.79736328125	343591.0
6437.0439453125	347550.96875
6437.29052734375	346828.90625
6437.537109375	346934.4375
6437.78369140625	344535.15625
6438.0302734375	344074.03125
6438.27685546875	340359.25
6438.5234375	339249.8125
6438.77001953125	340181.8125
6439.0166015625	338707.53125
6439.26318359375	336403.25
6439.509765625	334765.25
6439.75634765625	337052.375
6440.0029296875	332903.6875
6440.24951171875	334523.1875
6440.49609375	334199.34375
6440.74267578125	330715.0625
6440.9892578125	335881.03125
6441.23583984375	333895.15625
6441.482421875	332881.46875
6441.72900390625	334868.09375
6441.9755859375	335983.53125
6442.22216796875	332758.4375
6442.46875	334969.71875
6442.71533203125	334036.34375
6442.9619140625	333569.34375
6443.20849609375	334848.65625
6443.455078125	331517.90625
6443.70166015625	333813.15625
6443.9482421875	329830.5625
6444.19482421875	334545.5
6444.44140625	333550.0
6444.68798828125	334262.1875
6444.9345703125	330418.65625
6445.18115234375	331741.0625
6445.427734375	337480.625
6445.67431640625	330622.59375
6445.9208984375	329686.4375
6446.16748046875	331845.78125
6446.4140625	329300.46875
6446.66064453125	329301.28125
6446.9072265625	322698.53125
6447.15380859375	320190.53125
6447.400390625	315152.71875
6447.64697265625	313437.21875
6447.8935546875	316270.84375
6448.14013671875	322187.40625
6448.38671875	321942.8125
6448.63330078125	326782.125
6448.8798828125	329949.59375
6449.12646484375	329809.40625
6449.373046875	332959.125
6449.61962890625	332942.90625
6449.8662109375	331311.65625
6450.11279296875	333258.5625
6450.359375	333652.0
6450.60595703125	331181.71875
6450.8525390625	333355.75
6451.09912109375	333238.65625
6451.345703125	330889.65625
6451.59228515625	335933.40625
6451.8388671875	336391.21875
6452.08544921875	336582.90625
6452.33203125	339685.75
6452.57861328125	339386.8125
6452.8251953125	340462.1875
6453.07177734375	339445.71875
6453.318359375	342984.28125
6453.56494140625	345232.03125
6453.8115234375	339227.71875
6454.05810546875	342297.5
6454.3046875	340356.78125
6454.55126953125	338045.46875
6454.7978515625	337315.46875
6455.04443359375	331507.25
6455.291015625	332153.34375
6455.53759765625	324962.59375
6455.7841796875	320422.46875
6456.03076171875	313657.03125
6456.27734375	304458.9375
6456.52392578125	291878.5
6456.7705078125	277519.9375
6457.01708984375	263524.1875
6457.263671875	248943.65625
6457.51025390625	242621.953125
6457.7568359375	252009.84375
6458.00341796875	264538.34375
6458.25	283098.28125
6458.49658203125	295146.96875
6458.7431640625	309968.40625
6458.98974609375	317880.40625
6459.236328125	322492.03125
6459.48291015625	329812.53125
6459.7294921875	334491.875
6459.97607421875	332330.9375
6460.22265625	336310.34375
6460.46923828125	339650.4375
6460.7158203125	340861.4375
6460.96240234375	339899.78125
6461.208984375	345810.1875
6461.45556640625	340438.75
6461.7021484375	341319.15625
6461.94873046875	336026.09375
6462.1953125	338314.6875
6462.44189453125	334116.28125
6462.6884765625	337545.6875
6462.93505859375	329196.125
6463.181640625	334555.3125
6463.42822265625	329084.53125
6463.6748046875	329900.3125
6463.92138671875	327850.875
6464.16796875	329642.53125
6464.41455078125	327155.25
6464.6611328125	331419.9375
6464.90771484375	328245.65625
6465.154296875	328063.21875
6465.40087890625	328151.0
6465.6474609375	327635.1875
6465.89404296875	328908.5
6466.140625	327955.125
6466.38720703125	330769.375
6466.6337890625	327774.75
6466.88037109375	327819.46875
6467.126953125	327218.25
6467.37353515625	327366.59375
6467.6201171875	329974.8125
6467.86669921875	324326.71875
6468.11328125	325495.875
6468.35986328125	325830.71875
6468.6064453125	327313.21875
6468.85302734375	328671.15625
6469.099609375	325519.59375
6469.34619140625	327942.34375
6469.5927734375	330198.78125
6469.83935546875	327274.375
6470.0859375	322738.75
6470.33251953125	323866.0625
6470.5791015625	327795.53125
6470.82568359375	326999.71875
6471.072265625	327437.78125
6471.31884765625	325678.3125
6471.5654296875	322536.375
6471.81201171875	329002.46875
6472.05859375	330026.71875
6472.30517578125	327406.1875
6472.5517578125	324972.625
6472.79833984375	326477.78125
6473.044921875	325258.0625
6473.29150390625	324582.78125
6473.5380859375	321746.5
6473.78466796875	325705.5625
6474.03125	324630.125
6474.27783203125	327121.84375
6474.5244140625	325898.78125
6474.77099609375	323897.71875
6475.017578125	325886.09375
6475.26416015625	324345.5625
6475.5107421875	321102.0625
6475.75732421875	321219.40625
6476.00390625	318834.875
6476.25048828125	316911.375
6476.4970703125	321023.03125
6476.74365234375	319140.65625
6476.990234375	325863.28125
6477.23681640625	324169.84375
6477.4833984375	325106.625
6477.72998046875	329518.0
6477.9765625	325400.90625
6478.22314453125	325136.71875
6478.4697265625	327695.6875
6478.71630859375	328337.375
6478.962890625	328114.8125
6479.20947265625	326795.21875
6479.4560546875	326929.96875
6479.70263671875	324680.59375
6479.94921875	323442.71875
6480.19580078125	322815.78125
6480.4423828125	321280.5625
6480.68896484375	322172.3125
6480.935546875	322683.8125
6481.18212890625	324673.71875
6481.4287109375	323220.46875
6481.67529296875	323372.21875
6481.921875	322149.78125
6482.16845703125	313781.59375
6482.4150390625	309088.5625
6482.66162109375	306465.53125
6482.908203125	301726.03125
6483.15478515625	298486.15625
6483.4013671875	299857.59375
6483.64794921875	299747.5625
6483.89453125	307956.25
6484.14111328125	307275.4375
6484.3876953125	315360.90625
6484.63427734375	314892.25
6484.880859375	318342.0625
6485.12744140625	321199.59375
6485.3740234375	322616.5625
6485.62060546875	321447.78125
6485.8671875	325472.1875
6486.11376953125	322139.65625
6486.3603515625	322792.8125
6486.60693359375	325227.5
6486.853515625	324565.1875
6487.10009765625	324177.96875
6487.3466796875	321710.375
6487.59326171875	322383.0
6487.83984375	321569.28125
6488.08642578125	322602.375
6488.3330078125	322212.25
6488.57958984375	324264.53125
6488.826171875	323512.4375
6489.07275390625	329219.59375
6489.3193359375	325194.125
6489.56591796875	321932.125
6489.8125	324004.75
6490.05908203125	329118.1875
6490.3056640625	324216.0625
6490.55224609375	323353.0625
6490.798828125	322553.1875
6491.04541015625	317177.78125
6491.2919921875	319610.15625
6491.53857421875	314486.9375
6491.78515625	315300.59375
6492.03173828125	312877.875
6492.2783203125	306770.0625
6492.52490234375	307772.875
6492.771484375	310862.5625
6493.01806640625	312291.0
6493.2646484375	312121.1875
6493.51123046875	310714.78125
6493.7578125	317533.4375
6494.00439453125	318832.84375
6494.2509765625	319662.96875
6494.49755859375	322155.4375
6494.744140625	317547.65625
6494.99072265625	321979.53125
6495.2373046875	318670.09375
6495.48388671875	315551.03125
6495.73046875	316824.9375
6495.97705078125	316178.4375
6496.2236328125	312821.25
6496.47021484375	319534.875
6496.716796875	317029.75
6496.96337890625	322228.6875
6497.2099609375	319679.46875
6497.45654296875	316744.9375
6497.703125	321474.1875
6497.94970703125	318602.34375
6498.1962890625	320705.1875
6498.44287109375	326054.25
6498.689453125	322219.75
6498.93603515625	326159.46875
6499.1826171875	323071.3125
6499.42919921875	325921.6875
6499.67578125	325823.75
6499.92236328125	322712.65625
6500.1689453125	325712.78125
6500.41552734375	323583.9375
6500.662109375	322330.90625
6500.90869140625	322702.21875
6501.1552734375	326515.46875
6501.40185546875	324406.9375
6501.6484375	322661.59375
6501.89501953125	323631.71875
6502.1416015625	321950.21875
6502.38818359375	320952.8125
6502.634765625	324254.84375
6502.88134765625	321289.59375
6503.1279296875	326154.21875
6503.37451171875	321669.8125
6503.62109375	322705.4375
6503.86767578125	322243.5
6504.1142578125	320775.6875
6504.36083984375	322754.0
6504.607421875	320986.78125
6504.85400390625	322623.5
6505.1005859375	320406.84375
6505.34716796875	322943.65625
6505.59375	323189.96875
6505.84033203125	323843.5
6506.0869140625	320106.71875
6506.33349609375	323716.90625
6506.580078125	320087.15625
6506.82666015625	320185.0625
6507.0732421875	321590.46875
6507.31982421875	323768.125
6507.56640625	320331.28125
6507.81298828125	326068.34375
6508.0595703125	319802.125
6508.30615234375	323204.34375
6508.552734375	319081.5
6508.79931640625	319590.3125
6509.0458984375	318233.71875
6509.29248046875	322947.5625
6509.5390625	323243.90625
6509.78564453125	324656.40625
6510.0322265625	326649.1875
6510.27880859375	323921.59375
6510.525390625	326409.4375
6510.77197265625	321964.90625
6511.0185546875	327652.84375
6511.26513671875	329027.125
6511.51171875	331518.875
6511.75830078125	328986.21875
6512.0048828125	331672.9375
6512.25146484375	334318.0
6512.498046875	330045.75
6512.74462890625	334174.96875
6512.9912109375	332460.09375
6513.23779296875	334291.8125
6513.484375	334125.25
6513.73095703125	330174.78125
6513.9775390625	333685.71875
6514.22412109375	328551.90625
6514.470703125	330171.5
6514.71728515625	322045.9375
6514.9638671875	322525.25
6515.21044921875	317926.28125
6515.45703125	316339.53125
6515.70361328125	308014.625
6515.9501953125	302723.21875
6516.19677734375	290130.40625
6516.443359375	282272.09375
6516.68994140625	276888.75
6516.9365234375	279044.625
6517.18310546875	282968.25
6517.4296875	294716.65625
6517.67626953125	301317.375
6517.9228515625	313827.625
6518.16943359375	315388.5625
6518.416015625	322428.03125
6518.66259765625	317650.0
6518.9091796875	324476.75
6519.15576171875	329882.03125
6519.40234375	328491.5
6519.64892578125	331654.96875
6519.8955078125	336460.15625
6520.14208984375	330795.65625
6520.388671875	334069.40625
6520.63525390625	334277.46875
6520.8818359375	332844.03125
6521.12841796875	330913.15625
6521.375	330019.0625
6521.62158203125	330183.625
6521.8681640625	328554.15625
6522.11474609375	326167.3125
6522.361328125	319887.25
6522.60791015625	326127.65625
6522.8544921875	319239.625
6523.10107421875	320419.21875
6523.34765625	317509.1875
6523.59423828125	317260.1875
6523.8408203125	316751.09375
6524.08740234375	316371.59375
6524.333984375	315840.0625
6524.58056640625	316087.78125
6524.8271484375	319627.84375
6525.07373046875	318770.78125
6525.3203125	319884.9375
6525.56689453125	318528.40625
6525.8134765625	319598.75
6526.06005859375	317026.84375
6526.306640625	318074.5
6526.55322265625	317300.46875
6526.7998046875	315376.0
6527.04638671875	317441.8125
6527.29296875	315971.125
6527.53955078125	319121.21875
6527.7861328125	318668.90625
6528.03271484375	317673.1875
6528.279296875	321061.28125
6528.52587890625	321019.15625
6528.7724609375	316307.71875
6529.01904296875	317044.9375
6529.265625	317955.25
6529.51220703125	317952.40625
6529.7587890625	319143.46875
6530.00537109375	319616.6875
6530.251953125	315351.6875
6530.49853515625	313084.03125
6530.7451171875	315031.3125
6530.99169921875	314651.96875
6531.23828125	313945.15625
6531.48486328125	318998.625
6531.7314453125	314027.6875
6531.97802734375	314164.8125
6532.224609375	313430.75
6532.47119140625	312673.375
6532.7177734375	309152.125
6532.96435546875	313438.1875
6533.2109375	314460.3125
6533.45751953125	310629.5
6533.7041015625	314477.0625
6533.95068359375	313514.9375
6534.197265625	314748.875
6534.44384765625	313587.8125
6534.6904296875	315493.4375
6534.93701171875	312348.875
6535.18359375	314012.0625
6535.43017578125	315151.5
6535.6767578125	318465.71875
6535.92333984375	309416.59375
6536.169921875	313620.0
6536.41650390625	309290.3125
6536.6630859375	310334.78125
6536.90966796875	311965.28125
6537.15625	315030.59375
6537.40283203125	309780.5625
6537.6494140625	310056.96875
6537.89599609375	308264.375
6538.142578125	309059.9375
6538.38916015625	307242.59375
6538.6357421875	310254.5625
6538.88232421875	302450.46875
6539.12890625	308005.0
6539.37548828125	307247.9375
6539.6220703125	305684.53125
6539.86865234375	311603.15625
6540.115234375	305773.125
6540.36181640625	305162.71875
6540.6083984375	308313.4375
6540.85498046875	304481.40625
6541.1015625	304519.1875
6541.34814453125	305273.09375
6541.5947265625	303590.5
6541.84130859375	306493.625
6542.087890625	303634.71875
6542.33447265625	300622.90625
6542.5810546875	302521.78125
6542.82763671875	300333.875
6543.07421875	305879.75
6543.32080078125	299779.3125
6543.5673828125	300847.0
6543.81396484375	299936.96875
6544.060546875	300611.09375
6544.30712890625	299547.125
6544.5537109375	297418.625
6544.80029296875	301670.96875
6545.046875	308785.46875
6545.29345703125	301945.21875
6545.5400390625	302091.75
6545.78662109375	301651.625
6546.033203125	303271.1875
6546.27978515625	305149.5
6546.5263671875	303904.65625
6546.77294921875	303591.46875
6547.01953125	302844.40625
6547.26611328125	302985.28125
6547.5126953125	301804.125
6547.75927734375	304001.875
6548.005859375	305288.6875
6548.25244140625	303565.0625
6548.4990234375	300044.8125
6548.74560546875	302456.1875
6548.9921875	299239.84375
6549.23876953125	301498.625
6549.4853515625	303410.28125
6549.73193359375	303763.875
6549.978515625	306798.8125
6550.22509765625	305032.96875
6550.4716796875	304975.6875
6550.71826171875	306539.375
6550.96484375	306806.4375
6551.21142578125	307743.4375
6551.4580078125	305202.875
6551.70458984375	306939.75
6551.951171875	307640.0625
6552.19775390625	305556.0
6552.4443359375	305912.28125
6552.69091796875	303960.1875
6552.9375	308957.25
6553.18408203125	310415.65625
6553.4306640625	305878.25
6553.67724609375	311630.3125
6553.923828125	315527.46875
6554.17041015625	313064.5625
6554.4169921875	318773.65625
6554.66357421875	323059.9375
6554.91015625	327066.53125
6555.15673828125	325902.375
6555.4033203125	331785.21875
6555.64990234375	334781.96875
6555.896484375	339416.90625
6556.14306640625	342782.28125
6556.3896484375	353061.75
6556.63623046875	355740.625
6556.8828125	365978.6875
6557.12939453125	375593.40625
6557.3759765625	386199.75
6557.62255859375	402318.1875
6557.869140625	420138.40625
6558.11572265625	433009.8125
6558.3623046875	453072.4375
6558.60888671875	476043.09375
6558.85546875	495831.8125
6559.10205078125	523415.25
6559.3486328125	559181.4375
6559.59521484375	590003.625
6559.841796875	615495.4375
6560.08837890625	647301.125
6560.3349609375	674058.3125
6560.58154296875	692431.25
6560.828125	703883.25
6561.07470703125	690783.125
6561.3212890625	666257.5625
6561.56787109375	624855.75
6561.814453125	574667.625
6562.06103515625	503822.125
6562.3076171875	427795.15625
6562.55419921875	352139.59375
6562.80078125	270258.71875
6563.04736328125	207015.171875
6563.2939453125	155454.359375
6563.54052734375	126231.390625
6563.787109375	131910.109375
6564.03369140625	166065.09375
6564.2802734375	223087.125
6564.52685546875	297146.9375
6564.7734375	376215.125
6565.02001953125	450236.34375
6565.2666015625	519208.0
6565.51318359375	578763.75
6565.759765625	619429.375
6566.00634765625	647177.25
6566.2529296875	659312.6875
6566.49951171875	666248.8125
6566.74609375	649756.1875
6566.99267578125	626848.5
6567.2392578125	603063.125
6567.48583984375	567715.5625
6567.732421875	542511.1875
6567.97900390625	511696.03125
6568.2255859375	487259.4375
6568.47216796875	461221.5625
6568.71875	441265.6875
6568.96533203125	421382.90625
6569.2119140625	407547.59375
6569.45849609375	392376.84375
6569.705078125	378825.53125
6569.95166015625	371073.625
6570.1982421875	359768.0625
6570.44482421875	353898.0625
6570.69140625	346107.09375
6570.93798828125	341557.65625
6571.1845703125	332164.28125
6571.43115234375	329918.875
6571.677734375	327738.03125
6571.92431640625	320926.0
6572.1708984375	319133.59375
6572.41748046875	314388.90625
6572.6640625	311608.40625
6572.91064453125	313376.875
6573.1572265625	311732.3125
6573.40380859375	311948.3125
6573.650390625	312471.1875
6573.89697265625	305892.46875
6574.1435546875	307729.15625
6574.39013671875	304367.21875
6574.63671875	301353.5625
6574.88330078125	298248.78125
6575.1298828125	299623.96875
6575.37646484375	304891.4375
6575.623046875	302003.59375
6575.86962890625	305692.34375
6576.1162109375	302383.1875
6576.36279296875	306030.96875
6576.609375	304370.625
6576.85595703125	305178.0
6577.1025390625	307044.1875
6577.34912109375	307168.4375
6577.595703125	304863.0625
6577.84228515625	306089.71875
6578.0888671875	306918.78125
6578.33544921875	301976.84375
6578.58203125	307205.875
6578.82861328125	306529.46875
6579.0751953125	303438.40625
6579.32177734375	304220.125
6579.568359375	309035.5625
6579.81494140625	304874.3125
6580.0615234375	306719.90625
6580.30810546875	304838.15625
6580.5546875	307260.78125
6580.80126953125	306286.34375
6581.0478515625	305198.6875
6581.29443359375	306799.40625
6581.541015625	309445.53125
6581.78759765625	306752.90625
6582.0341796875	306972.78125
6582.28076171875	306857.6875
6582.52734375	308746.8125
6582.77392578125	306066.96875
6583.0205078125	308624.0
6583.26708984375	310200.21875
6583.513671875	309366.71875
6583.76025390625	309334.78125
6584.0068359375	311066.03125
6584.25341796875	307279.0625
6584.5	311042.46875
6584.74658203125	311230.21875
6584.9931640625	309582.4375
6585.23974609375	307529.625
6585.486328125	308473.5
6585.73291015625	305610.09375
6585.9794921875	308724.53125
6586.22607421875	308612.96875
6586.47265625	306392.96875
6586.71923828125	306300.46875
6586.9658203125	305937.71875
6587.21240234375	311655.15625
6587.458984375	307722.0625
6587.70556640625	306232.71875
6587.9521484375	309481.375
6588.19873046875	308124.3125
6588.4453125	307686.65625
6588.69189453125	305538.6875
6588.9384765625	307414.53125
6589.18505859375	304902.71875
6589.431640625	309275.75
6589.67822265625	305612.125
6589.9248046875	308206.71875
6590.17138671875	310238.34375
6590.41796875	309362.96875
6590.66455078125	309139.53125
6590.9111328125	311508.28125
6591.15771484375	306523.625
6591.404296875	309138.9375
6591.65087890625	309587.8125
6591.8974609375	311119.46875
6592.14404296875	308112.03125
6592.390625	306908.78125
6592.63720703125	308437.875
6592.8837890625	305152.6875
6593.13037109375	304894.125
6593.376953125	306669.375
6593.62353515625	306069.625
6593.8701171875	302414.46875
6594.11669921875	304753.15625
6594.36328125	309038.84375
6594.60986328125	306691.75
6594.8564453125	308509.59375
6595.10302734375	307427.8125
6595.349609375	310173.71875
6595.59619140625	307390.28125
6595.8427734375	309795.4375
6596.08935546875	307870.5
6596.3359375	305172.59375
6596.58251953125	307077.3125
6596.8291015625	309049.90625
6597.07568359375	305939.5625
6597.322265625	307842.96875
6597.56884765625	308179.90625
6597.8154296875	309288.34375
6598.06201171875	309942.03125
6598.30859375	305597.8125
6598.55517578125	308339.75
6598.8017578125	309809.5
6599.04833984375	306301.1875
6599.294921875	311043.125
6599.54150390625	309556.0
6599.7880859375	310273.4375
6600.03466796875	303825.40625
6600.28125	310910.8125
6600.52783203125	311490.34375
6600.7744140625	306493.34375
6601.02099609375	309074.0
6601.267578125	310357.09375
6601.51416015625	310296.46875
6601.7607421875	308641.03125
6602.00732421875	307212.09375
6602.25390625	309290.59375
6602.50048828125	306903.0
6602.7470703125	308251.59375
6602.99365234375	304061.1875
6603.240234375	304656.15625
6603.48681640625	306983.65625
6603.7333984375	303587.4375
6603.97998046875	306028.40625
6604.2265625	303268.59375
6604.47314453125	303838.34375
6604.7197265625	298543.59375
6604.96630859375	295620.1875
6605.212890625	295936.40625
6605.45947265625	298603.40625
6605.7060546875	300311.875
6605.95263671875	299577.0625
6606.19921875	298521.9375
6606.44580078125	297922.8125
6606.6923828125	299538.90625
6606.93896484375	299784.15625
6607.185546875	302999.40625
6607.43212890625	300022.3125
6607.6787109375	301112.09375
6607.92529296875	302887.5625
6608.171875	305691.71875
6608.41845703125	305409.71875
6608.6650390625	303892.40625
6608.91162109375	307862.90625
6609.158203125	309432.5625
6609.40478515625	308234.3125
6609.6513671875	305891.625
6609.89794921875	305447.0
6610.14453125	312255.78125
6610.39111328125	309751.4375
6610.6376953125	306651.1875
6610.88427734375	308242.34375
6611.130859375	306651.40625
6611.37744140625	305929.90625
6611.6240234375	306513.0625
6611.87060546875	306889.96875
6612.1171875	306785.65625
6612.36376953125	304688.3125
6612.6103515625	309050.15625
6612.85693359375	308578.59375
6613.103515625	304394.84375
6613.35009765625	308046.84375
6613.5966796875	305992.96875
6613.84326171875	307399.25
6614.08984375	304496.25
6614.33642578125	304114.0625
6614.5830078125	305359.40625
6614.82958984375	302821.4375
6615.076171875	305900.875
6615.32275390625	307467.15625
6615.5693359375	305914.21875
6615.81591796875	308030.90625
6616.0625	305674.40625
6616.30908203125	308020.46875
6616.5556640625	306236.78125
6616.80224609375	305531.03125
6617.048828125	306637.9375
6617.29541015625	304462.90625
6617.5419921875	307681.25
6617.78857421875	307204.25
6618.03515625	307943.75
6618.28173828125	306846.46875
6618.5283203125	305266.6875
6618.77490234375	307452.46875
6619.021484375	308398.34375
6619.26806640625	310538.59375
6619.5146484375	303950.78125
6619.76123046875	303380.1875
6620.0078125	303406.625
6620.25439453125	308257.8125
6620.5009765625	305665.0625
6620.74755859375	304703.3125
6620.994140625	302730.21875
6621.24072265625	304617.78125
6621.4873046875	305701.1875
6621.73388671875	304600.875
6621.98046875	305086.625
6622.22705078125	301456.96875
6622.4736328125	299275.21875
6622.72021484375	305141.28125
6622.966796875	306776.84375
6623.21337890625	303628.96875
6623.4599609375	300917.5
6623.70654296875	306325.5
6623.953125	301543.34375
6624.19970703125	306193.0625
6624.4462890625	303181.6875
6624.69287109375	303460.28125
6624.939453125	303946.09375
6625.18603515625	304731.09375
6625.4326171875	301971.78125
6625.67919921875	301651.875
6625.92578125	307455.25
6626.17236328125	301771.625
6626.4189453125	303017.25
6626.66552734375	300141.46875
6626.912109375	297403.34375
6627.15869140625	294480.5625
6627.4052734375	295495.65625
6627.65185546875	288334.03125
6627.8984375	286907.0
6628.14501953125	287714.34375
6628.3916015625	290457.1875
6628.63818359375	291633.625
6628.884765625	296059.40625
6629.13134765625	297420.875
6629.3779296875	301041.21875
6629.62451171875	302518.5625
6629.87109375	300745.96875
6630.11767578125	302131.28125
6630.3642578125	303171.0
6630.61083984375	305179.28125
6630.857421875	306657.5
6631.10400390625	305068.90625
6631.3505859375	300620.21875
6631.59716796875	304727.71875
6631.84375	303322.96875
6632.09033203125	304986.0
6632.3369140625	304134.6875
6632.58349609375	305728.78125
6632.830078125	303839.0
6633.07666015625	306402.4375
6633.3232421875	306543.125
6633.56982421875	303152.5625
6633.81640625	302023.375
6634.06298828125	304495.0625
6634.3095703125	304266.0625
6634.55615234375	303690.71875
6634.802734375	304246.59375
6635.04931640625	302632.0
6635.2958984375	303811.3125
6635.54248046875	302658.28125
6635.7890625	303468.1875
6636.03564453125	301390.90625
6636.2822265625	301276.875
6636.52880859375	304189.15625
6636.775390625	301626.25
6637.02197265625	298415.9375
6637.2685546875	300150.25
6637.51513671875	298972.96875
6637.76171875	303758.34375
6638.00830078125	299507.09375
6638.2548828125	301681.28125
6638.50146484375	299463.5625
6638.748046875	301129.46875
6638.99462890625	300876.6875
6639.2412109375	302681.75
6639.48779296875	301758.4375
6639.734375	304789.625
6639.98095703125	305439.03125
6640.2275390625	302919.71875
6640.47412109375	304124.25
6640.720703125	303154.40625
6640.96728515625	301420.84375
6641.2138671875	300196.0625
6641.46044921875	300382.5625
6641.70703125	301217.03125
6641.95361328125	304180.875
6642.2001953125	301567.0
6642.44677734375	297957.34375
6642.693359375	301546.53125
6642.93994140625	303862.96875
6643.1865234375	304350.5625
6643.43310546875	298539.9375
6643.6796875	298702.90625
6643.92626953125	301413.28125
6644.1728515625	298704.46875
6644.41943359375	302526.9375
6644.666015625	302388.90625
6644.91259765625	299424.4375
6645.1591796875	301371.125
6645.40576171875	301927.8125
6645.65234375	301928.4375
6645.89892578125	297247.96875
6646.1455078125	296923.625
6646.39208984375	299612.28125
6646.638671875	298476.71875
6646.88525390625	297016.46875
6647.1318359375	300748.78125
6647.37841796875	300563.5
6647.625	304783.59375
6647.87158203125	303601.40625
6648.1181640625	303717.71875
6648.36474609375	299821.8125
6648.611328125	298917.3125
6648.85791015625	299288.3125
6649.1044921875	301863.09375
6649.35107421875	299636.09375
6649.59765625	299473.5625
6649.84423828125	299705.46875
6650.0908203125	298545.09375
6650.33740234375	297384.59375
6650.583984375	303743.15625
6650.83056640625	305391.1875
6651.0771484375	301375.875
6651.32373046875	299681.21875
6651.5703125	299750.6875
6651.81689453125	299773.6875
6652.0634765625	300098.5625
6652.31005859375	300957.53125
6652.556640625	300864.5625
6652.80322265625	296382.25
6653.0498046875	301235.96875
6653.29638671875	300144.28125
6653.54296875	301491.4375
6653.78955078125	299470.40625
6654.0361328125	299888.5
6654.28271484375	298703.53125
6654.529296875	298912.59375
6654.77587890625	299237.9375
6655.0224609375	300585.90625
6655.26904296875	298889.4375
6655.515625	297820.40625
6655.76220703125	300168.28125
6656.0087890625	298587.84375
6656.25537109375	296914.15625
6656.501953125	297704.9375
6656.74853515625	299030.65625
6656.9951171875	298868.375
6657.24169921875	302473.71875
6657.48828125	298055.5625
6657.73486328125	296637.34375
6657.9814453125	299801.59375
6658.22802734375	297894.90625
6658.474609375	303363.1875
6658.72119140625	298501.65625
6658.9677734375	301341.5625
6659.21435546875	298736.5
6659.4609375	296689.6875
6659.70751953125	298087.28125
6659.9541015625	299089.5625
6660.20068359375	299812.65625
6660.447265625	298231.1875
6660.69384765625	296346.75
6660.9404296875	300679.21875
6661.18701171875	296279.90625
6661.43359375	301847.53125
6661.68017578125	300079.59375
6661.9267578125	294910.625
6662.17333984375	299734.375
6662.419921875	295310.15625
6662.66650390625	299296.15625
6662.9130859375	295826.6875
6663.15966796875	297483.28125
6663.40625	296436.9375
6663.65283203125	294434.90625
6663.8994140625	295276.3125
6664.14599609375	292970.96875
6664.392578125	299617.53125
6664.63916015625	295517.09375
6664.8857421875	303121.1875
6665.13232421875	298064.53125
6665.37890625	297251.4375
6665.62548828125	296298.4375
6665.8720703125	297118.0625
6666.11865234375	296631.625
6666.365234375	296705.0625
6666.61181640625	294888.71875
6666.8583984375	297108.96875
6667.10498046875	299703.0
6667.3515625	298330.21875
6667.59814453125	301438.5
6667.8447265625	297894.9375
6668.09130859375	300793.8125
6668.337890625	296269.125
6668.58447265625	299939.0625
6668.8310546875	296837.96875
6669.07763671875	299574.6875
6669.32421875	298318.1875
6669.57080078125	300191.46875
6669.8173828125	296972.65625
6670.06396484375	298589.28125
6670.310546875	296140.84375
6670.55712890625	300071.0
6670.8037109375	296640.90625
6671.05029296875	296318.4375
6671.296875	297632.125
6671.54345703125	300395.25
6671.7900390625	298834.1875
6672.03662109375	299844.53125
6672.283203125	295149.90625
6672.52978515625	297913.96875
6672.7763671875	297451.21875
6673.02294921875	297198.90625
6673.26953125	297531.25
6673.51611328125	297115.15625
6673.7626953125	296605.34375
6674.00927734375	297780.0625
6674.255859375	295023.8125
6674.50244140625	295543.28125
6674.7490234375	294705.4375
6674.99560546875	295646.25
6675.2421875	296563.84375
6675.48876953125	294484.96875
6675.7353515625	296549.8125
6675.98193359375	292456.75
6676.228515625	293444.46875
6676.47509765625	293074.0625
6676.7216796875	292914.28125
6676.96826171875	292239.125
6677.21484375	288518.34375
6677.46142578125	289084.25
6677.7080078125	286346.46875
6677.95458984375	283631.59375
6678.201171875	278830.375
6678.44775390625	277379.75
6678.6943359375	277944.65625
6678.94091796875	282635.28125
6679.1875	281137.65625
6679.43408203125	286603.0625
6679.6806640625	284097.15625
6679.92724609375	290478.34375
6680.173828125	285275.15625
6680.42041015625	287646.875
6680.6669921875	284764.65625
6680.91357421875	289341.8125
6681.16015625	283901.90625
6681.40673828125	290403.78125
6681.6533203125	288341.9375
6681.89990234375	291982.3125
6682.146484375	292267.21875
6682.39306640625	294265.5625
6682.6396484375	295325.34375
6682.88623046875	296267.90625
6683.1328125	293266.34375
6683.37939453125	291391.21875
6683.6259765625	300294.28125
6683.87255859375	295436.90625
6684.119140625	295299.5
6684.36572265625	295725.84375
6684.6123046875	297162.34375
6684.85888671875	297612.4375
6685.10546875	296840.78125
6685.35205078125	296586.03125
6685.5986328125	296260.65625
6685.84521484375	298614.4375
6686.091796875	299064.875
6686.33837890625	295166.6875
6686.5849609375	298861.0625
6686.83154296875	298770.84375
6687.078125	298069.34375
6687.32470703125	297061.96875
6687.5712890625	298570.78125
6687.81787109375	298104.21875
6688.064453125	299519.25
6688.31103515625	296982.65625
6688.5576171875	297198.03125
6688.80419921875	293813.75
6689.05078125	296875.96875
6689.29736328125	298997.5
6689.5439453125	295000.5
6689.79052734375	297192.75
6690.037109375	292323.9375
6690.28369140625	292727.25
6690.5302734375	295367.21875
6690.77685546875	294146.25
6691.0234375	299706.625
6691.27001953125	297590.875
6691.5166015625	295451.1875
6691.76318359375	295713.59375
6692.009765625	295410.625
6692.25634765625	291102.8125
6692.5029296875	297890.84375
6692.74951171875	294171.4375
6692.99609375	299452.78125
6693.24267578125	296180.53125
6693.4892578125	298681.84375
6693.73583984375	297294.40625
6693.982421875	292323.71875
6694.22900390625	297324.09375
6694.4755859375	294450.71875
6694.72216796875	292095.46875
6694.96875	295564.25
6695.21533203125	294151.875
6695.4619140625	290923.0625
6695.70849609375	292859.28125
6695.955078125	293946.5
6696.20166015625	297275.03125
6696.4482421875	292157.5625
6696.69482421875	293527.90625
6696.94140625	295818.65625
6697.18798828125	294239.40625
6697.4345703125	293698.21875
6697.68115234375	293062.40625
6697.927734375	292497.21875
6698.17431640625	293135.78125
6698.4208984375	291838.40625
6698.66748046875	288982.28125
6698.9140625	295311.28125
6699.16064453125	290966.9375
6699.4072265625	290825.65625
6699.65380859375	291203.875
6699.900390625	291841.84375
6700.14697265625	295125.65625
6700.3935546875	294299.0
6700.64013671875	294417.21875
6700.88671875	295196.875
6701.13330078125	294440.5
6701.3798828125	293872.96875
6701.62646484375	290161.75
6701.873046875	291862.625
6702.11962890625	292381.625
6702.3662109375	292049.53125
6702.61279296875	291835.4375
6702.859375	292212.25
6703.10595703125	291643.09375
6703.3525390625	292303.375
6703.59912109375	294004.15625
6703.845703125	290974.8125
6704.09228515625	289127.5625
6704.3388671875	291679.46875
6704.58544921875	289263.875
6704.83203125	292312.625
6705.07861328125	292498.84375
6705.3251953125	293915.3125
6705.57177734375	294882.15625
6705.818359375	290003.96875
6706.06494140625	290899.34375
6706.3115234375	289096.59375
6706.55810546875	290157.34375
6706.8046875	290673.65625
6707.05126953125	287946.78125
6707.2978515625	288225.90625
6707.54443359375	289238.875
6707.791015625	291861.78125
6708.03759765625	289559.84375
6708.2841796875	290762.0
6708.53076171875	289714.46875
6708.77734375	288642.96875
6709.02392578125	288731.6875
6709.2705078125	291757.28125
6709.51708984375	289453.53125
6709.763671875	292076.5625
6710.01025390625	291809.59375
6710.2568359375	290168.375
6710.50341796875	290967.15625
6710.75	291528.9375
6710.99658203125	290005.53125
6711.2431640625	291870.34375
6711.48974609375	291957.96875
6711.736328125	291097.46875
6711.98291015625	290521.15625
6712.2294921875	286294.53125
6712.47607421875	293136.71875
6712.72265625	292299.21875
6712.96923828125	293026.09375
6713.2158203125	292780.9375
6713.46240234375	291610.96875
6713.708984375	293760.09375
6713.95556640625	292234.0625
6714.2021484375	292581.03125
6714.44873046875	291173.0625
6714.6953125	289219.34375
6714.94189453125	289874.03125
6715.1884765625	287777.4375
6715.43505859375	290115.71875
6715.681640625	290722.53125
6715.92822265625	287202.0
6716.1748046875	293857.28125
6716.42138671875	287869.0625
6716.66796875	292460.6875
6716.91455078125	292497.46875
6717.1611328125	288287.25
6717.40771484375	287754.03125
6717.654296875	285939.3125
6717.90087890625	285785.21875
6718.1474609375	286580.15625
6718.39404296875	287208.8125
6718.640625	281382.40625
6718.88720703125	284431.28125
6719.1337890625	280834.875
6719.38037109375	283076.625
6719.626953125	283087.25
6719.87353515625	285851.09375
6720.1201171875	286549.84375
6720.36669921875	285088.34375
6720.61328125	287828.28125
6720.85986328125	285915.34375
6721.1064453125	288204.09375
6721.35302734375	291300.03125
6721.599609375	290858.5
6721.84619140625	286356.8125
6722.0927734375	287624.25
6722.33935546875	289437.6875
6722.5859375	287095.78125
6722.83251953125	288054.1875
6723.0791015625	288442.5625
6723.32568359375	287928.4375
6723.572265625	287057.90625
6723.81884765625	289868.125
6724.0654296875	287311.125
6724.31201171875	287318.71875
6724.55859375	290698.6875
6724.80517578125	290349.8125
6725.0517578125	288575.71875
6725.29833984375	290055.375
6725.544921875	288352.15625
6725.79150390625	286624.9375
6726.0380859375	288151.71875
6726.28466796875	288799.53125
6726.53125	290017.34375
6726.77783203125	289049.65625
6727.0244140625	287820.5
6727.27099609375	290154.59375
6727.517578125	286407.0
6727.76416015625	283110.59375
6728.0107421875	287059.9375
6728.25732421875	287421.9375
6728.50390625	287617.5625
6728.75048828125	289119.875
6728.9970703125	286488.125
6729.24365234375	289938.6875
6729.490234375	290181.71875
6729.73681640625	290377.21875
6729.9833984375	287079.875
6730.22998046875	286538.71875
6730.4765625	287351.9375
6730.72314453125	285598.9375
6730.9697265625	288907.3125
6731.21630859375	285918.625
6731.462890625	285924.0625
6731.70947265625	288282.21875
6731.9560546875	289262.1875
6732.20263671875	289719.40625
6732.44921875	289939.0625
6732.69580078125	288780.375
6732.9423828125	285981.875
6733.18896484375	284918.28125
6733.435546875	282856.53125
6733.68212890625	286594.1875
6733.9287109375	289619.03125
6734.17529296875	289292.6875
6734.421875	281027.4375
6734.66845703125	286619.875
6734.9150390625	286674.125
6735.16162109375	287560.53125
6735.408203125	289326.625
6735.65478515625	285340.0625
6735.9013671875	287581.90625
6736.14794921875	287232.71875
6736.39453125	287073.84375
6736.64111328125	283515.28125
6736.8876953125	288373.21875
6737.13427734375	283625.96875
6737.380859375	282421.375
6737.62744140625	282738.59375
6737.8740234375	285219.8125
6738.12060546875	284253.40625
6738.3671875	286854.0
6738.61376953125	286601.3125
6738.8603515625	284993.21875
6739.10693359375	283361.40625
6739.353515625	285487.28125
6739.60009765625	283332.46875
6739.8466796875	288027.53125
6740.09326171875	280354.78125
6740.33984375	285002.8125
6740.58642578125	284013.8125
6740.8330078125	286807.15625
6741.07958984375	288887.15625
6741.326171875	288731.28125
6741.57275390625	288623.0625
6741.8193359375	284185.0
6742.06591796875	283149.0
6742.3125	289679.15625
6742.55908203125	287739.34375
6742.8056640625	283086.84375
6743.05224609375	287714.4375
6743.298828125	286012.5625
6743.54541015625	283287.28125
6743.7919921875	286701.9375
6744.03857421875	281691.84375
6744.28515625	285582.8125
6744.53173828125	283238.09375
6744.7783203125	282702.25
6745.02490234375	282832.84375
6745.271484375	288819.375
6745.51806640625	287022.0
6745.7646484375	281963.0
6746.01123046875	283688.6875
6746.2578125	281795.59375
6746.50439453125	281116.625
6746.7509765625	284842.4375
6746.99755859375	280877.46875
6747.244140625	286365.5625
6747.49072265625	284471.9375
6747.7373046875	280934.90625
6747.98388671875	280374.375
6748.23046875	280480.5625
6748.47705078125	284063.875
6748.7236328125	282383.625
6748.97021484375	283084.96875
6749.216796875	281737.71875
6749.46337890625	284058.59375
6749.7099609375	282210.75
6749.95654296875	281815.75
6750.203125	281992.3125
6750.44970703125	285361.09375
6750.6962890625	283679.125
6750.94287109375	281210.625
6751.189453125	282863.71875
6751.43603515625	282134.03125
6751.6826171875	282833.78125
6751.92919921875	282199.03125
6752.17578125	280158.125
6752.42236328125	283145.0
6752.6689453125	278696.78125
6752.91552734375	281206.8125
6753.162109375	280308.84375
6753.40869140625	278409.6875
6753.6552734375	285709.78125
6753.90185546875	280926.4375
6754.1484375	281147.84375
6754.39501953125	286898.75
6754.6416015625	281208.78125
6754.88818359375	282168.59375
6755.134765625	279314.40625
6755.38134765625	281012.78125
6755.6279296875	285809.875
6755.87451171875	280618.9375
6756.12109375	279408.625
6756.36767578125	279390.0
6756.6142578125	279991.0
6756.86083984375	279638.25
6757.107421875	283075.875
6757.35400390625	283414.15625
6757.6005859375	281678.125
6757.84716796875	282683.5625
6758.09375	281543.125
6758.34033203125	277160.0
6758.5869140625	277282.71875
6758.83349609375	281625.34375
6759.080078125	279411.1875
6759.32666015625	279748.0
6759.5732421875	286093.09375
6759.81982421875	281303.34375
6760.06640625	278563.90625
6760.31298828125	279186.21875
6760.5595703125	279236.15625
6760.80615234375	281241.15625
6761.052734375	280217.84375
6761.29931640625	281936.5
6761.5458984375	282248.25
6761.79248046875	278196.3125
6762.0390625	282632.96875
6762.28564453125	279009.96875
6762.5322265625	277294.4375
6762.77880859375	281850.09375
6763.025390625	280611.28125
6763.27197265625	284332.25
6763.5185546875	282521.0
6763.76513671875	280685.8125
6764.01171875	280996.65625
6764.25830078125	282380.5
6764.5048828125	276515.1875
6764.75146484375	280140.40625
6764.998046875	283169.46875
6765.24462890625	278663.1875
6765.4912109375	280499.84375
6765.73779296875	281358.8125
6765.984375	283720.03125
6766.23095703125	280262.78125
6766.4775390625	281121.625
6766.72412109375	282385.84375
6766.970703125	280669.28125
6767.21728515625	281790.40625
6767.4638671875	280169.15625
6767.71044921875	281457.1875
6767.95703125	281815.15625
6768.20361328125	282077.75
6768.4501953125	282864.96875
6768.69677734375	280862.15625
6768.943359375	282388.59375
6769.18994140625	279885.0
6769.4365234375	277071.375
6769.68310546875	273041.59375
