6465.86523438	0.6904296875
6465.865234375	351460.0
6466.5556640625	353474.1875
6467.24609375	353516.4375
6467.9365234375	352820.4375
6468.626953125	352875.5
6469.3173828125	352089.78125
6470.0078125	353110.15625
6470.6982421875	350856.875
6471.388671875	348460.5625
6472.0791015625	348690.25
6472.76953125	351416.0
6473.4599609375	349646.125
6474.150390625	350682.40625
6474.8408203125	350582.46875
6475.53125	349711.375
6476.2216796875	353020.875
6476.912109375	353096.6875
6477.6025390625	353161.03125
6478.29296875	353420.75
6478.9833984375	351394.5625
6479.673828125	351319.59375
6480.3642578125	349781.15625
6481.0546875	344735.59375
6481.7451171875	339915.15625
6482.435546875	336113.4375
6483.1259765625	338114.5625
6483.81640625	344041.34375
6484.5068359375	349848.03125
6485.197265625	354590.96875
6485.8876953125	355182.5625
6486.578125	354988.0
6487.2685546875	355688.09375
6487.958984375	358254.34375
6488.6494140625	359805.28125
6489.33984375	356707.40625
6490.0302734375	355072.125
6490.720703125	349025.5625
6491.4111328125	345328.4375
6492.1015625	345768.96875
6492.7919921875	344632.3125
6493.482421875	346139.6875
6494.1728515625	345324.84375
6494.86328125	348245.125
6495.5537109375	346115.5625
6496.244140625	349836.125
6496.9345703125	348925.6875
6497.625	350376.40625
6498.3154296875	351672.5625
6499.005859375	357796.59375
6499.6962890625	354719.125
6500.38671875	355142.59375
6501.0771484375	357103.0
6501.767578125	356162.96875
6502.4580078125	355321.78125
6503.1484375	354881.03125
6503.8388671875	354819.53125
6504.529296875	358257.9375
6505.2197265625	358551.5625
6505.91015625	358386.5
6506.6005859375	357374.46875
6507.291015625	358813.1875
6507.9814453125	357550.625
6508.671875	359864.1875
6509.3623046875	361310.1875
6510.052734375	362471.15625
6510.7431640625	362805.625
6511.43359375	366077.0
6512.1240234375	369951.90625
6512.814453125	372785.5625
6513.5048828125	368207.46875
6514.1953125	359718.90625
6514.8857421875	350741.28125
6515.576171875	339083.375
6516.2666015625	332489.0625
6516.95703125	340233.5625
6517.6474609375	353603.53125
6518.337890625	363350.9375
6519.0283203125	371188.34375
6519.71875	373287.90625
6520.4091796875	373362.21875
6521.099609375	366907.0625
6521.7900390625	360030.59375
6522.48046875	353907.9375
6523.1708984375	352893.625
6523.861328125	350111.40625
6524.5517578125	350569.375
6525.2421875	349259.46875
6525.9326171875	350887.21875
6526.623046875	347935.375
6527.3134765625	346330.71875
6528.00390625	348865.0
6528.6943359375	348191.46875
6529.384765625	347711.0625
6530.0751953125	348296.59375
6530.765625	347526.71875
6531.4560546875	345422.65625
6532.146484375	343686.5
6532.8369140625	346706.25
6533.52734375	344855.59375
6534.2177734375	344749.09375
6534.908203125	344247.125
6535.5986328125	347128.375
6536.2890625	348435.40625
6536.9794921875	346616.6875
6537.669921875	347483.0
6538.3603515625	344589.28125
6539.05078125	345386.40625
6539.7412109375	348629.6875
6540.431640625	347981.40625
6541.1220703125	348249.5
6541.8125	346505.03125
6542.5029296875	339730.6875
6543.193359375	341852.40625
6543.8837890625	339294.15625
6544.57421875	341260.625
6545.2646484375	342242.1875
6545.955078125	340467.4375
6546.6455078125	341097.15625
6547.3359375	341026.1875
6548.0263671875	336142.625
6548.716796875	344643.78125
6549.4072265625	343017.625
6550.09765625	348543.5
6550.7880859375	343284.84375
6551.478515625	347913.15625
6552.1689453125	350091.125
6552.859375	354347.15625
6553.5498046875	359937.71875
6554.240234375	366272.1875
6554.9306640625	378054.8125
6555.62109375	395920.65625
6556.3115234375	420220.4375
6557.001953125	457934.9375
6557.6923828125	512347.75
6558.3828125	574663.6875
6559.0732421875	644599.0625
6559.763671875	707382.9375
6560.4541015625	715634.25
6561.14453125	630063.25
6561.8349609375	477427.53125
6562.525390625	303660.90625
6563.2158203125	228727.875
6563.90625	308104.625
6564.5966796875	493673.8125
6565.287109375	637119.5
6565.9775390625	706563.6875
6566.66796875	695232.6875
6567.3583984375	623367.125
6568.048828125	548759.4375
6568.7392578125	491705.6875
6569.4296875	442770.875
6570.1201171875	411831.90625
6570.810546875	390613.71875
6571.5009765625	372109.6875
6572.19140625	363920.1875
6572.8818359375	354810.75
6573.572265625	347081.1875
6574.2626953125	343207.15625
6574.953125	342159.78125
6575.6435546875	342669.03125
6576.333984375	343311.0
6577.0244140625	343800.96875
6577.71484375	346812.5625
6578.4052734375	343864.4375
6579.095703125	341355.46875
6579.7861328125	343494.78125
6580.4765625	343465.5
6581.1669921875	341179.15625
6581.857421875	344661.09375
6582.5478515625	341829.0
6583.23828125	343932.9375
6583.9287109375	342221.90625
6584.619140625	340928.78125
6585.3095703125	339593.0625
6586.0	338061.0
6586.6904296875	339251.8125
6587.380859375	339676.3125
6588.0712890625	339970.8125
6588.76171875	344659.09375
6589.4521484375	344364.875
6590.142578125	341304.46875
6590.8330078125	342858.65625
6591.5234375	344173.375
6592.2138671875	343666.21875
6592.904296875	338939.78125
6593.5947265625	340106.0
6594.28515625	339317.21875
6594.9755859375	341587.46875
6595.666015625	342606.46875
6596.3564453125	342109.3125
6597.046875	344145.125
6597.7373046875	341978.65625
6598.427734375	344349.4375
6599.1181640625	342472.15625
6599.80859375	344253.25
6600.4990234375	344648.6875
6601.189453125	344164.59375
6601.8798828125	345600.5
6602.5703125	344480.6875
6603.2607421875	344200.5625
6603.951171875	338868.8125
6604.6416015625	338259.71875
6605.33203125	333655.625
6606.0224609375	331016.53125
6606.712890625	334497.71875
6607.4033203125	340922.1875
6608.09375	339040.28125
6608.7841796875	343041.625
6609.474609375	343109.8125
6610.1650390625	347141.125
6610.85546875	345421.5
6611.5458984375	344544.3125
6612.236328125	345418.3125
6612.9267578125	344300.5625
6613.6171875	343073.15625
6614.3076171875	342888.90625
6614.998046875	345124.625
6615.6884765625	346409.5625
6616.37890625	345921.46875
6617.0693359375	347233.78125
6617.759765625	348593.40625
6618.4501953125	347977.875
6619.140625	348720.0
6619.8310546875	347017.59375
6620.521484375	346139.0625
6621.2119140625	348690.40625
6621.90234375	345454.375
6622.5927734375	348590.46875
6623.283203125	347071.90625
6623.9736328125	346311.90625
6624.6640625	343455.375
6625.3544921875	345643.28125
6626.044921875	343814.6875
6626.7353515625	339863.34375
6627.42578125	335462.71875
6628.1162109375	334213.15625
6628.806640625	337260.1875
6629.4970703125	340468.3125
6630.1875	341396.5625
6630.8779296875	342372.09375
6631.568359375	344358.78125
6632.2587890625	343208.53125
6632.94921875	344011.125
6633.6396484375	343289.03125
6634.330078125	341758.65625
6635.0205078125	339958.21875
6635.7109375	341126.0625
6636.4013671875	343826.25
6637.091796875	343288.6875
6637.7822265625	340409.125
6638.47265625	342868.90625
6639.1630859375	341431.34375
6639.853515625	345092.28125
6640.5439453125	343746.96875
6641.234375	344998.5
6641.9248046875	341054.34375
6642.615234375	341154.53125
6643.3056640625	342613.0
6643.99609375	341742.34375
6644.6865234375	341618.90625
6645.376953125	342833.3125
6646.0673828125	340466.8125
6646.7578125	339527.59375
6647.4482421875	340949.25
6648.138671875	341805.03125
6648.8291015625	340548.40625
6649.51953125	342406.5625
6650.2099609375	339124.5625
6650.900390625	337820.0
6651.5908203125	340341.5
6652.28125	339196.21875
6652.9716796875	338665.59375
6653.662109375	339868.84375
6654.3525390625	338447.65625
6655.04296875	340429.40625
6655.7333984375	340767.125
6656.423828125	340190.25
6657.1142578125	337209.125
6657.8046875	337224.625
6658.4951171875	338660.625
6659.185546875	337208.75
6659.8759765625	335158.46875
6660.56640625	335974.6875
6661.2568359375	334655.28125
6661.947265625	336436.65625
6662.6376953125	334631.65625
6663.328125	332202.71875
6664.0185546875	334443.875
6664.708984375	335235.78125
6665.3994140625	336626.78125
6666.08984375	336265.5
6666.7802734375	335995.28125
6667.470703125	339117.59375
6668.1611328125	337483.21875
6668.8515625	337995.4375
6669.5419921875	336934.1875
6670.232421875	336286.875
6670.9228515625	335405.71875
6671.61328125	337765.59375
6672.3037109375	338920.875
6672.994140625	335970.75
6673.6845703125	337911.71875
6674.375	335558.0
6675.0654296875	335917.5
6675.755859375	333788.65625
6676.4462890625	331864.84375
6677.13671875	330123.0
6677.8271484375	324653.1875
6678.517578125	318710.15625
6679.2080078125	321495.375
6679.8984375	320714.5625
6680.5888671875	323195.15625
6681.279296875	324928.9375
6681.9697265625	329392.28125
6682.66015625	329770.46875
6683.3505859375	333206.15625
6684.041015625	334258.15625
6684.7314453125	334021.8125
6685.421875	335489.53125
6686.1123046875	336697.71875
6686.802734375	337833.0
6687.4931640625	339855.4375
6688.18359375	338479.0625
6688.8740234375	338363.46875
6689.564453125	334704.28125
6690.2548828125	336900.6875
6690.9453125	335318.25
6691.6357421875	335255.625
6692.326171875	333921.46875
6693.0166015625	332957.75
6693.70703125	333045.84375
6694.3974609375	333881.03125
6695.087890625	333020.40625
6695.7783203125	335233.09375
6696.46875	334268.8125
6697.1591796875	336543.25
6697.849609375	334722.3125
6698.5400390625	338139.6875
6699.23046875	337954.25
6699.9208984375	334305.4375
6700.611328125	336531.5625
6701.3017578125	337364.375
6701.9921875	335132.65625
6702.6826171875	336259.71875
6703.373046875	336274.875
6704.0634765625	337037.0
6704.75390625	334262.90625
6705.4443359375	335318.34375
6706.134765625	333967.03125
6706.8251953125	332844.59375
6707.515625	331762.6875
6708.2060546875	330039.0
6708.896484375	330520.15625
6709.5869140625	331652.84375
6710.27734375	332260.6875
6710.9677734375	329945.4375
6711.658203125	329527.96875
6712.3486328125	332581.90625
6713.0390625	335415.28125
6713.7294921875	331873.15625
6714.419921875	332129.71875
6715.1103515625	335876.375
6715.80078125	335505.25
6716.4912109375	337073.375
6717.181640625	334340.0
6717.8720703125	331553.40625
6718.5625	328502.875
6719.2529296875	323151.21875
6719.943359375	323695.28125
6720.6337890625	323200.71875
6721.32421875	328754.5625
6722.0146484375	328520.09375
6722.705078125	331149.875
6723.3955078125	331829.40625
6724.0859375	331075.53125
6724.7763671875	332807.0625
