6444.05957031	0.2470703125
6444.0595703125	336692.0625
6444.306640625	340442.90625
6444.5537109375	336676.1875
6444.80078125	336839.28125
6445.0478515625	337944.78125
6445.294921875	335639.71875
6445.5419921875	334660.25
6445.7890625	338028.3125
6446.0361328125	330622.0
6446.283203125	331442.25
6446.5302734375	327592.96875
6446.77734375	329200.21875
6447.0244140625	328200.34375
6447.271484375	325953.3125
6447.5185546875	328752.1875
6447.765625	327871.4375
6448.0126953125	327972.0
6448.259765625	329141.5
6448.5068359375	329843.28125
6448.75390625	331257.4375
6449.0009765625	331041.84375
6449.248046875	329491.0625
6449.4951171875	336205.28125
6449.7421875	335147.1875
6449.9892578125	335639.84375
6450.236328125	334966.8125
6450.4833984375	338784.03125
6450.73046875	340475.8125
6450.9775390625	338904.53125
6451.224609375	340423.9375
6451.4716796875	344233.96875
6451.71875	340424.09375
6451.9658203125	342528.03125
6452.212890625	345142.84375
6452.4599609375	341457.40625
6452.70703125	342803.15625
6452.9541015625	345380.4375
6453.201171875	346173.5625
6453.4482421875	345417.9375
6453.6953125	341442.34375
6453.9423828125	346256.6875
6454.189453125	339961.375
6454.4365234375	341006.3125
6454.68359375	338149.6875
6454.9306640625	333828.0625
6455.177734375	326066.75
6455.4248046875	328710.65625
6455.671875	325536.09375
6455.9189453125	313920.9375
6456.166015625	303618.125
6456.4130859375	291962.0
6456.66015625	284109.6875
6456.9072265625	279304.46875
6457.154296875	274747.125
6457.4013671875	276563.09375
6457.6484375	279875.78125
6457.8955078125	283083.78125
6458.142578125	289450.0625
6458.3896484375	292837.84375
6458.63671875	303237.3125
6458.8837890625	314642.25
6459.130859375	321089.5625
6459.3779296875	326521.78125
6459.625	330873.875
6459.8720703125	333647.71875
6460.119140625	339281.0
6460.3662109375	341455.46875
6460.61328125	340450.0
6460.8603515625	342431.75
6461.107421875	346462.40625
6461.3544921875	346360.875
6461.6015625	346444.15625
6461.8486328125	337806.5625
6462.095703125	343345.0
6462.3427734375	342744.75
6462.58984375	337425.6875
6462.8369140625	339443.6875
6463.083984375	336102.21875
6463.3310546875	332553.25
6463.578125	333482.90625
6463.8251953125	333055.5
6464.072265625	333396.8125
6464.3193359375	333274.40625
6464.56640625	329140.6875
6464.8134765625	329841.4375
6465.060546875	333519.25
6465.3076171875	333362.375
6465.5546875	333839.78125
6465.8017578125	335530.96875
6466.048828125	333080.25
6466.2958984375	334879.875
6466.54296875	333163.03125
6466.7900390625	332133.03125
6467.037109375	330314.1875
6467.2841796875	329547.78125
6467.53125	330762.4375
6467.7783203125	332060.25
6468.025390625	330412.6875
6468.2724609375	331392.65625
6468.51953125	333960.71875
6468.7666015625	333628.84375
6469.013671875	328089.21875
6469.2607421875	328483.40625
6469.5078125	332648.375
6469.7548828125	330013.40625
6470.001953125	332699.4375
6470.2490234375	329162.25
6470.49609375	329581.625
6470.7431640625	330235.1875
6470.990234375	328696.59375
6471.2373046875	331339.4375
6471.484375	333882.25
6471.7314453125	332127.59375
6471.978515625	330037.96875
6472.2255859375	330182.15625
6472.47265625	332309.34375
6472.7197265625	330056.96875
6472.966796875	330275.6875
6473.2138671875	331169.6875
6473.4609375	327791.96875
6473.7080078125	329177.6875
6473.955078125	329302.34375
6474.2021484375	328354.75
6474.44921875	327529.625
6474.6962890625	325413.15625
6474.943359375	325495.21875
6475.1904296875	319318.0625
6475.4375	319927.125
6475.6845703125	321138.03125
6475.931640625	319010.59375
6476.1787109375	319437.0
6476.42578125	318834.40625
6476.6728515625	319776.34375
6476.919921875	325216.71875
6477.1669921875	326780.375
6477.4140625	329327.5
6477.6611328125	326109.65625
6477.908203125	333079.5625
6478.1552734375	330946.28125
6478.40234375	327370.3125
6478.6494140625	327891.5
6478.896484375	327612.15625
6479.1435546875	325960.25
6479.390625	327035.875
6479.6376953125	328337.28125
6479.884765625	324043.90625
6480.1318359375	327196.9375
6480.37890625	325211.65625
6480.6259765625	326815.78125
6480.873046875	324944.25
6481.1201171875	326618.84375
6481.3671875	325500.875
6481.6142578125	324211.1875
6481.861328125	321042.5
6482.1083984375	318996.15625
6482.35546875	315519.65625
6482.6025390625	311982.40625
6482.849609375	307980.9375
6483.0966796875	305589.3125
6483.34375	307060.28125
6483.5908203125	307037.34375
6483.837890625	306720.0
6484.0849609375	313188.03125
6484.33203125	317464.65625
6484.5791015625	319234.09375
6484.826171875	319748.46875
6485.0732421875	323382.21875
6485.3203125	327979.78125
6485.5673828125	324706.90625
6485.814453125	329201.46875
6486.0615234375	329801.90625
6486.30859375	325571.25
6486.5556640625	328990.34375
6486.802734375	324638.75
6487.0498046875	325436.34375
6487.296875	328681.9375
6487.5439453125	327492.84375
6487.791015625	323208.125
6488.0380859375	325632.6875
6488.28515625	326184.1875
6488.5322265625	328889.53125
6488.779296875	328510.875
6489.0263671875	326470.28125
6489.2734375	327501.71875
6489.5205078125	329081.71875
6489.767578125	332317.40625
6490.0146484375	328727.84375
6490.26171875	325816.78125
6490.5087890625	323760.375
6490.755859375	320570.4375
6491.0029296875	322198.53125
6491.25	321970.03125
6491.4970703125	317910.59375
6491.744140625	314974.03125
6491.9912109375	316230.625
6492.23828125	315761.28125
6492.4853515625	311538.1875
6492.732421875	311622.65625
6492.9794921875	309925.90625
6493.2265625	312552.90625
6493.4736328125	317089.09375
6493.720703125	319041.5
6493.9677734375	323798.21875
6494.21484375	320425.625
6494.4619140625	323245.34375
6494.708984375	325862.21875
6494.9560546875	322315.3125
6495.203125	320942.75
6495.4501953125	319097.96875
6495.697265625	320706.1875
6495.9443359375	316852.8125
6496.19140625	318831.03125
6496.4384765625	318189.96875
6496.685546875	317586.9375
6496.9326171875	321318.21875
6497.1796875	321099.15625
6497.4267578125	319691.3125
6497.673828125	325216.71875
6497.9208984375	322578.84375
6498.16796875	323229.53125
6498.4150390625	327871.5625
6498.662109375	330559.71875
6498.9091796875	327150.84375
6499.15625	330850.6875
6499.4033203125	330445.5625
6499.650390625	330269.3125
6499.8974609375	330330.40625
6500.14453125	330368.03125
6500.3916015625	329929.59375
6500.638671875	328637.5
6500.8857421875	329944.625
6501.1328125	328738.4375
6501.3798828125	326653.875
6501.626953125	329760.65625
6501.8740234375	324083.59375
6502.12109375	326665.9375
6502.3681640625	329488.46875
6502.615234375	329606.75
6502.8623046875	327383.25
6503.109375	329554.90625
6503.3564453125	325501.84375
6503.603515625	324280.65625
6503.8505859375	323989.71875
6504.09765625	327976.21875
6504.3447265625	327191.0
6504.591796875	327707.5
6504.8388671875	325292.5
6505.0859375	330670.21875
6505.3330078125	327500.0
6505.580078125	327091.5625
6505.8271484375	329042.0625
6506.07421875	329142.65625
6506.3212890625	326495.03125
6506.568359375	327365.125
6506.8154296875	326909.34375
6507.0625	326786.28125
6507.3095703125	327690.8125
6507.556640625	322176.0625
6507.8037109375	324520.71875
6508.05078125	326843.1875
6508.2978515625	323883.0625
6508.544921875	325615.375
6508.7919921875	325550.09375
6509.0390625	325944.59375
6509.2861328125	324175.15625
6509.533203125	329181.59375
6509.7802734375	326311.03125
6510.02734375	328475.34375
6510.2744140625	329424.40625
6510.521484375	331477.65625
6510.7685546875	332483.90625
6511.015625	327024.40625
6511.2626953125	326709.90625
6511.509765625	332977.5
6511.7568359375	329233.875
6512.00390625	332014.625
6512.2509765625	337512.34375
6512.498046875	334471.90625
6512.7451171875	338565.8125
6512.9921875	339632.46875
6513.2392578125	336173.96875
6513.486328125	334749.34375
6513.7333984375	335839.5
6513.98046875	332089.375
6514.2275390625	328322.0625
6514.474609375	327540.46875
6514.7216796875	324086.5
6514.96875	322273.6875
6515.2158203125	321292.40625
6515.462890625	316623.75
6515.7099609375	305884.125
6515.95703125	300530.0625
6516.2041015625	289242.34375
6516.451171875	284077.59375
6516.6982421875	285077.125
6516.9453125	287696.25
6517.1923828125	291232.21875
6517.439453125	297153.875
6517.6865234375	307186.75
6517.93359375	311386.03125
6518.1806640625	316701.6875
6518.427734375	324055.90625
6518.6748046875	323932.03125
6518.921875	325563.59375
6519.1689453125	331232.6875
6519.416015625	330961.21875
6519.6630859375	338049.0
6519.91015625	335559.28125
6520.1572265625	340357.8125
6520.404296875	340635.90625
6520.6513671875	337972.0625
6520.8984375	337628.34375
6521.1455078125	341806.5
6521.392578125	338006.53125
6521.6396484375	334514.1875
6521.88671875	332674.65625
6522.1337890625	334207.5625
6522.380859375	330311.9375
6522.6279296875	329071.15625
6522.875	325731.46875
6523.1220703125	324407.71875
6523.369140625	322458.1875
6523.6162109375	324079.09375
6523.86328125	322772.0625
6524.1103515625	321017.21875
6524.357421875	324365.0
6524.6044921875	325313.375
6524.8515625	324659.09375
6525.0986328125	327792.96875
6525.345703125	327180.46875
6525.5927734375	321928.65625
6525.83984375	325981.625
6526.0869140625	324559.78125
6526.333984375	328748.375
6526.5810546875	324928.15625
6526.828125	324541.75
6527.0751953125	325098.65625
6527.322265625	323143.84375
6527.5693359375	322025.4375
6527.81640625	323977.5625
6528.0634765625	324759.8125
6528.310546875	324601.90625
6528.5576171875	322052.25
6528.8046875	322899.21875
6529.0517578125	325507.1875
6529.298828125	323672.4375
6529.5458984375	325449.25
6529.79296875	323558.59375
6530.0400390625	326539.71875
6530.287109375	324115.09375
6530.5341796875	323032.34375
6530.78125	319368.78125
6531.0283203125	319005.125
6531.275390625	317746.53125
6531.5224609375	319027.46875
6531.76953125	316523.59375
6532.0166015625	318272.0
6532.263671875	316247.53125
6532.5107421875	320128.03125
6532.7578125	323612.4375
6533.0048828125	317565.96875
6533.251953125	321594.125
6533.4990234375	318324.71875
6533.74609375	313474.4375
6533.9931640625	319191.15625
6534.240234375	321038.25
6534.4873046875	318255.28125
6534.734375	322978.03125
6534.9814453125	321377.53125
6535.228515625	317961.78125
6535.4755859375	319138.5
6535.72265625	322880.6875
6535.9697265625	318728.8125
6536.216796875	319418.03125
6536.4638671875	320042.6875
6536.7109375	317741.75
6536.9580078125	320364.84375
6537.205078125	319236.46875
6537.4521484375	318101.03125
6537.69921875	323350.625
6537.9462890625	319567.0
6538.193359375	320006.5625
6538.4404296875	318799.625
6538.6875	326326.09375
6538.9345703125	322373.4375
6539.181640625	320807.15625
6539.4287109375	322443.125
6539.67578125	320629.0625
6539.9228515625	321045.6875
6540.169921875	323814.5625
6540.4169921875	322587.09375
6540.6640625	322235.6875
6540.9111328125	317795.5625
6541.158203125	319594.65625
6541.4052734375	324093.21875
6541.65234375	322170.09375
6541.8994140625	320093.46875
6542.146484375	316623.65625
6542.3935546875	315952.125
6542.640625	319916.75
6542.8876953125	320197.84375
6543.134765625	315236.125
6543.3818359375	313330.3125
6543.62890625	311421.1875
6543.8759765625	310832.0625
6544.123046875	310351.125
6544.3701171875	313212.625
6544.6171875	314666.96875
6544.8642578125	314960.53125
6545.111328125	314530.78125
6545.3583984375	314380.875
6545.60546875	317454.0625
6545.8525390625	314268.34375
6546.099609375	315328.21875
6546.3466796875	315845.5625
6546.59375	314901.6875
6546.8408203125	314170.90625
6547.087890625	316118.75
6547.3349609375	315795.1875
6547.58203125	311586.4375
6547.8291015625	311451.4375
6548.076171875	307476.625
6548.3232421875	311264.1875
6548.5703125	311363.9375
6548.8173828125	312724.6875
6549.064453125	309827.5
6549.3115234375	311271.375
6549.55859375	315417.71875
6549.8056640625	314195.5625
6550.052734375	314774.75
6550.2998046875	310258.46875
6550.546875	312869.96875
6550.7939453125	312365.46875
6551.041015625	312612.21875
6551.2880859375	314936.8125
6551.53515625	313746.53125
6551.7822265625	314586.75
6552.029296875	309842.09375
6552.2763671875	309802.75
6552.5234375	308146.125
6552.7705078125	312325.625
6553.017578125	312137.40625
6553.2646484375	311353.90625
6553.51171875	317095.34375
6553.7587890625	315814.53125
6554.005859375	318375.5
6554.2529296875	318764.5625
6554.5	324613.59375
6554.7470703125	326616.5
6554.994140625	330801.375
6555.2412109375	334529.125
6555.48828125	335254.21875
6555.7353515625	346690.28125
6555.982421875	348153.71875
6556.2294921875	353556.0625
6556.4765625	362497.34375
6556.7236328125	370771.84375
6556.970703125	375558.25
6557.2177734375	388599.65625
6557.46484375	394814.75
6557.7119140625	409332.84375
6557.958984375	427137.9375
6558.2060546875	452669.59375
6558.453125	474777.03125
6558.7001953125	494678.96875
6558.947265625	523310.125
6559.1943359375	547706.375
6559.44140625	579373.5
6559.6884765625	612281.0625
6559.935546875	634455.25
6560.1826171875	662278.25
6560.4296875	690529.1875
6560.6767578125	703549.1875
6560.923828125	703569.3125
6561.1708984375	687456.3125
6561.41796875	663733.8125
6561.6650390625	611568.8125
6561.912109375	564464.75
6562.1591796875	499353.96875
6562.40625	425415.3125
6562.6533203125	356624.375
6562.900390625	286400.375
6563.1474609375	234155.578125
6563.39453125	194671.125
6563.6416015625	172449.578125
6563.888671875	187633.765625
6564.1357421875	224815.234375
6564.3828125	276009.0625
6564.6298828125	342526.71875
6564.876953125	397218.34375
6565.1240234375	463794.0
6565.37109375	526459.125
6565.6181640625	582936.875
6565.865234375	619449.625
6566.1123046875	654264.3125
6566.359375	672608.875
6566.6064453125	670888.125
6566.853515625	663932.8125
6567.1005859375	642172.875
6567.34765625	613737.5
6567.5947265625	588702.0
6567.841796875	565784.3125
6568.0888671875	538390.375
6568.3359375	507359.375
6568.5830078125	484271.0625
6568.830078125	460225.6875
6569.0771484375	442043.5625
6569.32421875	423236.21875
6569.5712890625	412520.96875
6569.818359375	397252.1875
6570.0654296875	387314.875
6570.3125	376171.125
6570.5595703125	365819.46875
6570.806640625	357999.96875
6571.0537109375	352346.625
6571.30078125	347142.96875
6571.5478515625	340463.53125
6571.794921875	333048.4375
6572.0419921875	336613.25
6572.2890625	330615.03125
6572.5361328125	327998.78125
6572.783203125	324993.15625
6573.0302734375	322688.25
6573.27734375	324117.0
6573.5244140625	322096.5
6573.771484375	319918.53125
6574.0185546875	318555.21875
6574.265625	314444.15625
6574.5126953125	309448.125
6574.759765625	311814.40625
6575.0068359375	306885.21875
6575.25390625	308380.75
6575.5009765625	310664.5
6575.748046875	313366.3125
6575.9951171875	313326.25
6576.2421875	317259.96875
6576.4892578125	314567.6875
6576.736328125	316247.40625
6576.9833984375	314304.28125
6577.23046875	317798.625
6577.4775390625	317117.28125
6577.724609375	317962.3125
6577.9716796875	322287.0625
6578.21875	316888.71875
6578.4658203125	315618.84375
6578.712890625	320281.5
6578.9599609375	316579.0
6579.20703125	318528.28125
6579.4541015625	318539.03125
6579.701171875	316894.46875
6579.9482421875	316951.3125
6580.1953125	320548.28125
6580.4423828125	310428.75
6580.689453125	318414.71875
6580.9365234375	318651.03125
6581.18359375	311335.625
6581.4306640625	315574.09375
6581.677734375	316197.59375
6581.9248046875	313209.1875
6582.171875	315903.90625
6582.4189453125	313427.96875
6582.666015625	315042.15625
6582.9130859375	318633.03125
6583.16015625	310128.6875
6583.4072265625	317839.09375
6583.654296875	314005.96875
6583.9013671875	318531.0
6584.1484375	315944.25
6584.3955078125	320039.96875
6584.642578125	319809.34375
6584.8896484375	318223.9375
6585.13671875	314566.3125
6585.3837890625	319142.5
6585.630859375	313802.84375
6585.8779296875	312526.6875
6586.125	317197.6875
6586.3720703125	316565.5625
6586.619140625	313644.28125
6586.8662109375	315133.34375
6587.11328125	315138.59375
6587.3603515625	315897.46875
6587.607421875	314897.15625
6587.8544921875	315479.5625
6588.1015625	318472.96875
6588.3486328125	317132.25
6588.595703125	322349.21875
6588.8427734375	321768.96875
6589.08984375	317627.71875
6589.3369140625	317125.0
6589.583984375	318229.4375
6589.8310546875	316654.03125
6590.078125	321074.46875
6590.3251953125	320254.625
6590.572265625	318395.28125
6590.8193359375	321703.5625
6591.06640625	317474.9375
6591.3134765625	320608.40625
6591.560546875	318115.5625
6591.8076171875	320893.0
6592.0546875	320652.84375
6592.3017578125	316791.3125
6592.548828125	318629.84375
6592.7958984375	320405.375
6593.04296875	314158.3125
6593.2900390625	313582.75
6593.537109375	313395.46875
6593.7841796875	312367.03125
6594.03125	313498.15625
6594.2783203125	315896.28125
6594.525390625	313316.1875
6594.7724609375	312919.53125
6595.01953125	312543.71875
6595.2666015625	316611.21875
6595.513671875	319833.40625
6595.7607421875	321564.34375
6596.0078125	311904.15625
6596.2548828125	312827.75
6596.501953125	315935.1875
6596.7490234375	317904.125
6596.99609375	318959.9375
6597.2431640625	317729.375
6597.490234375	316241.9375
6597.7373046875	315739.5
6597.984375	315860.75
6598.2314453125	316293.6875
6598.478515625	316332.625
6598.7255859375	318027.9375
6598.97265625	319003.0
6599.2197265625	316243.21875
6599.466796875	315822.53125
6599.7138671875	314950.34375
6599.9609375	316317.65625
6600.2080078125	319842.25
6600.455078125	320873.34375
6600.7021484375	318780.84375
6600.94921875	316781.21875
6601.1962890625	318709.25
6601.443359375	313464.1875
6601.6904296875	317447.9375
6601.9375	317330.21875
6602.1845703125	317733.8125
6602.431640625	320508.875
6602.6787109375	319064.25
6602.92578125	314585.0
6603.1728515625	319255.375
6603.419921875	316820.0
6603.6669921875	315670.125
6603.9140625	313282.65625
6604.1611328125	317013.3125
6604.408203125	313205.40625
6604.6552734375	315185.625
6604.90234375	309953.71875
6605.1494140625	306505.90625
6605.396484375	306770.3125
6605.6435546875	307104.9375
6605.890625	305428.0
6606.1376953125	308935.9375
6606.384765625	311108.5625
6606.6318359375	309244.96875
6606.87890625	309225.1875
6607.1259765625	312151.40625
6607.373046875	312203.96875
6607.6201171875	310346.0
6607.8671875	311666.59375
6608.1142578125	318571.125
6608.361328125	315746.03125
6608.6083984375	317213.875
6608.85546875	319883.5625
6609.1025390625	314520.5625
6609.349609375	316970.34375
6609.5966796875	317212.6875
6609.84375	316960.21875
6610.0908203125	316798.71875
6610.337890625	316178.53125
6610.5849609375	313702.625
6610.83203125	320371.625
6611.0791015625	318012.1875
6611.326171875	318353.5
6611.5732421875	316114.84375
6611.8203125	316352.40625
6612.0673828125	316775.5
6612.314453125	322556.0
6612.5615234375	322768.25
6612.80859375	316795.96875
6613.0556640625	314573.59375
6613.302734375	317914.78125
6613.5498046875	317472.90625
6613.796875	312198.5
6614.0439453125	313885.65625
6614.291015625	316693.125
6614.5380859375	315540.15625
6614.78515625	318895.5
6615.0322265625	316963.6875
6615.279296875	320779.84375
6615.5263671875	321477.28125
6615.7734375	320782.25
6616.0205078125	319993.125
6616.267578125	317125.375
6616.5146484375	319357.71875
6616.76171875	314814.09375
6617.0087890625	317855.46875
6617.255859375	316497.3125
6617.5029296875	314481.46875
6617.75	317902.125
6617.9970703125	317632.09375
6618.244140625	319220.375
6618.4912109375	316898.65625
6618.73828125	316711.59375
6618.9853515625	316103.75
6619.232421875	317336.03125
6619.4794921875	316497.34375
6619.7265625	318762.90625
6619.9736328125	316549.25
6620.220703125	318951.3125
6620.4677734375	316980.75
6620.71484375	312974.46875
6620.9619140625	316927.03125
6621.208984375	320015.59375
6621.4560546875	320325.875
6621.703125	319416.4375
6621.9501953125	316797.6875
6622.197265625	312826.46875
6622.4443359375	322153.9375
6622.69140625	320790.0
6622.9384765625	316748.6875
6623.185546875	315920.5
6623.4326171875	315482.5
6623.6796875	316188.03125
6623.9267578125	321968.1875
6624.173828125	317586.21875
6624.4208984375	317110.53125
6624.66796875	316037.46875
6624.9150390625	317045.15625
6625.162109375	315995.40625
6625.4091796875	316168.0625
6625.65625	316293.59375
6625.9033203125	319959.0
6626.150390625	315606.25
6626.3974609375	313918.96875
6626.64453125	315122.46875
6626.8916015625	311814.78125
6627.138671875	310314.75
6627.3857421875	303374.1875
6627.6328125	306064.375
6627.8798828125	300862.59375
6628.126953125	303294.34375
6628.3740234375	302763.53125
6628.62109375	310788.65625
6628.8681640625	311956.5625
6629.115234375	309654.0
6629.3623046875	310419.65625
6629.609375	314344.46875
6629.8564453125	314118.78125
6630.103515625	315040.65625
6630.3505859375	314311.40625
6630.59765625	315561.84375
6630.8447265625	314651.90625
6631.091796875	316060.15625
6631.3388671875	318014.53125
6631.5859375	315174.875
6631.8330078125	313301.125
6632.080078125	319576.0
6632.3271484375	314190.96875
6632.57421875	315690.59375
6632.8212890625	314994.3125
6633.068359375	318287.34375
6633.3154296875	317919.65625
6633.5625	316580.84375
6633.8095703125	318930.15625
6634.056640625	318146.40625
6634.3037109375	317005.8125
6634.55078125	315663.21875
6634.7978515625	315543.53125
6635.044921875	314962.53125
6635.2919921875	315345.09375
6635.5390625	317372.78125
6635.7861328125	313727.25
6636.033203125	316935.71875
6636.2802734375	315944.8125
6636.52734375	315561.15625
6636.7744140625	316953.3125
6637.021484375	316118.65625
6637.2685546875	314890.65625
6637.515625	316452.8125
6637.7626953125	317037.03125
6638.009765625	317836.5
6638.2568359375	313821.625
6638.50390625	315476.3125
6638.7509765625	315634.25
6638.998046875	315606.03125
6639.2451171875	315632.40625
6639.4921875	315691.96875
6639.7392578125	317637.65625
6639.986328125	317926.1875
6640.2333984375	317655.0625
6640.48046875	316818.0
6640.7275390625	314635.15625
6640.974609375	313764.65625
6641.2216796875	317856.84375
6641.46875	314126.1875
6641.7158203125	314343.21875
6641.962890625	318164.9375
6642.2099609375	316030.5625
6642.45703125	318844.34375
6642.7041015625	314672.125
6642.951171875	316587.5625
6643.1982421875	314673.6875
6643.4453125	318615.40625
6643.6923828125	315540.59375
6643.939453125	318187.09375
6644.1865234375	315624.59375
6644.43359375	316637.4375
6644.6806640625	317324.53125
6644.927734375	319006.0
6645.1748046875	317626.75
6645.421875	314714.1875
6645.6689453125	312820.59375
6645.916015625	317983.125
6646.1630859375	317423.75
6646.41015625	315436.53125
6646.6572265625	316256.71875
6646.904296875	314287.71875
6647.1513671875	317315.625
6647.3984375	313178.125
6647.6455078125	315236.21875
6647.892578125	317711.25
6648.1396484375	316060.59375
6648.38671875	317347.75
6648.6337890625	316159.03125
6648.880859375	312175.65625
6649.1279296875	314434.84375
6649.375	313388.125
6649.6220703125	314610.375
6649.869140625	312709.3125
6650.1162109375	315488.0625
6650.36328125	315878.21875
6650.6103515625	314339.9375
6650.857421875	312283.0
6651.1044921875	314035.28125
6651.3515625	317697.8125
6651.5986328125	315067.34375
6651.845703125	315311.3125
6652.0927734375	315498.625
6652.33984375	316201.9375
6652.5869140625	318298.4375
6652.833984375	311663.65625
6653.0810546875	312634.0
6653.328125	314028.75
6653.5751953125	313782.6875
6653.822265625	315246.625
6654.0693359375	315948.15625
6654.31640625	314317.5625
6654.5634765625	314760.40625
6654.810546875	314966.625
6655.0576171875	316984.625
6655.3046875	316131.625
6655.5517578125	315156.90625
6655.798828125	314610.28125
6656.0458984375	311088.0625
6656.29296875	313455.21875
6656.5400390625	314010.21875
6656.787109375	316513.34375
6657.0341796875	312745.5
6657.28125	309583.46875
6657.5283203125	314497.75
6657.775390625	315564.28125
6658.0224609375	316853.0
6658.26953125	316359.09375
6658.5166015625	312247.5625
6658.763671875	316716.0
6659.0107421875	316280.09375
6659.2578125	315846.9375
6659.5048828125	316149.25
6659.751953125	315430.71875
6659.9990234375	313105.4375
6660.24609375	315331.15625
6660.4931640625	314658.375
6660.740234375	312613.53125
6660.9873046875	313169.0625
6661.234375	316620.71875
6661.4814453125	314754.59375
6661.728515625	315933.78125
6661.9755859375	311285.3125
6662.22265625	317784.59375
6662.4697265625	316855.6875
6662.716796875	315632.5
6662.9638671875	317285.375
6663.2109375	315325.3125
6663.4580078125	312312.28125
6663.705078125	315347.5625
6663.9521484375	316201.4375
6664.19921875	313987.1875
6664.4462890625	314490.6875
6664.693359375	316602.59375
6664.9404296875	314612.34375
6665.1875	313411.84375
6665.4345703125	313298.0625
6665.681640625	314672.3125
6665.9287109375	314411.96875
6666.17578125	315046.90625
6666.4228515625	317938.0625
6666.669921875	314962.875
6666.9169921875	318859.4375
6667.1640625	317230.84375
6667.4111328125	318042.78125
6667.658203125	316558.3125
6667.9052734375	315098.8125
6668.15234375	316613.40625
6668.3994140625	315800.34375
6668.646484375	317518.46875
6668.8935546875	315260.46875
6669.140625	316034.4375
6669.3876953125	313139.5
6669.634765625	318165.90625
6669.8818359375	317578.84375
6670.12890625	317092.15625
6670.3759765625	314307.46875
6670.623046875	317727.0625
6670.8701171875	313917.875
6671.1171875	311393.6875
6671.3642578125	314219.40625
6671.611328125	315448.46875
6671.8583984375	313261.46875
6672.10546875	312041.3125
6672.3525390625	315343.65625
6672.599609375	315520.84375
6672.8466796875	312599.84375
6673.09375	316195.71875
6673.3408203125	311168.9375
6673.587890625	312866.5
6673.8349609375	312830.59375
6674.08203125	310834.78125
6674.3291015625	313885.0
6674.576171875	314279.15625
6674.8232421875	312648.8125
6675.0703125	315409.15625
6675.3173828125	314408.25
6675.564453125	308541.40625
6675.8115234375	310227.375
6676.05859375	313674.125
6676.3056640625	309744.59375
6676.552734375	309278.4375
6676.7998046875	308744.9375
6677.046875	308089.96875
6677.2939453125	307276.84375
6677.541015625	305333.84375
6677.7880859375	299994.5
6678.03515625	298716.59375
6678.2822265625	297425.71875
6678.529296875	293795.78125
6678.7763671875	294918.03125
6679.0234375	294619.78125
6679.2705078125	299631.0
6679.517578125	301378.53125
6679.7646484375	303088.0625
6680.01171875	302731.90625
6680.2587890625	298014.59375
6680.505859375	302914.03125
6680.7529296875	305950.71875
6681.0	303028.875
6681.2470703125	305567.25
6681.494140625	305285.46875
6681.7412109375	304563.96875
6681.98828125	305645.03125
6682.2353515625	305778.75
6682.482421875	307741.125
6682.7294921875	308422.75
6682.9765625	308355.6875
6683.2236328125	312608.59375
6683.470703125	310961.84375
6683.7177734375	310451.3125
6683.96484375	311374.875
6684.2119140625	311688.125
6684.458984375	312741.9375
6684.7060546875	314380.625
6684.953125	312247.4375
6685.2001953125	312488.03125
6685.447265625	312398.5
6685.6943359375	312250.78125
6685.94140625	314217.6875
6686.1884765625	312147.3125
6686.435546875	313859.84375
6686.6826171875	313945.59375
6686.9296875	314828.90625
6687.1767578125	315945.40625
6687.423828125	313752.28125
6687.6708984375	316306.375
6687.91796875	315358.03125
6688.1650390625	312178.75
6688.412109375	310906.78125
6688.6591796875	310882.90625
6688.90625	312417.34375
6689.1533203125	314185.625
6689.400390625	310925.53125
6689.6474609375	315090.40625
6689.89453125	311854.1875
6690.1416015625	312715.78125
6690.388671875	312575.21875
6690.6357421875	309846.625
6690.8828125	313391.1875
6691.1298828125	314493.6875
6691.376953125	312142.65625
6691.6240234375	311775.1875
6691.87109375	312349.625
6692.1181640625	316547.28125
6692.365234375	313405.03125
6692.6123046875	312733.90625
6692.859375	310608.34375
6693.1064453125	313685.375
6693.353515625	310310.4375
6693.6005859375	312045.28125
6693.84765625	309752.6875
6694.0947265625	310866.34375
6694.341796875	314163.8125
6694.5888671875	312817.1875
6694.8359375	313843.75
6695.0830078125	312329.09375
6695.330078125	310035.8125
6695.5771484375	315073.21875
6695.82421875	314689.5
6696.0712890625	311397.15625
6696.318359375	310202.125
6696.5654296875	311616.28125
6696.8125	313552.8125
6697.0595703125	311717.1875
6697.306640625	310755.59375
6697.5537109375	313769.0
6697.80078125	309307.65625
6698.0478515625	310038.1875
6698.294921875	313914.4375
6698.5419921875	312251.25
6698.7890625	311588.8125
6699.0361328125	310822.40625
6699.283203125	314818.84375
6699.5302734375	314704.875
6699.77734375	311127.0
6700.0244140625	311929.03125
6700.271484375	311755.21875
6700.5185546875	312237.3125
6700.765625	311469.15625
6701.0126953125	311353.5
6701.259765625	314139.8125
6701.5068359375	311955.875
6701.75390625	313570.46875
6702.0009765625	313254.0
6702.248046875	313114.25
6702.4951171875	309312.71875
6702.7421875	309681.53125
6702.9892578125	310026.84375
6703.236328125	311741.53125
6703.4833984375	306641.5625
6703.73046875	311308.25
6703.9775390625	308967.40625
6704.224609375	307464.59375
6704.4716796875	309055.75
6704.71875	312461.625
6704.9658203125	311645.96875
6705.212890625	307849.46875
6705.4599609375	306010.75
6705.70703125	307202.53125
6705.9541015625	308668.78125
6706.201171875	307462.09375
6706.4482421875	309492.59375
6706.6953125	309904.3125
6706.9423828125	311109.0625
6707.189453125	306568.03125
6707.4365234375	307353.125
6707.68359375	307867.15625
6707.9306640625	310222.78125
6708.177734375	310514.40625
6708.4248046875	309717.25
6708.671875	310442.125
6708.9189453125	309166.0
6709.166015625	306832.21875
6709.4130859375	308115.9375
6709.66015625	310193.21875
6709.9072265625	306778.65625
6710.154296875	309120.71875
6710.4013671875	303818.4375
6710.6484375	308237.3125
6710.8955078125	306125.46875
6711.142578125	307167.625
6711.3896484375	308585.28125
6711.63671875	307093.3125
6711.8837890625	307273.1875
6712.130859375	306714.15625
6712.3779296875	309045.21875
6712.625	307235.25
6712.8720703125	307421.03125
6713.119140625	307264.0625
6713.3662109375	307427.1875
6713.61328125	308030.6875
6713.8603515625	307043.9375
6714.107421875	309841.34375
6714.3544921875	307971.84375
6714.6015625	305979.25
6714.8486328125	307314.375
6715.095703125	308371.125
6715.3427734375	305589.53125
6715.58984375	304956.625
6715.8369140625	308068.65625
6716.083984375	311372.875
6716.3310546875	306280.53125
6716.578125	304308.21875
6716.8251953125	307917.28125
6717.072265625	305418.4375
6717.3193359375	309711.125
6717.56640625	306305.03125
6717.8134765625	305254.0625
6718.060546875	303796.8125
6718.3076171875	304224.40625
6718.5546875	304155.0
6718.8017578125	300949.90625
6719.048828125	298850.09375
6719.2958984375	301811.59375
6719.54296875	301384.03125
6719.7900390625	303168.0625
6720.037109375	302536.28125
6720.2841796875	303834.875
6720.53125	306431.84375
6720.7783203125	306089.0
6721.025390625	304990.5625
6721.2724609375	308021.5625
6721.51953125	304349.1875
6721.7666015625	305994.84375
6722.013671875	305495.3125
6722.2607421875	305583.09375
6722.5078125	304091.0625
6722.7548828125	307684.5
6723.001953125	304030.53125
6723.2490234375	306379.9375
6723.49609375	305198.28125
6723.7431640625	306193.5625
6723.990234375	302753.1875
6724.2373046875	305471.28125
6724.484375	307255.0
6724.7314453125	306995.5625
6724.978515625	305023.28125
6725.2255859375	307632.3125
6725.47265625	303940.375
6725.7197265625	308732.59375
6725.966796875	306309.0
6726.2138671875	309243.0625
6726.4609375	304300.90625
6726.7080078125	305058.3125
6726.955078125	303570.6875
6727.2021484375	303059.1875
6727.44921875	303318.4375
6727.6962890625	302833.90625
6727.943359375	304737.40625
6728.1904296875	306364.78125
6728.4375	304678.78125
6728.6845703125	301885.25
6728.931640625	303033.65625
6729.1787109375	303189.625
6729.42578125	302938.4375
6729.6728515625	303722.125
6729.919921875	303158.75
6730.1669921875	307090.59375
6730.4140625	305038.78125
6730.6611328125	306379.0
6730.908203125	305576.125
6731.1552734375	307079.375
6731.40234375	303385.96875
6731.6494140625	306875.59375
6731.896484375	305187.5
6732.1435546875	305142.03125
6732.390625	307583.8125
6732.6376953125	304512.34375
6732.884765625	303921.125
6733.1318359375	301252.125
6733.37890625	303675.1875
6733.6259765625	303226.3125
6733.873046875	306653.3125
6734.1201171875	305300.4375
6734.3671875	305470.65625
6734.6142578125	306427.09375
6734.861328125	305880.9375
6735.1083984375	302443.71875
6735.35546875	304461.59375
6735.6025390625	300156.625
6735.849609375	306096.25
6736.0966796875	305241.875
6736.34375	302403.34375
6736.5908203125	303547.71875
6736.837890625	301652.6875
6737.0849609375	304992.0
6737.33203125	302442.25
6737.5791015625	301387.84375
6737.826171875	301025.28125
6738.0732421875	305408.59375
6738.3203125	303328.25
6738.5673828125	302635.96875
6738.814453125	304245.0
6739.0615234375	303231.5625
6739.30859375	301776.46875
6739.5556640625	307087.0625
6739.802734375	300568.3125
6740.0498046875	299644.0625
6740.296875	303711.46875
6740.5439453125	302338.875
6740.791015625	301996.8125
6741.0380859375	303760.0625
6741.28515625	301799.6875
6741.5322265625	302007.5
6741.779296875	300307.28125
6742.0263671875	301619.5
6742.2734375	300922.96875
6742.5205078125	301454.375
6742.767578125	300727.53125
6743.0146484375	303541.15625
6743.26171875	296408.28125
6743.5087890625	300725.21875
6743.755859375	296567.96875
6744.0029296875	301350.625
6744.25	300570.65625
6744.4970703125	303773.46875
6744.744140625	300495.34375
6744.9912109375	305897.0
6745.23828125	303231.34375
6745.4853515625	299326.53125
6745.732421875	300022.8125
6745.9794921875	299620.46875
6746.2265625	299147.90625
6746.4736328125	301539.375
6746.720703125	300447.1875
6746.9677734375	301961.375
6747.21484375	302407.28125
6747.4619140625	301782.1875
6747.708984375	299873.25
6747.9560546875	302978.8125
6748.203125	299361.21875
6748.4501953125	301759.75
6748.697265625	299295.59375
6748.9443359375	298065.53125
6749.19140625	298980.25
6749.4384765625	298147.34375
6749.685546875	300221.0
6749.9326171875	301377.28125
6750.1796875	301359.9375
6750.4267578125	299801.9375
6750.673828125	301161.96875
6750.9208984375	297331.71875
6751.16796875	299262.9375
6751.4150390625	298685.8125
6751.662109375	299357.25
6751.9091796875	298404.84375
6752.15625	300957.34375
6752.4033203125	300448.8125
6752.650390625	302329.5625
6752.8974609375	298894.09375
6753.14453125	296387.25
6753.3916015625	300967.3125
6753.638671875	300861.53125
6753.8857421875	300508.6875
6754.1328125	301740.84375
6754.3798828125	296037.03125
6754.626953125	300408.03125
6754.8740234375	301911.34375
6755.12109375	300657.9375
6755.3681640625	300872.125
6755.615234375	301137.71875
6755.8623046875	299494.375
6756.109375	295327.0625
6756.3564453125	303448.875
6756.603515625	299055.5625
6756.8505859375	297799.15625
6757.09765625	301662.3125
6757.3447265625	299961.78125
6757.591796875	299007.6875
6757.8388671875	303830.59375
6758.0859375	296450.875
6758.3330078125	298713.78125
6758.580078125	296575.09375
6758.8271484375	295663.8125
6759.07421875	297319.3125
6759.3212890625	300779.6875
6759.568359375	297857.84375
6759.8154296875	298850.15625
6760.0625	297383.8125
6760.3095703125	298550.03125
6760.556640625	300380.09375
6760.8037109375	300062.375
6761.05078125	300667.84375
6761.2978515625	296107.125
6761.544921875	301790.5625
6761.7919921875	301359.6875
6762.0390625	298499.78125
6762.2861328125	297646.75
6762.533203125	296812.25
6762.7802734375	299034.9375
6763.02734375	302123.53125
6763.2744140625	301774.03125
6763.521484375	300094.375
6763.7685546875	297093.625
6764.015625	299523.1875
6764.2626953125	301805.1875
6764.509765625	302681.875
6764.7568359375	300044.375
6765.00390625	300444.5
6765.2509765625	300613.3125
6765.498046875	299241.21875
6765.7451171875	295107.96875
6765.9921875	294303.6875
6766.2392578125	293895.78125
6766.486328125	299484.625
6766.7333984375	297149.8125
6766.98046875	298522.875
6767.2275390625	296156.21875
6767.474609375	299975.53125
6767.7216796875	295090.25
6767.96875	297609.40625
6768.2158203125	298345.0
6768.462890625	297074.0
6768.7099609375	294756.84375
6768.95703125	298339.0625
6769.2041015625	296403.71875
6769.451171875	297800.625
6769.6982421875	295953.5625
6769.9453125	295339.90625
6770.1923828125	299137.78125
6770.439453125	294726.0
6770.6865234375	292636.3125
6770.93359375	298936.03125
6771.1806640625	296853.875
6771.427734375	297006.96875
6771.6748046875	296822.09375
6771.921875	295016.84375
6772.1689453125	294487.65625
6772.416015625	298048.28125
6772.6630859375	296549.46875
6772.91015625	297430.0
6773.1572265625	293947.53125
6773.404296875	297639.6875
6773.6513671875	297538.40625
6773.8984375	297385.21875
6774.1455078125	294917.59375
6774.392578125	294189.96875
6774.6396484375	298280.3125
6774.88671875	297089.5
6775.1337890625	297873.1875
6775.380859375	298375.1875
6775.6279296875	293616.25
6775.875	293249.6875
6776.1220703125	295986.0
6776.369140625	297359.53125
6776.6162109375	294429.78125
6776.86328125	299694.78125
6777.1103515625	296864.96875
6777.357421875	296166.375
6777.6044921875	294829.65625
6777.8515625	296199.84375
6778.0986328125	299733.125
6778.345703125	298432.65625
6778.5927734375	296138.75
6778.83984375	295687.25
6779.0869140625	294354.96875
6779.333984375	297876.40625
6779.5810546875	300153.15625
6779.828125	297264.34375
6780.0751953125	299102.84375
6780.322265625	295498.5625
6780.5693359375	297295.375
6780.81640625	296327.9375
6781.0634765625	296380.875
6781.310546875	298100.8125
6781.5576171875	296785.28125
6781.8046875	294643.625
6782.0517578125	294617.96875
