6421.60839844	0.49365234375
6421.6083984375	304740.0
6422.10205078125	305189.4375
6422.595703125	302997.15625
6423.08935546875	304167.1875
6423.5830078125	303434.9375
6424.07666015625	301459.5625
6424.5703125	303893.59375
6425.06396484375	299750.3125
6425.5576171875	302346.21875
6426.05126953125	301932.8125
6426.544921875	301237.96875
6427.03857421875	300984.4375
6427.5322265625	302057.5625
6428.02587890625	302849.875
6428.51953125	306318.6875
6429.01318359375	308361.46875
6429.5068359375	308170.625
6430.00048828125	307818.53125
6430.494140625	309239.46875
6430.98779296875	301205.40625
6431.4814453125	301737.15625
6431.97509765625	297365.53125
6432.46875	288831.34375
6432.96240234375	281340.09375
6433.4560546875	271498.46875
6433.94970703125	276788.65625
6434.443359375	287421.8125
6434.93701171875	293532.125
6435.4306640625	301934.65625
6435.92431640625	305119.96875
6436.41796875	307254.625
6436.91162109375	308235.65625
6437.4052734375	306906.09375
6437.89892578125	304115.03125
6438.392578125	302822.8125
6438.88623046875	296535.75
6439.3798828125	295909.0625
6439.87353515625	292559.1875
6440.3671875	294186.0625
6440.86083984375	293861.96875
6441.3544921875	296487.09375
6441.84814453125	296875.53125
6442.341796875	297569.40625
6442.83544921875	297489.78125
6443.3291015625	297022.59375
6443.82275390625	294985.28125
6444.31640625	294210.25
6444.81005859375	295066.4375
6445.3037109375	295229.25
6445.79736328125	292533.25
6446.291015625	289916.53125
6446.78466796875	281534.59375
6447.2783203125	277438.59375
6447.77197265625	282706.03125
6448.265625	290841.75
6448.75927734375	293334.59375
6449.2529296875	294928.03125
6449.74658203125	296112.71875
6450.240234375	294449.53125
6450.73388671875	298196.9375
6451.2275390625	295486.5
6451.72119140625	300159.875
6452.21484375	302681.3125
6452.70849609375	303992.9375
6453.2021484375	303969.78125
6453.69580078125	303083.125
6454.189453125	299748.6875
6454.68310546875	297624.59375
6455.1767578125	287721.09375
6455.67041015625	279908.75
6456.1640625	263050.46875
6456.65771484375	221253.78125
6457.1513671875	202359.953125
6457.64501953125	235627.40625
6458.138671875	272219.375
6458.63232421875	289301.6875
6459.1259765625	295788.09375
6459.61962890625	301287.78125
6460.11328125	305861.65625
6460.60693359375	303888.4375
6461.1005859375	302057.78125
6461.59423828125	297744.0
6462.087890625	295949.75
6462.58154296875	293036.21875
6463.0751953125	289146.9375
6463.56884765625	287511.15625
6464.0625	287820.71875
6464.55615234375	286347.625
6465.0498046875	292148.59375
6465.54345703125	289782.84375
6466.037109375	289177.84375
6466.53076171875	289173.5
6467.0244140625	287985.125
6467.51806640625	287106.6875
6468.01171875	289238.59375
6468.50537109375	290456.84375
6468.9990234375	290282.59375
6469.49267578125	288277.59375
6469.986328125	287081.6875
6470.47998046875	289753.8125
6470.9736328125	290512.09375
6471.46728515625	290374.875
6471.9609375	287008.71875
6472.45458984375	282931.375
6472.9482421875	284893.5
6473.44189453125	287335.34375
6473.935546875	286087.28125
6474.42919921875	286485.15625
6474.9228515625	281729.3125
6475.41650390625	278305.3125
6475.91015625	281913.15625
6476.40380859375	283997.9375
6476.8974609375	286542.375
6477.39111328125	287938.25
6477.884765625	288435.21875
6478.37841796875	287259.1875
6478.8720703125	285182.5
6479.36572265625	281723.25
6479.859375	281775.90625
6480.35302734375	280279.03125
6480.8466796875	285980.6875
6481.34033203125	282221.0625
6481.833984375	274500.5625
6482.32763671875	264848.28125
6482.8212890625	259024.46875
6483.31494140625	263821.90625
6483.80859375	273882.0
6484.30224609375	282373.25
6484.7958984375	283569.5
6485.28955078125	285394.4375
6485.783203125	284953.25
6486.27685546875	285140.46875
6486.7705078125	285809.375
6487.26416015625	286771.40625
6487.7578125	283071.34375
6488.25146484375	283443.0625
6488.7451171875	285515.4375
6489.23876953125	287608.5
6489.732421875	288230.28125
6490.22607421875	283827.96875
6490.7197265625	278077.53125
6491.21337890625	278358.375
6491.70703125	274243.09375
6492.20068359375	270524.96875
6492.6943359375	273262.8125
6493.18798828125	276547.53125
6493.681640625	280589.84375
6494.17529296875	282864.46875
6494.6689453125	279644.71875
6495.16259765625	276254.59375
6495.65625	271999.125
6496.14990234375	277554.84375
6496.6435546875	281426.09375
6497.13720703125	277798.40625
6497.630859375	281163.0625
6498.12451171875	281093.125
6498.6181640625	283866.9375
6499.11181640625	283331.59375
6499.60546875	283722.5
6500.09912109375	284260.09375
6500.5927734375	284417.25
6501.08642578125	282064.46875
6501.580078125	283526.8125
6502.07373046875	282394.59375
6502.5673828125	281514.34375
6503.06103515625	282531.21875
6503.5546875	282851.28125
6504.04833984375	282558.65625
6504.5419921875	282138.5
6505.03564453125	281822.875
6505.529296875	281949.4375
6506.02294921875	281484.28125
6506.5166015625	280954.875
6507.01025390625	281458.71875
6507.50390625	278732.5
6507.99755859375	281809.78125
6508.4912109375	282754.625
6508.98486328125	280004.5
6509.478515625	284726.6875
6509.97216796875	285226.125
6510.4658203125	285872.65625
6510.95947265625	289368.9375
6511.453125	289718.625
6511.94677734375	291207.90625
6512.4404296875	293984.6875
6512.93408203125	297880.1875
6513.427734375	294341.75
6513.92138671875	288859.53125
6514.4150390625	284390.09375
6514.90869140625	278399.1875
6515.40234375	271140.25
6515.89599609375	251841.703125
6516.3896484375	242299.796875
6516.88330078125	252442.171875
6517.376953125	272342.625
6517.87060546875	280879.5625
6518.3642578125	287494.15625
6518.85791015625	290982.28125
6519.3515625	295547.3125
6519.84521484375	296668.96875
6520.3388671875	296649.59375
6520.83251953125	292658.6875
6521.326171875	288836.375
6521.81982421875	286090.96875
6522.3134765625	283788.78125
6522.80712890625	280704.78125
6523.30078125	277810.5625
6523.79443359375	276373.59375
6524.2880859375	278189.34375
6524.78173828125	280744.125
6525.275390625	278651.65625
6525.76904296875	277002.625
6526.2626953125	278838.65625
6526.75634765625	279343.78125
6527.25	277673.1875
6527.74365234375	277016.375
6528.2373046875	279232.09375
6528.73095703125	280032.53125
6529.224609375	277305.59375
6529.71826171875	279119.78125
6530.2119140625	276012.71875
6530.70556640625	277826.9375
6531.19921875	277529.0625
6531.69287109375	276111.875
6532.1865234375	277482.71875
6532.68017578125	280648.875
6533.173828125	277288.96875
6533.66748046875	275513.3125
6534.1611328125	278257.53125
6534.65478515625	277580.5
6535.1484375	278086.4375
6535.64208984375	277114.21875
6536.1357421875	275677.6875
6536.62939453125	274684.9375
6537.123046875	276670.4375
6537.61669921875	277515.8125
6538.1103515625	276566.34375
6538.60400390625	278024.96875
6539.09765625	278575.875
6539.59130859375	278599.25
6540.0849609375	276363.15625
6540.57861328125	277570.21875
6541.072265625	277341.59375
6541.56591796875	272572.40625
6542.0595703125	272471.53125
6542.55322265625	272054.40625
6543.046875	273602.28125
6543.54052734375	269363.125
6544.0341796875	272327.59375
6544.52783203125	271237.03125
6545.021484375	275322.78125
6545.51513671875	271360.59375
6546.0087890625	271370.6875
6546.50244140625	270515.34375
6546.99609375	269386.0625
6547.48974609375	271490.34375
6547.9833984375	269538.625
6548.47705078125	269426.0625
6548.970703125	272843.53125
6549.46435546875	274656.1875
6549.9580078125	273151.8125
6550.45166015625	278073.8125
6550.9453125	276317.90625
6551.43896484375	275788.875
6551.9326171875	274076.96875
6552.42626953125	275854.5
6552.919921875	281566.4375
6553.41357421875	283812.53125
6553.9072265625	289909.34375
6554.40087890625	295331.75
6554.89453125	304521.9375
6555.38818359375	313228.84375
6555.8818359375	324181.90625
6556.37548828125	339603.84375
6556.869140625	358607.65625
6557.36279296875	391502.75
6557.8564453125	429658.125
6558.35009765625	478263.5
6558.84375	527350.6875
6559.33740234375	570652.1875
6559.8310546875	606111.625
6560.32470703125	635547.625
6560.818359375	654678.1875
6561.31201171875	621306.5
6561.8056640625	537313.125
6562.29931640625	440213.375
6562.79296875	340981.4375
6563.28662109375	281434.34375
6563.7802734375	298649.09375
6564.27392578125	404466.65625
6564.767578125	547718.375
6565.26123046875	657817.0625
6565.7548828125	694175.6875
6566.24853515625	673881.75
6566.7421875	617264.75
6567.23583984375	544310.25
6567.7294921875	481799.34375
6568.22314453125	429016.15625
6568.716796875	389559.375
6569.21044921875	362821.71875
6569.7041015625	340304.8125
6570.19775390625	324266.4375
6570.69140625	312242.96875
6571.18505859375	301704.5
6571.6787109375	293822.90625
6572.17236328125	291390.34375
6572.666015625	287104.03125
6573.15966796875	283945.75
6573.6533203125	281873.84375
6574.14697265625	274791.0625
6574.640625	275639.09375
6575.13427734375	273117.65625
6575.6279296875	273860.65625
6576.12158203125	279834.96875
6576.615234375	273919.875
6577.10888671875	276994.5625
6577.6025390625	276396.78125
6578.09619140625	276269.59375
6578.58984375	276656.25
6579.08349609375	278519.46875
6579.5771484375	275827.8125
6580.07080078125	276880.09375
6580.564453125	277826.65625
6581.05810546875	274919.9375
6581.5517578125	276788.8125
6582.04541015625	276431.03125
6582.5390625	274873.03125
6583.03271484375	277946.25
6583.5263671875	277675.90625
6584.02001953125	276161.1875
6584.513671875	275182.65625
6585.00732421875	274719.15625
6585.5009765625	273353.59375
6585.99462890625	270956.1875
6586.48828125	271179.8125
6586.98193359375	270823.46875
6587.4755859375	270359.5625
6587.96923828125	271918.34375
6588.462890625	272014.875
6588.95654296875	274329.625
6589.4501953125	274319.96875
6589.94384765625	274676.8125
6590.4375	272382.75
6590.93115234375	273408.1875
6591.4248046875	273248.03125
6591.91845703125	271814.875
6592.412109375	270272.78125
6592.90576171875	270068.65625
6593.3994140625	269734.96875
6593.89306640625	268925.625
6594.38671875	270385.875
6594.88037109375	270419.78125
6595.3740234375	269977.84375
6595.86767578125	272652.21875
6596.361328125	271063.40625
6596.85498046875	271206.1875
6597.3486328125	271305.625
6597.84228515625	270950.0
6598.3359375	270052.125
6598.82958984375	268849.78125
6599.3232421875	269664.4375
6599.81689453125	272064.25
6600.310546875	272315.96875
6600.80419921875	270612.90625
6601.2978515625	271255.1875
6601.79150390625	270984.875
6602.28515625	271214.4375
6602.77880859375	270595.5625
6603.2724609375	269279.78125
6603.76611328125	266177.65625
6604.259765625	262986.0
6604.75341796875	261817.984375
6605.2470703125	258818.171875
6605.74072265625	261942.234375
6606.234375	263803.3125
6606.72802734375	265316.4375
6607.2216796875	266394.0
6607.71533203125	267428.3125
6608.208984375	268419.53125
6608.70263671875	267706.90625
6609.1962890625	272064.09375
6609.68994140625	269471.5
6610.18359375	270485.46875
6610.67724609375	271456.1875
6611.1708984375	272689.8125
6611.66455078125	271668.8125
6612.158203125	266616.84375
6612.65185546875	270237.25
6613.1455078125	269717.5
6613.63916015625	266916.71875
6614.1328125	270167.0625
6614.62646484375	265806.09375
6615.1201171875	270154.96875
6615.61376953125	269961.75
6616.107421875	269152.96875
6616.60107421875	270166.78125
6617.0947265625	269730.4375
6617.58837890625	269711.0
6618.08203125	268327.75
6618.57568359375	270022.96875
6619.0693359375	267295.53125
6619.56298828125	268858.71875
6620.056640625	271567.5
6620.55029296875	269805.9375
6621.0439453125	270554.75
6621.53759765625	269341.78125
6622.03125	271258.78125
6622.52490234375	268720.9375
6623.0185546875	268100.65625
6623.51220703125	268980.28125
6624.005859375	268469.09375
6624.49951171875	267581.75
6624.9931640625	266516.53125
6625.48681640625	267218.125
6625.98046875	266858.65625
6626.47412109375	263402.6875
6626.9677734375	259391.203125
6627.46142578125	253075.640625
6627.955078125	255033.375
6628.44873046875	259869.96875
6628.9423828125	266170.53125
6629.43603515625	266382.53125
6629.9296875	267170.21875
6630.42333984375	266805.25
6630.9169921875	266328.78125
6631.41064453125	267226.53125
6631.904296875	268279.625
6632.39794921875	265427.125
6632.8916015625	267877.65625
6633.38525390625	266932.0
6633.87890625	268028.5
6634.37255859375	266970.21875
6634.8662109375	268644.0625
6635.35986328125	266650.65625
6635.853515625	268279.90625
6636.34716796875	266239.78125
6636.8408203125	265933.3125
6637.33447265625	266493.90625
6637.828125	267811.0625
6638.32177734375	267057.90625
6638.8154296875	268308.03125
6639.30908203125	266729.34375
6639.802734375	265661.6875
6640.29638671875	265061.0
6640.7900390625	266465.875
6641.28369140625	265529.53125
6641.77734375	267826.34375
6642.27099609375	265438.65625
6642.7646484375	267132.9375
6643.25830078125	264742.90625
6643.751953125	264806.96875
6644.24560546875	266165.78125
6644.7392578125	264576.21875
6645.23291015625	265621.6875
6645.7265625	263069.28125
6646.22021484375	265119.65625
6646.7138671875	264800.59375
6647.20751953125	264860.96875
6647.701171875	263198.53125
6648.19482421875	265740.875
6648.6884765625	266269.78125
6649.18212890625	264873.53125
6649.67578125	263879.03125
6650.16943359375	265749.78125
6650.6630859375	267284.84375
6651.15673828125	266311.0
6651.650390625	264260.75
6652.14404296875	262881.375
6652.6376953125	264616.65625
6653.13134765625	266105.53125
6653.625	264185.84375
6654.11865234375	265988.125
6654.6123046875	266040.78125
6655.10595703125	263602.25
6655.599609375	265291.6875
6656.09326171875	266083.3125
6656.5869140625	264696.9375
6657.08056640625	266385.9375
6657.57421875	266076.09375
6658.06787109375	266035.1875
6658.5615234375	265274.75
6659.05517578125	263996.625
6659.548828125	267145.28125
6660.04248046875	265034.21875
6660.5361328125	266834.0625
6661.02978515625	266452.6875
6661.5234375	264946.0625
6662.01708984375	264000.8125
6662.5107421875	265169.53125
6663.00439453125	262310.25
6663.498046875	265526.0625
6663.99169921875	264960.75
6664.4853515625	264890.0625
6664.97900390625	263422.75
6665.47265625	264386.65625
6665.96630859375	264494.34375
6666.4599609375	264083.4375
6666.95361328125	262229.96875
6667.447265625	266572.125
6667.94091796875	265799.1875
6668.4345703125	263560.3125
6668.92822265625	262672.875
6669.421875	265144.09375
6669.91552734375	263263.40625
6670.4091796875	262464.21875
6670.90283203125	264280.65625
6671.396484375	263705.875
6671.89013671875	263762.15625
6672.3837890625	264900.9375
6672.87744140625	261729.28125
6673.37109375	261309.765625
6673.86474609375	262131.078125
6674.3583984375	261845.9375
6674.85205078125	260928.015625
6675.345703125	260596.46875
6675.83935546875	260038.484375
6676.3330078125	258328.015625
6676.82666015625	255848.71875
6677.3203125	249641.03125
6677.81396484375	245713.390625
6678.3076171875	244925.09375
6678.80126953125	249423.796875
6679.294921875	253696.953125
6679.78857421875	252794.75
6680.2822265625	252411.765625
6680.77587890625	255260.8125
6681.26953125	256617.796875
6681.76318359375	258901.53125
6682.2568359375	260303.296875
6682.75048828125	261207.328125
6683.244140625	261319.515625
6683.73779296875	261544.28125
6684.2314453125	261361.484375
6684.72509765625	262105.59375
6685.21875	263776.84375
6685.71240234375	262868.75
6686.2060546875	263204.4375
6686.69970703125	265101.0
6687.193359375	261815.3125
6687.68701171875	264571.0
6688.1806640625	264384.46875
6688.67431640625	261164.578125
6689.16796875	262516.03125
6689.66162109375	261286.640625
6690.1552734375	261799.734375
6690.64892578125	262674.65625
6691.142578125	260696.609375
6691.63623046875	260981.984375
6692.1298828125	260768.8125
6692.62353515625	261891.109375
6693.1171875	260590.15625
6693.61083984375	259786.828125
6694.1044921875	260568.25
6694.59814453125	261643.6875
6695.091796875	261450.5
6695.58544921875	258946.6875
6696.0791015625	259364.078125
6696.57275390625	260981.578125
6697.06640625	260741.359375
6697.56005859375	258507.3125
6698.0537109375	259851.890625
6698.54736328125	260335.3125
6699.041015625	260161.390625
6699.53466796875	261187.78125
6700.0283203125	258883.5
6700.52197265625	261223.1875
6701.015625	260957.109375
6701.50927734375	260645.359375
6702.0029296875	259608.171875
6702.49658203125	262037.234375
6702.990234375	259707.8125
6703.48388671875	259349.265625
6703.9775390625	260621.796875
6704.47119140625	259084.28125
6704.96484375	258747.34375
6705.45849609375	260630.71875
6705.9521484375	260202.5
6706.44580078125	260725.671875
6706.939453125	260160.84375
6707.43310546875	258417.359375
6707.9267578125	257783.921875
6708.42041015625	257354.125
6708.9140625	254612.65625
6709.40771484375	257739.953125
6709.9013671875	258827.53125
6710.39501953125	258623.1875
6710.888671875	261137.796875
6711.38232421875	259006.765625
6711.8759765625	260501.109375
6712.36962890625	259502.5625
6712.86328125	259931.34375
6713.35693359375	258252.515625
6713.8505859375	257887.703125
6714.34423828125	258814.21875
6714.837890625	256658.859375
6715.33154296875	259442.890625
6715.8251953125	258759.875
6716.31884765625	256581.203125
6716.8125	258616.703125
6717.30615234375	257683.796875
6717.7998046875	253918.515625
6718.29345703125	254344.65625
6718.787109375	250715.078125
6719.28076171875	251616.578125
6719.7744140625	253197.5
6720.26806640625	257836.5625
6720.76171875	256018.6875
6721.25537109375	257530.8125
6721.7490234375	259541.03125
6722.24267578125	257314.859375
6722.736328125	259347.21875
6723.22998046875	258208.015625
6723.7236328125	257068.6875
6724.21728515625	256676.671875
6724.7109375	258232.390625
6725.20458984375	257975.875
6725.6982421875	257492.6875
6726.19189453125	255514.59375
6726.685546875	258292.359375
6727.17919921875	257401.015625
6727.6728515625	258026.828125
6728.16650390625	255640.640625
6728.66015625	256696.375
6729.15380859375	258046.21875
6729.6474609375	256656.046875
6730.14111328125	254314.84375
6730.634765625	254939.65625
6731.12841796875	256786.84375
6731.6220703125	257433.859375
6732.11572265625	255137.65625
6732.609375	255059.984375
6733.10302734375	254235.171875
6733.5966796875	255538.078125
6734.09033203125	254464.046875
6734.583984375	256377.71875
6735.07763671875	256367.28125
6735.5712890625	254840.34375
6736.06494140625	256051.84375
6736.55859375	254977.4375
6737.05224609375	255441.828125
6737.5458984375	255068.828125
6738.03955078125	256800.125
6738.533203125	256517.40625
6739.02685546875	257094.390625
6739.5205078125	254119.1875
6740.01416015625	253587.5
6740.5078125	252377.09375
6741.00146484375	254333.75
6741.4951171875	254028.09375
6741.98876953125	252817.609375
6742.482421875	253914.25
6742.97607421875	255757.078125
6743.4697265625	255089.265625
6743.96337890625	253675.125
6744.45703125	254092.828125
6744.95068359375	255120.984375
6745.4443359375	253548.578125
6745.93798828125	255548.796875
6746.431640625	254586.875
6746.92529296875	254280.671875
6747.4189453125	255489.140625
6747.91259765625	255521.890625
6748.40625	256006.71875
6748.89990234375	254231.015625
6749.3935546875	252229.40625
6749.88720703125	256353.140625
6750.380859375	254667.953125
6750.87451171875	254451.890625
6751.3681640625	254145.421875
6751.86181640625	251963.359375
6752.35546875	254662.3125
6752.84912109375	253677.921875
6753.3427734375	253597.390625
6753.83642578125	254420.546875
6754.330078125	255311.390625
6754.82373046875	254056.0
6755.3173828125	254653.0625
6755.81103515625	255317.828125
6756.3046875	254062.578125
6756.79833984375	255201.578125
6757.2919921875	251710.53125
6757.78564453125	251652.578125
6758.279296875	253423.828125
6758.77294921875	253569.015625
6759.2666015625	253533.546875
6759.76025390625	252820.6875
6760.25390625	255562.359375
