6504.06549247	0.0414591669996
6504.06549246935	0.859600841999054
6504.10695163635	0.8564073443412781
6504.148410803349	0.8547874093055725
6504.189869970349	0.8550850749015808
6504.231329137348	0.8572229146957397
6504.272788304348	0.8608412146568298
6504.314247471348	0.8654869794845581
6504.355706638347	0.8706678152084351
6504.397165805347	0.8757916688919067
6504.438624972347	0.8801639080047607
6504.480084139346	0.8831362128257751
6504.521543306346	0.8843247294425964
6504.5630024733455	0.8837429285049438
6504.604461640345	0.8817878365516663
6504.645920807345	0.879142701625824
6504.687379974344	0.8766657114028931
6504.728839141344	0.8752471208572388
6504.770298308344	0.8755843043327332
6504.811757475343	0.8779188990592957
6504.853216642343	0.8819056749343872
6504.8946758093425	0.8867626190185547
6504.936134976342	0.8916552066802979
6504.977594143342	0.8960638046264648
6505.019053310341	0.8998861312866211
6505.060512477341	0.9032486081123352
6505.101971644341	0.9062343239784241
6505.14343081134	0.908757209777832
6505.18488997834	0.9106330275535583
6505.22634914534	0.911722719669342
6505.267808312339	0.9120171070098877
6505.309267479339	0.9116421341896057
6505.350726646338	0.9108332395553589
6505.392185813338	0.9098966717720032
6505.433644980338	0.9091365337371826
6505.475104147337	0.9087492823600769
6505.516563314337	0.9087479114532471
6505.558022481337	0.9089731574058533
6505.599481648336	0.9091731309890747
6505.640940815336	0.9090901613235474
6505.6823999823355	0.9085326194763184
6505.723859149335	0.9074543714523315
6505.765318316335	0.9060127139091492
6505.806777483334	0.9045210480690002
6505.848236650334	0.9032616019248962
6505.889695817334	0.9022898077964783
6505.931154984333	0.9014285206794739
6505.972614151333	0.9005003571510315
6506.0140733183325	0.8995807766914368
6506.055532485332	0.8989976644515991
6506.096991652332	0.8990403413772583
6506.138450819331	0.8996423482894897
6506.179909986331	0.9003397822380066
6506.221369153331	0.900556743144989
6506.26282832033	0.8999972939491272
6506.30428748733	0.8988480567932129
6506.34574665433	0.8976383209228516
6506.387205821329	0.896843671798706
6506.428664988329	0.8965036273002625
6506.470124155328	0.896143913269043
6506.511583322328	0.8951035737991333
6506.553042489328	0.8930643796920776
6506.594501656327	0.8903906345367432
6506.635960823327	0.8879879117012024
6506.677419990327	0.8867453336715698
6506.718879157326	0.8869702816009521
6506.760338324326	0.8882590532302856
6506.8017974913255	0.8899070620536804
6506.843256658325	0.8915210962295532
6506.884715825325	0.893320620059967
6506.926174992324	0.8958781361579895
6506.967634159324	0.8995247483253479
6507.009093326324	0.9039216041564941
6507.050552493323	0.9081442952156067
6507.092011660323	0.9112021327018738
6507.1334708273225	0.9125860333442688
6507.174929994322	0.912470281124115
6507.216389161322	0.9114995002746582
6507.257848328321	0.9103739857673645
6507.299307495321	0.9095008373260498
6507.340766662321	0.9088506102561951
6507.38222582932	0.9080162644386292
6507.42368499632	0.9064293503761292
6507.46514416332	0.9036670327186584
6507.506603330319	0.899721086025238
6507.548062497319	0.8950631618499756
6507.589521664318	0.8904467225074768
6507.630980831318	0.8865764141082764
6507.672439998318	0.8838624358177185
6507.713899165317	0.8823872208595276
6507.755358332317	0.882053792476654
6507.796817499317	0.8827869892120361
6507.838276666316	0.8846350312232971
6507.879735833316	0.8876704573631287
6507.9211950003155	0.8917531967163086
6507.962654167315	0.8963800668716431
6508.004113334315	0.9008060693740845
6508.045572501314	0.9043557047843933
6508.087031668314	0.9066445231437683
6508.128490835314	0.907538115978241
6508.169950002313	0.9069533348083496
6508.211409169313	0.9047308564186096
6508.2528683363125	0.9006834626197815
6508.294327503312	0.8947343826293945
6508.335786670312	0.8870238661766052
6508.377245837311	0.8779505491256714
6508.418705004311	0.8681880235671997
6508.460164171311	0.8586728572845459
6508.50162333831	0.8505006432533264
6508.54308250531	0.844691812992096
6508.58454167231	0.8418975472450256
6508.626000839309	0.8421959280967712
6508.667460006309	0.845100998878479
6508.7089191733085	0.8497951030731201
6508.750378340308	0.8554707765579224
6508.791837507308	0.8616055250167847
6508.833296674307	0.868024468421936
6508.874755841307	0.8747277855873108
6508.916215008307	0.8816092014312744
6508.957674175306	0.8882646560668945
6508.999133342306	0.8940200209617615
6509.0405925093055	0.8981587290763855
6509.082051676305	0.9002134203910828
6509.123510843305	0.9001822471618652
6509.164970010304	0.8985806107521057
6509.206429177304	0.896284818649292
6509.247888344304	0.894201934337616
6509.289347511303	0.8929188847541809
6509.330806678303	0.8925412893295288
6509.3722658453025	0.8928229808807373
6509.413725012302	0.893463134765625
6509.455184179302	0.8943395018577576
6509.496643346301	0.8955357074737549
6509.538102513301	0.8971966505050659
6509.579561680301	0.8993458151817322
6509.6210208473	0.901786744594574
6509.6624800143	0.9041287899017334
6509.7039391813	0.9059044122695923
6509.745398348299	0.9067152142524719
6509.786857515299	0.9063485860824585
6509.8283166822985	0.9048349261283875
6509.869775849298	0.9024415612220764
6509.911235016298	0.8996186256408691
6509.952694183297	0.8969292640686035
6509.994153350297	0.8949909210205078
6510.035612517297	0.8944171667098999
6510.077071684296	0.8957063555717468
6510.118530851296	0.8990455269813538
6510.1599900182955	0.9041017293930054
6510.201449185295	0.9099718332290649
6510.242908352295	0.9154244661331177
6510.284367519294	0.9193754196166992
6510.325826686294	0.921333909034729
6510.367285853294	0.921550989151001
6510.408745020293	0.9207965731620789
6510.450204187293	0.9199270009994507
6510.4916633542925	0.9194902777671814
6510.533122521292	0.9195390343666077
6510.574581688292	0.9196951985359192
6510.616040855291	0.9194063544273376
6510.657500022291	0.9182661771774292
6510.698959189291	0.9162338972091675
6510.74041835629	0.9136359095573425
6510.78187752329	0.9109742045402527
6510.82333669029	0.9087064266204834
6510.864795857289	0.9071612358093262
6510.906255024289	0.9065880179405212
6510.9477141912885	0.9071844220161438
6510.989173358288	0.908977746963501
6511.030632525288	0.9116342663764954
6511.072091692287	0.9144260883331299
6511.113550859287	0.9165006875991821
6511.155010026287	0.9173324108123779
6511.196469193286	0.9170341491699219
6511.237928360286	0.9162755012512207
6511.2793875272855	0.9158607721328735
6511.320846694285	0.9162881970405579
6511.362305861285	0.9175918698310852
6511.403765028284	0.9194937348365784
6511.445224195284	0.9216333627700806
6511.486683362284	0.9236472249031067
6511.528142529283	0.9250889420509338
6511.569601696283	0.9253672957420349
6511.611060863283	0.9238603115081787
6511.652520030282	0.9201933741569519
6511.693979197282	0.9145108461380005
6511.735438364281	0.90754234790802
6511.776897531281	0.9003642201423645
6511.818356698281	0.8939331769943237
6511.85981586528	0.8886522650718689
6511.90127503228	0.8842782378196716
6511.94273419928	0.8802805542945862
6511.984193366279	0.8763963580131531
6512.025652533279	0.8729290962219238
6512.0671117002785	0.870546817779541
6512.108570867278	0.8697666525840759
6512.150030034278	0.8705486059188843
6512.191489201277	0.8722972869873047
6512.232948368277	0.8742446303367615
6512.274407535277	0.8759214282035828
6512.315866702276	0.8773705959320068
6512.357325869276	0.8789605498313904
6512.3987850362755	0.8809959292411804
6512.440244203275	0.8835053443908691
6512.481703370275	0.8863794803619385
6512.523162537274	0.8896334767341614
6512.564621704274	0.8934453129768372
6512.606080871274	0.8979114294052124
6512.647540038273	0.9028159976005554
6512.688999205273	0.9077053666114807
6512.730458372273	0.9122167229652405
6512.771917539272	0.9163421988487244
6512.813376706272	0.9203962087631226
6512.854835873271	0.9247471690177917
6512.896295040271	0.9295322299003601
6512.937754207271	0.9344952702522278
6512.97921337427	0.9389843940734863
6513.02067254127	0.9421307444572449
6513.06213170827	0.9431924223899841
6513.103590875269	0.9419121146202087
6513.145050042269	0.9386590719223022
6513.1865092092685	0.9342735409736633
6513.227968376268	0.9297738075256348
6513.269427543268	0.92615807056427
6513.310886710267	0.9243292212486267
6513.352345877267	0.9249632954597473
6513.393805044267	0.9281977415084839
6513.435264211266	0.9333118200302124
6513.476723378266	0.9387546181678772
6513.5181825452655	0.942680835723877
6513.559641712265	0.9437398910522461
6513.601100879265	0.9416298270225525
6513.642560046264	0.9371011257171631
6513.684019213264	0.9315053224563599
6513.725478380264	0.926241934299469
6513.766937547263	0.9223830103874207
6513.808396714263	0.9205187559127808
6513.849855881263	0.9207333922386169
6513.891315048262	0.9226574897766113
6513.932774215262	0.9255973696708679
6513.974233382261	0.9287166595458984
6514.015692549261	0.9311814904212952
6514.057151716261	0.9322148561477661
6514.09861088326	0.9311327934265137
6514.14007005026	0.9274929165840149
6514.18152921726	0.9213423132896423
6514.222988384259	0.9133341312408447
6514.264447551259	0.9044679403305054
6514.3059067182585	0.8955206274986267
6514.347365885258	0.8865907192230225
6514.388825052258	0.8771573305130005
6514.430284219257	0.8665986657142639
6514.471743386257	0.8547071814537048
6514.513202553257	0.8418198823928833
6514.554661720256	0.8286083936691284
6514.596120887256	0.8158466219902039
6514.6375800542555	0.8043608665466309
6514.679039221255	0.7951017022132874
6514.720498388255	0.7891566157341003
6514.761957555254	0.7875987887382507
6514.803416722254	0.7911955118179321
6514.844875889254	0.8000907897949219
6514.886335056253	0.8136157989501953
6514.927794223253	0.8303527235984802
6514.969253390253	0.8484731316566467
6515.010712557252	0.8662116527557373
6515.052171724252	0.8822486996650696
6515.093630891251	0.8958424925804138
6515.135090058251	0.9067152738571167
6515.176549225251	0.9148387908935547
6515.21800839225	0.920281171798706
6515.25946755925	0.9232059717178345
6515.30092672625	0.9239774346351624
6515.342385893249	0.9232143759727478
6515.383845060249	0.9216534495353699
6515.4253042272485	0.9198603630065918
6515.466763394248	0.9179975390434265
6515.508222561248	0.9158222079277039
6515.549681728247	0.9128875136375427
6515.591140895247	0.9087845087051392
6515.632600062247	0.9033098220825195
6515.674059229246	0.896558940410614
6515.715518396246	0.8889675140380859
6515.7569775632455	0.8812769651412964
6515.798436730245	0.8743982315063477
6515.839895897245	0.8692188262939453
6515.881355064244	0.866428792476654
6515.922814231244	0.8663836121559143
6515.964273398244	0.8689673542976379
6516.005732565243	0.8734849691390991
6516.047191732243	0.8786987662315369
6516.088650899243	0.8830683827400208
6516.130110066242	0.8850775957107544
6516.171569233242	0.8834654092788696
6516.2130284002415	0.8773194551467896
6516.254487567241	0.8661450147628784
6516.295946734241	0.8500000238418579
6516.33740590124	0.8296524286270142
6516.37886506824	0.8066385388374329
6516.42032423524	0.7831471562385559
6516.461783402239	0.7617189288139343
6516.503242569239	0.7447835803031921
6516.5447017362385	0.734107494354248
6516.586160903238	0.7303166389465332
6516.627620070238	0.7327274680137634
6516.669079237237	0.7396318912506104
6516.710538404237	0.7489470839500427
6516.751997571237	0.7589117884635925
6516.793456738236	0.7684931755065918
6516.834915905236	0.7773692607879639
6516.8763750722355	0.7856242656707764
6516.917834239235	0.7934324741363525
6516.959293406235	0.8009328246116638
6517.000752573234	0.8082908391952515
6517.042211740234	0.815784752368927
6517.083670907234	0.823767900466919
6517.125130074233	0.8325099945068359
6517.166589241233	0.8420491218566895
6517.208048408233	0.8521668910980225
6517.249507575232	0.862470805644989
6517.290966742232	0.8724796772003174
6517.3324259092315	0.8816559910774231
6517.373885076231	0.8894421458244324
6517.415344243231	0.8953831791877747
6517.45680341023	0.8993144035339355
6517.49826257723	0.9014760255813599
6517.53972174423	0.902435839176178
6517.581180911229	0.9028506278991699
6517.622640078229	0.9032185673713684
6517.6640992452285	0.9037408232688904
6517.705558412228	0.9042941331863403
6517.747017579228	0.9044721722602844
6517.788476746227	0.9037182331085205
6517.829935913227	0.9015862345695496
6517.871395080227	0.8980413675308228
6517.912854247226	0.8935868740081787
6517.954313414226	0.8890795707702637
6517.9957725812255	0.8853398561477661
6518.037231748225	0.8828282356262207
6518.078690915225	0.8815965056419373
6518.120150082224	0.881510317325592
6518.161609249224	0.8825441002845764
6518.203068416224	0.8849010467529297
6518.244527583223	0.8888537287712097
6518.285986750223	0.894434928894043
6518.327445917223	0.9012308120727539
6518.368905084222	0.9084347486495972
6518.410364251222	0.9151186943054199
6518.4518234182215	0.9205658435821533
6518.493282585221	0.924513578414917
6518.534741752221	0.9271896481513977
6518.57620091922	0.9290904998779297
6518.61766008622	0.9306016564369202
6518.65911925322	0.9317188858985901
6518.700578420219	0.932092547416687
6518.742037587219	0.9313486218452454
6518.7834967542185	0.9293965697288513
6518.824955921218	0.9264650940895081
6518.866415088218	0.9228858351707458
6518.907874255217	0.918869137763977
6518.949333422217	0.9144571423530579
6518.990792589217	0.909608781337738
6519.032251756216	0.9042567014694214
6519.073710923216	0.8982819318771362
6519.1151700902155	0.8914934396743774
6519.156629257215	0.8836874961853027
6519.198088424215	0.8747361898422241
6519.239547591214	0.8646214008331299
6519.281006758214	0.8534535765647888
6519.322465925214	0.8416074514389038
6519.363925092213	0.8299710154533386
6519.405384259213	0.8200626969337463
6519.446843426213	0.8137380480766296
6519.488302593212	0.8125032782554626
6519.529761760212	0.8168227672576904
6519.5712209272115	0.8258906602859497
6519.612680094211	0.8380380868911743
6519.654139261211	0.8515162467956543
6519.69559842821	0.8651596903800964
6519.73705759521	0.8785536885261536
6519.77851676221	0.8916950821876526
6519.819975929209	0.9044777154922485
6519.861435096209	0.9164041876792908
6519.9028942632085	0.9266888499259949
6519.944353430208	0.9345942735671997
6519.985812597208	0.9396992325782776
6520.027271764207	0.941954493522644
6520.068730931207	0.9416245818138123
6520.110190098207	0.939261257648468
6520.151649265206	0.9356943368911743
6520.193108432206	0.931905210018158
6520.234567599206	0.9287501573562622
6520.276026766205	0.9266812801361084
6520.317485933205	0.9256496429443359
6520.358945100204	0.9252321124076843
6520.400404267204	0.924872875213623
6520.441863434204	0.9240965247154236
6520.483322601203	0.9226253032684326
6520.524781768203	0.9204114079475403
6520.566240935203	0.9176316857337952
6520.607700102202	0.9146591424942017
6520.649159269202	0.9119806289672852
6520.6906184362015	0.9100335240364075
6520.732077603201	0.9090098142623901
6520.773536770201	0.908752977848053
6520.8149959372	0.9088589549064636
6520.8564551042	0.9089610576629639
6520.8979142712	0.9090278744697571
6520.939373438199	0.9094600677490234
6520.980832605199	0.9108918309211731
6521.0222917721985	0.913811206817627
6521.063750939198	0.9182386994361877
6521.105210106198	0.9236504435539246
6521.146669273197	0.929154098033905
6521.188128440197	0.9337866306304932
6521.229587607197	0.9367990493774414
6521.271046774196	0.9378641247749329
6521.312505941196	0.937168538570404
6521.353965108196	0.9353377223014832
6521.395424275195	0.9331737160682678
6521.436883442195	0.9312918186187744
6521.478342609194	0.9298456907272339
6521.519801776194	0.9285159111022949
6521.561260943194	0.9267873167991638
6521.602720110193	0.9243484735488892
6521.644179277193	0.9213537573814392
6521.685638444193	0.9183789491653442
6521.727097611192	0.9161120653152466
6521.768556778192	0.9149917960166931
6521.8100159451915	0.9150071144104004
6521.851475112191	0.9157407879829407
6521.892934279191	0.9165932536125183
6521.93439344619	0.9170485734939575
6521.97585261319	0.9168509244918823
6522.01731178019	0.9160178303718567
6522.058770947189	0.9147171378135681
6522.100230114189	0.9131250381469727
6522.1416892811885	0.9113895893096924
6522.183148448188	0.9097198843955994
6522.224607615188	0.9084915518760681
6522.266066782187	0.908231794834137
6522.307525949187	0.9094626903533936
6522.348985116187	0.9125058650970459
6522.390444283186	0.9173582792282104
6522.431903450186	0.9236490726470947
6522.473362617186	0.9306250214576721
6522.514821784185	0.9371820688247681
6522.556280951185	0.9420546889305115
6522.597740118184	0.944229781627655
6522.639199285184	0.9434401988983154
6522.680658452184	0.9404042363166809
6522.722117619183	0.9365437626838684
6522.763576786183	0.9332599639892578
6522.805035953183	0.9312064051628113
6522.846495120182	0.9300549030303955
6522.887954287182	0.928901195526123
6522.9294134541815	0.9269826412200928
6522.970872621181	0.9241663217544556
6523.012331788181	0.9208987355232239
6523.05379095518	0.917758047580719
6523.09525012218	0.915027916431427
6523.13670928918	0.9125986695289612
6523.178168456179	0.9101770520210266
6523.219627623179	0.9075762629508972
6523.2610867901785	0.9048876762390137
6523.302545957178	0.9024689793586731
6523.344005124178	0.9007601141929626
6523.385464291177	0.8999781012535095
6523.426923458177	0.8998180031776428
6523.468382625177	0.8993637561798096
6523.509841792176	0.8973543047904968
6523.551300959176	0.8927279114723206
6523.592760126176	0.8851379156112671
6523.634219293175	0.875136137008667
6523.675678460175	0.8639616966247559
6523.717137627174	0.8531381487846375
6523.758596794174	0.8441214561462402
6523.800055961174	0.8380694389343262
6523.841515128173	0.8356680870056152
6523.882974295173	0.837020218372345
6523.924433462173	0.8417204022407532
6523.965892629172	0.8491546511650085
6524.007351796172	0.8588132858276367
6524.0488109631715	0.8703241944313049
6524.090270130171	0.8831726312637329
6524.131729297171	0.8964115977287292
6524.17318846417	0.908700168132782
6524.21464763117	0.9186995625495911
6524.25610679817	0.9255409836769104
6524.297565965169	0.9290618300437927
6524.339025132169	0.9297460913658142
6524.3804842991685	0.9285218715667725
6524.421943466168	0.9265655875205994
6524.463402633168	0.9251213669776917
6524.504861800167	0.925265371799469
6524.546320967167	0.9275971055030823
6524.587780134167	0.931966245174408
6524.629239301166	0.9374111890792847
6524.670698468166	0.9424233436584473
6524.712157635166	0.945479154586792
6524.753616802165	0.9456078410148621
6524.795075969165	0.9427341222763062
6524.8365351361645	0.9376657605171204
6524.877994303164	0.9317724108695984
6524.919453470164	0.9265156388282776
6524.960912637163	0.9230284690856934
6525.002371804163	0.9219025373458862
6525.043830971163	0.9232000708580017
6525.085290138162	0.9265608191490173
6525.126749305162	0.9312732219696045
6525.1682084721615	0.9363533854484558
6525.209667639161	0.9407706260681152
6525.251126806161	0.9438178539276123
6525.29258597316	0.9453977942466736
6525.33404514016	0.9459889531135559
6525.37550430716	0.9462935924530029
6525.416963474159	0.9468076229095459
6525.458422641159	0.9475801587104797
6525.4998818081585	0.9482749104499817
6525.541340975158	0.9484571814537048
6525.582800142158	0.9479156136512756
6525.624259309157	0.9468047022819519
6525.665718476157	0.9454994201660156
6525.707177643157	0.9442682266235352
6525.748636810156	0.9430392384529114
6525.790095977156	0.9414579272270203
6525.831555144156	0.9391605854034424
6525.873014311155	0.9360060095787048
6525.914473478155	0.9321227073669434
6525.9559326451545	0.9278342723846436
6525.997391812154	0.9235556125640869
6526.038850979154	0.9196774959564209
6526.080310146153	0.9164642691612244
6526.121769313153	0.9140403866767883
6526.163228480153	0.9124706983566284
6526.204687647152	0.9118238687515259
6526.246146814152	0.9121430516242981
6526.2876059811515	0.9134058356285095
6526.329065148151	0.9155781865119934
6526.370524315151	0.9187240600585938
6526.41198348215	0.923019289970398
6526.45344264915	0.9285909533500671
6526.49490181615	0.9352624416351318
6526.536360983149	0.9423730969429016
6526.577820150149	0.9487997889518738
6526.6192793171485	0.9532138705253601
6526.660738484148	0.9545117020606995
6526.702197651148	0.9522741436958313
6526.743656818147	0.947046160697937
6526.785115985147	0.9402427077293396
6526.826575152147	0.9336451888084412
6526.868034319146	0.9287087917327881
6526.909493486146	0.9260667562484741
6526.950952653146	0.9254968762397766
6526.992411820145	0.9262877106666565
6527.033870987145	0.9276858568191528
6527.0753301541445	0.9291595816612244
6527.116789321144	0.9304365515708923
6527.158248488144	0.9314046502113342
6527.199707655143	0.9319657683372498
6527.241166822143	0.9319407939910889
6527.282625989143	0.931144118309021
6527.324085156142	0.929630696773529
6527.365544323142	0.9279006123542786
6527.4070034901415	0.9267786145210266
6527.448462657141	0.9269421696662903
6527.489921824141	0.928443193435669
6527.53138099114	0.9306619763374329
6527.57284015814	0.9327834248542786
6527.61429932514	0.9344103932380676
6527.655758492139	0.9357941150665283
6527.697217659139	0.9375167489051819
6527.7386768261385	0.9399513602256775
6527.780135993138	0.9429669380187988
6527.821595160138	0.9460395574569702
6527.863054327137	0.9485445618629456
6527.904513494137	0.9499559998512268
6527.945972661137	0.9499059319496155
6527.987431828136	0.9482343196868896
6528.028890995136	0.945081353187561
6528.070350162136	0.9409249424934387
6528.111809329135	0.9364631175994873
6528.153268496135	0.9323722720146179
6528.1947276631345	0.9290850758552551
6528.236186830134	0.926723837852478
6528.277645997134	0.9252050518989563
6528.319105164133	0.9244104027748108
6528.360564331133	0.9242769479751587
6528.402023498133	0.9247512221336365
6528.443482665132	0.9256813526153564
6528.484941832132	0.9267734289169312
6528.5264009991315	0.9276684522628784
6528.567860166131	0.9280911684036255
6528.609319333131	0.9279789328575134
6528.65077850013	0.9275318384170532
6528.69223766713	0.9271630048751831
6528.73369683413	0.9273476600646973
6528.775156001129	0.9284047484397888
6528.816615168129	0.9303149580955505
6528.858074335129	0.9327026605606079
6528.899533502128	0.9350237250328064
6528.940992669128	0.9368388056755066
6528.982451836127	0.9379896521568298
6529.023911003127	0.9385901689529419
6529.065370170127	0.9388920664787292
6529.106829337126	0.9391425848007202
6529.148288504126	0.9394950270652771
6529.189747671126	0.9399677515029907
6529.231206838125	0.9404417872428894
6529.272666005125	0.940708339214325
6529.3141251721245	0.9405624270439148
6529.355584339124	0.9398995637893677
6529.397043506124	0.9387791752815247
6529.438502673123	0.9374538660049438
6529.479961840123	0.9363675117492676
6529.521421007123	0.9360710382461548
6529.562880174122	0.936999499797821
6529.604339341122	0.9391761422157288
6529.6457985081215	0.942049503326416
6529.687257675121	0.9446552395820618
6529.728716842121	0.9460718631744385
6529.77017600912	0.9458879828453064
6529.81163517612	0.9443734884262085
6529.85309434312	0.9422667622566223
6529.894553510119	0.9403631687164307
6529.936012677119	0.9391953945159912
6529.977471844119	0.938983678817749
6530.018931011118	0.9398037195205688
6530.060390178118	0.9417327642440796
6530.101849345117	0.9447466135025024
6530.143308512117	0.9484100341796875
6530.184767679117	0.9516905546188354
6530.226226846116	0.9532017707824707
6530.267686013116	0.9517948627471924
6530.309145180116	0.9470885992050171
6530.350604347115	0.9396026730537415
6530.392063514115	0.9305210709571838
6530.4335226811145	0.9213382601737976
6530.474981848114	0.913552463054657
6530.516441015114	0.9083918929100037
6530.557900182113	0.9065586924552917
6530.599359349113	0.9081030488014221
6530.640818516113	0.9125344157218933
6530.682277683112	0.9190868735313416
6530.723736850112	0.9269202351570129
6530.7651960171115	0.9351609349250793
6530.806655184111	0.942889392375946
6530.848114351111	0.949216365814209
6530.88957351811	0.9534322023391724
6530.93103268511	0.9551194906234741
6530.97249185211	0.9541831016540527
6531.013951019109	0.9508609771728516
6531.055410186109	0.9457639455795288
6531.096869353109	0.9398751258850098
6531.138328520108	0.934384822845459
6531.179787687108	0.9303432703018188
6531.221246854107	0.928288459777832
6531.262706021107	0.9280770421028137
6531.304165188107	0.9290454983711243
6531.345624355106	0.9304208159446716
6531.387083522106	0.9317284226417542
6531.428542689106	0.9329268336296082
6531.470001856105	0.9341912269592285
6531.511461023105	0.9355468153953552
6531.5529201901045	0.9366851449012756
6531.594379357104	0.9371389746665955
6531.635838524104	0.9366514086723328
6531.677297691103	0.9353815913200378
6531.718756858103	0.933729350566864
6531.760216025103	0.9319191575050354
6531.801675192102	0.929717481136322
6531.843134359102	0.9265371561050415
6531.8845935261015	0.9218480587005615
6531.926052693101	0.9155656695365906
6531.967511860101	0.9081321954727173
6532.0089710271	0.9002572298049927
6532.0504301941	0.8925139904022217
6532.0918893611	0.8850598335266113
6532.133348528099	0.877663791179657
6532.174807695099	0.8700482845306396
6532.216266862099	0.8623432517051697
6532.257726029098	0.8553258776664734
6532.299185196098	0.8502169847488403
6532.340644363097	0.8481293320655823
6532.382103530097	0.8495537042617798
6532.423562697097	0.8542345762252808
6532.465021864096	0.8614516854286194
6532.506481031096	0.8704068660736084
6532.547940198096	0.8804042339324951
6532.589399365095	0.8907828330993652
6532.630858532095	0.9008187651634216
6532.6723176990945	0.9098171591758728
6532.713776866094	0.9173790812492371
6532.755236033094	0.9236127138137817
6532.796695200093	0.9290763139724731
6532.838154367093	0.9344627261161804
6532.879613534093	0.9402304291725159
6532.921072701092	0.9463841319084167
6532.962531868092	0.9524639248847961
6533.0039910350915	0.9576932191848755
6533.045450202091	0.9612146615982056
6533.086909369091	0.96236252784729
6533.12836853609	0.9609054923057556
6533.16982770309	0.9571769833564758
6533.21128687009	0.9520195722579956
6533.252746037089	0.9465290904045105
6533.294205204089	0.9416741132736206
6533.335664371089	0.9379561543464661
6533.377123538088	0.9353005290031433
6533.418582705088	0.9332534074783325
6533.4600418720875	0.9313471913337708
6533.501501039087	0.9293643832206726
6533.542960206087	0.9273163676261902
6533.584419373086	0.9252212047576904
6533.625878540086	0.922946572303772
6533.667337707086	0.9202824234962463
6533.708796874085	0.917147696018219
6533.750256041085	0.9136922955513
6533.7917152080845	0.9101793766021729
6533.833174375084	0.9067682027816772
6533.874633542084	0.9034227728843689
6533.916092709083	0.9000450372695923
6533.957551876083	0.8967183232307434
6533.999011043083	0.8938316702842712
6534.040470210082	0.8919636011123657
6534.081929377082	0.8916170001029968
6534.1233885440815	0.8930111527442932
6534.164847711081	0.8960543274879456
6534.206306878081	0.9004386067390442
6534.24776604508	0.9057289361953735
6534.28922521208	0.9113972783088684
6534.33068437908	0.9168534874916077
6534.372143546079	0.9215220212936401
6534.413602713079	0.9249347448348999
6534.455061880079	0.926781952381134
6534.496521047078	0.9269347786903381
6534.537980214078	0.9254999756813049
6534.5794393810775	0.9229042530059814
6534.620898548077	0.9198994040489197
6534.662357715077	0.9173901081085205
6534.703816882076	0.9161312580108643
6534.745276049076	0.9164661765098572
6534.786735216076	0.9182410836219788
6534.828194383075	0.9208967685699463
6534.869653550075	0.9236523509025574
6534.9111127170745	0.9257193207740784
6534.952571884074	0.926519513130188
6534.994031051074	0.9258574843406677
6535.035490218073	0.9239786863327026
6535.076949385073	0.9215083718299866
6535.118408552073	0.9193376302719116
6535.159867719072	0.9184784293174744
6535.201326886072	0.9198222160339355
6535.2427860530715	0.9237791895866394
6535.284245220071	0.9299589395523071
6535.325704387071	0.9371552467346191
6535.36716355407	0.9437565803527832
6535.40862272107	0.9484069347381592
6535.45008188807	0.9505537152290344
6535.491541055069	0.9505727291107178
6535.533000222069	0.9494181871414185
6535.574459389069	0.9480317831039429
6535.615918556068	0.9468892216682434
6535.657377723068	0.945966362953186
6535.6988368900675	0.9450879096984863
6535.740296057067	0.9443013668060303
6535.781755224067	0.9438953399658203
6535.823214391066	0.9440473914146423
6535.864673558066	0.9444931745529175
6535.906132725066	0.944616436958313
6535.947591892065	0.9439272284507751
6535.989051059065	0.9424819946289062
6536.0305102260645	0.9408469796180725
6536.071969393064	0.9396522641181946
6536.113428560064	0.9391579627990723
6536.154887727063	0.9391828179359436
6536.196346894063	0.9393604397773743
6536.237806061063	0.939408540725708
6536.279265228062	0.9391686320304871
6536.320724395062	0.9384621381759644
6536.362183562062	0.9369897842407227
6536.403642729061	0.9344303607940674
6536.445101896061	0.9306804537773132
6536.48656106306	0.9260250329971313
6536.52802023006	0.9210726022720337
6536.56947939706	0.9164789915084839
6536.610938564059	0.9126545786857605
6536.652397731059	0.9096639752388
6536.693856898059	0.9073736667633057
6536.735316065058	0.905714750289917
6536.776775232058	0.904859721660614
6536.8182343990575	0.9051969647407532
6536.859693566057	0.907139003276825
6536.901152733057	0.91090327501297
6536.942611900056	0.916398286819458
6536.984071067056	0.923258364200592
6537.025530234056	0.9309628009796143
6537.066989401055	0.9389182925224304
6537.108448568055	0.946452796459198
6537.1499077350545	0.9528171420097351
6537.191366902054	0.9573386907577515
6537.232826069054	0.9597092270851135
6537.274285236053	0.9601839184761047
6537.315744403053	0.959474503993988
6537.357203570053	0.9583781957626343
6537.398662737052	0.9574047327041626
6537.440121904052	0.9566407799720764
6537.481581071052	0.9558939933776855
6537.523040238051	0.9549741744995117
6537.564499405051	0.9539029002189636
6537.60595857205	0.9529134631156921
6537.64741773905	0.9522569179534912
6537.68887690605	0.951984703540802
6537.730336073049	0.9518935084342957
6537.771795240049	0.9516827464103699
6537.813254407049	0.9512149691581726
6537.854713574048	0.9507049918174744
6537.896172741048	0.9507169127464294
6537.9376319080475	0.9519386291503906
6537.979091075047	0.9548113942146301
6538.020550242047	0.9591829180717468
6538.062009409046	0.9641929864883423
6538.103468576046	0.9685043692588806
6538.144927743046	0.9707921147346497
6538.186386910045	0.9702500700950623
6538.227846077045	0.9668926000595093
6538.2693052440445	0.9615814089775085
6538.310764411044	0.9558092951774597
6538.352223578044	0.9512820839881897
6538.393682745043	0.9493610858917236
6538.435141912043	0.9505393505096436
6538.476601079043	0.9542152285575867
6538.518060246042	0.9589288830757141
6538.559519413042	0.962971568107605
6538.600978580042	0.9650654792785645
6538.642437747041	0.9648032784461975
6538.683896914041	0.9626991748809814
6538.72535608104	0.959862232208252
6538.76681524804	0.9574212431907654
6538.80827441504	0.9559410214424133
6538.849733582039	0.9551481604576111
6538.891192749039	0.9541795253753662
6538.932651916039	0.9522342681884766
6538.974111083038	0.9491845965385437
6539.015570250038	0.945690393447876
6539.0570294170375	0.9427453279495239
6539.098488584037	0.9410390257835388
6539.139947751037	0.940650463104248
6539.181406918036	0.9412688612937927
6539.222866085036	0.9426766633987427
6539.264325252036	0.9450250864028931
6539.305784419035	0.9486457705497742
6539.347243586035	0.9535742998123169
6539.3887027530345	0.9592209458351135
6539.430161920034	0.9645081758499146
6539.471621087034	0.9684001803398132
6539.513080254033	0.9704316258430481
6539.554539421033	0.9708696007728577
6539.595998588033	0.9704479575157166
6539.637457755032	0.9698933362960815
6539.678916922032	0.9695292711257935
6539.720376089032	0.9691388607025146
6539.761835256031	0.9681276082992554
6539.803294423031	0.9658957719802856
6539.84475359003	0.9622179865837097
6539.88621275703	0.9573974013328552
6539.92767192403	0.9520875215530396
6539.969131091029	0.9469060897827148
6540.010590258029	0.9421307444572449
6540.052049425029	0.9377154111862183
6540.093508592028	0.9336152076721191
6540.134967759028	0.9301400184631348
6540.1764269260275	0.9279943108558655
6540.217886093027	0.9278950095176697
6540.259345260027	0.9300193190574646
6540.300804427026	0.933728814125061
6540.342263594026	0.9378225803375244
6540.383722761026	0.9411408305168152
6540.425181928025	0.9430544972419739
6540.466641095025	0.943535327911377
6540.5081002620245	0.9429126381874084
6540.549559429024	0.9416460990905762
6540.591018596024	0.9402750134468079
6540.632477763023	0.9394168257713318
6540.673936930023	0.9396223425865173
6540.715396097023	0.941093921661377
6540.756855264022	0.9434815645217896
6540.798314431022	0.9459761381149292
6540.839773598022	0.9477099180221558
6540.881232765021	0.9482247233390808
6540.922691932021	0.9476856589317322
6540.9641510990205	0.9467041492462158
6541.00561026602	0.9459380507469177
6541.04706943302	0.9457918405532837
6541.088528600019	0.9463998675346375
6541.129987767019	0.947801411151886
6541.171446934019	0.9500634074211121
6541.212906101018	0.9531989097595215
6541.254365268018	0.956949770450592
6541.2958244350175	0.9606539607048035
6541.337283602017	0.9633793234825134
6541.378742769017	0.964313805103302
6541.420201936016	0.9631871581077576
6541.461661103016	0.9604271054267883
6541.503120270016	0.9569169282913208
6541.544579437015	0.9535180926322937
6541.586038604015	0.9507004618644714
6541.6274977710145	0.9484927654266357
6541.668956938014	0.9466771483421326
6541.710416105014	0.9450106024742126
6541.751875272013	0.9433507323265076
6541.793334439013	0.9416898488998413
6541.834793606013	0.9401076436042786
6541.876252773012	0.9386494159698486
6541.917711940012	0.9371901154518127
6541.959171107012	0.935389518737793
6542.000630274011	0.9327771067619324
6542.042089441011	0.9289267063140869
6542.0835486080105	0.9236701130867004
6542.12500777501	0.9172899127006531
6542.16646694201	0.910574197769165
6542.207926109009	0.9046129584312439
6542.249385276009	0.9003797769546509
6542.290844443009	0.8983403444290161
6542.332303610008	0.8983531594276428
6542.373762777008	0.8999105095863342
6542.4152219440075	0.9025115370750427
6542.456681111007	0.9058930277824402
6542.498140278007	0.9100077748298645
6542.539599445006	0.9148432016372681
6542.581058612006	0.9202539920806885
6542.622517779006	0.9259043335914612
6542.663976946005	0.9313123822212219
6542.705436113005	0.935951292514801
6542.7468952800045	0.9393740296363831
6542.788354447004	0.941324770450592
6542.829813614004	0.9417881369590759
6542.871272781003	0.9409517645835876
6542.912731948003	0.9391206502914429
6542.954191115003	0.9366422891616821
6542.995650282002	0.933860182762146
6543.037109449002	0.9310809373855591
6543.078568616002	0.9285556674003601
6543.120027783001	0.9264956712722778
6543.161486950001	0.9251149296760559
6543.2029461170005	0.9246422052383423
6543.244405284	0.925248920917511
6543.285864451	0.9268960356712341
6543.327323617999	0.9291673302650452
6543.368782784999	0.9311904311180115
6543.410241951999	0.9317272901535034
6543.451701118998	0.9294468760490417
6543.493160285998	0.9233009219169617
6543.5346194529975	0.9128589630126953
6543.576078619997	0.8984729647636414
6543.617537786997	0.8812118768692017
6543.658996953996	0.8625999689102173
6543.700456120996	0.8442806005477905
6543.741915287996	0.8277438282966614
6543.783374454995	0.8141970038414001
6543.824833621995	0.8045401573181152
6543.8662927889945	0.7993430495262146
6543.907751955994	0.7987738847732544
6543.949211122994	0.8025407195091248
6543.990670289993	0.8099430203437805
6544.032129456993	0.820042073726654
6544.073588623993	0.8318430185317993
6544.115047790992	0.8443982601165771
6544.156506957992	0.8568606376647949
6544.197966124992	0.8685690760612488
6544.239425291991	0.879156768321991
6544.280884458991	0.8885619044303894
6544.3223436259905	0.8968721628189087
6544.36380279299	0.9041149020195007
6544.40526195999	0.9101859927177429
6544.446721126989	0.9149644374847412
6544.488180293989	0.9184545278549194
6544.529639460989	0.9207946062088013
6544.571098627988	0.9221646785736084
6544.612557794988	0.9227449297904968
6544.6540169619875	0.9227708578109741
6544.695476128987	0.9225636720657349
6544.736935295987	0.9224265217781067
6544.778394462986	0.9224697351455688
6544.819853629986	0.9225473403930664
6544.861312796986	0.9224072694778442
6544.902771963985	0.9219622611999512
6544.944231130985	0.9214621186256409
6544.985690297985	0.9214110970497131
6545.027149464984	0.922279417514801
6545.068608631984	0.9242162108421326
6545.110067798983	0.9269519448280334
6545.151526965983	0.9299154877662659
6545.192986132983	0.9324473738670349
6545.234445299982	0.9340006709098816
6545.275904466982	0.9343052506446838
6545.317363633982	0.9334923624992371
6545.358822800981	0.9320998191833496
6545.400281967981	0.9308523535728455
6545.4417411349805	0.9302513003349304
6545.48320030198	0.9302100539207458
6545.52465946898	0.9300113916397095
6545.566118635979	0.9286641478538513
6545.607577802979	0.9254683256149292
6545.649036969979	0.9204700589179993
6545.690496136978	0.9145478010177612
6545.731955303978	0.9090715050697327
6545.7734144709775	0.9053108096122742
6545.814873637977	0.9039166569709778
6545.856332804977	0.9047462940216064
6545.897791971976	0.9070686101913452
6545.939251138976	0.909970760345459
6545.980710305976	0.9127312898635864
6546.022169472975	0.9150120615959167
6546.063628639975	0.9168367981910706
6546.105087806975	0.9184127449989319
6546.146546973974	0.9199116826057434
6546.188006140974	0.9213537573814392
6546.229465307973	0.9226741194725037
6546.270924474973	0.9239073991775513
6546.312383641973	0.9253153204917908
6546.353842808972	0.9273074865341187
6546.395301975972	0.9301746487617493
6546.436761142972	0.9338211417198181
6546.478220309971	0.9377032518386841
6546.519679476971	0.9410477876663208
6546.5611386439705	0.9432255625724792
6546.60259781097	0.9440312385559082
6546.64405697797	0.9436846971511841
6546.685516144969	0.9425886869430542
6546.726975311969	0.9410679340362549
6546.768434478969	0.9393056035041809
6546.809893645968	0.9374752640724182
6546.851352812968	0.9358801245689392
6546.8928119799675	0.934928297996521
6546.934271146967	0.9349552989006042
6546.975730313967	0.9360517859458923
6547.017189480966	0.9380154013633728
6547.058648647966	0.9404119253158569
6547.100107814966	0.9426570534706116
6547.141566981965	0.944083571434021
6547.183026148965	0.944040834903717
6547.224485315965	0.9420676231384277
6547.265944482964	0.9380839467048645
6547.307403649964	0.9324584007263184
6547.348862816963	0.9258478283882141
6547.390321983963	0.9188678860664368
6547.431781150963	0.9118239879608154
6547.473240317962	0.9047120809555054
6547.514699484962	0.8974789977073669
6547.556158651962	0.8903093338012695
6547.597617818961	0.8837010860443115
6547.639076985961	0.8782967925071716
6547.6805361529605	0.8746049404144287
6547.72199531996	0.8727822303771973
6547.76345448696	0.872602105140686
6547.804913653959	0.8736630082130432
6547.846372820959	0.8757426738739014
6547.887831987959	0.8790217041969299
6547.929291154958	0.8839080929756165
6547.970750321958	0.8904967904090881
6548.0122094889575	0.8980728387832642
6548.053668655957	0.9051156044006348
6548.095127822957	0.9098708033561707
6548.136586989956	0.911090075969696
6548.178046156956	0.908436119556427
6548.219505323956	0.9023823738098145
6548.260964490955	0.8938186168670654
6548.302423657955	0.8836749196052551
6548.343882824955	0.8727187514305115
6548.385341991954	0.8615154027938843
6548.426801158954	0.8504936695098877
6548.468260325953	0.8400712609291077
6548.509719492953	0.8307778239250183
6548.551178659953	0.8233000040054321
6548.592637826952	0.8184194564819336
6548.634096993952	0.8168734908103943
6548.675556160952	0.8191642761230469
6548.717015327951	0.8253220915794373
6548.758474494951	0.8347058892250061
6548.7999336619505	0.8460219502449036
6548.84139282895	0.8576759099960327
6548.88285199595	0.8683180212974548
6548.924311162949	0.8772427439689636
6548.965770329949	0.8843975067138672
6549.007229496949	0.8900790810585022
6549.048688663948	0.8946356773376465
6549.090147830948	0.8984118700027466
6549.1316069979475	0.9018607139587402
6549.173066164947	0.9055436253547668
6549.214525331947	0.9098573327064514
6549.255984498946	0.9146707057952881
6549.297443665946	0.9192429184913635
6549.338902832946	0.922600269317627
6549.380361999945	0.9241412281990051
6549.421821166945	0.9240196943283081
6549.463280333945	0.9230331182479858
6549.504739500944	0.9221389293670654
6549.546198667944	0.9219578504562378
6549.5876578349435	0.9225548505783081
6549.629117001943	0.9235330820083618
6549.670576168943	0.9243013858795166
6549.712035335942	0.9243544936180115
6549.753494502942	0.9234738945960999
6549.794953669942	0.9218116998672485
6549.836412836941	0.9198418855667114
6549.877872003941	0.9181737899780273
6549.9193311709405	0.9172514081001282
6549.96079033794	0.9170504212379456
6550.00224950494	0.9169886112213135
6550.043708671939	0.9162194728851318
6550.085167838939	0.9142071604728699
6550.126627005939	0.9111804366111755
6550.168086172938	0.9080672264099121
6550.209545339938	0.9059003591537476
6550.2510045069375	0.9051316976547241
6550.292463673937	0.9053833484649658
6550.333922840937	0.90580153465271
6550.375382007936	0.9056962728500366
6550.416841174936	0.9049691557884216
6550.458300341936	0.9040660262107849
6550.499759508935	0.9035945534706116
6550.541218675935	0.9039538502693176
6550.582677842935	0.9052114486694336
6550.624137009934	0.9071847796440125
6550.665596176934	0.9095300436019897
6550.7070553439335	0.9117430448532104
6550.748514510933	0.9131817817687988
6550.789973677933	0.9132764339447021
6550.831432844932	0.9118903875350952
6550.872892011932	0.9095586538314819
6550.914351178932	0.907333254814148
6550.955810345931	0.9062564969062805
6550.997269512931	0.9067952632904053
6551.0387286799305	0.9086195826530457
6551.08018784693	0.9108545780181885
6551.12164701393	0.9126051664352417
6551.163106180929	0.9133955240249634
6551.204565347929	0.9132680296897888
6551.246024514929	0.912548303604126
6551.287483681928	0.9115068316459656
6551.328942848928	0.9101977944374084
6551.3704020159275	0.9085850715637207
6551.411861182927	0.9068078398704529
6551.453320349927	0.9053062200546265
6551.494779516926	0.904647707939148
6551.536238683926	0.9051585793495178
6551.577697850926	0.9066298007965088
6551.619157017925	0.9083075523376465
6551.660616184925	0.9091783761978149
6551.702075351925	0.9083979725837708
6551.743534518924	0.9056706428527832
6551.784993685924	0.9014251828193665
6551.8264528529235	0.8966971635818481
6551.867912019923	0.8927412033081055
6551.909371186923	0.8905356526374817
6551.950830353922	0.8904271721839905
6551.992289520922	0.8920794129371643
6552.033748687922	0.8946883678436279
6552.075207854921	0.8972875475883484
6552.116667021921	0.8989893198013306
6552.1581261889205	0.899132490158081
6552.19958535592	0.8973530530929565
6552.24104452292	0.8935464024543762
6552.282503689919	0.8876788020133972
6552.323962856919	0.8795443177223206
6552.365422023919	0.8687140941619873
6552.406881190918	0.8548659682273865
6552.448340357918	0.838370144367218
6552.4897995249175	0.8207140564918518
6552.531258691917	0.8043627142906189
6552.572717858917	0.7920171618461609
6552.614177025916	0.785658597946167
6552.655636192916	0.78590989112854
6552.697095359916	0.7920077443122864
6552.738554526915	0.8022831082344055
6552.780013693915	0.8148095607757568
6552.821472860915	0.827911376953125
6552.862932027914	0.8404071927070618
6552.904391194914	0.8516197204589844
6552.9458503619135	0.8612470626831055
6552.987309528913	0.8692129850387573
6553.028768695913	0.8755889534950256
6553.070227862912	0.8805921077728271
6553.111687029912	0.8845743536949158
6553.153146196912	0.8879157900810242
6553.194605363911	0.8908542990684509
6553.236064530911	0.8933898210525513
6553.2775236979105	0.8953529596328735
6553.31898286491	0.8965618014335632
6553.36044203191	0.8968915939331055
6553.401901198909	0.8961969017982483
6553.443360365909	0.8942282199859619
6553.484819532909	0.890733003616333
6553.526278699908	0.8857303857803345
6553.567737866908	0.8797168135643005
6553.609197033908	0.8735805749893188
6553.650656200907	0.8682696223258972
6553.692115367907	0.8644688129425049
6553.733574534906	0.862481415271759
6553.775033701906	0.8622909188270569
6553.816492868906	0.8636749982833862
6553.857952035905	0.8663066625595093
6553.899411202905	0.8698596954345703
6553.940870369905	0.874107837677002
6553.982329536904	0.8789582252502441
6554.023788703904	0.8843775391578674
6554.0652478709035	0.8902541995048523
6554.106707037903	0.896294891834259
6554.148166204903	0.9020301103591919
6554.189625371902	0.9069294333457947
6554.231084538902	0.9105731248855591
6554.272543705902	0.9128027558326721
6554.314002872901	0.9137702584266663
6554.355462039901	0.9138450622558594
6554.3969212069005	0.9134250283241272
6554.4383803739	0.912786602973938
6554.4798395409	0.9120878577232361
6554.521298707899	0.9114886522293091
6554.562757874899	0.9112177491188049
6554.604217041899	0.9114754796028137
6554.645676208898	0.912272036075592
6554.687135375898	0.9134109020233154
6554.728594542898	0.9146744012832642
6554.770053709897	0.9160223603248596
6554.811512876897	0.9175772666931152
6554.852972043896	0.919404923915863
6554.894431210896	0.9213297963142395
6554.935890377896	0.9229872226715088
6554.977349544895	0.924048900604248
6555.018808711895	0.9243831038475037
6555.060267878895	0.9240270256996155
6555.101727045894	0.9230903387069702
6555.143186212894	0.92176753282547
6555.1846453798935	0.9204444289207458
6555.226104546893	0.9196968078613281
6555.267563713893	0.9200491309165955
6555.309022880892	0.921636700630188
6555.350482047892	0.9240713715553284
6555.391941214892	0.9266588687896729
6555.433400381891	0.9288238286972046
6555.474859548891	0.9304335117340088
6555.5163187158905	0.9318081140518188
6555.55777788289	0.9334384799003601
6555.59923704989	0.9356334805488586
6555.640696216889	0.9383460283279419
6555.682155383889	0.9412696957588196
6555.723614550889	0.9440861344337463
6555.765073717888	0.9466583132743835
6555.806532884888	0.949066162109375
6555.847992051888	0.951539158821106
6555.889451218887	0.9543822407722473
6555.930910385887	0.9579094052314758
6555.972369552886	0.9623313546180725
6556.013828719886	0.9676133990287781
6556.055287886886	0.9734237194061279
6556.096747053885	0.9792597889900208
6556.138206220885	0.9846780300140381
6556.179665387885	0.9894336462020874
6556.221124554884	0.9934294819831848
6556.262583721884	0.9965726733207703
6556.3040428888835	0.9987305998802185
6556.345502055883	0.9998722076416016
6556.386961222883	1.0002930164337158
6556.428420389882	1.0007435083389282
6556.469879556882	1.0023270845413208
6556.511338723882	1.0061591863632202
6556.552797890881	1.012908697128296
6556.594257057881	1.022441029548645
6556.6357162248805	1.0337899923324585
6556.67717539188	1.045509696006775
6556.71863455888	1.0562121868133545
6556.760093725879	1.0649837255477905
6556.801552892879	1.071501612663269
6556.843012059879	1.0758973360061646
6556.884471226878	1.0785472393035889
6556.925930393878	1.0799336433410645
6556.967389560878	1.0806193351745605
6557.008848727877	1.0812989473342896
6557.050307894877	1.0828609466552734
6557.091767061876	1.086393117904663
6557.133226228876	1.0930683612823486
6557.174685395876	1.1038891077041626
6557.216144562875	1.1193578243255615
6557.257603729875	1.1392124891281128
6557.299062896875	1.1623791456222534
6557.340522063874	1.1872080564498901
6557.381981230874	1.2119367122650146
6557.4234403978735	1.2352252006530762
6557.464899564873	1.2565549612045288
6557.506358731873	1.2762988805770874
6557.547817898872	1.2953760623931885
6557.589277065872	1.3146240711212158
6557.630736232872	1.334229588508606
6557.672195399871	1.3535804748535156
6557.713654566871	1.371636152267456
6557.7551137338705	1.3875526189804077
6557.79657290087	1.4011465311050415
6557.83803206787	1.4129722118377686
6557.879491234869	1.4241002798080444
6557.920950401869	1.435811161994934
6557.962409568869	1.4493376016616821
6558.003868735868	1.465667963027954
6558.045327902868	1.4854143857955933
6558.086787069868	1.5087720155715942
6558.128246236867	1.5355795621871948
6558.169705403867	1.5654411315917969
6558.2111645708665	1.5978511571884155
6558.252623737866	1.6322797536849976
6558.294082904866	1.6682182550430298
6558.335542071865	1.7052130699157715
6558.377001238865	1.7429125308990479
6558.418460405865	1.7811317443847656
6558.459919572864	1.8199015855789185
6558.501378739864	1.8594515323638916
6558.5428379068635	1.9001015424728394
6558.584297073863	1.942091464996338
6558.625756240863	1.9854363203048706
6558.667215407862	2.029927968978882
6558.708674574862	2.0753159523010254
6558.750133741862	2.1215546131134033
6558.791592908861	2.168912649154663
6558.833052075861	2.2178337574005127
6558.8745112428605	2.2686362266540527
6558.91597040986	2.3212687969207764
6558.95742957686	2.375307559967041
6558.998888743859	2.4301955699920654
6559.040347910859	2.485531806945801
6559.081807077859	2.5411579608917236
6559.123266244858	2.5969464778900146
6559.164725411858	2.6525039672851562
6559.206184578858	2.7071073055267334
6559.247643745857	2.760000467300415
6559.289102912857	2.810847520828247
6559.3305620798565	2.860010862350464
6559.372021246856	2.9084718227386475
6559.413480413856	2.9574198722839355
6559.454939580855	3.0077080726623535
6559.496398747855	3.0594170093536377
6559.537857914855	3.11175274848938
6559.579317081854	3.163327932357788
6559.620776248854	3.212651491165161
6559.6622354158535	3.258535385131836
6559.703694582853	3.300265073776245
6559.745153749853	3.3376071453094482
6559.786612916852	3.3708291053771973
6559.828072083852	3.400763988494873
6559.869531250852	3.428769588470459
6559.910990417851	3.456451416015625
6559.952449584851	3.4851973056793213
6559.9939087518505	3.515756845474243
6560.03536791885	3.548062324523926
6560.07682708585	3.5813608169555664
6560.118286252849	3.6145355701446533
6560.159745419849	3.646432876586914
6560.201204586849	3.676118850708008
6560.242663753848	3.703132390975952
6560.284122920848	3.7278006076812744
6560.325582087848	3.751497507095337
6560.367041254847	3.776543617248535
6560.408500421847	3.805586099624634
6560.4499595888465	3.8406319618225098
6560.491418755846	3.8822250366210938
6560.532877922846	3.929206609725952
6560.574337089845	3.9791836738586426
6560.615796256845	4.029440402984619
6560.657255423845	4.077775478363037
6560.698714590844	4.122756004333496
6560.740173757844	4.1632399559021
6560.7816329248435	4.197589874267578
6560.823092091843	4.223393440246582
6560.864551258843	4.238197326660156
6560.906010425842	4.240934371948242
6560.947469592842	4.233019828796387
6560.988928759842	4.218270778656006
6561.030387926841	4.201672554016113
6561.071847093841	4.187796592712402
6561.113306260841	4.179703235626221
6561.15476542784	4.178632736206055
6561.19622459484	4.184288024902344
6561.237683761839	4.195390224456787
6561.279142928839	4.2102813720703125
6561.320602095839	4.227410316467285
6561.362061262838	4.2455949783325195
6561.403520429838	4.26406717300415
6561.444979596838	4.282371997833252
6561.486438763837	4.300160884857178
6561.527897930837	4.316967487335205
6561.5693570978365	4.332058429718018
6561.610816264836	4.344470500946045
6561.652275431836	4.353182792663574
6561.693734598835	4.3573174476623535
6561.735193765835	4.35626745223999
6561.776652932835	4.349750995635986
6561.818112099834	4.3377814292907715
6561.859571266834	4.3205485343933105
6561.9010304338335	4.298238277435303
6561.942489600833	4.270904064178467
6561.983948767833	4.238474369049072
6562.025407934832	4.200900554656982
6562.066867101832	4.158330917358398
6562.108326268832	4.111225605010986
6562.149785435831	4.06041145324707
6562.191244602831	4.007131099700928
6562.232703769831	3.953032970428467
6562.27416293683	3.899980068206787
6562.31562210383	3.8496253490448
6562.357081270829	3.802953004837036
6562.398540437829	3.7601163387298584
6562.439999604829	3.720686435699463
6562.481458771828	3.684067726135254
6562.522917938828	3.6497459411621094
6562.564377105828	3.6172759532928467
6562.605836272827	3.586176872253418
6562.647295439827	3.5559022426605225
6562.6887546068265	3.5258569717407227
6562.730213773826	3.495358467102051
6562.771672940826	3.4635825157165527
6562.813132107825	3.42966890335083
6562.854591274825	3.3930771350860596
6562.896050441825	3.3539865016937256
6562.937509608824	3.3133366107940674
6562.978968775824	3.2722954750061035
6563.0204279428235	3.231398582458496
6563.061887109823	3.1899726390838623
6563.103346276823	3.146310329437256
6563.144805443822	3.0985097885131836
6563.186264610822	3.0454020500183105
6563.227723777822	2.986973524093628
6563.269182944821	2.9241676330566406
6563.310642111821	2.8584165573120117
6563.352101278821	2.79132342338562
6563.39356044582	2.7246036529541016
6563.43501961282	2.6600735187530518
6563.476478779819	2.5994327068328857
6563.517937946819	2.543797254562378
6563.559397113819	2.493227243423462
6563.600856280818	2.4465651512145996
6563.642315447818	2.401721954345703
6563.683774614818	2.3562912940979004
6563.725233781817	2.30823016166687
6563.766692948817	2.2563929557800293
6563.8081521158165	2.200767755508423
6563.849611282816	2.1422955989837646
6563.891070449816	2.082324981689453
6563.932529616815	2.022067070007324
6563.973988783815	1.9624773263931274
6564.015447950815	1.9045891761779785
6564.056907117814	1.849840521812439
6564.098366284814	1.799965739250183
6564.1398254518135	1.756494402885437
6564.181284618813	1.7202839851379395
6564.222743785813	1.691404938697815
6564.264202952812	1.6693086624145508
6564.305662119812	1.6529829502105713
6564.347121286812	1.6409568786621094
6564.388580453811	1.6313272714614868
6564.430039620811	1.6220817565917969
6564.471498787811	1.6117053031921387
6564.51295795481	1.5996705293655396
6564.55441712181	1.5863806009292603
6564.595876288809	1.5725477933883667
6564.637335455809	1.558480143547058
6564.678794622809	1.5438132286071777
6564.720253789808	1.527829885482788
6564.761712956808	1.5100469589233398
6564.803172123808	1.4905991554260254
6564.844631290807	1.4701793193817139
6564.886090457807	1.449648380279541
6564.9275496248065	1.4296159744262695
6564.969008791806	1.4102576971054077
6565.010467958806	1.3914337158203125
6565.051927125805	1.3729901313781738
6565.093386292805	1.355029582977295
6565.134845459805	1.337960958480835
6565.176304626804	1.3222777843475342
6565.217763793804	1.3082021474838257
6565.2592229608035	1.2954462766647339
6565.300682127803	1.2832846641540527
6565.342141294803	1.2709046602249146
6565.383600461802	1.2577983140945435
6565.425059628802	1.2439446449279785
6565.466518795802	1.2297183275222778
6565.507977962801	1.215648889541626
6565.549437129801	1.202194094657898
6565.590896296801	1.1896065473556519
6565.6323554638	1.1778910160064697
6565.6738146308	1.1668511629104614
6565.7152737977995	1.1562325954437256
6565.756732964799	1.1459033489227295
6565.798192131799	1.1359375715255737
6565.839651298798	1.1264944076538086
6565.881110465798	1.1175731420516968
6565.922569632798	1.108876347541809
6565.964028799797	1.0999619960784912
6566.005487966797	1.090596079826355
6566.0469471337965	1.0809837579727173
6566.088406300796	1.0716232061386108
6566.129865467796	1.0628615617752075
6566.171324634795	1.0545321702957153
6566.212783801795	1.0460104942321777
6566.254242968795	1.0366885662078857
6566.295702135794	1.0265287160873413
6566.337161302794	1.016288161277771
6566.3786204697935	1.0072078704833984
6566.420079636793	1.0003387928009033
6566.461538803793	0.9959477186203003
6566.502997970792	0.9934170842170715
6566.544457137792	0.9916821122169495
6566.585916304792	0.9898491501808167
6566.627375471791	0.9875622987747192
6566.668834638791	0.984950065612793
6566.710293805791	0.9823134541511536
6566.75175297279	0.9798327088356018
6566.79321213979	0.9774713516235352
6566.8346713067895	0.9750828742980957
6566.876130473789	0.9726060628890991
6566.917589640789	0.9702086448669434
6566.959048807788	0.9682871103286743
6567.000507974788	0.9673135280609131
6567.041967141788	0.9675886631011963
6567.083426308787	0.9689973592758179
6567.124885475787	0.9708812832832336
6567.1663446427865	0.9721415638923645
6567.207803809786	0.9716165661811829
6567.249262976786	0.9686211943626404
6567.290722143785	0.9633658528327942
6567.332181310785	0.9569711685180664
6567.373640477785	0.9510110020637512
6567.415099644784	0.9468167424201965
6567.456558811784	0.9449211955070496
6567.4980179787835	0.9449290633201599
6567.539477145783	0.9458550214767456
6567.580936312783	0.9467223882675171
6567.622395479782	0.9470804929733276
6567.663854646782	0.9471446871757507
6567.705313813782	0.9474942088127136
6567.746772980781	0.9485572576522827
6567.788232147781	0.9502453207969666
6567.829691314781	0.9519660472869873
6567.87115048178	0.9529543519020081
6567.91260964878	0.9526780843734741
6567.9540688157795	0.9510926604270935
6567.995527982779	0.9486405849456787
6568.036987149779	0.9460016489028931
6568.078446316778	0.9437124729156494
6568.119905483778	0.941882312297821
6568.161364650778	0.9402068853378296
6568.202823817777	0.9382675290107727
6568.244282984777	0.935870885848999
6568.2857421517765	0.933164656162262
6568.327201318776	0.9304553866386414
6568.368660485776	0.9278940558433533
6568.410119652775	0.9252964854240417
6568.451578819775	0.9222531318664551
6568.493037986775	0.9184297919273376
6568.534497153774	0.9137849807739258
6568.575956320774	0.9085329174995422
6568.6174154877735	0.9029637575149536
6568.658874654773	0.8973739743232727
6568.700333821773	0.8921956419944763
6568.741792988772	0.8881415128707886
6568.783252155772	0.8861216306686401
6568.824711322772	0.886874258518219
6568.866170489771	0.8905143737792969
6568.907629656771	0.8963112235069275
6568.949088823771	0.9028931260108948
6568.99054799077	0.908805787563324
6569.03200715777	0.9130998253822327
6569.0734663247695	0.9155905842781067
6569.114925491769	0.9166739583015442
6569.156384658769	0.9169122576713562
6569.197843825768	0.9167235493659973
6569.239302992768	0.916316032409668
6569.280762159768	0.9157407283782959
6569.322221326767	0.9148903489112854
6569.363680493767	0.9134804606437683
6569.4051396607665	0.911186695098877
6569.446598827766	0.9079846739768982
6569.488057994766	0.9044507741928101
6569.529517161765	0.9016983509063721
6569.570976328765	0.900882363319397
6569.612435495765	0.9025821089744568
6569.653894662764	0.9065069556236267
6569.695353829764	0.911713719367981
6569.736812996764	0.9171239733695984
6569.778272163763	0.9219474792480469
6569.819731330763	0.9257851243019104
6569.861190497762	0.928487241268158
6569.902649664762	0.9299874305725098
6569.944108831762	0.9302513599395752
6569.985567998761	0.9293197393417358
6570.027027165761	0.9273496270179749
6570.068486332761	0.9245948791503906
6570.10994549976	0.9213449358940125
6570.15140466676	0.9178898930549622
6570.1928638337595	0.914556086063385
6570.234323000759	0.9117653965950012
6570.275782167759	0.9100128412246704
6570.317241334758	0.9096996188163757
6570.358700501758	0.9109034538269043
6570.400159668758	0.9132698774337769
6570.441618835757	0.9161523580551147
6570.483078002757	0.9189342856407166
6570.5245371697565	0.9212997555732727
6570.565996336756	0.9232476353645325
6570.607455503756	0.9248647093772888
6570.648914670755	0.9260861873626709
6570.690373837755	0.926674485206604
6570.731833004755	0.9264355897903442
6570.773292171754	0.9254675507545471
6570.814751338754	0.9242120981216431
6570.856210505754	0.923261284828186
6570.897669672753	0.9230742454528809
6570.939128839753	0.9238070845603943
6570.980588006752	0.9253403544425964
6571.022047173752	0.9274358153343201
6571.063506340752	0.9298790097236633
6571.104965507751	0.9325193762779236
6571.146424674751	0.9352136850357056
6571.187883841751	0.9377473592758179
6571.22934300875	0.9398137331008911
6571.27080217575	0.9410805702209473
6571.3122613427495	0.9413123726844788
6571.353720509749	0.9404686093330383
6571.395179676749	0.9387139081954956
6571.436638843748	0.9363520741462708
6571.478098010748	0.9337525367736816
6571.519557177748	0.9313067197799683
6571.561016344747	0.9293575882911682
6571.602475511747	0.9280222654342651
6571.6439346787465	0.9269512295722961
6571.685393845746	0.9252336025238037
6571.726853012746	0.9216490387916565
6571.768312179745	0.9152323007583618
6571.809771346745	0.9058225750923157
6571.851230513745	0.894212007522583
6571.892689680744	0.8818038105964661
6571.934148847744	0.8700870275497437
6571.975608014744	0.8603425621986389
6572.017067181743	0.8536795377731323
6572.058526348743	0.8511106967926025
6572.099985515742	0.8533508777618408
6572.141444682742	0.8603880405426025
6572.182903849742	0.8711959719657898
6572.224363016741	0.8838959336280823
6572.265822183741	0.8963324427604675
6572.307281350741	0.9067583680152893
6572.34874051774	0.9143182039260864
6572.39019968474	0.9191735982894897
6572.4316588517395	0.922273576259613
6572.473118018739	0.9248788952827454
6572.514577185739	0.9280291795730591
6572.556036352738	0.9321630001068115
6572.597495519738	0.9370183348655701
6572.638954686738	0.9418128132820129
6572.680413853737	0.9456045627593994
6572.721873020737	0.9477078318595886
6572.7633321877365	0.9480120539665222
6572.804791354736	0.9470407366752625
6572.846250521736	0.9456785321235657
6572.887709688735	0.9447072148323059
6572.929168855735	0.9444649815559387
6572.970628022735	0.9448632597923279
6573.012087189734	0.9456881880760193
6573.053546356734	0.9468711018562317
6573.095005523734	0.9484785199165344
6573.136464690733	0.9504619240760803
6573.177923857733	0.9524291753768921
6573.219383024732	0.9536831974983215
6573.260842191732	0.9535701870918274
6573.302301358732	0.9519228339195251
6573.343760525731	0.9492611289024353
6573.385219692731	0.9465548992156982
6573.426678859731	0.9447031021118164
6573.46813802673	0.944111704826355
6573.50959719373	0.9446263313293457
6573.5510563607295	0.9457486271858215
6573.592515527729	0.9468955397605896
6573.633974694729	0.94756680727005
6573.675433861728	0.9474616646766663
6573.716893028728	0.9466007351875305
6573.758352195728	0.94538813829422
6573.799811362727	0.9444783329963684
6573.841270529727	0.9444276690483093
6573.8827296967265	0.9453260898590088
6573.924188863726	0.9466986656188965
6573.965648030726	0.9477877616882324
6574.007107197725	0.9480270147323608
6574.048566364725	0.9473703503608704
6574.090025531725	0.9462694525718689
6574.131484698724	0.9453531503677368
6574.172943865724	0.9450274705886841
6574.214403032724	0.9452164173126221
6574.255862199723	0.9453597068786621
6574.297321366723	0.9446402788162231
6574.3387805337225	0.9422844648361206
6574.380239700722	0.9377713799476624
6574.421698867722	0.9308963418006897
6574.463158034721	0.9217643141746521
6574.504617201721	0.9107779860496521
6574.546076368721	0.8985872864723206
6574.58753553572	0.885928750038147
6574.62899470272	0.8734130263328552
6574.6704538697195	0.8614386916160583
6574.711913036719	0.8503330945968628
6574.753372203719	0.8405991792678833
6574.794831370718	0.8330255746841431
6574.836290537718	0.8285373449325562
6574.877749704718	0.8278635740280151
6574.919208871717	0.8312180042266846
6574.960668038717	0.838165819644928
6575.0021272057165	0.847762405872345
6575.043586372716	0.8589187860488892
6575.085045539716	0.8708057403564453
6575.126504706715	0.8830503821372986
6575.167963873715	0.8956035375595093
6575.209423040715	0.9084059596061707
6575.250882207714	0.9211221933364868
6575.292341374714	0.933117687702179
6575.333800541714	0.9436447024345398
6575.375259708713	0.952089250087738
6575.416718875713	0.9581565260887146
6575.4581780427125	0.9619253277778625
6575.499637209712	0.9637464284896851
6575.541096376712	0.9640378355979919
6575.582555543711	0.9631103277206421
6575.624014710711	0.9611438512802124
6575.665473877711	0.9583216309547424
6575.70693304471	0.9550108909606934
6575.74839221171	0.9518386125564575
6575.7898513787095	0.9495630860328674
6575.831310545709	0.9487769603729248
6575.872769712709	0.9496302604675293
6575.914228879708	0.9517846703529358
6575.955688046708	0.9546375870704651
6575.997147213708	0.9576340913772583
6576.038606380707	0.9604281783103943
6576.080065547707	0.9628251194953918
6576.1215247147065	0.9646325707435608
6576.162983881706	0.9656063318252563
6576.204443048706	0.9655544757843018
6576.245902215705	0.9645031094551086
6576.287361382705	0.9627700448036194
6576.328820549705	0.9608954787254333
6576.370279716704	0.9594994783401489
6576.411738883704	0.9591472744941711
6576.453198050704	0.9602220058441162
6576.494657217703	0.9627823829650879
6576.536116384703	0.9664602279663086
6576.5775755517025	0.9704885482788086
6576.619034718702	0.9738666415214539
6576.660493885702	0.9755945801734924
6576.701953052701	0.9749289751052856
6576.743412219701	0.9716499447822571
6576.784871386701	0.966260552406311
6576.8263305537	0.9599592685699463
6576.8677897207	0.95429527759552
6576.9092488876995	0.9506368041038513
6576.950708054699	0.949742317199707
6576.992167221699	0.9516430497169495
6577.033626388698	0.955810010433197
6577.075085555698	0.9614102840423584
6577.116544722698	0.9674924612045288
6577.158003889697	0.9730963706970215
6577.199463056697	0.9773705005645752
6577.2409222236965	0.9797347187995911
6577.282381390696	0.9800200462341309
6577.323840557696	0.9784937500953674
6577.365299724695	0.9757662415504456
6577.406758891695	0.972663402557373
6577.448218058695	0.9701114296913147
6577.489677225694	0.9689622521400452
6577.531136392694	0.969688355922699
6577.572595559694	0.9720686078071594
6577.614054726693	0.9751579761505127
6577.655513893693	0.9777068495750427
6577.6969730606925	0.9788312911987305
6577.738432227692	0.978482186794281
6577.779891394692	0.9773898720741272
6577.821350561691	0.9765493273735046
6577.862809728691	0.9766272306442261
6577.904268895691	0.9776768684387207
6577.94572806269	0.9792768955230713
6577.98718722969	0.9808952808380127
6578.0286463966895	0.9821655750274658
6578.070105563689	0.9829210638999939
6578.111564730689	0.9830909967422485
6578.153023897688	0.9826757311820984
6578.194483064688	0.9818640947341919
6578.235942231688	0.9811232686042786
6578.277401398687	0.9810624122619629
6578.318860565687	0.9820974469184875
6578.360319732687	0.9841698408126831
6578.401778899686	0.9867359399795532
6578.443238066686	0.9890071153640747
6578.484697233685	0.9902536869049072
6578.526156400685	0.9900145530700684
6578.567615567685	0.9881830811500549
6578.609074734684	0.9849982857704163
6578.650533901684	0.9809635877609253
6578.691993068684	0.9767184853553772
6578.733452235683	0.9729019999504089
6578.774911402683	0.970042884349823
6578.8163705696825	0.9684772491455078
6578.857829736682	0.9682946801185608
6578.899288903682	0.9693456292152405
6578.940748070681	0.971328616142273
6578.982207237681	0.9739064574241638
6579.023666404681	0.9767775535583496
6579.06512557168	0.9796844124794006
6579.10658473868	0.9824026226997375
6579.1480439056795	0.984735369682312
6579.189503072679	0.9864944219589233
6579.230962239679	0.9874691963195801
6579.272421406678	0.9874347448348999
6579.313880573678	0.986250638961792
6579.355339740678	0.984030544757843
6579.396798907677	0.981264054775238
6579.438258074677	0.978731632232666
6579.479717241677	0.9771552085876465
6579.521176408676	0.9767550230026245
6579.562635575676	0.9770470857620239
6579.604094742675	0.9770990610122681
6579.645553909675	0.9761085510253906
6579.687013076675	0.9738945960998535
6579.728472243674	0.9709852933883667
6579.769931410674	0.9683333039283752
6579.811390577674	0.9669172167778015
6579.852849744673	0.9674102663993835
6579.894308911673	0.969942033290863
6579.9357680786725	0.9739919900894165
6579.977227245672	0.9785387516021729
6580.018686412672	0.982480525970459
6580.060145579671	0.9851082563400269
6580.101604746671	0.9863330125808716
6580.143063913671	0.9865602850914001
6580.18452308067	0.9863364100456238
6580.22598224767	0.9859881401062012
6580.2674414146695	0.9854544401168823
6580.308900581669	0.9844040870666504
6580.350359748669	0.9825553894042969
6580.391818915668	0.9799365997314453
6580.433278082668	0.976867139339447
6580.474737249668	0.9737204313278198
6580.516196416667	0.970762312412262
6580.557655583667	0.9682314395904541
6580.599114750667	0.9664663076400757
6580.640573917666	0.9657725095748901
6580.682033084666	0.9660778045654297
6580.723492251665	0.9667750000953674
6580.764951418665	0.9670172333717346
6580.806410585665	0.9662357568740845
6580.847869752664	0.9644097685813904
6580.889328919664	0.9618983864784241
6580.930788086664	0.9590834975242615
6580.972247253663	0.9562035202980042
6581.013706420663	0.9534816145896912
6581.0551655876625	0.9513285756111145
6581.096624754662	0.9503471255302429
6581.138083921662	0.9510952830314636
6581.179543088661	0.953803300857544
6581.221002255661	0.9582536816596985
6581.262461422661	0.9638634324073792
6581.30392058966	0.9698576331138611
6581.34537975666	0.9754331707954407
6581.3868389236595	0.979913055896759
6581.428298090659	0.9829261302947998
6581.469757257659	0.9845792055130005
6581.511216424658	0.9854903221130371
6581.552675591658	0.986558735370636
6581.594134758658	0.9885045289993286
6581.635593925657	0.9914251565933228
6581.677053092657	0.9946861863136292
6581.718512259657	0.9972699284553528
6581.759971426656	0.9983606934547424
6581.801430593656	0.9977544546127319
6581.842889760655	0.995847225189209
6581.884348927655	0.9933202266693115
6581.925808094655	0.9908345937728882
6581.967267261654	0.9889019131660461
6582.008726428654	0.9878464341163635
6582.050185595654	0.987727701663971
6582.091644762653	0.9882494211196899
6582.133103929653	0.9887831211090088
6582.1745630966525	0.9885689616203308
6582.216022263652	0.9870299696922302
6582.257481430652	0.9840633273124695
6582.298940597651	0.9801542162895203
6582.340399764651	0.9762195944786072
6582.381858931651	0.9732465147972107
6582.42331809865	0.9719300866127014
6582.46477726565	0.9724977016448975
6582.5062364326495	0.9747412204742432
6582.547695599649	0.9781398773193359
6582.589154766649	0.98196941614151
6582.630613933648	0.9854005575180054
6582.672073100648	0.9876622557640076
6582.713532267648	0.988300621509552
6582.754991434647	0.9874339699745178
6582.796450601647	0.9857971668243408
6582.837909768647	0.9844450354576111
6582.879368935646	0.984218180179596
6582.920828102646	0.985281229019165
6582.9622872696455	0.9870282411575317
6583.003746436645	0.9884203672409058
6583.045205603645	0.9885458946228027
6583.086664770644	0.987057626247406
6583.128123937644	0.9842256307601929
6583.169583104644	0.980617344379425
6583.211042271643	0.9766959547996521
6583.252501438643	0.9726599454879761
6583.2939606056425	0.9686101675033569
6583.335419772642	0.9648393988609314
6583.376878939642	0.9619694948196411
6583.418338106641	0.9608251452445984
6583.459797273641	0.9621250033378601
6583.501256440641	0.9661455750465393
6583.54271560764	0.972491443157196
6583.58417477464	0.9800707697868347
6583.6256339416395	0.987338125705719
6583.667093108639	0.9927688241004944
6583.708552275639	0.9953979253768921
6583.750011442638	0.9952013492584229
6583.791470609638	0.9931423664093018
6583.832929776638	0.9908198714256287
6583.874388943637	0.9898061156272888
6583.915848110637	0.9909365773200989
6583.957307277637	0.9939255118370056
6583.998766444636	0.997568666934967
6584.040225611636	1.0004475116729736
6584.0816847786355	1.0016932487487793
6584.123143945635	1.0013253688812256
6584.164603112635	1.0000101327896118
6584.206062279634	0.9985260963439941
6584.247521446634	0.9973711967468262
6584.288980613634	0.996722936630249
6584.330439780633	0.9966080188751221
6584.371898947633	0.9970331192016602
6584.4133581146325	0.9980021119117737
6584.454817281632	0.99950110912323
6584.496276448632	1.001474142074585
6584.537735615631	1.003718614578247
6584.579194782631	1.005729079246521
6584.620653949631	1.0067150592803955
6584.66211311663	1.005949854850769
6584.70357228363	1.0032761096954346
6584.7450314506295	0.9993495941162109
6584.786490617629	0.9953661561012268
6584.827949784629	0.9924556612968445
6584.869408951628	0.9911872148513794
6584.910868118628	0.9914906024932861
6584.952327285628	0.992931067943573
6584.993786452627	0.9950557351112366
6585.035245619627	0.9975821375846863
6585.076704786627	1.0003855228424072
6585.118163953626	1.0033596754074097
6585.159623120626	1.0062519311904907
6585.2010822876255	1.008583903312683
6585.242541454625	1.0097618103027344
6585.284000621625	1.0093801021575928
6585.325459788624	1.007537841796875
6585.366918955624	1.0048974752426147
6585.408378122624	1.002359390258789
6585.449837289623	1.0005502700805664
6585.491296456623	0.9994992613792419
6585.5327556236225	0.9987426400184631
6585.574214790622	0.9977396130561829
6585.615673957622	0.9962505102157593
6585.657133124621	0.994408369064331
6585.698592291621	0.9925166964530945
6585.740051458621	0.9908162951469421
6585.78151062562	0.9894136786460876
6585.82296979262	0.9883569478988647
6585.8644289596195	0.9877076148986816
6585.905888126619	0.9875180125236511
6585.947347293619	0.9877618551254272
6585.988806460618	0.9883182644844055
6586.030265627618	0.9890286326408386
6586.071724794618	0.9897470474243164
6586.113183961617	0.990315318107605
6586.154643128617	0.9904871582984924
6586.196102295617	0.9898911714553833
6586.237561462616	0.9880861639976501
6586.279020629616	0.9846855401992798
6586.3204797966155	0.9795132875442505
6586.361938963615	0.9727665781974792
6586.403398130615	0.9651213884353638
6586.444857297614	0.9576469659805298
6586.486316464614	0.9514546990394592
6586.527775631614	0.9472410678863525
6586.569234798613	0.9450491666793823
6586.610693965613	0.9444281458854675
6586.6521531326125	0.9448297023773193
6586.693612299612	0.9459141492843628
6586.735071466612	0.9475969672203064
6586.776530633611	0.949941098690033
6586.817989800611	0.9530652165412903
6586.859448967611	0.9570873975753784
6586.90090813461	0.9620088934898376
6586.94236730161	0.9675493836402893
6586.98382646861	0.9731146693229675
6587.025285635609	0.9780335426330566
6587.066744802609	0.9819284081459045
6587.108203969608	0.9848957657814026
6587.149663136608	0.9873307943344116
6587.191122303608	0.9895775318145752
6587.232581470607	0.9917347431182861
6587.274040637607	0.9937489032745361
6587.315499804607	0.9956421852111816
6587.356958971606	0.9976329803466797
6587.398418138606	1.0000258684158325
6587.4398773056055	1.0029358863830566
6587.481336472605	1.0060533285140991
6587.522795639605	1.008679986000061
6587.564254806604	1.0100880861282349
6587.605713973604	1.0099678039550781
6587.647173140604	1.0086076259613037
6587.688632307603	1.0066628456115723
6587.730091474603	1.0047327280044556
6587.7715506416025	1.0031166076660156
6587.813009808602	1.001888394355774
6587.854468975602	1.0011184215545654
6587.895928142601	1.000990867614746
6587.937387309601	1.0017307996749878
6587.978846476601	1.0034220218658447
6588.0203056436	1.0058223009109497
6588.0617648106	1.0082719326019287
6588.1032239776	1.0097947120666504
6588.144683144599	1.0094510316848755
6588.186142311599	1.0068366527557373
6588.227601478598	1.0024402141571045
6588.269060645598	0.997581422328949
6588.310519812598	0.9938902258872986
6588.351978979597	0.9925863742828369
6588.393438146597	0.9939532279968262
6588.434897313597	0.9972702860832214
6588.476356480596	1.0011993646621704
6588.517815647596	1.004380702972412
6588.5592748145955	1.0059179067611694
6588.600733981595	1.0055474042892456
6588.642193148595	1.0035182237625122
6588.683652315594	1.0003864765167236
6588.725111482594	0.9969057440757751
6588.766570649594	0.9939790368080139
6588.808029816593	0.9924970865249634
6588.849488983593	0.992997407913208
6588.8909481505925	0.9953538775444031
6588.932407317592	0.9987924695014954
6588.973866484592	1.0022904872894287
6589.015325651591	1.0050932168960571
6589.056784818591	1.0070046186447144
6589.098243985591	1.0083060264587402
6589.13970315259	1.0094165802001953
6589.18116231959	1.0105350017547607
6589.22262148659	1.0114632844924927
6589.264080653589	1.011691927909851
6589.305539820589	1.010694146156311
6589.346998987588	1.0082873106002808
6589.388458154588	1.0048646926879883
6589.429917321588	1.001326560974121
6589.471376488587	0.9986841678619385
6589.512835655587	0.9975633025169373
6589.554294822587	0.9979611039161682
6589.595753989586	0.9994375705718994
6589.637213156586	1.0015439987182617
6589.6786723235855	1.0040806531906128
6589.720131490585	1.0069587230682373
6589.761590657585	1.0098551511764526
6589.803049824584	1.0120716094970703
6589.844508991584	1.0128175020217896
6589.885968158584	1.011719822883606
6589.927427325583	1.009140133857727
6589.968886492583	1.0060447454452515
6590.0103456595825	1.0035431385040283
6590.051804826582	1.0024213790893555
6590.093263993582	1.0028955936431885
6590.134723160581	1.0046050548553467
6590.176182327581	1.0067819356918335
6590.217641494581	1.0085479021072388
6590.25910066158	1.0092662572860718
6590.30055982858	1.0088046789169312
6590.34201899558	1.0075629949569702
6590.383478162579	1.0062358379364014
6590.424937329579	1.0054389238357544
6590.466396496578	1.0054010152816772
6590.507855663578	1.0059046745300293
6590.549314830578	1.0064972639083862
6590.590773997577	1.006809115409851
6590.632233164577	1.0067270994186401
6590.673692331577	1.0062991380691528
6590.715151498576	1.0054808855056763
6590.756610665576	1.0039912462234497
6590.7980698325755	1.0014674663543701
6590.839528999575	0.9978610873222351
6590.880988166575	0.993773877620697
6590.922447333574	0.9904178977012634
6590.963906500574	0.9891188740730286
6591.005365667574	0.9906229376792908
6591.046824834573	0.9946422576904297
6591.088284001573	0.9999392628669739
6591.1297431685725	1.0049010515213013
6591.171202335572	1.0082505941390991
6591.212661502572	1.0094997882843018
6591.254120669571	1.0089560747146606
6591.295579836571	1.0073914527893066
6591.337039003571	1.0056318044662476
6591.37849817057	1.004287838935852
6591.41995733757	1.0036835670471191
6591.46141650457	1.003914475440979
6591.502875671569	1.0049238204956055
6591.544334838569	1.0065292119979858
6591.5857940055685	1.0084035396575928
6591.627253172568	1.0100713968276978
6591.668712339568	1.0109925270080566
6591.710171506567	1.010743260383606
6591.751630673567	1.0092302560806274
6591.793089840567	1.0068227052688599
6591.834549007566	1.0042858123779297
6591.876008174566	1.00248384475708
6591.9174673415655	1.0019863843917847
6591.958926508565	1.002841591835022
6592.000385675565	1.004697322845459
6592.041844842564	1.0071465969085693
6592.083304009564	1.0099698305130005
6592.124763176564	1.0130615234375
6592.166222343563	1.0161950588226318
6592.207681510563	1.0189533233642578
6592.2491406775625	1.0209543704986572
6592.290599844562	1.0221613645553589
6592.332059011562	1.0229421854019165
6592.373518178561	1.0237760543823242
6592.414977345561	1.0248453617095947
6592.456436512561	1.0258724689483643
6592.49789567956	1.0263476371765137
6592.53935484656	1.0259497165679932
6592.58081401356	1.0247780084609985
6592.622273180559	1.0231919288635254
6592.663732347559	1.0214074850082397
6592.7051915145585	1.019243836402893
6592.746650681558	1.016266107559204
6592.788109848558	1.0122085809707642
6592.829569015557	1.0073031187057495
6592.871028182557	1.0022424459457397
6592.912487349557	0.9978195428848267
6592.953946516556	0.9945230484008789
6592.995405683556	0.9923579096794128
6593.0368648505555	0.9909703135490417
6593.078324017555	0.989966094493866
6593.119783184555	0.9892216324806213
6593.161242351554	0.9890052080154419
6593.202701518554	0.9898317456245422
6593.244160685554	0.9921334981918335
6593.285619852553	0.9959536194801331
6593.327079019553	1.0008549690246582
6593.3685381865525	1.0060687065124512
6593.409997353552	1.0107333660125732
6593.451456520552	1.0140658617019653
6593.492915687551	1.015466570854187
6593.534374854551	1.0146740674972534
6593.575834021551	1.0119776725769043
6593.61729318855	1.0082825422286987
6593.65875235555	1.004810094833374
6593.70021152255	1.0025200843811035
6593.741670689549	1.0016744136810303
6593.783129856549	1.0018891096115112
6593.8245890235485	1.0025863647460938
6593.866048190548	1.0034111738204956
6593.907507357548	1.0042781829833984
6593.948966524547	1.005114197731018
6593.990425691547	1.0056126117706299
6594.031884858547	1.0052554607391357
6594.073344025546	1.0035971403121948
6594.114803192546	1.0005782842636108
6594.1562623595455	0.996620774269104
6594.197721526545	0.9924330711364746
6594.239180693545	0.9886837005615234
6594.280639860544	0.9857823848724365
6594.322099027544	0.9838795065879822
6594.363558194544	0.9830220937728882
6594.405017361543	0.9833191633224487
6594.446476528543	0.9849790334701538
6594.487935695543	0.9881676435470581
6594.529394862542	0.9927807450294495
6594.570854029542	0.9983283281326294
6594.612313196541	1.00407075881958
6594.653772363541	1.0093327760696411
6594.695231530541	1.0137534141540527
6594.73669069754	1.0172868967056274
6594.77814986454	1.0199999809265137
6594.81960903154	1.0218950510025024
6594.861068198539	1.0229309797286987
6594.902527365539	1.0232123136520386
6594.9439865325385	1.0231276750564575
6594.985445699538	1.0232619047164917
6595.026904866538	1.0241081714630127
6595.068364033537	1.0257744789123535
6595.109823200537	1.0278867483139038
6595.151282367537	1.0297393798828125
6595.192741534536	1.030579924583435
6595.234200701536	1.0298694372177124
6595.2756598685355	1.0274157524108887
6595.317119035535	1.023371696472168
6595.358578202535	1.018159031867981
6595.400037369534	1.0123895406723022
6595.441496536534	1.0068057775497437
6595.482955703534	1.0022169351577759
6595.524414870533	0.9993677139282227
6595.565874037533	0.9987158179283142
6595.607333204533	1.000197172164917
6595.648792371532	1.0031520128250122
6595.690251538532	1.00653874874115
6595.731710705531	1.0093504190444946
6595.773169872531	1.0109734535217285
6595.814629039531	1.011281967163086
6595.85608820653	1.0104951858520508
6595.89754737353	1.0089818239212036
6595.93900654053	1.0071285963058472
6595.980465707529	1.005262851715088
6596.021924874529	1.003597617149353
6596.0633840415285	1.0022059679031372
6596.104843208528	1.0010325908660889
6596.146302375528	0.999903678894043
6596.187761542527	0.9985300898551941
6596.229220709527	0.9965795278549194
6596.270679876527	0.9938910007476807
6596.312139043526	0.9907376766204834
6596.353598210526	0.9879150986671448
6596.3950573775255	0.9865173101425171
6596.436516544525	0.9874792695045471
6596.477975711525	0.9911086559295654
6596.519434878524	0.9968448281288147
6596.560894045524	1.0034123659133911
6596.602353212524	1.009345293045044
6596.643812379523	1.013587474822998
6596.685271546523	1.0157785415649414
6596.726730713523	1.0161068439483643
6596.768189880522	1.014988660812378
6596.809649047522	1.0129135847091675
6596.851108214521	1.0105024576187134
6596.892567381521	1.0085375308990479
6596.934026548521	1.0077643394470215
6596.97548571552	1.0085512399673462
6597.01694488252	1.0107108354568481
6597.05840404952	1.0136743783950806
6597.099863216519	1.0168826580047607
6597.141322383519	1.020046591758728
6597.1827815505185	1.0230661630630493
6597.224240717518	1.0257493257522583
6597.265699884518	1.0276780128479004
6597.307159051517	1.0283972024917603
6597.348618218517	1.0277513265609741
6597.390077385517	1.0260169506072998
6597.431536552516	1.0236707925796509
6597.472995719516	1.0210015773773193
6597.5144548865155	1.017945408821106
6597.555914053515	1.014335036277771
6597.597373220515	1.0103448629379272
6597.638832387514	1.0066826343536377
6597.680291554514	1.004259705543518
6597.721750721514	1.0035508871078491
6597.763209888513	1.004192590713501
6597.804669055513	1.0052076578140259
6597.846128222513	1.0056877136230469
6597.887587389512	1.0053486824035645
6597.929046556512	1.0045229196548462
6597.970505723511	1.0037102699279785
6598.011964890511	1.0031872987747192
6598.053424057511	1.002996802330017
6598.09488322451	1.0031745433807373
6598.13634239151	1.0038478374481201
6598.17780155851	1.0050657987594604
6598.219260725509	1.006569504737854
6598.260719892509	1.0077755451202393
6598.3021790595085	1.0080355405807495
6598.343638226508	1.0069924592971802
6598.385097393508	1.004783034324646
6598.426556560507	1.0019584894180298
6598.468015727507	0.999204695224762
6598.509474894507	0.9970897436141968
6598.550934061506	0.9959896802902222
6598.592393228506	0.9961221218109131
6598.6338523955055	0.9975348711013794
6598.675311562505	1.0000333786010742
6598.716770729505	1.0031824111938477
6598.758229896504	1.0064423084259033
6598.799689063504	1.0093281269073486
6598.841148230504	1.0114541053771973
6598.882607397503	1.012467861175537
6598.924066564503	1.0120022296905518
6598.965525731503	1.009711503982544
6599.006984898502	1.0053670406341553
6599.048444065502	0.998982846736908
6599.0899032325015	0.9909830093383789
6599.131362399501	0.982326090335846
6599.172821566501	0.9743970036506653
6599.2142807335	0.9685596823692322
6599.2557399005	0.9655588269233704
6599.2971990675	0.9651727080345154
6599.338658234499	0.966383159160614
6599.380117401499	0.9679530262947083
6599.4215765684985	0.9690279364585876
6599.463035735498	0.9694157838821411
6599.504494902498	0.9694508910179138
6599.545954069497	0.969598650932312
6599.587413236497	0.9700732231140137
6599.628872403497	0.9707200527191162
6599.670331570496	0.9712520837783813
6599.711790737496	0.9716727137565613
6599.7532499044955	0.9725443124771118
6599.794709071495	0.9748314619064331
6599.836168238495	0.9793586730957031
6599.877627405494	0.9862208962440491
6599.919086572494	0.994532585144043
6599.960545739494	1.0026891231536865
6600.002004906493	1.00900399684906
6600.043464073493	1.0123907327651978
6600.084923240493	1.012747883796692
6600.126382407492	1.0108635425567627
6600.167841574492	1.007930874824524
6600.2093007414915	1.0049877166748047
6600.250759908491	1.0026144981384277
6600.292219075491	1.0009870529174805
6600.33367824249	1.0000901222229004
6600.37513740949	0.9998318552970886
6600.41659657649	1.0000191926956177
6600.458055743489	1.0003774166107178
6600.499514910489	1.0007319450378418
6600.5409740774885	1.001214861869812
6600.582433244488	1.0022457838058472
6600.623892411488	1.004234790802002
6600.665351578487	1.007230281829834
6600.706810745487	1.010790467262268
6600.748269912487	1.0141607522964478
6600.789729079486	1.016624093055725
6600.831188246486	1.0178229808807373
6600.8726474134855	1.01790452003479
6600.914106580485	1.0174089670181274
6600.955565747485	1.0169405937194824
6600.997024914484	1.0168156623840332
6601.038484081484	1.016929030418396
6601.079943248484	1.0169063806533813
6601.121402415483	1.016377329826355
6601.162861582483	1.0151457786560059
6601.204320749483	1.0131818056106567
6601.245779916482	1.010529637336731
6601.287239083482	1.0072672367095947
6601.3286982504815	1.0035752058029175
6601.370157417481	0.9998477697372437
6601.411616584481	0.9966871738433838
6601.45307575148	0.9946783185005188
6601.49453491848	0.9940459728240967
6601.53599408548	0.9944784045219421
6601.577453252479	0.9953292012214661
6601.618912419479	0.9960790276527405
6601.6603715864785	0.9966643452644348
6601.701830753478	0.9973732233047485
6601.743289920478	0.998410165309906
6601.784749087477	0.9995361566543579
6601.826208254477	1.0001181364059448
6601.867667421477	0.9995505213737488
6601.909126588476	0.9976913332939148
6601.950585755476	0.9949496984481812
6601.9920449224755	0.9919804334640503
6602.033504089475	0.9892903566360474
6602.074963256475	0.9871082901954651
6602.116422423474	0.9855561256408691
6602.157881590474	0.9848535060882568
6602.199340757474	0.9853089451789856
6602.240799924473	0.987113893032074
6602.282259091473	0.990125834941864
6602.323718258473	0.9937960505485535
6602.365177425472	0.9972979426383972
6602.406636592472	0.9998270869255066
6602.4480957594715	1.000941514968872
6602.489554926471	1.000746250152588
6602.531014093471	0.9998072981834412
6602.57247326047	0.9988686442375183
6602.61393242747	0.9985597729682922
6602.65539159447	0.9992142915725708
6602.696850761469	1.0007970333099365
6602.738309928469	1.0029059648513794
6602.7797690954685	1.0048695802688599
6602.821228262468	1.0059646368026733
6602.862687429468	1.0057004690170288
6602.904146596467	1.0040308237075806
6602.945605763467	1.0013926029205322
6602.987064930467	0.9985538721084595
6603.028524097466	0.9963364005088806
6603.069983264466	0.9953086972236633
6603.111442431466	0.9955586791038513
6603.152901598465	0.9966467022895813
6603.194360765465	0.9977887272834778
6603.235819932464	0.9982376098632812
6603.277279099464	0.9977014660835266
6603.318738266464	0.9965453743934631
6603.360197433463	0.9955886602401733
6603.401656600463	0.9955639839172363
6603.443115767463	0.9965841770172119
6603.484574934462	0.9980124235153198
6603.526034101462	0.9988538026809692
6603.5674932684615	0.9984055757522583
6603.608952435461	0.9967174530029297
6603.650411602461	0.9945686459541321
6603.69187076946	0.9930335879325867
6603.73332993646	0.9929684996604919
6603.77478910346	0.9947074055671692
6603.816248270459	0.9980119466781616
6603.857707437459	1.0021600723266602
6603.8991666044585	1.0061194896697998
6603.940625771458	1.0088587999343872
6603.982084938458	1.0097811222076416
6604.023544105457	1.0090599060058594
6604.065003272457	1.0075814723968506
6604.106462439457	1.0064178705215454
6604.147921606456	1.0061225891113281
6604.189380773456	1.0063364505767822
6604.230839940456	1.006011962890625
6604.272299107455	1.0041147470474243
6604.313758274455	1.0003149509429932
6604.355217441454	0.9952294826507568
6604.396676608454	0.9901369214057922
6604.438135775454	0.986428439617157
6604.479594942453	0.9851028323173523
6604.521054109453	0.9864621758460999
6604.562513276453	0.9900351166725159
6604.603972443452	0.9947417378425598
6604.645431610452	0.9992904663085938
6604.6868907774515	1.0026686191558838
6604.728349944451	1.0044736862182617
6604.769809111451	1.0049077272415161
6604.81126827845	1.0044883489608765
6604.85272744545	1.0036951303482056
6604.89418661245	1.0027639865875244
6604.935645779449	1.0016857385635376
6604.977104946449	1.0003561973571777
6605.0185641134485	0.9987601637840271
6605.060023280448	0.9970815777778625
6605.101482447448	0.9956748485565186
6605.142941614447	0.9949066638946533
6605.184400781447	0.9949672222137451
6605.225859948447	0.9957715272903442
6605.267319115446	0.9970102906227112
6605.308778282446	0.998304009437561
6605.350237449446	0.9993473291397095
6605.391696616445	0.9999669790267944
6605.433155783445	1.0000938177108765
6605.474614950444	0.9998034238815308
6605.516074117444	0.9992353320121765
6605.557533284444	0.9990603923797607
6605.598992451443	0.9987540245056152
6605.640451618443	1.0013296604156494
6605.681910785443	0.996717631816864
6605.723369952442	1.0137147903442383
6605.764829119442	0.9623939394950867
6605.8062882864415	1.0932549238204956
6605.847747453441	0.715930700302124
6605.889206620441	-0.12523363530635834
6605.93066578744	-0.23488588631153107
6605.97212495444	0.0
