6289.806	0.344
6289.806	0.8543252348899841
6290.15	0.8555896878242493
6290.494	0.8554185628890991
6290.838	0.853238582611084
6291.182	0.8507163524627686
6291.526	0.8513485193252563
6291.87	0.8518102765083313
6292.214	0.8501111268997192
6292.558	0.8460186123847961
6292.901999999999	0.839792788028717
6293.245999999999	0.8389458656311035
6293.589999999999	0.8414890170097351
6293.933999999999	0.8452004194259644
6294.277999999999	0.84795743227005
6294.621999999999	0.846961259841919
6294.965999999999	0.8432668447494507
6295.3099999999995	0.8363490104675293
6295.6539999999995	0.8320775032043457
6295.998	0.8283788561820984
6296.342	0.829041600227356
6296.686	0.8370510935783386
6297.03	0.8411633372306824
6297.374	0.8410333395004272
6297.718	0.8386248350143433
6298.062	0.8351870179176331
6298.406	0.8281068205833435
6298.75	0.8268555402755737
6299.093999999999	0.8278038501739502
6299.437999999999	0.8328909873962402
6299.781999999999	0.8370921611785889
6300.125999999999	0.8398312330245972
6300.469999999999	0.8399158120155334
6300.813999999999	0.8370412588119507
6301.157999999999	0.8312159180641174
6301.5019999999995	0.8303905725479126
6301.846	0.8271294832229614
6302.19	0.8279515504837036
6302.534	0.8306650519371033
6302.878	0.8360195159912109
6303.222	0.8407595753669739
6303.566	0.8411112427711487
6303.91	0.8367379903793335
6304.254	0.8322925567626953
6304.598	0.8273497223854065
6304.942	0.8224256634712219
6305.285999999999	0.8180165886878967
6305.629999999999	0.8177490234375
6305.973999999999	0.8248575925827026
6306.317999999999	0.8320608139038086
6306.661999999999	0.8370882868766785
6307.005999999999	0.8357722759246826
6307.349999999999	0.8366870880126953
6307.6939999999995	0.8349557518959045
6308.038	0.8301302790641785
6308.382	0.8235176801681519
6308.726	0.8155632615089417
6309.07	0.8148840665817261
6309.414	0.8173218965530396
6309.758	0.8208074569702148
6310.102	0.8239598870277405
6310.446	0.8264438509941101
6310.79	0.8298948407173157
6311.134	0.8321080207824707
6311.477999999999	0.8272169232368469
6311.821999999999	0.8227208852767944
6312.165999999999	0.8222001194953918
6312.509999999999	0.819279134273529
6312.853999999999	0.8158183097839355
6313.197999999999	0.8155827522277832
6313.5419999999995	0.8164776563644409
6313.8859999999995	0.8204180598258972
6314.23	0.8257459998130798
6314.574	0.8246902227401733
6314.918	0.820384681224823
6315.262	0.8213159441947937
6315.606	0.8229109644889832
6315.95	0.82039874792099
6316.294	0.8168764710426331
6316.638	0.8136186003684998
6316.982	0.8131657242774963
6317.326	0.8135298490524292
6317.669999999999	0.8128741979598999
6318.013999999999	0.8130255937576294
6318.357999999999	0.8160169124603271
6318.701999999999	0.8171514272689819
6319.045999999999	0.8178173303604126
6319.389999999999	0.8169922828674316
6319.7339999999995	0.8147263526916504
6320.0779999999995	0.8156400918960571
6320.422	0.8170153498649597
6320.766	0.8127760291099548
6321.11	0.8099066019058228
6321.454	0.8103015422821045
6321.798	0.812069296836853
6322.142	0.8139002919197083
6322.486	0.8123735785484314
6322.83	0.8113797307014465
6323.174	0.8108268976211548
6323.518	0.815574049949646
6323.861999999999	0.8155159950256348
6324.205999999999	0.8133461475372314
6324.549999999999	0.8091142773628235
6324.893999999999	0.810401439666748
6325.237999999999	0.8108075261116028
6325.581999999999	0.8094797134399414
6325.9259999999995	0.8062421679496765
6326.2699999999995	0.8055717349052429
6326.614	0.8091245293617249
6326.958	0.810429573059082
6327.302	0.8088167905807495
6327.646	0.8077592849731445
6327.99	0.8079981207847595
6328.334	0.8099664449691772
6328.678	0.8075425624847412
6329.022	0.8052006959915161
6329.366	0.8047530055046082
6329.71	0.8043884038925171
6330.053999999999	0.805168092250824
6330.397999999999	0.8033419847488403
6330.741999999999	0.7998252511024475
6331.085999999999	0.8011845350265503
6331.429999999999	0.8020711541175842
6331.773999999999	0.8020822405815125
6332.1179999999995	0.79887455701828
6332.4619999999995	0.7977305054664612
6332.806	0.7978050708770752
6333.15	0.7980872988700867
6333.494	0.7974613308906555
6333.838	0.7947690486907959
6334.182	0.794950008392334
6334.526	0.7967554330825806
6334.87	0.7963493466377258
6335.214	0.7948057651519775
6335.558	0.7945351600646973
6335.902	0.793240487575531
6336.245999999999	0.7933750152587891
6336.589999999999	0.7920291423797607
6336.933999999999	0.7889321446418762
6337.277999999999	0.7890164256095886
6337.621999999999	0.7920462489128113
6337.965999999999	0.7936786413192749
6338.3099999999995	0.7909347414970398
6338.6539999999995	0.7901307344436646
6338.998	0.7927737236022949
6339.342	0.7943081259727478
6339.686	0.7935070991516113
6340.03	0.7907737493515015
6340.374	0.788715124130249
6340.718	0.7889124155044556
6341.062	0.7895891070365906
6341.406	0.7884151935577393
6341.75	0.7856906652450562
6342.093999999999	0.784558117389679
6342.437999999999	0.7856022715568542
6342.781999999999	0.7863458395004272
6343.125999999999	0.7860486507415771
6343.469999999999	0.7836255431175232
6343.813999999999	0.7820358872413635
6344.157999999999	0.7830643653869629
6344.5019999999995	0.7824247479438782
6344.846	0.7797292470932007
6345.19	0.7781500220298767
6345.534	0.78067547082901
6345.878	0.7818869948387146
6346.222	0.7777799367904663
6346.566	0.7737546563148499
6346.91	0.7695915102958679
6347.254	0.766796886920929
6347.598	0.763645350933075
6347.942	0.7586602568626404
6348.285999999999	0.7526984810829163
6348.629999999999	0.7494783401489258
6348.973999999999	0.7497467994689941
6349.317999999999	0.7513895630836487
6349.661999999999	0.7493530511856079
6350.005999999999	0.7486901879310608
6350.349999999999	0.752813458442688
6350.6939999999995	0.7585045695304871
6351.038	0.7608186602592468
6351.382	0.7591532468795776
6351.726	0.7620802521705627
6352.07	0.7667132019996643
6352.414	0.7713711857795715
6352.758	0.7696890830993652
6353.102	0.7680801153182983
6353.446	0.7693555355072021
6353.79	0.7710433602333069
6354.134	0.7725539803504944
6354.477999999999	0.7731177806854248
6354.821999999999	0.7701821327209473
6355.165999999999	0.7702405452728271
6355.509999999999	0.771449863910675
6355.853999999999	0.7693568468093872
6356.197999999999	0.7669461965560913
6356.5419999999995	0.7658337354660034
6356.8859999999995	0.7653762102127075
6357.23	0.7667160630226135
6357.574	0.7672221064567566
6357.918	0.7645978927612305
6358.262	0.7647767663002014
6358.606	0.7691910266876221
6358.95	0.769521176815033
6359.294	0.765233039855957
6359.638	0.7649802565574646
6359.982	0.7644734382629395
6360.326	0.7661623954772949
6360.669999999999	0.7647336721420288
6361.013999999999	0.7624871134757996
6361.357999999999	0.7618534564971924
6361.701999999999	0.7643322944641113
6362.045999999999	0.7657508850097656
6362.389999999999	0.7645134329795837
6362.7339999999995	0.7628395557403564
6363.0779999999995	0.7608776092529297
6363.422	0.7627035975456238
6363.766	0.7629770636558533
6364.11	0.7607055306434631
6364.454	0.7585393190383911
6364.798	0.7583545446395874
6365.142	0.759279191493988
6365.486	0.7596502304077148
6365.83	0.7596058249473572
6366.174	0.760010302066803
6366.518	0.761590301990509
6366.861999999999	0.7627980709075928
6367.205999999999	0.7613456845283508
6367.549999999999	0.7581175565719604
6367.893999999999	0.7565988302230835
6368.237999999999	0.7575085163116455
6368.581999999999	0.7578519582748413
6368.9259999999995	0.756964385509491
6369.2699999999995	0.753987193107605
6369.614	0.753130316734314
6369.958	0.7532810568809509
6370.302	0.7533571124076843
6370.646	0.7504609823226929
6370.99	0.7464034557342529
6371.334	0.7448883652687073
6371.678	0.744425356388092
6372.022	0.7398669719696045
6372.366	0.7356278300285339
6372.71	0.7342792749404907
6373.053999999999	0.7356957197189331
6373.397999999999	0.7389546036720276
6373.741999999999	0.7384036183357239
6374.085999999999	0.7374645471572876
6374.429999999999	0.7390149831771851
6374.773999999999	0.7412679195404053
6375.1179999999995	0.7464680075645447
6375.4619999999995	0.7454130053520203
6375.806	0.7433748245239258
6376.15	0.7459797859191895
6376.494	0.7485330104827881
6376.838	0.750115692615509
6377.182	0.7496883273124695
6377.526	0.7473999261856079
6377.87	0.74810791015625
6378.214	0.7514695525169373
6378.558	0.7509778141975403
6378.902	0.7498031258583069
6379.245999999999	0.7485950589179993
6379.589999999999	0.7472017407417297
6379.933999999999	0.7470009922981262
6380.277999999999	0.7463877201080322
6380.621999999999	0.7445035576820374
6380.965999999999	0.7451926469802856
6381.3099999999995	0.7479148507118225
6381.6539999999995	0.7486931681632996
6381.998	0.7488848567008972
6382.342	0.7466174960136414
6382.686	0.7457309365272522
6383.03	0.7455952167510986
6383.374	0.7457971572875977
6383.718	0.7447022199630737
6384.062	0.7423197627067566
6384.406	0.7434590458869934
6384.75	0.746563732624054
6385.093999999999	0.7478150129318237
6385.437999999999	0.7469810843467712
6385.781999999999	0.7452941536903381
6386.125999999999	0.7466667890548706
6386.469999999999	0.7500311732292175
6386.813999999999	0.7481793165206909
6387.157999999999	0.744333803653717
6387.5019999999995	0.7446571588516235
6387.846	0.7467993497848511
6388.19	0.7493378520011902
6388.534	0.7479971051216125
6388.878	0.7443518042564392
6389.222	0.7422835826873779
6389.566	0.7448682188987732
6389.91	0.7472792267799377
6390.254	0.7462422847747803
6390.598	0.7433137893676758
6390.942	0.742087185382843
6391.285999999999	0.7448968887329102
6391.629999999999	0.7459919452667236
6391.973999999999	0.7448528409004211
6392.317999999999	0.7452876567840576
6392.661999999999	0.7458440661430359
6393.005999999999	0.7489915490150452
6393.349999999999	0.74899822473526
6393.6939999999995	0.7457720041275024
6394.038	0.7448830604553223
6394.382	0.7458484172821045
6394.726	0.7468365430831909
6395.07	0.7465654611587524
6395.414	0.7452988028526306
6395.758	0.7455796003341675
6396.102	0.7493130564689636
6396.446	0.751189649105072
6396.79	0.7490583062171936
6397.134	0.7484540939331055
6397.477999999999	0.7476052641868591
6397.821999999999	0.747487485408783
6398.165999999999	0.7526280879974365
6398.509999999999	0.7502366304397583
6398.853999999999	0.7468215227127075
6399.197999999999	0.7460803389549255
6399.5419999999995	0.7504947185516357
6399.8859999999995	0.7525889873504639
6400.23	0.7498356103897095
6400.574	0.747101902961731
6400.918	0.7480391263961792
6401.262	0.7490993738174438
6401.606	0.7467177510261536
6401.95	0.7441778779029846
6402.294	0.7435534596443176
6402.638	0.7426605224609375
6402.982	0.7430165410041809
6403.326	0.7440312504768372
6403.669999999999	0.743293046951294
6404.013999999999	0.7422075867652893
6404.357999999999	0.7431442141532898
6404.701999999999	0.7436788082122803
6405.045999999999	0.7432178854942322
6405.389999999999	0.7408872246742249
6405.7339999999995	0.7392148971557617
6406.0779999999995	0.7425817251205444
6406.422	0.74407958984375
6406.766	0.7466883063316345
6407.11	0.7445659041404724
6407.454	0.7455943822860718
6407.798	0.7477683424949646
6408.142	0.7480685114860535
6408.486	0.7444140911102295
6408.83	0.7412508130073547
6409.174	0.7415252923965454
6409.518	0.7410122156143188
6409.861999999999	0.7419726252555847
6410.205999999999	0.742426872253418
6410.549999999999	0.7411805987358093
6410.893999999999	0.7421300411224365
6411.237999999999	0.7446580529212952
6411.581999999999	0.7445829510688782
6411.9259999999995	0.7427927255630493
6412.2699999999995	0.7399398684501648
6412.614	0.7403134107589722
6412.958	0.7412742376327515
6413.302	0.7412976622581482
6413.646	0.7404956221580505
6413.99	0.7403145432472229
6414.334	0.7432555556297302
6414.678	0.7443198561668396
6415.022	0.746075451374054
6415.366	0.7430744767189026
6415.71	0.7407732605934143
6416.053999999999	0.7431294322013855
6416.397999999999	0.7437291741371155
6416.741999999999	0.7402557730674744
6417.085999999999	0.7386975288391113
6417.429999999999	0.738261878490448
6417.773999999999	0.7421082854270935
6418.1179999999995	0.744900643825531
6418.4619999999995	0.7440680265426636
6418.806	0.7399813532829285
6419.15	0.7401694655418396
6419.494	0.7433057427406311
6419.838	0.7443032264709473
6420.182	0.7425897121429443
6420.526	0.7404983639717102
6420.87	0.7421106100082397
6421.214	0.746187686920166
6421.558	0.7466275095939636
6421.902	0.7440649271011353
6422.245999999999	0.741134524345398
6422.589999999999	0.7427029013633728
6422.933999999999	0.7444893717765808
6423.277999999999	0.7425493597984314
6423.621999999999	0.7404929399490356
6423.965999999999	0.7381485104560852
6424.3099999999995	0.7388012409210205
6424.6539999999995	0.7427870035171509
6424.998	0.7420321702957153
6425.342	0.7402104735374451
6425.686	0.7372173070907593
6426.03	0.7382478713989258
6426.374	0.740334689617157
6426.718	0.7394723296165466
6427.062	0.7366564869880676
6427.406	0.7346997261047363
6427.75	0.7363848090171814
6428.093999999999	0.7397497296333313
6428.437999999999	0.7386075854301453
6428.781999999999	0.7372570633888245
6429.125999999999	0.736031711101532
6429.469999999999	0.7372121810913086
6429.813999999999	0.7378863096237183
6430.157999999999	0.7362898588180542
6430.5019999999995	0.7317629456520081
6430.846	0.7328960299491882
6431.19	0.7364070415496826
6431.534	0.7380270957946777
6431.878	0.7382621169090271
6432.222	0.7363479733467102
6432.566	0.736477792263031
6432.91	0.7387581467628479
6433.254	0.7382983565330505
6433.598	0.7359053492546082
6433.942	0.7333942651748657
6434.286	0.7341468334197998
6434.629999999999	0.7371241450309753
6434.973999999999	0.7377273440361023
6435.317999999999	0.7369393110275269
6435.661999999999	0.7355934381484985
6436.005999999999	0.7342694401741028
6436.349999999999	0.7365659475326538
6436.6939999999995	0.737481951713562
6437.038	0.7344249486923218
6437.382	0.7321439385414124
6437.726	0.7327326536178589
6438.07	0.7355197668075562
6438.414	0.7380527853965759
6438.758	0.7346041202545166
6439.102	0.7335396409034729
6439.446	0.7345942854881287
6439.79	0.7353696227073669
6440.134	0.7338601350784302
6440.477999999999	0.730156421661377
6440.821999999999	0.7274062633514404
6441.165999999999	0.7298128008842468
6441.509999999999	0.7349064946174622
6441.853999999999	0.7359970808029175
6442.197999999999	0.7344471216201782
6442.5419999999995	0.7331762313842773
6442.8859999999995	0.7338453531265259
6443.23	0.7354973554611206
6443.574	0.7335689067840576
6443.918	0.7296481728553772
6444.262	0.728031575679779
6444.606	0.7282881140708923
6444.95	0.7315922975540161
6445.294	0.7321429252624512
6445.638	0.7297021746635437
6445.982	0.7278812527656555
6446.326	0.7303553819656372
6446.669999999999	0.7309637069702148
6447.013999999999	0.7294338941574097
6447.357999999999	0.7250816822052002
6447.701999999999	0.7232420444488525
6448.045999999999	0.7271406650543213
6448.389999999999	0.7304771542549133
6448.7339999999995	0.7310613393783569
6449.0779999999995	0.7274652123451233
6449.422	0.7271409034729004
6449.766	0.7293026447296143
6450.11	0.7311355471611023
6450.454	0.729726254940033
6450.798	0.7251535654067993
6451.142	0.7238228917121887
6451.486	0.7272845506668091
6451.83	0.7288821935653687
6452.174	0.7283066511154175
6452.518	0.7253188490867615
6452.861999999999	0.7248590588569641
6453.205999999999	0.7271548509597778
6453.549999999999	0.729345440864563
6453.893999999999	0.7267192006111145
6454.237999999999	0.7235932946205139
6454.581999999999	0.722206175327301
6454.9259999999995	0.7258546352386475
6455.2699999999995	0.7285332679748535
6455.614	0.7270505428314209
6455.958	0.7249137759208679
6456.302	0.722976803779602
6456.646	0.7236740589141846
6456.99	0.7245140671730042
6457.334	0.7227876782417297
6457.678	0.720382034778595
6458.022	0.721815288066864
6458.366	0.7259495854377747
6458.71	0.7282777428627014
6459.053999999999	0.7281072735786438
6459.397999999999	0.7266381978988647
6459.741999999999	0.725739598274231
6460.085999999999	0.7281292676925659
6460.429999999999	0.7301269769668579
6460.773999999999	0.7267467975616455
6461.1179999999995	0.7235426902770996
6461.4619999999995	0.7218517065048218
6461.806	0.7242187261581421
6462.15	0.727984607219696
6462.494	0.7278456687927246
6462.838	0.7233911752700806
6463.182	0.7199375033378601
6463.526	0.7223901152610779
6463.87	0.7233961820602417
6464.214	0.7210628986358643
6464.558	0.717757523059845
6464.902	0.7173843383789062
6465.245999999999	0.7235536575317383
6465.589999999999	0.7256152033805847
6465.933999999999	0.7231566905975342
6466.277999999999	0.7204800844192505
6466.621999999999	0.7199134230613708
6466.965999999999	0.7202223539352417
6467.3099999999995	0.7222965955734253
6467.6539999999995	0.7184009552001953
6467.998	0.7156438827514648
6468.342	0.7177176475524902
6468.686	0.7215605974197388
6469.03	0.7275234460830688
6469.374	0.7218635678291321
6469.718	0.7165364027023315
6470.062	0.7161915302276611
6470.406	0.7191473841667175
6470.75	0.7203934788703918
6471.093999999999	0.7186980247497559
6471.437999999999	0.7154451012611389
6471.781999999999	0.7153507471084595
6472.125999999999	0.716185450553894
6472.469999999999	0.7175999283790588
6472.813999999999	0.7176501154899597
6473.157999999999	0.7143892049789429
6473.5019999999995	0.713240921497345
6473.846	0.7154409289360046
6474.19	0.7154527306556702
6474.534	0.7116646766662598
6474.878	0.7075709104537964
6475.222	0.7055445909500122
6475.566	0.7089917063713074
6475.91	0.7121015191078186
6476.254	0.7134919762611389
6476.598	0.7112087607383728
6476.942	0.7098941206932068
6477.286	0.7138688564300537
6477.629999999999	0.7152726054191589
6477.973999999999	0.7151590585708618
6478.317999999999	0.7137818336486816
6478.661999999999	0.7121358513832092
6479.005999999999	0.7147794365882874
6479.349999999999	0.7170354127883911
6479.6939999999995	0.7146336436271667
6480.038	0.7094919085502625
6480.382	0.7108587622642517
6480.726	0.7124940752983093
6481.07	0.7159087061882019
6481.414	0.7148897647857666
6481.758	0.714052677154541
6482.102	0.714202344417572
6482.446	0.7147665023803711
6482.79	0.7126583456993103
6483.134	0.7106094360351562
6483.477999999999	0.7049077749252319
6483.821999999999	0.7059078812599182
6484.165999999999	0.7120648622512817
6484.509999999999	0.7150353789329529
6484.853999999999	0.7162346243858337
6485.197999999999	0.714902400970459
6485.5419999999995	0.7143030166625977
6485.8859999999995	0.716346800327301
6486.23	0.716432511806488
6486.574	0.713945746421814
6486.918	0.711567223072052
6487.262	0.711821973323822
6487.606	0.7143816947937012
6487.95	0.7173107266426086
6488.294	0.714756965637207
6488.638	0.7134653925895691
6488.982	0.7122461795806885
6489.326	0.7136173248291016
6489.669999999999	0.7165125012397766
6490.013999999999	0.7126988768577576
6490.357999999999	0.7073209285736084
6490.701999999999	0.7046939134597778
6491.045999999999	0.7105904817581177
6491.389999999999	0.7158754467964172
6491.7339999999995	0.7151557803153992
6492.0779999999995	0.7129206657409668
6492.422	0.7084537744522095
6492.766	0.7089253067970276
6493.11	0.7125526666641235
6493.454	0.7105959057807922
6493.798	0.7100807428359985
6494.142	0.7074548006057739
6494.486	0.7112333178520203
6494.83	0.7161871194839478
6495.174	0.7130160927772522
6495.518	0.7070130705833435
6495.861999999999	0.7034777998924255
6496.205999999999	0.7076924443244934
6496.549999999999	0.7123176455497742
6496.893999999999	0.7101778388023376
6497.237999999999	0.7078629732131958
6497.581999999999	0.7067472338676453
6497.9259999999995	0.7111912369728088
6498.2699999999995	0.7151299715042114
6498.614	0.7149193286895752
6498.958	0.7111130952835083
6499.302	0.7087425589561462
6499.646	0.7097692489624023
6499.99	0.7125833034515381
6500.334	0.7128666043281555
6500.678	0.7100329995155334
6501.022	0.707420825958252
6501.366	0.7099012136459351
6501.71	0.7114756107330322
6502.053999999999	0.7118446826934814
6502.397999999999	0.7095644474029541
6502.741999999999	0.7070212364196777
6503.085999999999	0.7089566588401794
6503.429999999999	0.7117521166801453
6503.773999999999	0.7107880711555481
6504.1179999999995	0.7111063599586487
6504.4619999999995	0.7098667621612549
6504.806	0.709311842918396
6505.15	0.709541916847229
6505.494	0.7111066579818726
6505.838	0.708778977394104
6506.182	0.705426037311554
6506.526	0.705129861831665
6506.87	0.7072813510894775
6507.214	0.7103211879730225
6507.558	0.7071510553359985
6507.902	0.703578531742096
6508.245999999999	0.7028049826622009
6508.589999999999	0.7036446332931519
6508.933999999999	0.7039089202880859
6509.277999999999	0.7048116326332092
6509.621999999999	0.7031601071357727
6509.965999999999	0.703511655330658
6510.3099999999995	0.70729660987854
6510.6539999999995	0.7126131057739258
6510.998	0.7094941735267639
6511.342	0.7044415473937988
6511.686	0.703751802444458
6512.03	0.7056970000267029
6512.374	0.7080827951431274
6512.718	0.7070664763450623
6513.062	0.7044161558151245
6513.406	0.7056974172592163
6513.75	0.7079472541809082
6514.093999999999	0.7074193954467773
6514.437999999999	0.7039852142333984
6514.781999999999	0.6987870931625366
6515.125999999999	0.7002692222595215
6515.469999999999	0.7024320363998413
6515.813999999999	0.7031224966049194
6516.157999999999	0.6999452710151672
6516.5019999999995	0.6961735486984253
6516.846	0.6983624696731567
6517.19	0.7039955258369446
6517.534	0.7078028321266174
6517.878	0.7068297266960144
6518.222	0.7029904127120972
6518.566	0.7024441957473755
6518.91	0.7035648822784424
6519.254	0.7057980298995972
6519.598	0.7078302502632141
6519.942	0.7074487209320068
6520.286	0.7039429545402527
6520.629999999999	0.7060267925262451
6520.973999999999	0.7069854736328125
6521.317999999999	0.7054000496864319
6521.661999999999	0.7022179365158081
6522.005999999999	0.700731098651886
6522.349999999999	0.7035896182060242
6522.6939999999995	0.7078948020935059
6523.038	0.7074477672576904
6523.382	0.7027005553245544
6523.726	0.698939859867096
6524.07	0.70126873254776
6524.414	0.7040178775787354
6524.758	0.7036572098731995
6525.102	0.7030295133590698
6525.446	0.7017785310745239
6525.79	0.7026495337486267
6526.134	0.706038773059845
6526.477999999999	0.705346941947937
6526.821999999999	0.7014608979225159
6527.165999999999	0.6978013515472412
6527.509999999999	0.6985191702842712
6527.853999999999	0.704306423664093
6528.197999999999	0.7064661979675293
6528.5419999999995	0.7039374113082886
6528.8859999999995	0.7028985023498535
6529.23	0.7032870650291443
6529.574	0.7042497992515564
6529.918	0.7052130699157715
6530.262	0.7019391059875488
6530.606	0.697028636932373
6530.95	0.6962786912918091
6531.294	0.7022359371185303
6531.638	0.7036342024803162
6531.982	0.7005842328071594
6532.326	0.6956267356872559
6532.67	0.6956807374954224
6533.013999999999	0.6984988451004028
6533.357999999999	0.6973247528076172
6533.701999999999	0.6976864337921143
6534.045999999999	0.6950638294219971
6534.389999999999	0.6963217854499817
6534.7339999999995	0.697554886341095
6535.0779999999995	0.7008016109466553
6535.422	0.6995999813079834
6535.766	0.69626784324646
6536.11	0.6951280832290649
6536.454	0.6957334280014038
6536.798	0.6974048614501953
6537.142	0.6972404718399048
6537.486	0.6961507201194763
6537.83	0.6956644058227539
6538.174	0.6983535289764404
6538.518	0.6984333992004395
6538.861999999999	0.6975869536399841
6539.205999999999	0.6943718194961548
6539.549999999999	0.6919399499893188
6539.893999999999	0.6953531503677368
6540.237999999999	0.6986268162727356
6540.581999999999	0.7006912231445312
6540.9259999999995	0.6977167129516602
6541.2699999999995	0.6942632794380188
6541.614	0.6928971409797668
6541.958	0.6954525709152222
6542.302	0.6947441697120667
6542.646	0.6912078261375427
6542.99	0.687113881111145
6543.334	0.6849939823150635
6543.678	0.686336100101471
6544.022	0.689437210559845
6544.366	0.6869152188301086
6544.71	0.6825417280197144
6545.053999999999	0.6833542585372925
6545.397999999999	0.6852158308029175
6545.741999999999	0.6867807507514954
6546.085999999999	0.6852771043777466
6546.429999999999	0.681842029094696
6546.773999999999	0.6797915697097778
6547.1179999999995	0.6801770925521851
6547.4619999999995	0.6809260249137878
6547.806	0.6767977476119995
6548.15	0.6720700263977051
6548.494	0.6712074875831604
6548.838	0.675265908241272
6549.182	0.6810415387153625
6549.526	0.6806619763374329
6549.87	0.6778517365455627
6550.214	0.6757807731628418
6550.558	0.6739947199821472
6550.902	0.6758114099502563
6551.245999999999	0.6748571991920471
6551.589999999999	0.6706869602203369
6551.933999999999	0.6688060164451599
6552.277999999999	0.6674580574035645
6552.621999999999	0.6658747792243958
6552.965999999999	0.6663761138916016
6553.3099999999995	0.6618838310241699
6553.6539999999995	0.6575711965560913
6553.998	0.657718300819397
6554.342	0.6591708064079285
6554.686	0.6576605439186096
6555.03	0.6562668681144714
6555.374	0.6527689695358276
6555.718	0.6501445174217224
6556.062	0.6473615169525146
6556.406	0.6466692090034485
6556.75	0.6437656879425049
6557.093999999999	0.6406641006469727
6557.437999999999	0.6420505046844482
6557.781999999999	0.647929310798645
6558.125999999999	0.6583704352378845
6558.469999999999	0.6688576340675354
6558.813999999999	0.6836772561073303
6559.157999999999	0.7076322436332703
6559.5019999999995	0.7443121671676636
6559.846	0.7961043119430542
6560.19	0.8652940392494202
6560.534	0.9429051876068115
6560.878	1.0315989255905151
6561.222	1.1163045167922974
6561.566	1.1885679960250854
6561.91	1.254529356956482
6562.254	1.2786375284194946
6562.598	1.2842398881912231
6562.942	1.29055655002594
6563.286	1.3056836128234863
6563.629999999999	1.3167520761489868
6563.973999999999	1.3054882287979126
6564.317999999999	1.2838342189788818
6564.661999999999	1.2332347631454468
6565.005999999999	1.1695754528045654
6565.349999999999	1.0897701978683472
6565.6939999999995	1.0041335821151733
6566.038	0.9229279160499573
6566.382	0.8505404591560364
6566.726	0.8022338151931763
6567.07	0.7623898983001709
6567.414	0.7287308573722839
6567.758	0.7032589912414551
6568.102	0.6859163045883179
6568.446	0.6774251461029053
6568.79	0.6716409921646118
6569.134	0.6753837466239929
6569.477999999999	0.6713826060295105
6569.821999999999	0.6619347333908081
6570.165999999999	0.6622195243835449
6570.509999999999	0.6654734015464783
6570.853999999999	0.6653881072998047
6571.197999999999	0.6642283797264099
6571.5419999999995	0.6636382341384888
6571.8859999999995	0.6650251746177673
6572.23	0.6692142486572266
6572.574	0.6722107529640198
6572.918	0.6715556383132935
6573.262	0.6713784337043762
6573.606	0.673288106918335
6573.95	0.6773399710655212
6574.294	0.6797181963920593
6574.638	0.6789840459823608
6574.982	0.6779696345329285
6575.326	0.6816682815551758
6575.67	0.6858353614807129
6576.013999999999	0.6870469450950623
6576.357999999999	0.6851534843444824
6576.701999999999	0.6827252507209778
6577.045999999999	0.6840431690216064
6577.389999999999	0.6885104775428772
6577.7339999999995	0.691512405872345
6578.0779999999995	0.6914053559303284
6578.422	0.6899624466896057
6578.766	0.689039409160614
6579.11	0.6920980215072632
6579.454	0.694583535194397
6579.798	0.6948772668838501
6580.142	0.6944620013237
6580.486	0.6930291652679443
6580.83	0.6946872472763062
6581.174	0.6979396343231201
6581.518	0.7014214992523193
6581.861999999999	0.6976967453956604
6582.205999999999	0.6946126222610474
6582.549999999999	0.6948111057281494
6582.893999999999	0.6994219422340393
6583.237999999999	0.7023047208786011
6583.581999999999	0.7013104557991028
6583.9259999999995	0.7021947503089905
6584.2699999999995	0.7017900943756104
6584.614	0.7037357091903687
6584.958	0.7051581144332886
6585.302	0.7032743692398071
6585.646	0.7029353380203247
6585.99	0.7027437090873718
6586.334	0.7041931748390198
6586.678	0.7070967555046082
6587.022	0.7081438302993774
6587.366	0.7071306109428406
6587.709999999999	0.7052406072616577
6588.054	0.7072842121124268
6588.397999999999	0.7088838815689087
6588.741999999999	0.7120214700698853
6589.085999999999	0.7102503776550293
6589.429999999999	0.706170380115509
6589.773999999999	0.7059208154678345
6590.1179999999995	0.7110311388969421
6590.4619999999995	0.7118086218833923
6590.806	0.7099109888076782
6591.15	0.7064980864524841
6591.494	0.7108696699142456
6591.838	0.7134449481964111
6592.182	0.7135864496231079
6592.526	0.7112917304039001
6592.87	0.7070730328559875
6593.214	0.7045708894729614
6593.558	0.7072407603263855
6593.902	0.7104130983352661
6594.245999999999	0.7099683284759521
6594.589999999999	0.7096448540687561
6594.933999999999	0.7064321041107178
6595.277999999999	0.7047227025032043
6595.621999999999	0.7073268294334412
6595.965999999999	0.7095656394958496
6596.3099999999995	0.7090490460395813
6596.6539999999995	0.7058287858963013
6596.998	0.7055543065071106
6597.342	0.7096143960952759
6597.686	0.71144700050354
6598.03	0.7095950841903687
6598.374	0.705877959728241
6598.718	0.7041038274765015
6599.062	0.7049278020858765
6599.406	0.7083930373191833
6599.75	0.7105933427810669
6600.093999999999	0.7063779830932617
6600.437999999999	0.7037948369979858
6600.781999999999	0.705285370349884
6601.125999999999	0.7095714807510376
6601.469999999999	0.7103952169418335
6601.813999999999	0.7066484689712524
6602.157999999999	0.7054783701896667
6602.5019999999995	0.7086754441261292
6602.846	0.7118874788284302
6603.19	0.7130930423736572
6603.534	0.7106916308403015
6603.878	0.7079876661300659
6604.222	0.708029568195343
6604.566	0.7118315100669861
6604.91	0.7138432264328003
6605.254	0.7126948237419128
6605.598	0.7108060717582703
6605.942	0.7131052017211914
6606.286	0.7144738435745239
6606.629999999999	0.7143495678901672
6606.973999999999	0.7150605320930481
6607.317999999999	0.7133316397666931
6607.661999999999	0.7109705805778503
6608.005999999999	0.7129550576210022
6608.349999999999	0.7153928279876709
6608.6939999999995	0.7158554792404175
6609.038	0.7123098969459534
6609.382	0.7094070911407471
6609.726	0.7108007669448853
6610.07	0.7125244140625
6610.414	0.7146058082580566
6610.758	0.7157118916511536
6611.102	0.7125695943832397
6611.446	0.7114054560661316
6611.79	0.712592601776123
6612.134	0.7137110233306885
6612.477999999999	0.7126960754394531
6612.821999999999	0.7096561789512634
6613.165999999999	0.7087762951850891
6613.509999999999	0.712110698223114
6613.853999999999	0.7143716216087341
6614.197999999999	0.7140007019042969
6614.5419999999995	0.7114645838737488
6614.8859999999995	0.7112295627593994
6615.23	0.712856113910675
6615.574	0.7146486639976501
6615.918	0.7148406505584717
6616.262	0.7130166292190552
6616.606	0.7102383375167847
6616.95	0.7108421921730042
6617.294	0.7132834196090698
6617.638	0.7147995233535767
6617.982	0.7127355933189392
6618.326	0.7100340127944946
6618.67	0.7099307179450989
6619.013999999999	0.712441623210907
6619.357999999999	0.7131820917129517
6619.701999999999	0.7131749987602234
6620.045999999999	0.7112428545951843
6620.389999999999	0.710334062576294
6620.7339999999995	0.7128459215164185
6621.0779999999995	0.7147350907325745
6621.422	0.7145180106163025
6621.766	0.7121515274047852
6622.11	0.7116554379463196
6622.454	0.711782693862915
6622.798	0.713477373123169
6623.142	0.7136735916137695
6623.486	0.712620198726654
6623.83	0.7117046117782593
6624.174	0.7132740616798401
6624.518	0.7160801887512207
6624.861999999999	0.7165250778198242
6625.205999999999	0.71406489610672
6625.549999999999	0.7120617628097534
6625.893999999999	0.711183488368988
6626.237999999999	0.7133504748344421
6626.581999999999	0.7156988978385925
6626.9259999999995	0.7159188389778137
6627.2699999999995	0.7155677080154419
6627.614	0.7137261629104614
6627.958	0.7137632966041565
6628.302	0.7157084345817566
6628.646	0.715257465839386
6628.99	0.7140253782272339
6629.334	0.7119279503822327
6629.678	0.7125898003578186
6630.022	0.7132096886634827
6630.366	0.7130481600761414
6630.71	0.713458240032196
6631.054	0.709806501865387
6631.397999999999	0.7090283632278442
6631.741999999999	0.7130529880523682
6632.085999999999	0.7155706286430359
6632.429999999999	0.7155603170394897
6632.773999999999	0.7134394645690918
6633.1179999999995	0.7104924917221069
6633.4619999999995	0.7118216753005981
6633.806	0.7142277956008911
6634.15	0.7153617739677429
6634.494	0.7141733765602112
6634.838	0.715069055557251
6635.182	0.7148869037628174
6635.526	0.7152782678604126
6635.87	0.714745044708252
6636.214	0.7140569686889648
6636.558	0.7122613787651062
6636.902	0.7134073376655579
6637.245999999999	0.715057909488678
6637.589999999999	0.7159938216209412
6637.933999999999	0.7169296145439148
6638.277999999999	0.7161121368408203
6638.621999999999	0.712642252445221
6638.965999999999	0.7110366821289062
6639.3099999999995	0.7148898243904114
6639.6539999999995	0.7166805267333984
6639.998	0.7168005704879761
6640.342	0.7158386707305908
6640.686	0.713737964630127
6641.03	0.7148255705833435
6641.374	0.7170376181602478
6641.718	0.7179849743843079
6642.062	0.7160778641700745
6642.406	0.7175026535987854
6642.75	0.7192652821540833
6643.093999999999	0.7196632623672485
6643.437999999999	0.7190758585929871
6643.781999999999	0.716404378414154
6644.125999999999	0.7173357009887695
6644.469999999999	0.7194640040397644
6644.813999999999	0.7214518785476685
6645.157999999999	0.7219467163085938
6645.5019999999995	0.7200878858566284
6645.846	0.7176076173782349
6646.19	0.7170713543891907
6646.534	0.7200033068656921
6646.878	0.7218922972679138
6647.222	0.7224696278572083
6647.566	0.7209725379943848
6647.91	0.7190086245536804
6648.254	0.7202759981155396
6648.598	0.7209221720695496
6648.942	0.7229803204536438
6649.286	0.7209002375602722
6649.629999999999	0.7212347388267517
6649.973999999999	0.7218655347824097
6650.317999999999	0.7227222919464111
6650.661999999999	0.724356472492218
6651.005999999999	0.7233467102050781
6651.349999999999	0.7218269109725952
6651.6939999999995	0.7222155928611755
6652.038	0.7221795320510864
6652.382	0.7238128185272217
6652.726	0.7258709073066711
6653.07	0.723639726638794
6653.414	0.720770001411438
6653.758	0.7221757173538208
6654.102	0.7236948609352112
6654.446	0.7247607111930847
6654.79	0.7229921817779541
6655.134	0.7205279469490051
6655.477999999999	0.7204298377037048
6655.821999999999	0.7208840847015381
6656.165999999999	0.7220897674560547
6656.509999999999	0.7216782569885254
6656.853999999999	0.7195776700973511
6657.197999999999	0.7181711196899414
6657.5419999999995	0.7203544974327087
6657.8859999999995	0.7214593291282654
6658.23	0.7221096158027649
6658.574	0.7206861972808838
6658.918	0.719332754611969
6659.262	0.7208907604217529
6659.606	0.7214257121086121
6659.95	0.7232110500335693
6660.294	0.7215279340744019
6660.638	0.7175688147544861
6660.982	0.717546820640564
6661.326	0.7205111980438232
6661.67	0.7220107913017273
6662.013999999999	0.7199106216430664
6662.357999999999	0.7211107611656189
6662.701999999999	0.720275342464447
6663.045999999999	0.7208627462387085
6663.389999999999	0.7261059880256653
6663.7339999999995	0.7259671688079834
6664.0779999999995	0.7220531105995178
6664.422	0.7225250005722046
6664.766	0.722497820854187
6665.11	0.7226980924606323
6665.454	0.7258057594299316
6665.798	0.7245228290557861
6666.142	0.7211997509002686
6666.486	0.7212122082710266
6666.83	0.7208532691001892
6667.174	0.7219202518463135
6667.518	0.7249419689178467
6667.861999999999	0.722212553024292
6668.205999999999	0.7217512130737305
6668.549999999999	0.7229880690574646
6668.893999999999	0.7286227345466614
6669.237999999999	0.7281890511512756
6669.581999999999	0.7241979241371155
6669.9259999999995	0.7237763404846191
6670.2699999999995	0.723939836025238
6670.614	0.7232167720794678
6670.958	0.7230217456817627
6671.302	0.7231261730194092
6671.646	0.7227296233177185
6671.99	0.7222893834114075
6672.334	0.7220485806465149
6672.678	0.7207056283950806
6673.022	0.7223660945892334
6673.366	0.7218800187110901
6673.71	0.7207921147346497
6674.054	0.7236824631690979
6674.397999999999	0.7238672971725464
6674.741999999999	0.7247818112373352
6675.085999999999	0.7219725251197815
6675.429999999999	0.7175288200378418
6675.773999999999	0.7158908843994141
6676.1179999999995	0.716214656829834
6676.4619999999995	0.7189309000968933
6676.806	0.715212345123291
6677.15	0.7119506597518921
6677.494	0.7098342776298523
6677.838	0.708519458770752
6678.182	0.7098709344863892
6678.526	0.7099169492721558
6678.87	0.7077676057815552
6679.214	0.7042827606201172
6679.558	0.7058038711547852
6679.902	0.7095347046852112
6680.245999999999	0.7138687372207642
6680.589999999999	0.7156481742858887
6680.933999999999	0.7124887704849243
6681.277999999999	0.7144826054573059
6681.621999999999	0.7172515988349915
6681.965999999999	0.7194318771362305
6682.3099999999995	0.722042977809906
6682.6539999999995	0.7217521071434021
6682.998	0.7212305068969727
6683.342	0.7249041795730591
6683.686	0.7258617877960205
6684.03	0.7268476486206055
6684.374	0.7270568013191223
6684.718	0.7245047688484192
6685.062	0.7231448888778687
6685.406	0.7257099747657776
6685.75	0.7276133894920349
6686.093999999999	0.7249709367752075
6686.437999999999	0.7238377332687378
6686.781999999999	0.7243150472640991
6687.125999999999	0.7242448329925537
6687.469999999999	0.7258577942848206
6687.813999999999	0.7258583307266235
6688.157999999999	0.7235692739486694
6688.5019999999995	0.719925582408905
6688.846	0.719966471195221
6689.19	0.7216482162475586
6689.534	0.7227824330329895
6689.878	0.7239161133766174
6690.222	0.7231622338294983
6690.566	0.7219176292419434
6690.91	0.7233952283859253
6691.254	0.7238925695419312
6691.598	0.7241586446762085
6691.942	0.7251447439193726
6692.286	0.7242276072502136
6692.629999999999	0.7229346632957458
6692.973999999999	0.7247117161750793
6693.317999999999	0.7262144684791565
6693.661999999999	0.7243855595588684
6694.005999999999	0.7230603694915771
6694.349999999999	0.7220226526260376
6694.6939999999995	0.7230035066604614
6695.038	0.7244021892547607
6695.382	0.7243143320083618
6695.726	0.7241247296333313
6696.07	0.7220006585121155
6696.414	0.7205826044082642
6696.758	0.7228008508682251
6697.102	0.7245568037033081
6697.446	0.7240459322929382
6697.79	0.7237941026687622
6698.134	0.723483681678772
6698.477999999999	0.7225083112716675
6698.821999999999	0.7217919826507568
6699.165999999999	0.7233133912086487
6699.509999999999	0.7221189141273499
6699.853999999999	0.7216168642044067
6700.197999999999	0.7217207551002502
6700.5419999999995	0.7236443758010864
6700.8859999999995	0.7253652215003967
6701.23	0.7248460054397583
6701.574	0.722143828868866
6701.918	0.7202209830284119
6702.262	0.7225029468536377
6702.606	0.7238883972167969
6702.95	0.7230183482170105
6703.294	0.7216992974281311
6703.638	0.7198588252067566
6703.982	0.7225140333175659
6704.326	0.7255304455757141
6704.67	0.7252929210662842
6705.013999999999	0.7241869568824768
6705.357999999999	0.7232826352119446
6705.701999999999	0.7221604585647583
6706.045999999999	0.7230480909347534
6706.389999999999	0.7245281934738159
6706.7339999999995	0.723230242729187
6707.0779999999995	0.7220761775970459
6707.422	0.7212104797363281
6707.766	0.7222106456756592
6708.11	0.7237167358398438
6708.454	0.7223569750785828
6708.798	0.7229067087173462
6709.142	0.7206481099128723
6709.486	0.7214714884757996
6709.83	0.7219758629798889
6710.174	0.7217268347740173
6710.518	0.7227365970611572
6710.861999999999	0.7239629626274109
6711.205999999999	0.7221774458885193
6711.549999999999	0.7213756442070007
6711.893999999999	0.7224698066711426
6712.237999999999	0.722491979598999
6712.581999999999	0.722281813621521
6712.9259999999995	0.7215206623077393
6713.2699999999995	0.7215408682823181
6713.614	0.7227625250816345
6713.958	0.723433256149292
6714.302	0.7202361822128296
6714.646	0.7191239595413208
6714.99	0.7183007597923279
6715.334	0.7171726822853088
6715.678	0.7195641398429871
6716.022	0.722244918346405
6716.366	0.7209701538085938
6716.71	0.7192889451980591
6717.054	0.7200701832771301
6717.397999999999	0.7195903062820435
6717.741999999999	0.7208051085472107
6718.085999999999	0.7185126543045044
6718.429999999999	0.7184945940971375
6718.773999999999	0.7179108262062073
6719.1179999999995	0.7171524167060852
6719.4619999999995	0.718031108379364
6719.806	0.7201411724090576
6720.15	0.7201927304267883
6720.494	0.7183015942573547
6720.838	0.7191781401634216
6721.182	0.7201122045516968
6721.526	0.7202194929122925
6721.87	0.721282958984375
6722.214	0.7176927924156189
6722.558	0.7156094312667847
6722.902	0.7164538502693176
6723.245999999999	0.7192838191986084
6723.589999999999	0.7196053266525269
6723.933999999999	0.718346118927002
6724.277999999999	0.7169123291969299
6724.621999999999	0.7151734828948975
6724.965999999999	0.7161018252372742
6725.3099999999995	0.718001127243042
6725.6539999999995	0.718000590801239
6725.998	0.7164046168327332
6726.342	0.7145615816116333
6726.686	0.7131530046463013
6727.03	0.7149049043655396
6727.374	0.7172654271125793
6727.718	0.716435432434082
6728.062	0.7142997980117798
6728.406	0.7141503095626831
6728.75	0.7159290313720703
6729.093999999999	0.7158656120300293
6729.438	0.7140470147132874
6729.781999999999	0.7143452167510986
6730.125999999999	0.7147589921951294
6730.469999999999	0.7160714864730835
6730.813999999999	0.7187902331352234
6731.157999999999	0.718173086643219
6731.5019999999995	0.7162647247314453
6731.846	0.7167923450469971
6732.19	0.7183927893638611
6732.534	0.7180204391479492
6732.878	0.7169224619865417
6733.222	0.7157806158065796
6733.566	0.7141016721725464
6733.91	0.7129735350608826
6734.254	0.7131211757659912
6734.598	0.7141530513763428
6734.942	0.7145609855651855
6735.286	0.7130541205406189
6735.629999999999	0.712170422077179
6735.973999999999	0.7123451232910156
6736.317999999999	0.7134621739387512
6736.661999999999	0.7141438126564026
6737.005999999999	0.7145348787307739
6737.349999999999	0.7117348909378052
6737.6939999999995	0.7113276124000549
6738.038	0.7143136858940125
6738.382	0.7155880928039551
6738.726	0.7173696160316467
6739.07	0.7161341905593872
6739.414	0.7122878432273865
6739.758	0.7130096554756165
6740.102	0.7120632529258728
6740.446	0.713683545589447
6740.79	0.7124608755111694
6741.134	0.7130942344665527
6741.477999999999	0.7121754884719849
6741.821999999999	0.7117785215377808
6742.165999999999	0.7139045596122742
6742.509999999999	0.7113025188446045
6742.853999999999	0.7092368006706238
6743.197999999999	0.7081859707832336
6743.5419999999995	0.7102816104888916
6743.8859999999995	0.7128990292549133
6744.23	0.7122097015380859
6744.574	0.7119550704956055
6744.918	0.7093654870986938
6745.262	0.7090522646903992
6745.606	0.7103047966957092
6745.95	0.712673544883728
6746.294	0.7108657956123352
6746.638	0.7102468013763428
6746.982	0.7092360258102417
6747.326	0.7074854969978333
6747.67	0.7089535593986511
6748.013999999999	0.7114217281341553
6748.357999999999	0.7109172344207764
6748.701999999999	0.7099339365959167
6749.045999999999	0.7051082849502563
6749.389999999999	0.7081406116485596
6749.7339999999995	0.7086788415908813
6750.0779999999995	0.708375871181488
6750.422	0.7101312875747681
6750.766	0.7080155611038208
6751.11	0.7076392769813538
6751.454	0.7079150080680847
6751.798	0.7078425884246826
6752.142	0.7084947228431702
6752.486	0.7077258825302124
6752.83	0.7077831029891968
6753.174	0.7076516151428223
6753.518	0.7067225575447083
6753.861999999999	0.7074601650238037
6754.205999999999	0.7079655528068542
6754.549999999999	0.7068328857421875
6754.893999999999	0.7085986733436584
6755.237999999999	0.7097843885421753
6755.581999999999	0.7089843153953552
6755.9259999999995	0.7087491154670715
6756.2699999999995	0.7084267735481262
6756.614	0.7067275047302246
6756.958	0.7075784802436829
6757.302	0.7084871530532837
6757.646	0.7074683308601379
6757.99	0.7068694829940796
6758.334	0.7067050933837891
6758.678	0.7057580351829529
6759.022	0.7078679800033569
6759.366	0.70845627784729
6759.71	0.7075230479240417
6760.054	0.7057058811187744
6760.397999999999	0.7035119533538818
6760.741999999999	0.7055335640907288
6761.085999999999	0.7068015336990356
6761.429999999999	0.7080256938934326
6761.773999999999	0.706019401550293
6762.1179999999995	0.705055832862854
6762.4619999999995	0.7050626277923584
6762.806	0.706329345703125
6763.15	0.7082764506340027
6763.494	0.7091514468193054
6763.838	0.7073324918746948
6764.182	0.7052817344665527
6764.526	0.705620288848877
6764.87	0.7071027159690857
6765.214	0.707252562046051
6765.558	0.7025079727172852
6765.902	0.7035263776779175
6766.245999999999	0.7027636170387268
6766.589999999999	0.7027102112770081
6766.933999999999	0.7048283219337463
6767.277999999999	0.7040216326713562
6767.621999999999	0.7044888138771057
6767.965999999999	0.7028855681419373
6768.3099999999995	0.7001387476921082
6768.6539999999995	0.6999396085739136
6768.998	0.7034459710121155
6769.342	0.7044622898101807
6769.686	0.7024388313293457
6770.03	0.7033535242080688
6770.374	0.7055415511131287
6770.718	0.7061084508895874
6771.062	0.7042437791824341
6771.406	0.7038842439651489
6771.75	0.7022799849510193
6772.093999999999	0.703728973865509
6772.438	0.7044832110404968
6772.781999999999	0.7043980360031128
6773.125999999999	0.7043706178665161
6773.469999999999	0.7020860314369202
6773.813999999999	0.7001777291297913
6774.157999999999	0.7023056149482727
6774.5019999999995	0.7035797834396362
6774.846	0.706314742565155
6775.19	0.7051437497138977
6775.534	0.7013547420501709
6775.878	0.7015001177787781
6776.222	0.7027589678764343
6776.566	0.7034681439399719
6776.91	0.705290675163269
6777.254	0.7059849500656128
6777.598	0.7018635869026184
6777.942	0.701892614364624
6778.286	0.7054352760314941
6778.629999999999	0.7024130821228027
6778.973999999999	0.7025863528251648
6779.317999999999	0.7034680247306824
6779.661999999999	0.7020652890205383
6780.005999999999	0.7020359039306641
6780.349999999999	0.702367901802063
6780.6939999999995	0.7032635807991028
6781.038	0.7049107551574707
6781.382	0.7034500241279602
6781.726	0.7024807333946228
6782.07	0.7032458782196045
6782.414	0.7040542364120483
6782.758	0.7013795375823975
6783.102	0.6999189257621765
6783.446	0.6994844079017639
6783.79	0.6962898373603821
6784.134	0.6975893378257751
6784.477999999999	0.6994954943656921
6784.821999999999	0.6990463137626648
6785.165999999999	0.698409378528595
6785.509999999999	0.6974112391471863
6785.853999999999	0.6949685215950012
6786.197999999999	0.6953573226928711
6786.5419999999995	0.6970027685165405
6786.8859999999995	0.6984169483184814
6787.23	0.6970721483230591
6787.574	0.6984283328056335
6787.918	0.697256863117218
6788.262	0.6992194056510925
6788.606	0.7000697255134583
6788.95	0.6995192766189575
6789.294	0.699661910533905
6789.638	0.6986348628997803
6789.982	0.6982288360595703
6790.326	0.7003493905067444
6790.67	0.6997267007827759
6791.013999999999	0.6995226144790649
6791.357999999999	0.6987988948822021
6791.701999999999	0.6986382007598877
6792.045999999999	0.6995456218719482
6792.389999999999	0.6996157765388489
6792.7339999999995	0.6974920034408569
6793.0779999999995	0.6965808272361755
6793.422	0.6975458264350891
6793.766	0.7013393640518188
6794.11	0.7019289135932922
6794.454	0.7010896801948547
6794.798	0.6990673542022705
6795.142	0.6961216330528259
6795.486	0.697144091129303
6795.83	0.698887825012207
6796.174	0.6982364058494568
6796.518	0.6986094117164612
6796.861999999999	0.6959817409515381
6797.205999999999	0.6962970495223999
6797.549999999999	0.6955448985099792
6797.893999999999	0.6960621476173401
6798.237999999999	0.6981947422027588
6798.581999999999	0.6965628266334534
6798.9259999999995	0.6941089630126953
6799.2699999999995	0.6961548328399658
6799.614	0.6969747543334961
