6502.67614772	0.0837596124784
6502.67614772	2.922690100604086e-06
6502.759907332478	-1.1690760402416345e-05
6502.843666944957	4.5301694626687095e-05
6502.927426557435	-0.00018412947247270495
6503.011186169913	0.0007248271140269935
6503.094945782392	-0.0028130891732871532
6503.17870539487	0.010799339041113853
6503.2624650073485	-0.041053567081689835
6503.346224619827	0.2920600175857544
6503.429984232305	0.9063305854797363
6503.513743844784	1.08503258228302
6503.597503457262	1.0375739336013794
6503.68126306974	1.042180061340332
6503.765022682219	1.0399121046066284
6503.848782294697	1.0511395931243896
6503.932541907176	1.0568257570266724
6504.016301519654	1.0561944246292114
6504.100061132132	1.0350794792175293
6504.183820744611	1.0178604125976562
6504.267580357089	1.0263186693191528
6504.351339969568	1.045614242553711
6504.435099582046	1.0462894439697266
6504.518859194524	1.0502569675445557
6504.602618807003	1.063932180404663
6504.686378419481	1.0567277669906616
6504.7701380319595	1.0648703575134277
6504.853897644438	1.0562207698822021
6504.937657256916	1.0644845962524414
6505.021416869395	1.0602598190307617
6505.105176481873	1.0593070983886719
6505.188936094351	1.0526608228683472
6505.27269570683	1.0591464042663574
6505.356455319308	1.0671355724334717
6505.440214931787	1.0663726329803467
6505.523974544265	1.0663741827011108
6505.607734156743	1.0687196254730225
6505.691493769222	1.0648192167282104
6505.7752533817	1.0550150871276855
6505.859012994179	1.048018217086792
6505.942772606657	1.056691288948059
6506.026532219136	1.0559533834457397
6506.110291831615	1.0557574033737183
6506.194051444093	1.0686830282211304
6506.277811056571	1.0683586597442627
6506.36157066905	1.0643881559371948
6506.445330281528	1.072095274925232
6506.529089894007	1.0602730512619019
6506.612849506485	1.0641719102859497
6506.696609118963	1.0720850229263306
6506.780368731442	1.0625088214874268
6506.86412834392	1.0633784532546997
6506.9478879563985	1.0615253448486328
6507.031647568877	1.0594152212142944
6507.115407181355	1.0605477094650269
6507.199166793834	1.0575811862945557
6507.282926406312	1.0657005310058594
6507.3666860187905	1.070180892944336
6507.450445631269	1.0561929941177368
6507.534205243747	1.0451992750167847
6507.617964856226	1.0453293323516846
6507.701724468704	1.0388336181640625
6507.785484081182	1.0405828952789307
6507.869243693661	1.048583745956421
6507.953003306139	1.0468300580978394
6508.036762918618	1.052234172821045
6508.120522531096	1.0583089590072632
6508.204282143574	1.0515882968902588
6508.288041756053	1.0617109537124634
6508.371801368531	1.051334023475647
6508.4555609810095	1.035821795463562
6508.539320593488	0.983816921710968
6508.623080205966	0.9673752784729004
6508.706839818445	0.9960936307907104
6508.790599430923	1.0343502759933472
6508.8743590434015	1.0362075567245483
6508.95811865588	1.0627952814102173
6509.041878268358	1.0651918649673462
6509.125637880837	1.0580897331237793
6509.209397493315	1.0572596788406372
6509.293157105793	1.060024619102478
6509.376916718272	1.0560760498046875
6509.46067633075	1.0567044019699097
6509.544435943229	1.0559065341949463
6509.628195555707	1.049502968788147
6509.711955168185	1.060555100440979
6509.795714780664	1.0583850145339966
6509.879474393142	1.060774326324463
6509.9632340056205	1.0745006799697876
6510.046993618099	1.0600640773773193
6510.130753230577	1.0524928569793701
6510.214512843056	1.051908254623413
6510.298272455534	1.0622605085372925
6510.382032068012	1.069067358970642
6510.465791680491	1.0622224807739258
6510.549551292969	1.066518783569336
6510.633310905448	1.070271611213684
6510.717070517926	1.0597937107086182
6510.800830130404	1.0588539838790894
6510.884589742883	1.0704907178878784
6510.968349355361	1.060489296913147
6511.05210896784	1.057245135307312
6511.135868580318	1.059451699256897
6511.219628192796	1.054687738418579
6511.303387805275	1.0590790510177612
6511.387147417753	1.0669220685958862
6511.4709070302315	1.0635128021240234
6511.55466664271	1.052880048751831
6511.638426255188	1.062003254890442
6511.722185867667	1.0956624746322632
6511.805945480145	1.074338436126709
6511.889705092623	1.0264283418655396
6511.973464705102	1.011832356452942
6512.05722431758	0.9997879266738892
6512.140983930059	1.0004937648773193
6512.224743542537	0.9969222545623779
6512.308503155015	0.9958540201187134
6512.392262767494	1.0371136665344238
6512.476022379972	1.0439074039459229
6512.559781992451	1.0613778829574585
6512.643541604929	1.059387445449829
6512.727301217408	1.0615925788879395
6512.811060829887	1.0776790380477905
6512.894820442365	1.0684170722961426
6512.978580054843	1.057436466217041
6513.062339667322	1.0522809028625488
6513.1460992798	1.0624415874481201
6513.229858892279	1.0642989873886108
6513.313618504757	1.0605287551879883
6513.397378117235	1.057893991470337
6513.481137729714	1.0550400018692017
6513.564897342192	1.0432074069976807
6513.6486569546705	1.0342581272125244
6513.732416567149	1.0339776277542114
6513.816176179627	1.0490206480026245
6513.899935792106	1.0572727918624878
6513.983695404584	1.0564764738082886
6514.0674550170625	1.051066517829895
6514.151214629541	1.0434792041778564
6514.234974242019	1.0345343351364136
6514.318733854498	1.0238168239593506
6514.402493466976	1.0318951606750488
6514.486253079454	1.0390031337738037
6514.570012691933	0.9948121309280396
6514.653772304411	0.9121700525283813
6514.73753191689	0.8690223693847656
6514.821291529368	0.8971738219261169
6514.905051141846	0.9830643534660339
6514.988810754325	1.0496387481689453
6515.072570366803	1.0500552654266357
6515.1563299792815	1.0412989854812622
6515.24008959176	1.0570200681686401
6515.323849204238	1.067115068435669
6515.407608816717	1.0645415782928467
6515.491368429195	1.0563069581985474
6515.575128041673	1.0469250679016113
6515.658887654152	1.027835488319397
6515.74264726663	1.003435492515564
6515.826406879109	0.9795936346054077
6515.910166491587	0.9890397787094116
6515.993926104065	1.0134252309799194
6516.077685716544	1.0343897342681885
6516.161445329022	1.0444495677947998
6516.245204941501	1.0287868976593018
6516.328964553979	1.004677653312683
6516.412724166457	0.9163787961006165
6516.496483778936	0.8225311636924744
6516.580243391414	0.7572441101074219
6516.6640030038925	0.7975202798843384
6516.747762616371	0.9014949798583984
6516.831522228849	0.9925733208656311
6516.915281841328	1.01339590549469
6516.999041453806	0.9906721115112305
6517.082801066284	0.9650649428367615
6517.166560678763	0.9768068194389343
6517.250320291241	1.023927927017212
6517.33407990372	1.0416028499603271
6517.417839516198	1.0503052473068237
6517.501599128676	1.0570011138916016
6517.585358741155	1.0501881837844849
6517.669118353633	1.0455397367477417
6517.752877966112	1.0569236278533936
6517.83663757859	1.0345182418823242
6517.920397191068	1.002339482307434
6518.004156803547	0.9971034526824951
6518.087916416025	0.9944013953208923
6518.1716760285035	1.0170565843582153
6518.255435640982	1.0497965812683105
6518.33919525346	1.0602291822433472
6518.422954865939	1.0563931465148926
6518.506714478417	1.0507538318634033
6518.590474090895	1.0537261962890625
6518.674233703374	1.0468008518218994
6518.757993315852	1.037521243095398
6518.841752928331	1.0394707918167114
6518.925512540809	1.0402146577835083
6519.009272153287	1.032142162322998
6519.093031765766	1.0224051475524902
6519.176791378244	1.0245007276535034
6519.260550990723	1.0070595741271973
6519.344310603202	0.9733726978302002
6519.42807021568	0.9511456489562988
6519.511829828159	0.9401563405990601
6519.595589440637	0.9830775260925293
6519.679349053115	1.0284653902053833
6519.763108665594	1.048895001411438
6519.846868278072	1.0621610879898071
6519.930627890551	1.057490587234497
6520.014387503029	1.0687341690063477
6520.098147115507	1.057727336883545
6520.181906727986	1.056510090827942
6520.265666340464	1.0478895902633667
6520.3494259529425	1.0514333248138428
6520.433185565421	1.0490659475326538
6520.516945177899	1.0654579401016235
6520.600704790378	1.0601999759674072
6520.684464402856	1.0649303197860718
6520.768224015334	1.059535026550293
6520.851983627813	1.05082106590271
6520.935743240291	1.0490455627441406
6521.01950285277	1.0667293071746826
6521.103262465248	1.0611995458602905
6521.187022077726	1.0532073974609375
6521.270781690205	1.0486304759979248
6521.354541302683	1.0575286149978638
6521.438300915162	1.0726563930511475
6521.52206052764	1.0603578090667725
6521.605820140118	1.05168616771698
6521.689579752597	1.055653691291809
6521.773339365075	1.0562514066696167
6521.8570989775535	1.058640718460083
6521.940858590032	1.055742859840393
6522.02461820251	1.0406544208526611
6522.108377814989	1.0414260625839233
6522.192137427467	1.0370128154754639
6522.275897039945	1.0404601097106934
6522.359656652424	1.050344705581665
6522.443416264902	1.0518454313278198
6522.527175877381	1.0529195070266724
6522.610935489859	1.0527207851409912
6522.694695102337	1.0560468435287476
6522.778454714816	1.052032470703125
6522.862214327294	1.0495598316192627
6522.945973939773	1.0513296127319336
6523.029733552251	1.0499807596206665
6523.113493164729	1.04488205909729
6523.197252777208	1.0452240705490112
6523.281012389686	1.0304059982299805
6523.3647720021645	1.021572232246399
6523.448531614643	1.035905122756958
6523.532291227121	1.0355368852615356
6523.6160508396	1.022443175315857
6523.699810452078	0.9763567447662354
6523.783570064556	0.9286423325538635
6523.867329677035	0.9194359183311462
6523.951089289513	0.9614013433456421
6524.034848901992	1.0287927389144897
6524.11860851447	1.0361565351486206
6524.202368126948	1.052026629447937
6524.286127739427	1.0596826076507568
6524.369887351905	1.053398847579956
6524.453646964384	1.0545095205307007
6524.537406576862	1.0435333251953125
6524.62116618934	1.0634938478469849
6524.704925801819	1.0571589469909668
6524.788685414297	1.0562266111373901
6524.8724450267755	1.0571165084838867
6524.956204639254	1.0526988506317139
6525.039964251732	1.0601897239685059
6525.123723864211	1.058412790298462
6525.207483476689	1.0487780570983887
6525.291243089167	1.0527982711791992
6525.375002701646	1.05784273147583
6525.458762314124	1.0551612377166748
6525.542521926603	1.0511878728866577
6525.626281539081	1.0404484272003174
6525.710041151559	1.0527427196502686
6525.793800764038	1.0522764921188354
6525.877560376516	1.0445810556411743
6525.9613199889955	1.0517592430114746
6526.045079601474	1.046276330947876
6526.128839213952	1.0498112440109253
6526.212598826431	1.0599924325942993
6526.296358438909	1.0534193515777588
6526.380118051387	1.0510358810424805
6526.463877663866	1.0504307746887207
6526.547637276344	1.0490455627441406
6526.631396888823	1.0447388887405396
6526.715156501301	1.0437860488891602
6526.798916113779	1.0492267608642578
6526.882675726258	1.0581380128860474
6526.966435338736	1.0553394556045532
6527.0501949512145	1.0576250553131104
6527.133954563693	1.060930609703064
6527.217714176171	1.0541338920593262
6527.30147378865	1.0499165058135986
6527.385233401128	1.0365713834762573
6527.468993013606	1.03036367893219
6527.552752626085	1.0424855947494507
6527.636512238563	1.0361461639404297
6527.720271851042	1.042017936706543
6527.80403146352	1.0635595321655273
6527.887791075998	1.0533857345581055
6527.971550688477	1.0461243391036987
6528.055310300955	1.0470259189605713
6528.139069913434	1.0566108226776123
6528.222829525912	1.06368088722229
6528.30658913839	1.0639760494232178
6528.390348750869	1.0643311738967896
6528.474108363347	1.058592438697815
6528.5578679758255	1.0434091091156006
6528.641627588304	1.0509175062179565
6528.725387200782	1.0579392910003662
6528.809146813261	1.05069100856781
6528.892906425739	1.0486085414886475
6528.976666038217	1.0433521270751953
6529.060425650696	1.04052734375
6529.144185263174	1.0441558361053467
6529.227944875653	1.052611231803894
6529.311704488131	1.0410635471343994
6529.395464100609	1.051173210144043
6529.479223713088	1.0537378787994385
6529.562983325566	1.058081030845642
6529.646742938045	1.056755542755127
6529.730502550523	1.0510679483413696
6529.814262163001	1.0461374521255493
6529.89802177548	1.0548616647720337
6529.981781387958	1.051490306854248
6530.0655410004365	1.051810383796692
6530.149300612915	1.0481410026550293
6530.233060225393	1.050071358680725
6530.316819837872	1.0500816106796265
6530.40057945035	1.0429166555404663
6530.484339062828	1.038785457611084
6530.568098675307	1.0193333625793457
6530.651858287785	1.0186538696289062
6530.735617900264	1.040933609008789
6530.819377512742	1.0485646724700928
6530.90313712522	1.0490484237670898
6530.986896737699	1.0493932962417603
6531.070656350177	1.0433403253555298
6531.154415962656	1.0604922771453857
6531.238175575134	1.0641674995422363
6531.321935187612	1.0617460012435913
6531.405694800091	1.0586187839508057
6531.489454412569	1.0544100999832153
6531.5732140250475	1.0370200872421265
6531.656973637526	1.0315371751785278
6531.740733250004	1.0498464107513428
6531.824492862483	1.050631046295166
6531.908252474961	1.0454564094543457
6531.992012087439	1.0398873090744019
6532.075771699918	1.0375797748565674
6532.159531312396	1.0305668115615845
6532.243290924875	0.9686013460159302
6532.327050537353	0.9102133512496948
6532.410810149831	0.9120648503303528
6532.49456976231	0.9681103229522705
6532.578329374788	1.0236458778381348
6532.662088987267	1.045190453529358
6532.745848599746	1.0417636632919312
6532.829608212224	1.0421230792999268
6532.913367824703	1.0501430034637451
6532.997127437181	1.04421865940094
6533.080887049659	1.0415765047073364
6533.164646662138	1.0453161001205444
6533.248406274616	1.0536662340164185
6533.332165887095	1.0594823360443115
6533.415925499573	1.0450398921966553
6533.499685112051	1.0439484119415283
6533.58344472453	1.0493918657302856
6533.667204337008	1.0375096797943115
6533.7509639494865	1.0366270542144775
6533.834723561965	1.0283572673797607
6533.918483174443	1.0001722574234009
6534.002242786922	0.9737116694450378
6534.0860023994	0.9847434163093567
6534.169762011878	1.0123934745788574
6534.253521624357	1.0180518627166748
6534.337281236835	1.0234529972076416
6534.421040849314	1.0225410461425781
6534.504800461792	1.0303665399551392
6534.58856007427	1.0460877418518066
6534.672319686749	1.0392779111862183
6534.756079299227	1.02909517288208
6534.839838911706	1.0388906002044678
6534.923598524184	1.0319740772247314
6535.007358136662	1.025747299194336
6535.091117749141	1.0246132612228394
6535.174877361619	1.0319666862487793
6535.2586369740975	1.050373911857605
6535.342396586576	1.048113226890564
6535.426156199054	1.0467205047607422
6535.509915811533	1.0450340509414673
6535.593675424011	1.0540257692337036
6535.677435036489	1.0559254884719849
6535.761194648968	1.0548880100250244
6535.844954261446	1.0554183721542358
6535.928713873925	1.0340126752853394
6536.012473486403	1.0407757759094238
6536.096233098881	1.066388726234436
6536.17999271136	1.0522955656051636
6536.263752323838	1.049102544784546
6536.347511936317	1.0491214990615845
6536.431271548795	1.055688738822937
6536.515031161273	1.0406135320663452
6536.598790773752	1.0144964456558228
6536.68255038623	1.0013091564178467
6536.7663099987085	1.0001883506774902
6536.850069611187	1.0099749565124512
6536.933829223665	1.040509819984436
6537.017588836144	1.0529531240463257
6537.101348448622	1.0607860088348389
6537.1851080611	1.056089162826538
6537.268867673579	1.0379714965820312
6537.352627286057	1.0377259254455566
6537.436386898536	1.0424357652664185
6537.520146511014	1.0413368940353394
6537.603906123492	1.0437145233154297
6537.687665735971	1.044947862625122
6537.771425348449	1.0444920063018799
6537.8551849609275	1.0510109663009644
6537.938944573406	1.045709252357483
6538.022704185884	1.0506325960159302
6538.106463798363	1.0521522760391235
6538.190223410841	1.05348801612854
6538.2739830233195	1.0470857620239258
6538.357742635798	1.0404762029647827
6538.441502248276	1.054328203201294
6538.525261860755	1.0581467151641846
6538.609021473233	1.048442006111145
6538.692781085711	1.0441075563430786
6538.77654069819	1.046216368675232
6538.860300310668	1.0429151058197021
6538.944059923147	1.042508840560913
6539.027819535625	1.0462061166763306
6539.111579148103	1.0448558330535889
6539.195338760582	1.0489314794540405
6539.279098373061	1.0465304851531982
6539.362857985539	1.0460526943206787
6539.446617598018	1.0445605516433716
6539.530377210496	1.0358598232269287
6539.614136822975	1.0356858968734741
6539.697896435453	1.040391445159912
6539.781656047931	1.048840880393982
6539.86541566041	1.049878478050232
6539.949175272888	1.0437028408050537
6540.032934885367	1.040838599205017
6540.116694497845	1.0361652374267578
6540.200454110323	1.039371371269226
6540.284213722802	1.0422472953796387
6540.36797333528	1.0264370441436768
6540.4517329477585	1.0298434495925903
6540.535492560237	1.0435216426849365
6540.619252172715	1.039608120918274
6540.703011785194	1.0329867601394653
6540.786771397672	1.0341558456420898
6540.87053101015	1.0428566932678223
6540.954290622629	1.0387985706329346
6541.038050235107	1.0395058393478394
6541.121809847586	1.0406121015548706
6541.205569460064	1.0449625253677368
6541.289329072542	1.0430787801742554
6541.373088685021	1.0451918840408325
6541.456848297499	1.0407655239105225
6541.540607909978	1.0383353233337402
6541.624367522456	1.0525102615356445
6541.708127134934	1.0504556894302368
6541.791886747413	1.0506778955459595
6541.875646359891	1.047253966331482
6541.9594059723695	1.0428903102874756
6542.043165584848	1.0280532836914062
6542.126925197326	1.0165890455245972
6542.210684809805	1.0001795291900635
6542.294444422283	0.9791274666786194
6542.378204034761	0.9748982787132263
6542.46196364724	1.003458857536316
6542.545723259718	1.0228099822998047
6542.629482872197	1.0229809284210205
6542.713242484675	1.0242421627044678
6542.797002097153	1.0285165309906006
6542.880761709632	1.0226199626922607
6542.96452132211	1.0316702127456665
6543.048280934589	1.0258963108062744
6543.132040547067	1.0253512859344482
6543.215800159545	1.0269923210144043
6543.299559772024	1.0303592681884766
6543.383319384502	1.0350064039230347
6543.4670789969805	1.0330700874328613
6543.550838609459	1.0077639818191528
6543.634598221937	0.9986977577209473
6543.718357834416	0.9705113172531128
6543.802117446894	0.912300169467926
6543.885877059372	0.8465454578399658
6543.969636671851	0.8541035652160645
6544.053396284329	0.9301913976669312
6544.137155896808	0.9845811724662781
6544.220915509286	1.007449746131897
6544.304675121764	1.0192136764526367
6544.388434734243	1.0270566940307617
6544.472194346721	1.026846170425415
6544.5559539591995	1.0196928977966309
6544.639713571678	1.0215386152267456
6544.723473184156	1.0244057178497314
6544.807232796635	1.0256317853927612
6544.890992409113	1.0276353359222412
6544.9747520215915	1.013920545578003
6545.05851163407	1.0163567066192627
6545.142271246548	1.0268359184265137
6545.226030859027	1.025969386100769
6545.309790471505	1.0300114154815674
6545.393550083983	1.0151759386062622
6545.477309696462	1.015018105506897
6545.56106930894	1.0214524269104004
6545.644828921419	1.003328800201416
6545.728588533897	0.990368127822876
6545.812348146375	0.9949464797973633
6545.896107758854	1.0089739561080933
6545.979867371333	1.0088950395584106
6546.063626983811	1.0258232355117798
6546.14738659629	1.0304381847381592
6546.231146208768	1.023983359336853
6546.314905821247	1.0314304828643799
6546.398665433725	1.0186713933944702
6546.482425046203	1.0185399055480957
6546.566184658682	1.0226609706878662
6546.64994427116	1.0187050104141235
6546.733703883639	1.01343834400177
6546.817463496117	1.0113193988800049
6546.901223108595	1.0154813528060913
6546.984982721074	1.0152357816696167
6547.068742333552	1.0138109922409058
6547.1525019460305	1.0075608491897583
6547.236261558509	1.0120967626571655
6547.320021170987	1.009652018547058
6547.403780783466	1.021070957183838
6547.487540395944	1.0087109804153442
6547.571300008422	0.9739528894424438
6547.655059620901	0.9505917429924011
6547.738819233379	0.9459344744682312
6547.822578845858	0.9655982851982117
6547.906338458336	0.9870157837867737
6547.990098070814	1.0014333724975586
6548.073857683293	1.0065816640853882
6548.157617295771	1.0099661350250244
6548.24137690825	1.0027369260787964
6548.325136520728	1.0038095712661743
6548.408896133206	0.9897850751876831
6548.492655745685	0.9210960268974304
6548.576415358163	0.8765118718147278
6548.6601749706415	0.8686307668685913
6548.74393458312	0.9205406308174133
6548.827694195598	0.9787007570266724
6548.911453808077	1.002219557762146
6548.995213420555	1.0049494504928589
6549.078973033033	0.9973679780960083
6549.162732645512	1.0008152723312378
6549.24649225799	1.0048091411590576
6549.330251870469	1.004456877708435
6549.414011482947	1.0089973211288452
6549.497771095425	1.016806721687317
6549.581530707904	1.015751600265503
6549.665290320382	1.0076572895050049
6549.7490499328605	1.0123584270477295
6549.832809545339	1.0151203870773315
6549.916569157817	1.004462718963623
6550.000328770296	1.0073182582855225
6550.084088382774	1.0070157051086426
6550.1678479952525	1.00693678855896
6550.251607607731	1.009764552116394
6550.335367220209	1.0135931968688965
6550.419126832688	1.0038665533065796
6550.502886445166	1.0035128593444824
6550.586646057644	1.010259985923767
6550.670405670123	1.0075052976608276
6550.754165282601	0.9970449805259705
6550.83792489508	0.9991917014122009
6550.921684507558	1.0133579969406128
6551.005444120036	1.0147024393081665
6551.089203732515	1.0097206830978394
6551.172963344993	1.0082579851150513
6551.2567229574715	1.0057517290115356
6551.34048256995	1.001240611076355
6551.424242182428	1.001402735710144
6551.508001794907	0.9989286661148071
6551.591761407385	0.9992413520812988
6551.6755210198635	0.9974570870399475
6551.759280632342	0.9913808703422546
6551.84304024482	0.9905259609222412
6551.926799857299	0.9848442077636719
6552.010559469777	0.978240430355072
6552.094319082255	0.979203462600708
6552.178078694734	0.9792648553848267
6552.261838307212	0.9773884415626526
6552.345597919691	0.9708767533302307
6552.429357532169	0.9519084095954895
6552.513117144647	0.8951482772827148
6552.596876757127	0.836542546749115
6552.680636369605	0.8308959603309631
6552.764395982083	0.8889098763465881
6552.848155594562	0.9570304155349731
6552.93191520704	0.9758978486061096
6553.015674819519	0.9792428612709045
6553.099434431997	0.9852402806282043
6553.183194044475	0.9825689196586609
6553.266953656954	0.9777830243110657
6553.350713269432	0.9901518225669861
6553.434472881911	0.980867862701416
6553.518232494389	0.9759680032730103
6553.601992106867	0.9647756218910217
6553.685751719346	0.9375273585319519
6553.769511331824	0.9099255204200745
6553.8532709443025	0.9197720289230347
6553.937030556781	0.9465058445930481
6554.020790169259	0.9552008509635925
6554.104549781738	0.9627545475959778
6554.188309394216	0.9599224925041199
6554.272069006694	0.959611177444458
6554.355828619173	0.9594007730484009
6554.439588231651	0.9705624580383301
6554.52334784413	0.9639849662780762
6554.607107456608	0.9494694471359253
6554.690867069086	0.9629430770874023
6554.774626681565	0.9711573123931885
6554.858386294043	0.9675784111022949
6554.942145906522	0.9644526243209839
6555.025905519	0.9486539959907532
6555.109665131478	0.9482141137123108
6555.193424743957	0.9618573188781738
6555.277184356435	0.9596754908561707
6555.3609439689135	0.9501007795333862
6555.444703581392	0.9559110403060913
6555.52846319387	0.9580314755439758
6555.612222806349	0.948899507522583
6555.695982418827	0.9510974287986755
6555.779742031305	0.9527866840362549
6555.863501643784	0.9469720125198364
6555.947261256262	0.9456787109375
6556.031020868741	0.9501723647117615
6556.114780481219	0.9529825448989868
6556.198540093697	0.9461784958839417
6556.282299706176	0.9426069259643555
6556.366059318654	0.9421276450157166
6556.4498189311325	0.9445490837097168
6556.533578543611	0.9464079737663269
6556.617338156089	0.9465336203575134
6556.701097768568	0.9449276328086853
6556.784857381046	0.9403068423271179
6556.8686169935245	0.9368785619735718
6556.952376606003	0.9228598475456238
6557.036136218481	0.8899021148681641
6557.11989583096	0.8692415952682495
6557.203655443438	0.879276692867279
6557.287415055916	0.8962677717208862
6557.371174668395	0.9160367846488953
6557.454934280873	0.9292283654212952
6557.538693893352	0.9299181699752808
6557.62245350583	0.9316863417625427
6557.706213118308	0.9292312264442444
6557.789972730787	0.9412055611610413
6557.873732343265	0.9366359710693359
6557.9574919557435	0.9202147722244263
6558.041251568222	0.9078883528709412
6558.1250111807	0.9020312428474426
6558.208770793179	0.9101198315620422
6558.292530405657	0.9231315851211548
6558.3762900181355	0.9403609037399292
6558.460049630614	0.9565044045448303
6558.543809243092	0.9538915157318115
6558.627568855571	0.9636167287826538
6558.711328468049	0.9817607998847961
6558.795088080527	0.9950283765792847
6558.878847693006	0.9994752407073975
6558.962607305484	1.0132601261138916
6559.046366917963	1.0219038724899292
6559.130126530441	1.031522512435913
6559.213886142919	1.0471924543380737
6559.297645755399	1.0611542463302612
6559.381405367877	1.077820897102356
6559.465164980355	1.0890804529190063
6559.548924592834	1.0999952554702759
6559.632684205312	1.1273077726364136
6559.716443817791	1.1462863683700562
6559.800203430269	1.1645326614379883
6559.883963042747	1.197106122970581
6559.967722655226	1.235068917274475
6560.051482267704	1.2683466672897339
6560.135241880183	1.2942606210708618
6560.219001492661	1.3301936388015747
6560.302761105139	1.347241759300232
6560.386520717618	1.365822672843933
6560.470280330096	1.3945279121398926
6560.5540399425745	1.4400721788406372
6560.637799555053	1.4974197149276733
6560.721559167531	1.5514910221099854
6560.80531878001	1.6014631986618042
6560.889078392488	1.6378213167190552
6560.972838004966	1.6892826557159424
6561.056597617445	1.7019816637039185
6561.140357229923	1.731027364730835
6561.224116842402	1.767486572265625
6561.30787645488	1.8162164688110352
6561.391636067358	1.8508810997009277
6561.475395679837	1.8720881938934326
6561.559155292315	1.9150034189224243
6561.6429149047935	1.9322824478149414
6561.726674517272	1.947516918182373
6561.81043412975	1.9863712787628174
6561.894193742229	2.028374671936035
6561.977953354707	2.0553057193756104
6562.0617129671855	2.074256420135498
6562.145472579664	2.08663272857666
6562.229232192142	2.089993715286255
6562.312991804621	2.095172882080078
6562.396751417099	2.077341318130493
6562.480511029577	2.043696880340576
6562.564270642056	2.0212111473083496
6562.648030254534	2.0045197010040283
6562.731789867013	1.9991083145141602
6562.815549479491	1.9790366888046265
6562.899309091969	1.92926025390625
6562.983068704448	1.9432250261306763
6563.066828316926	1.9486479759216309
6563.1505879294045	1.9415794610977173
6563.234347541883	1.9669952392578125
6563.318107154361	1.9522895812988281
6563.40186676684	1.9411221742630005
6563.485626379318	1.9497439861297607
6563.5693859917965	1.9739819765090942
6563.653145604275	2.0488831996917725
6563.736905216753	2.0922369956970215
6563.820664829232	2.0766091346740723
6563.90442444171	2.044557571411133
6563.988184054188	1.9799646139144897
6564.071943666667	1.9045504331588745
6564.155703279145	1.8333346843719482
6564.239462891624	1.8088265657424927
6564.323222504102	1.8607786893844604
6564.40698211658	1.9182534217834473
6564.490741729059	1.9328099489212036
6564.574501341537	1.9140697717666626
6564.6582609540155	1.8784582614898682
6564.742020566494	1.8483339548110962
6564.825780178972	1.8267016410827637
6564.909539791451	1.823954463005066
6564.993299403929	1.7714263200759888
6565.0770590164075	1.7306095361709595
6565.160818628886	1.7001053094863892
6565.244578241364	1.6536580324172974
6565.328337853843	1.6119219064712524
6565.412097466321	1.5669578313827515
6565.495857078799	1.5241302251815796
6565.579616691278	1.4754865169525146
6565.663376303756	1.442353367805481
6565.747135916235	1.389005422592163
6565.830895528713	1.3524221181869507
6565.914655141192	1.3230594396591187
6565.998414753671	1.2908016443252563
6566.082174366149	1.2578381299972534
6566.165933978627	1.2221418619155884
6566.249693591106	1.188828945159912
6566.333453203584	1.1722822189331055
6566.417212816063	1.1434060335159302
6566.500972428541	1.1190088987350464
6566.584732041019	1.0968446731567383
6566.668491653498	1.082204818725586
6566.752251265976	1.0755324363708496
6566.8360108784545	1.0553863048553467
6566.919770490933	1.0429151058197021
6567.003530103411	1.0305595397949219
6567.08728971589	1.0172131061553955
6567.171049328368	0.9976674914360046
6567.2548089408465	0.9951481223106384
6567.338568553325	0.9941573739051819
6567.422328165803	0.9833171367645264
6567.506087778282	0.9752388596534729
6567.58984739076	0.965723991394043
6567.673607003238	0.9547668695449829
6567.757366615717	0.9497441649436951
6567.841126228195	0.949510395526886
6567.924885840674	0.9525690078735352
6568.008645453152	0.9469690918922424
6568.09240506563	0.9405713677406311
6568.176164678109	0.9384436011314392
6568.259924290587	0.9318413138389587
6568.3436839030655	0.9301241636276245
6568.427443515544	0.9343328475952148
6568.511203128022	0.9322431087493896
6568.594962740501	0.9169939756393433
6568.678722352979	0.9063553810119629
6568.7624819654575	0.8952316641807556
6568.846241577936	0.9072321653366089
6568.930001190414	0.9092547297477722
6569.013760802893	0.9084100723266602
6569.097520415371	0.9274528622627258
6569.181280027849	0.9226785898208618
6569.265039640328	0.9229679107666016
6569.348799252806	0.9181542992591858
6569.432558865285	0.9270699620246887
6569.516318477763	0.9369588494300842
6569.600078090241	0.940635621547699
6569.68383770272	0.9358263611793518
6569.767597315198	0.9388951659202576
6569.8513569276765	0.9366125464439392
6569.935116540155	0.9290910363197327
6570.018876152633	0.9384932518005371
6570.102635765112	0.9394708871841431
6570.18639537759	0.9451920986175537
6570.2701549900685	0.9513911008834839
6570.353914602547	0.9435174465179443
6570.437674215025	0.9439411759376526
6570.521433827504	0.9491362571716309
6570.605193439982	0.943062961101532
6570.68895305246	0.945059061050415
6570.772712664939	0.9479408860206604
6570.856472277417	0.9454887509346008
6570.940231889896	0.9444278478622437
6571.023991502374	0.9427487850189209
6571.107751114852	0.9546835422515869
6571.191510727331	0.9596784114837646
6571.275270339809	0.9543561935424805
6571.3590299522875	0.9610739946365356
6571.442789564766	0.9597748517990112
6571.526549177244	0.9573695063591003
6571.610308789723	0.9515635967254639
6571.694068402201	0.94949871301651
6571.7778280146795	0.9526069760322571
6571.861587627158	0.9357810616493225
6571.945347239636	0.9071474075317383
6572.029106852115	0.8808300495147705
6572.112866464593	0.8693438768386841
6572.196626077071	0.8982580304145813
6572.28038568955	0.9477845430374146
6572.364145302028	0.9707086086273193
6572.447904914507	0.9781644940376282
6572.531664526985	0.9794664978981018
6572.615424139464	0.9796476364135742
6572.699183751943	0.9766739010810852
6572.782943364421	0.9738841652870178
6572.866702976899	0.9810841679573059
6572.950462589378	0.9910330772399902
6573.034222201856	0.9859884977340698
6573.117981814335	0.9812669157981873
6573.201741426813	0.980616569519043
6573.285501039291	0.9845183491706848
6573.36926065177	0.9759198427200317
6573.453020264248	0.9689404368400574
6573.5367798767265	0.9705201387405396
6573.620539489205	0.9845987558364868
6573.704299101683	0.9805025458335876
6573.788058714162	0.9778794646263123
6573.87181832664	0.9796009659767151
6573.9555779391185	0.9899924993515015
6574.039337551597	0.9831315279006958
6574.123097164075	0.9895497560501099
6574.206856776554	1.0017564296722412
6574.290616389032	0.9882316589355469
6574.37437600151	0.9788585901260376
6574.458135613989	0.9851481914520264
6574.541895226467	0.9895409941673279
6574.625654838946	0.9572394490242004
6574.709414451424	0.9183750152587891
6574.793174063902	0.8742555379867554
6574.876933676381	0.8427985310554504
6574.960693288859	0.8988820314407349
6575.0444529013375	0.9506633877754211
6575.128212513816	0.9728553891181946
6575.211972126294	0.990004301071167
6575.295731738773	0.9890280365943909
6575.379491351251	0.9822620749473572
6575.4632509637295	0.9922971129417419
6575.547010576208	0.9945928454399109
6575.630770188686	1.0014055967330933
6575.714529801165	1.001354455947876
6575.798289413643	0.9993495345115662
6575.882049026121	0.9981979727745056
6575.9658086386	1.008487343788147
6576.049568251078	1.0036005973815918
6576.133327863557	1.0000582933425903
6576.217087476035	1.0069953203201294
6576.300847088513	0.9957590103149414
6576.384606700992	0.9878633618354797
6576.46836631347	0.9916629195213318
6576.5521259259485	0.9920077323913574
6576.635885538427	1.002893328666687
6576.719645150905	1.0072641372680664
6576.803404763384	1.00888192653656
6576.887164375862	1.002726674079895
6576.9709239883405	1.0001342296600342
6577.054683600819	0.9892311692237854
6577.138443213297	0.9852840900421143
6577.222202825776	0.9949596524238586
6577.305962438254	1.0008342266082764
6577.389722050732	1.0121772289276123
6577.473481663211	1.013677954673767
6577.557241275689	1.0057954788208008
6577.641000888168	0.9988322854042053
6577.724760500646	1.0173957347869873
6577.808520113124	1.0018937587738037
6577.892279725603	1.0049406290054321
6577.976039338081	1.0146629810333252
6578.0597989505595	1.0065232515335083
6578.143558563038	1.0179524421691895
6578.227318175516	1.0103753805160522
6578.311077787995	1.005552887916565
6578.394837400473	1.0081132650375366
6578.4785970129515	1.0136414766311646
6578.56235662543	1.001598596572876
6578.646116237908	1.007230520248413
6578.729875850387	1.0151262283325195
6578.813635462865	1.0199954509735107
6578.897395075343	1.0096008777618408
6578.981154687822	1.0080854892730713
6579.0649143003	1.0134676694869995
6579.1486739127795	1.0056684017181396
6579.232433525258	1.0088527202606201
6579.316193137736	1.0101007223129272
6579.399952750215	1.0097572803497314
6579.483712362693	1.0061068534851074
6579.567471975171	1.0074760913848877
6579.65123158765	1.0098698139190674
6579.734991200128	1.0100538730621338
6579.818750812607	1.0109364986419678
6579.902510425085	1.0104835033416748
6579.986270037563	1.0159226655960083
6580.070029650042	1.0179626941680908
6580.15378926252	1.0151700973510742
6580.2375488749985	1.0123131275177002
6580.321308487477	1.0103139877319336
6580.405068099955	1.0123876333236694
6580.488827712434	1.024049162864685
6580.572587324912	1.0139307975769043
6580.6563469373905	1.004075527191162
6580.740106549869	0.9796476364135742
6580.823866162347	0.9760951399803162
6580.907625774826	0.9928904175758362
6580.991385387304	0.9938621520996094
6581.075144999782	0.998637855052948
6581.158904612261	1.0073518753051758
6581.242664224739	1.0106077194213867
6581.326423837218	1.0113720893859863
6581.410183449696	1.022425651550293
6581.493943062174	1.0289403200149536
6581.577702674653	1.0208854675292969
6581.661462287131	1.0237700939178467
6581.7452218996095	1.0182228088378906
6581.828981512088	1.019903302192688
6581.912741124566	1.0259226560592651
6581.996500737045	1.016342043876648
6582.080260349523	1.01554274559021
6582.1640199620015	1.0114816427230835
6582.24777957448	1.0134340524673462
6582.331539186958	1.0152533054351807
6582.415298799437	1.0035041570663452
6582.499058411915	1.0109409093856812
6582.582818024393	1.0126346349716187
6582.666577636872	1.0077537298202515
6582.75033724935	1.0149770975112915
6582.834096861829	1.020422101020813
6582.917856474307	1.0203461647033691
6583.001616086785	1.0273007154464722
6583.085375699264	1.0218045711517334
6583.169135311742	1.0093977451324463
6583.2528949242205	0.999096691608429
6583.336654536699	1.0021347999572754
6583.420414149177	1.0077800750732422
6583.504173761656	1.00137197971344
6583.587933374134	1.0011382102966309
6583.6716929866125	1.0089141130447388
6583.755452599091	1.0069178342819214
6583.839212211569	1.0172085762023926
6583.922971824048	1.0130832195281982
6584.006731436526	1.008785367012024
6584.090491049004	1.019669532775879
6584.174250661483	1.0071312189102173
6584.258010273961	1.0032001733779907
6584.34176988644	1.0144262313842773
6584.425529498918	1.0242406129837036
6584.509289111396	1.0275198221206665
6584.593048723875	1.023714542388916
6584.676808336353	1.0222663879394531
6584.7605679488315	1.013414978981018
6584.84432756131	1.0130306482315063
6584.928087173788	1.018155574798584
6585.011846786267	1.030669093132019
6585.095606398745	1.0177054405212402
6585.1793660112235	1.0135055780410767
6585.263125623702	1.0147331953048706
6585.34688523618	1.019326090812683
6585.430644848659	1.0125031471252441
6585.514404461137	1.0160410404205322
6585.598164073615	1.021287202835083
6585.681923686094	0.9994503259658813
6585.765683298572	1.0009585618972778
6585.849442911051	1.0216336250305176
6585.93320252353	1.0344524383544922
6586.016962136008	1.0265904664993286
6586.100721748487	1.0309233665466309
6586.184481360965	1.0227354764938354
6586.268240973443	1.0180957317352295
6586.352000585922	1.0099018812179565
6586.4357601984	0.9874264597892761
6586.519519810879	0.9703739881515503
6586.603279423357	0.971718430519104
6586.687039035835	0.9831768274307251
6586.770798648314	0.9982593655586243
6586.854558260792	1.0026872158050537
6586.9383178732705	1.0118293762207031
6587.022077485749	1.0152021646499634
6587.105837098227	1.0200203657150269
6587.189596710706	1.0174249410629272
6587.273356323184	1.0239571332931519
6587.3571159356625	1.0202555656433105
6587.440875548141	1.0215327739715576
6587.524635160619	1.0243794918060303
6587.608394773098	1.0278165340423584
6587.692154385576	1.0285427570343018
6587.775913998054	1.0192471742630005
6587.859673610533	1.0310767889022827
6587.943433223011	1.0313457250595093
6588.02719283549	1.0218178033828735
6588.110952447968	1.0354915857315063
6588.194712060446	1.028468370437622
6588.278471672925	1.0194343328475952
6588.362231285403	1.0136926174163818
6588.4459908978815	1.021157145500183
6588.52975051036	1.0189929008483887
6588.613510122838	1.0228508710861206
6588.697269735317	1.0254448652267456
6588.781029347795	1.0207085609436035
6588.8647889602735	1.0262937545776367
6588.948548572752	1.023189902305603
6589.03230818523	1.0175272226333618
6589.116067797709	1.0250998735427856
6589.199827410187	1.024490475654602
6589.283587022665	1.0343881845474243
6589.367346635144	1.0314844846725464
6589.451106247622	1.0374906063079834
6589.534865860101	1.0427340269088745
6589.618625472579	1.0306413173675537
6589.702385085057	1.0171267986297607
6589.786144697536	1.0145987272262573
6589.869904310014	1.0295453071594238
6589.9536639224925	1.0343692302703857
6590.037423534971	1.0324153900146484
6590.121183147449	1.0337584018707275
6590.204942759928	1.0328450202941895
6590.288702372406	1.03033447265625
6590.3724619848845	1.0302364826202393
6590.456221597363	1.026894450187683
6590.539981209841	1.0198521614074707
6590.62374082232	1.0180329084396362
6590.707500434798	1.017660140991211
6590.791260047276	1.0087007284164429
6590.875019659755	1.0269280672073364
6590.958779272233	1.0298917293548584
6591.042538884712	1.024966835975647
6591.12629849719	1.0339030027389526
6591.210058109668	1.0316277742385864
6591.293817722147	1.0308765172958374
6591.377577334625	1.0340477228164673
6591.4613369471035	1.0257867574691772
6591.545096559582	1.034693717956543
6591.62885617206	1.03020441532135
6591.712615784539	1.027800440788269
6591.796375397017	1.0155061483383179
6591.8801350094955	1.0162456035614014
6591.963894621974	1.0295394659042358
6592.047654234452	1.0242464542388916
6592.131413846931	1.0194737911224365
6592.215173459409	1.0230364799499512
6592.298933071887	1.0191493034362793
6592.382692684366	1.0287196636199951
6592.466452296845	1.0167863368988037
6592.5502119093235	1.0226755142211914
6592.633971521802	1.0289300680160522
6592.71773113428	1.0320850610733032
6592.801490746759	1.03046452999115
6592.885250359237	1.0314772129058838
6592.969009971715	1.0335333347320557
6593.052769584194	1.0242186784744263
6593.136529196672	1.0182477235794067
6593.220288809151	1.0214508771896362
6593.304048421629	1.0308706760406494
6593.387808034107	1.027889609336853
6593.471567646586	1.0236692428588867
6593.555327259064	1.0313998460769653
6593.6390868715425	1.0336195230484009
6593.722846484021	1.0261725187301636
6593.806606096499	1.0199793577194214
6593.890365708978	1.0135319232940674
6593.974125321456	1.0259109735488892
6594.0578849339345	1.0332673788070679
6594.141644546413	1.0163683891296387
6594.225404158891	1.0107669830322266
6594.30916377137	0.9999151229858398
6594.392923383848	1.0017753839492798
6594.476682996326	1.0137364864349365
6594.560442608805	1.020638346672058
6594.644202221283	1.017541766166687
6594.727961833762	1.0179598331451416
6594.81172144624	1.0253454446792603
6594.895481058718	1.022897720336914
6594.979240671197	1.0279290676116943
6595.063000283675	1.0224562883377075
6595.1467598961535	1.0230334997177124
6595.230519508632	1.0212156772613525
6595.31427912111	1.0199193954467773
6595.398038733589	1.0276967287063599
6595.481798346067	1.0258831977844238
6595.5655579585455	1.0202832221984863
6595.649317571024	1.0111498832702637
6595.733077183502	1.0245474576950073
6595.816836795981	1.028414249420166
6595.900596408459	1.0262280702590942
6595.984356020937	1.0249289274215698
6596.068115633416	1.0120705366134644
6596.151875245894	1.01903235912323
6596.235634858373	1.0176265239715576
6596.319394470851	1.0194035768508911
6596.403154083329	1.0071223974227905
6596.486913695808	1.005808711051941
6596.570673308286	1.0156069993972778
6596.6544329207645	1.0221070051193237
6596.738192533243	1.0218323469161987
6596.821952145721	1.0099223852157593
6596.9057117582	0.9995790123939514
6596.989471370678	1.019836187362671
6597.0732309831565	1.0173490047454834
6597.156990595635	1.0217359066009521
6597.240750208113	1.0263566970825195
6597.324509820592	1.0189476013183594
6597.40826943307	1.0251495838165283
6597.492029045548	1.0171165466308594
6597.575788658027	1.002446174621582
6597.659548270505	1.005218267440796
6597.743307882984	1.0142698287963867
6597.827067495462	1.0277361869812012
6597.91082710794	1.022771954536438
6597.994586720419	1.009061574935913
6598.078346332897	1.0226447582244873
6598.1621059453755	1.0208123922348022
6598.245865557854	1.0156844854354858
6598.329625170332	1.0186904668807983
6598.413384782811	1.0233886241912842
6598.497144395289	1.0182373523712158
6598.5809040077675	1.0107494592666626
6598.664663620246	1.007939338684082
6598.748423232724	1.0134968757629395
6598.832182845203	1.017148733139038
6598.915942457681	1.0064151287078857
6598.999702070159	1.0087109804153442
6599.083461682638	0.9951671361923218
6599.167221295116	0.9921582341194153
6599.2509809075955	0.9811733365058899
6599.334740520074	0.9825338125228882
6599.418500132552	0.9896973371505737
6599.502259745031	1.0027471780776978
6599.586019357509	1.0065393447875977
6599.669778969987	1.002229928970337
6599.753538582466	1.0050342082977295
6599.837298194944	1.0085326433181763
6599.921057807423	1.0115853548049927
6600.004817419901	1.0116366147994995
6600.088577032379	1.0075944662094116
6600.172336644858	1.0118733644485474
6600.256096257336	1.0075256824493408
6600.3398558698145	1.0190733671188354
6600.423615482293	1.0159869194030762
6600.507375094771	1.011427640914917
6600.59113470725	1.0199472904205322
6600.674894319728	1.0138037204742432
6600.7586539322065	1.0032352209091187
6600.842413544685	1.0089900493621826
6600.926173157163	1.0188438892364502
6601.009932769642	1.013802170753479
6601.09369238212	1.0107158422470093
6601.177451994598	1.0147463083267212
6601.261211607077	1.0121713876724243
6601.344971219555	1.0065451860427856
6601.428730832034	1.0125060081481934
6601.512490444512	1.0125235319137573
6601.59625005699	1.0080796480178833
6601.680009669469	1.0115678310394287
6601.763769281947	1.006425380706787
6601.8475288944255	0.9899852275848389
6601.931288506904	0.989897608757019
6602.015048119382	1.0027179718017578
6602.098807731861	0.9879101514816284
6602.182567344339	0.9841325879096985
6602.2663269568175	0.9968711137771606
6602.350086569296	1.0050181150436401
6602.433846181774	1.0060629844665527
6602.517605794253	1.0008299350738525
6602.601365406731	1.001648187637329
6602.685125019209	0.9964268207550049
6602.768884631688	0.9991785883903503
6602.852644244166	1.026344895362854
6602.936403856645	1.0307728052139282
6603.020163469123	1.01820969581604
6603.103923081601	1.0162733793258667
6603.18768269408	1.02187180519104
6603.271442306558	1.023463249206543
6603.3552019190365	1.010240912437439
6603.438961531515	1.013790488243103
6603.522721143993	1.0049055814743042
6603.606480756472	1.0001708269119263
6603.69024036895	1.0085691213607788
6603.7739999814285	1.0085867643356323
6603.857759593907	1.0138344764709473
6603.941519206385	1.004842758178711
6604.025278818864	0.997310996055603
6604.109038431342	1.010390043258667
6604.19279804382	1.0130642652511597
6604.276557656299	1.015228509902954
6604.360317268777	1.0129941701889038
6604.444076881256	1.020546317100525
6604.527836493734	1.0217738151550293
6604.611596106212	1.0234413146972656
6604.695355718691	1.008040189743042
6604.779115331169	1.007074236869812
6604.8628749436475	1.0028012990951538
6604.946634556126	1.0094108581542969
6605.030394168604	1.0101970434188843
6605.114153781083	1.0048822164535522
6605.197913393561	1.008816123008728
6605.2816730060395	1.0073957443237305
6605.365432618518	1.0102614164352417
6605.449192230996	1.0097031593322754
6605.532951843475	1.0004411935806274
6605.616711455953	1.010574221611023
6605.700471068431	0.9984449744224548
6605.784230680911	0.997835636138916
6605.867990293389	1.0005521774291992
6605.9517499058675	1.00624418258667
6606.035509518346	1.0028802156448364
6606.119269130824	1.0169470310211182
6606.203028743303	1.0025527477264404
6606.286788355781	1.0067760944366455
6606.370547968259	1.0048471689224243
6606.454307580738	1.011696457862854
6606.538067193216	1.013152003288269
6606.621826805695	1.010093331336975
6606.705586418173	1.0008503198623657
6606.789346030651	1.001556158065796
6606.87310564313	1.019127368927002
6606.956865255608	1.00601327419281
6607.0406248680865	0.9984917640686035
6607.124384480565	1.0030964612960815
6607.208144093043	1.0123555660247803
6607.291903705522	1.0061302185058594
6607.375663318	1.0123292207717896
6607.4594229304785	1.010050892829895
6607.543182542957	1.0031987428665161
6607.626942155435	1.0106720924377441
6607.710701767914	1.0058495998382568
6607.794461380392	1.0101372003555298
6607.87822099287	1.0058043003082275
6607.961980605349	1.0098507404327393
6608.045740217827	1.007348895072937
6608.129499830306	0.9988804459571838
6608.213259442784	1.0132688283920288
6608.297019055262	1.0083369016647339
6608.380778667741	1.0031315088272095
6608.464538280219	1.0207816362380981
6608.5482978926975	1.0100802183151245
6608.632057505176	0.9981966018676758
6608.715817117654	1.0004221200942993
6608.799576730133	1.002166986465454
6608.883336342611	1.0085151195526123
6608.9670959550895	1.005272388458252
6609.050855567568	1.0036619901657104
6609.134615180046	1.0035099983215332
6609.218374792525	1.0031651258468628
6609.302134405003	1.0044862031936646
6609.385894017481	1.0015664100646973
6609.46965362996	0.9963845014572144
6609.553413242438	0.9894021153450012
6609.637172854917	0.9974220395088196
6609.720932467395	0.9917154908180237
6609.804692079873	0.9947448372840881
6609.888451692352	1.0003418922424316
6609.97221130483	1.006425380706787
6610.0559709173085	1.005560278892517
6610.139730529787	0.9948208332061768
6610.223490142265	0.9903944134712219
6610.307249754744	1.0011484622955322
6610.391009367222	0.997230589389801
6610.4747689797005	1.0055032968521118
6610.558528592179	0.9947039484977722
6610.642288204657	0.9948164820671082
6610.726047817136	0.9986276626586914
6610.809807429614	1.00334632396698
6610.893567042092	0.9940639138221741
6610.977326654571	0.9906808137893677
6611.061086267049	1.0085340738296509
6611.144845879528	0.9986364245414734
6611.228605492006	0.9951716065406799
6611.312365104484	0.9998449087142944
6611.396124716963	0.9951584339141846
6611.479884329441	0.9925177097320557
6611.5636439419195	0.9948076605796814
6611.647403554398	0.9969719052314758
6611.731163166876	0.9911791086196899
6611.814922779355	0.9964487552642822
6611.898682391833	0.9991098642349243
6611.982442004311	0.9937029480934143
6612.06620161679	0.9930481910705566
6612.149961229268	0.9887299537658691
6612.233720841747	0.9965481758117676
6612.317480454225	0.9853981137275696
6612.401240066703	0.9774395823478699
6612.484999679182	0.9904265403747559
6612.568759291661	0.9869938492774963
6612.6525189041395	0.9755603671073914
6612.736278516618	0.9770260453224182
6612.820038129096	0.9947419166564941
6612.903797741575	0.9978194832801819
6612.987557354053	0.9962661266326904
6613.071316966531	0.9899720549583435
6613.15507657901	0.9886729121208191
6613.238836191488	0.9922649264335632
6613.322595803967	0.9887197017669678
6613.406355416445	0.9946030378341675
6613.490115028923	0.9992545247077942
6613.573874641402	0.9830073118209839
6613.65763425388	0.9812420010566711
6613.7413938663585	0.9900203347206116
6613.825153478837	0.9838548898696899
6613.908913091315	0.9856494069099426
6613.992672703794	0.9767542481422424
6614.076432316272	0.972770631313324
6614.1601919287505	0.978710949420929
6614.243951541229	0.9887138605117798
6614.327711153707	0.9878166317939758
6614.411470766186	0.9858174920082092
6614.495230378664	0.9900407791137695
6614.578989991142	0.986510157585144
6614.662749603621	0.9820019006729126
6614.746509216099	0.9868828058242798
6614.830268828578	0.9965364933013916
6614.914028441056	0.9926653504371643
6614.997788053534	0.9915167689323425
6615.081547666013	0.9948018193244934
6615.165307278491	0.977268636226654
6615.2490668909695	0.9757006168365479
6615.332826503448	0.9860396385192871
6615.416586115926	0.975051760673523
6615.500345728405	0.9804689288139343
6615.584105340883	0.9857049584388733
6615.6678649533615	0.9704470634460449
