6500.91739025	0.177406667
6500.91739025177	1.0318052768707275
6501.094796918769	1.0278648138046265
6501.272203585769	1.0380676984786987
6501.449610252768	1.0256848335266113
6501.627016919768	1.0305941104888916
6501.804423586767	1.0363095998764038
6501.981830253767	1.0320618152618408
6502.1592369207665	1.0308970212936401
6502.336643587766	1.0285652875900269
6502.514050254766	1.0225422382354736
6502.691456921765	1.0186628103256226
6502.868863588765	1.0158640146255493
6503.046270255764	1.0135999917984009
6503.223676922764	1.0224716663360596
6503.401083589763	1.0266436338424683
6503.578490256763	1.0176798105239868
6503.7558969237625	1.0135862827301025
6503.933303590762	1.016196370124817
6504.110710257762	1.0109858512878418
6504.288116924761	1.0015959739685059
6504.465523591761	1.0090839862823486
6504.64293025876	1.0259225368499756
6504.82033692576	1.0339019298553467
6504.997743592759	1.0301854610443115
6505.175150259759	1.0297558307647705
6505.352556926759	1.041054129600525
6505.529963593758	1.042842984199524
6505.707370260758	1.0348246097564697
6505.884776927757	1.026660680770874
6506.062183594757	1.0222877264022827
6506.239590261756	1.0173180103302002
6506.416996928756	1.0201036930084229
6506.5944035957555	1.0269010066986084
6506.771810262755	1.040054202079773
6506.949216929755	1.0408273935317993
6507.126623596754	1.0266574621200562
6507.304030263754	1.0184309482574463
6507.481436930753	1.0143725872039795
6507.658843597753	1.0194091796875
6507.836250264752	1.0274200439453125
6508.013656931752	1.0322604179382324
6508.1910635987515	1.0257787704467773
6508.368470265751	1.0164098739624023
6508.545876932751	0.9906785488128662
6508.72328359975	0.9764467477798462
6508.90069026675	0.9819905757904053
6509.078096933749	0.9960188865661621
6509.255503600749	1.0114322900772095
6509.432910267748	1.0184438228607178
6509.610316934748	1.0244905948638916
6509.7877236017475	1.0267254114151
6509.965130268747	1.021530270576477
6510.142536935747	1.021463394165039
6510.319943602746	1.0320203304290771
6510.497350269746	1.0222177505493164
6510.674756936745	1.0176929235458374
6510.852163603745	1.0281033515930176
6511.029570270744	1.0296547412872314
6511.206976937744	1.0267810821533203
6511.384383604744	1.0295295715332031
6511.561790271743	1.029051661491394
6511.739196938743	1.0135149955749512
6511.916603605742	0.9905580282211304
6512.094010272742	0.9749575853347778
6512.271416939741	0.9765636324882507
6512.448823606741	0.9898406267166138
6512.6262302737405	1.0140594244003296
6512.80363694074	1.029493808746338
6512.98104360774	1.0264078378677368
6513.158450274739	1.0213956832885742
6513.335856941739	1.02554452419281
6513.513263608738	1.0293853282928467
6513.690670275738	1.0272374153137207
6513.868076942737	1.0320539474487305
6514.045483609737	1.034013271331787
6514.2228902767365	1.0211302042007446
6514.400296943736	1.0011378526687622
6514.577703610736	0.9669406414031982
6514.755110277735	0.9374558329582214
6514.932516944735	0.957158625125885
6515.109923611734	1.00571608543396
6515.287330278734	1.0410751104354858
6515.464736945733	1.0543994903564453
6515.642143612733	1.0410149097442627
6515.8195502797325	1.018397331237793
6515.996956946732	1.011587381362915
6516.174363613732	1.0038414001464844
6516.351770280731	0.9638324975967407
6516.529176947731	0.9009668827056885
6516.70658361473	0.8814345002174377
6516.88399028173	0.9218589067459106
6517.061396948729	0.9656691551208496
6517.238803615729	1.0016781091690063
6517.416210282729	1.0309110879898071
6517.593616949728	1.0392686128616333
6517.771023616728	1.0352481603622437
6517.948430283727	1.0126361846923828
6518.125836950727	0.9876255989074707
6518.303243617726	0.9902480244636536
6518.480650284726	1.0172408819198608
6518.6580569517255	1.0273538827896118
6518.835463618725	1.0096770524978638
6519.012870285725	1.0015779733657837
6519.190276952724	0.9831650257110596
6519.367683619724	0.9486169219017029
6519.545090286723	0.9408125877380371
6519.722496953723	0.9678648114204407
6519.899903620722	0.9924077987670898
6520.077310287722	1.0112947225570679
6520.2547169547215	1.0258708000183105
6520.432123621721	1.0191422700881958
6520.609530288721	1.0142135620117188
6520.78693695572	1.0275113582611084
6520.96434362272	1.028520107269287
6521.141750289719	1.0241371393203735
6521.319156956719	1.0224236249923706
6521.496563623718	1.0228705406188965
6521.673970290718	1.0165420770645142
6521.851376957718	1.010820746421814
6522.028783624717	1.0144554376602173
6522.206190291717	1.0085464715957642
6522.383596958716	1.0141024589538574
6522.561003625716	1.0204535722732544
6522.738410292715	1.0161006450653076
6522.915816959715	1.0153775215148926
6523.0932236267145	1.006874680519104
6523.270630293714	1.0078415870666504
6523.448036960714	0.998066782951355
6523.625443627713	0.9640519618988037
6523.802850294713	0.9340037703514099
6523.980256961712	0.9436118602752686
6524.157663628712	0.9793177247047424
6524.335070295711	1.010450005531311
6524.512476962711	1.0270655155181885
6524.6898836297105	1.0234529972076416
6524.86729029671	1.0214183330535889
6525.04469696371	1.022542953491211
6525.222103630709	1.0199247598648071
6525.399510297709	1.0282032489776611
6525.576916964708	1.0199506282806396
6525.754323631708	1.0118910074234009
6525.931730298707	1.0164328813552856
6526.109136965707	1.014948844909668
6526.2865436327065	1.0268882513046265
6526.463950299706	1.0329785346984863
6526.641356966706	1.0334888696670532
6526.818763633705	1.0313773155212402
6526.996170300705	1.0193926095962524
6527.173576967704	1.012895941734314
6527.350983634704	1.016708493232727
6527.528390301703	1.0177216529846191
6527.705796968703	1.0121440887451172
6527.883203635703	1.0053972005844116
6528.060610302702	1.01297128200531
6528.238016969702	1.0245856046676636
6528.415423636701	1.0253373384475708
6528.592830303701	1.027256965637207
6528.7702369707	1.020382046699524
6528.9476436377	1.0237103700637817
6529.1250503046995	1.0230884552001953
6529.302456971699	1.0157629251480103
6529.479863638699	1.0200295448303223
6529.657270305698	1.0161280632019043
6529.834676972698	1.0131404399871826
6530.012083639697	1.0212889909744263
6530.189490306697	1.0207942724227905
6530.366896973696	1.0174188613891602
6530.544303640696	1.0109453201293945
6530.7217103076955	1.0017915964126587
6530.899116974695	1.0012298822402954
6531.076523641695	1.0078842639923096
6531.253930308694	1.0068659782409668
6531.431336975694	1.0168873071670532
6531.608743642693	1.0218952894210815
6531.786150309693	1.0098320245742798
6531.963556976692	0.9966384768486023
6532.140963643692	0.9670495986938477
6532.3183703106915	0.9477828741073608
6532.495776977691	0.9499417543411255
6532.673183644691	0.9707703590393066
6532.85059031169	0.9947088360786438
6533.02799697869	1.0017637014389038
6533.205403645689	1.0051242113113403
6533.382810312689	1.0192402601242065
6533.560216979688	1.0227879285812378
6533.737623646688	1.0079725980758667
6533.915030313688	0.9908797740936279
6534.092436980687	0.9794944524765015
6534.269843647687	0.9764445424079895
6534.447250314686	0.9841817617416382
6534.624656981686	0.9974408149719238
6534.802063648685	1.000098705291748
6534.979470315685	0.9953657388687134
6535.1568769826845	0.9981381893157959
6535.334283649684	1.0128788948059082
6535.511690316684	1.019958257675171
6535.689096983683	1.0144517421722412
6535.866503650683	1.0159786939620972
6536.043910317682	1.014214277267456
6536.221316984682	1.007303237915039
6536.398723651681	1.001055121421814
6536.576130318681	0.9832469820976257
6536.7535369856805	0.9762985706329346
6536.93094365268	0.9908945560455322
6537.10835031968	0.997856616973877
6537.285756986679	1.00807523727417
6537.463163653679	1.008673906326294
6537.640570320678	1.0131640434265137
6537.817976987678	1.0181688070297241
6537.995383654677	1.0144352912902832
6538.172790321677	1.014182448387146
6538.3501969886765	1.0093036890029907
6538.527603655676	1.006714105606079
6538.705010322676	1.0063318014144897
6538.882416989675	1.0192675590515137
6539.059823656675	1.023300290107727
6539.237230323674	1.0144792795181274
6539.414636990674	1.01030695438385
6539.5920436576735	1.0085138082504272
6539.769450324673	1.0059131383895874
6539.946856991673	1.0082260370254517
6540.124263658672	1.0065757036209106
6540.301670325672	1.0016014575958252
6540.479076992671	1.004311203956604
6540.656483659671	1.0014973878860474
6540.83389032667	0.9963125586509705
6541.01129699367	1.0038177967071533
6541.1887036606695	1.006853461265564
6541.366110327669	1.005270004272461
6541.543516994669	1.0067462921142578
6541.720923661668	1.004313349723816
6541.898330328668	1.0033721923828125
6542.075736995667	0.9888646006584167
6542.253143662667	0.9771091341972351
6542.430550329666	0.9777504801750183
6542.607956996666	0.9833225607872009
6542.7853636636655	0.9944609999656677
6542.962770330665	0.9951676726341248
6543.140176997665	1.0011454820632935
6543.317583664664	0.9999233484268188
6543.494990331664	0.9805306196212769
6543.672396998663	0.9510688781738281
6543.849803665663	0.9101517200469971
6544.027210332662	0.9010601043701172
6544.204616999662	0.9269205927848816
6544.382023666662	0.9548783302307129
6544.559430333661	0.9681646227836609
6544.736837000661	0.9733942747116089
6544.91424366766	0.9828117489814758
6545.09165033466	0.9893324971199036
6545.269057001659	0.9892652630805969
6545.446463668659	0.9836612939834595
6545.6238703356585	0.9758358001708984
6545.801277002658	0.9808285236358643
6545.978683669658	0.9804667830467224
6546.156090336657	0.9829682111740112
6546.333497003657	0.9908192157745361
6546.510903670656	0.9882165789604187
6546.688310337656	0.9882713556289673
6546.865717004655	0.9845077991485596
6547.043123671655	0.9898825883865356
6547.2205303386545	0.9849769473075867
6547.397937005654	0.9660012722015381
6547.575343672654	0.9506731629371643
6547.752750339653	0.9460558295249939
6547.930157006653	0.9668014049530029
6548.107563673652	0.9710689187049866
6548.284970340652	0.9647283554077148
6548.462377007651	0.9335203170776367
6548.639783674651	0.914482831954956
6548.8171903416505	0.9233611226081848
6548.99459700865	0.9428533911705017
6549.17200367565	0.9652751088142395
6549.349410342649	0.9790720343589783
6549.526817009649	0.985869824886322
6549.704223676648	0.9929164052009583
6549.881630343648	0.9998152256011963
6550.059037010647	1.0000214576721191
6550.236443677647	0.9848750233650208
6550.413850344647	0.985548198223114
6550.591257011646	0.9946800470352173
6550.768663678646	0.9900621175765991
6550.946070345645	0.9827598929405212
6551.123477012645	0.9817190170288086
6551.300883679644	0.9913336634635925
6551.478290346644	0.9898350238800049
6551.6556970136435	0.9738456010818481
6551.833103680643	0.9669792056083679
6552.010510347643	0.9720381498336792
6552.187917014642	0.9595041871070862
6552.365323681642	0.9216436743736267
6552.542730348641	0.8884624242782593
6552.720137015641	0.8880992531776428
6552.89754368264	0.9109066128730774
6553.07495034964	0.9363484382629395
6553.2523570166395	0.9618818163871765
6553.429763683639	0.9709209203720093
6553.607170350639	0.9527881145477295
6553.784577017638	0.9439566135406494
6553.961983684638	0.9513648152351379
6554.139390351637	0.9583026170730591
6554.316797018637	0.9652736783027649
6554.494203685636	0.9689640998840332
6554.671610352636	0.9693450927734375
6554.8490170196355	0.9760151505470276
6555.026423686635	0.9809431433677673
6555.203830353635	0.9838861227035522
6555.381237020634	0.9921923279762268
6555.558643687634	0.9884177446365356
6555.736050354633	0.9906377196311951
6555.913457021633	1.0001800060272217
6556.090863688632	1.0074139833450317
6556.268270355632	1.0156614780426025
6556.445677022632	1.0171738862991333
6556.623083689631	1.0241749286651611
6556.800490356631	1.025776982307434
6556.97789702363	1.0085160732269287
6557.15530369063	1.0008394718170166
6557.332710357629	1.018174648284912
6557.510117024629	1.0445362329483032
6557.6875236916285	1.0762006044387817
6557.864930358628	1.1043096780776978
6558.042337025628	1.1163029670715332
6558.219743692627	1.136264443397522
6558.397150359627	1.182666540145874
6558.574557026626	1.2304153442382812
6558.751963693626	1.2839168310165405
6558.929370360625	1.3520156145095825
6559.106777027625	1.4209576845169067
6559.2841836946245	1.5109164714813232
6559.461590361624	1.6102527379989624
6559.638997028624	1.7292152643203735
6559.816403695623	1.867714524269104
6559.993810362623	2.026864767074585
6560.171217029622	2.2038323879241943
6560.348623696622	2.4009602069854736
6560.526030363621	2.6692352294921875
6560.703437030621	3.018838405609131
6560.880843697621	3.3933358192443848
6561.05825036462	3.751596450805664
6561.23565703162	4.111550807952881
6561.413063698619	4.425154209136963
6561.590470365619	4.693699359893799
6561.767877032618	4.983260631561279
6561.945283699618	5.347789764404297
6562.1226903666175	5.831897258758545
6562.300097033617	6.352436542510986
6562.477503700617	6.79585075378418
6562.654910367616	6.902400493621826
6562.832317034616	6.639163494110107
6563.009723701615	6.238643646240234
6563.187130368615	5.735727787017822
6563.364537035614	5.23276424407959
6563.541943702614	4.880710601806641
6563.7193503696135	4.582631587982178
6563.896757036613	4.208384990692139
6564.074163703613	3.7983696460723877
6564.251570370612	3.4711146354675293
6564.428977037612	3.181835651397705
6564.606383704611	2.881488800048828
6564.783790371611	2.6346912384033203
6564.96119703861	2.407071828842163
6565.13860370561	2.189202070236206
6565.3160103726095	1.994764804840088
6565.493417039609	1.8363465070724487
6565.670823706609	1.7081992626190186
6565.848230373608	1.5854346752166748
6566.025637040608	1.4864236116409302
6566.203043707607	1.402797818183899
6566.380450374607	1.3210219144821167
6566.557857041606	1.2637611627578735
6566.735263708606	1.2319090366363525
6566.912670375606	1.1982624530792236
6567.090077042605	1.1591323614120483
6567.267483709605	1.1330416202545166
6567.444890376604	1.1111629009246826
6567.622297043604	1.0815421342849731
6567.799703710603	1.0621041059494019
6567.977110377603	1.057363748550415
6568.1545170446025	1.0454461574554443
6568.331923711602	1.0281221866607666
6568.509330378602	1.010553240776062
6568.686737045601	0.9957228899002075
6568.864143712601	0.9927839636802673
6569.0415503796	0.9926409721374512
6569.2189570466	0.9865509271621704
6569.396363713599	0.9758855104446411
6569.573770380599	0.9755190014839172
6569.7511770475985	0.9836538434028625
6569.928583714598	0.984894871711731
6570.105990381598	0.9833099842071533
6570.283397048597	0.9860340356826782
6570.460803715597	0.9760076999664307
6570.638210382596	0.9583144783973694
6570.815617049596	0.9630191326141357
6570.993023716595	0.9674586653709412
6571.170430383595	0.9628909826278687
6571.3478370505945	0.9780704975128174
6571.525243717594	0.9786354303359985
6571.702650384594	0.9478145241737366
6571.880057051593	0.9183545112609863
6572.057463718593	0.921237051486969
6572.234870385592	0.9358363747596741
6572.412277052592	0.9389154314994812
6572.589683719591	0.9455812573432922
6572.767090386591	0.969127893447876
6572.944497053591	0.9723330140113831
6573.12190372059	0.9648050665855408
6573.29931038759	0.9643570184707642
6573.476717054589	0.9670958518981934
6573.654123721589	0.9721324443817139
6573.831530388588	0.9723551273345947
6574.008937055588	0.9826208353042603
6574.1863437225875	0.9741958379745483
6574.363750389587	0.9676644802093506
6574.541157056587	0.9445791840553284
6574.718563723586	0.8895742297172546
6574.895970390586	0.8878989219665527
6575.073377057585	0.9168264865875244
6575.250783724585	0.9374383091926575
6575.428190391584	0.9507223963737488
6575.605597058584	0.9684498310089111
6575.7830037255835	0.9804423451423645
6575.960410392583	0.9886717200279236
6576.137817059583	0.9825107455253601
6576.315223726582	0.9705785512924194
6576.492630393582	0.9705511927604675
6576.670037060581	0.9679259061813354
6576.847443727581	0.9661090970039368
6577.02485039458	0.9697705507278442
6577.20225706158	0.9841486811637878
6577.3796637285795	0.9857991337776184
6577.557070395579	0.9699988961219788
6577.734477062579	0.9684039950370789
6577.911883729578	0.9720345139503479
6578.089290396578	0.978845477104187
6578.266697063577	0.9810749292373657
6578.444103730577	0.9712167382240295
6578.6215103975765	0.9734998941421509
6578.798917064576	0.9761819243431091
6578.976323731576	0.9793398380279541
6579.153730398575	0.9819000959396362
6579.331137065575	0.9837253093719482
6579.508543732574	0.9879515171051025
6579.685950399574	0.9837573170661926
6579.863357066573	0.9857603907585144
6580.040763733573	0.988471269607544
6580.2181704005725	0.9809581637382507
6580.395577067572	0.9849908351898193
6580.572983734572	0.9793297052383423
6580.750390401571	0.9675912261009216
6580.927797068571	0.9753336906433105
6581.10520373557	0.9769303798675537
6581.28261040257	0.9812095761299133
6581.460017069569	0.9910269379615784
6581.637423736569	0.9876731038093567
6581.8148304035685	0.9900270104408264
6581.992237070568	0.9847432971000671
6582.169643737568	0.9752898812294006
6582.347050404567	0.9803706407546997
6582.524457071567	0.9734832048416138
6582.701863738566	0.9781630635261536
6582.879270405566	0.9794201850891113
6583.056677072565	0.9817149639129639
6583.234083739565	0.9824938774108887
6583.411490406565	0.9679047465324402
6583.588897073564	0.9650642275810242
6583.766303740564	0.9776803255081177
6583.943710407563	0.994437038898468
6584.121117074563	0.9952481389045715
6584.298523741562	0.9961989521980286
6584.475930408562	1.0014554262161255
6584.6533370755615	1.00761079788208
6584.830743742561	1.0173444747924805
6585.008150409561	1.0127906799316406
6585.18555707656	0.9977721571922302
6585.36296374356	0.9937122464179993
6585.540370410559	0.9966526627540588
6585.717777077559	1.0023162364959717
6585.895183744558	1.0063798427581787
6586.072590411558	1.0007141828536987
6586.2499970785575	0.9810529947280884
6586.427403745557	0.9716261029243469
6586.604810412557	0.9666427373886108
6586.782217079556	0.9671835899353027
6586.959623746556	0.9861026406288147
6587.137030413555	0.9990732669830322
6587.314437080555	1.0149860382080078
6587.491843747554	1.0200339555740356
6587.669250414554	1.0135293006896973
6587.8466570815535	1.00767982006073
6588.024063748553	1.0026435852050781
6588.201470415553	1.0072903633117676
6588.378877082552	1.0099807977676392
6588.556283749552	1.0102893114089966
6588.733690416551	1.004577875137329
6588.911097083551	0.9996071457862854
6589.08850375055	1.0025357007980347
6589.26591041755	1.0109494924545288
6589.44331708455	1.0170354843139648
6589.620723751549	1.0050164461135864
6589.798130418549	0.9985944628715515
6589.975537085548	1.0019662380218506
6590.152943752548	1.0029058456420898
6590.330350419547	0.9957355260848999
6590.507757086547	0.994610607624054
6590.6851637535465	0.9931630492210388
6590.862570420546	0.9980013370513916
6591.039977087546	1.0026811361312866
6591.217383754545	1.0133813619613647
6591.394790421545	1.0096426010131836
6591.572197088544	1.0060291290283203
6591.749603755544	1.0114375352859497
6591.927010422543	1.0042518377304077
6592.104417089543	1.0139915943145752
6592.2818237565425	1.0142160654067993
6592.459230423542	1.0073796510696411
6592.636637090542	0.9991356134414673
6592.814043757541	0.9988648891448975
6592.991450424541	1.010284185409546
6593.16885709154	1.005531907081604
6593.34626375854	1.0024503469467163
6593.523670425539	1.000380277633667
6593.701077092539	0.9979709386825562
6593.8784837595385	1.0011217594146729
6594.055890426538	0.9903295040130615
6594.233297093538	0.9900721311569214
6594.410703760537	0.998471736907959
6594.588110427537	0.9942018985748291
6594.765517094536	0.9920711517333984
6594.942923761536	1.0035279989242554
6595.120330428535	1.005393624305725
6595.297737095535	1.0021575689315796
6595.475143762535	0.9986358880996704
6595.652550429534	0.9972376823425293
6595.829957096534	1.0068116188049316
6596.007363763533	1.0147181749343872
6596.184770430533	1.008899211883545
6596.362177097532	0.9989152550697327
6596.539583764532	0.9998484253883362
6596.7169904315315	1.0099252462387085
6596.894397098531	1.0169638395309448
6597.071803765531	1.01168954372406
6597.24921043253	1.000821828842163
6597.42661709953	1.004228115081787
6597.604023766529	0.9988142848014832
6597.781430433529	1.0070559978485107
6597.958837100528	1.0073450803756714
6598.136243767528	1.003177285194397
6598.3136504345275	1.0113270282745361
6598.491057101527	0.9987850189208984
6598.668463768527	0.9955019354820251
6598.845870435526	1.004736065864563
6599.023277102526	1.0027631521224976
6599.200683769525	0.9928260445594788
6599.378090436525	0.9865564107894897
6599.555497103524	0.9859524965286255
6599.732903770524	0.9945611357688904
6599.910310437524	0.9930681586265564
6600.087717104523	0.982909083366394
6600.265123771523	0.9882907271385193
6600.442530438522	0.9952411651611328
6600.619937105522	0.9952086806297302
6600.797343772521	0.990163266658783
6600.974750439521	0.9916117787361145
6601.1521571065205	1.0054908990859985
6601.32956377352	0.9978979229927063
6601.50697044052	1.0010607242584229
6601.684377107519	0.9980786442756653
6601.861783774519	0.9882929921150208
6602.039190441518	0.9854316711425781
6602.216597108518	0.9907779693603516
6602.394003775517	1.0077983140945435
6602.571410442517	1.006832480430603
6602.7488171095165	0.9961920380592346
6602.926223776516	0.9903301000595093
6603.103630443516	1.0091921091079712
6603.281037110515	1.0082093477249146
6603.458443777515	1.0004663467407227
6603.635850444514	0.9957573413848877
6603.813257111514	0.9928842782974243
6603.990663778513	1.0032025575637817
6604.168070445513	1.011715054512024
6604.3454771125125	1.0105592012405396
6604.522883779512	0.9992445707321167
6604.700290446512	0.9914606213569641
6604.877697113511	0.994490921497345
6605.055103780511	0.996066689491272
6605.23251044751	0.9974037408828735
6605.40991711451	0.9939442276954651
6605.587323781509	0.99374920129776
6605.764730448509	1.0007330179214478
6605.942137115509	1.0060124397277832
6606.119543782508	1.0068620443344116
6606.296950449508	1.002575397491455
6606.474357116507	0.997000515460968
6606.651763783507	0.9976014494895935
6606.829170450506	1.0020291805267334
6607.006577117506	1.0077100992202759
6607.1839837845055	1.005641222000122
6607.361390451505	0.9987761974334717
6607.538797118505	0.9984222054481506
6607.716203785504	1.0072346925735474
6607.893610452504	1.0218642950057983
6608.071017119503	1.0135324001312256
6608.248423786503	0.9964509606361389
6608.425830453502	0.9952170848846436
6608.603237120502	0.9966491460800171
6608.7806437875015	0.9948718547821045
6608.958050454501	1.003881812095642
6609.135457121501	1.005972981452942
6609.3128637885	1.0009100437164307
6609.4902704555	1.00251305103302
6609.667677122499	1.0022374391555786
6609.845083789499	1.0011340379714966
6610.022490456498	1.0025850534439087
6610.199897123498	0.9982076287269592
6610.3773037904975	0.9940760731697083
6610.554710457497	0.9920928478240967
6610.732117124497	0.9963712692260742
6610.909523791496	1.0069366693496704
6611.086930458496	1.0062167644500732
6611.264337125495	0.9977865219116211
6611.441743792495	0.9931039214134216
6611.619150459494	0.9972394704818726
6611.796557126494	1.011225938796997
6611.973963793494	1.0084346532821655
6612.151370460493	0.9924629330635071
6612.328777127493	0.9847496151924133
6612.506183794492	0.9847126603126526
6612.683590461492	0.988863468170166
6612.860997128491	0.9841821193695068
6613.038403795491	0.9873287677764893
6613.2158104624905	0.9895145297050476
6613.39321712949	0.9864919781684875
6613.57062379649	0.9943687319755554
6613.748030463489	0.9922763705253601
6613.925437130489	0.9875156879425049
6614.102843797488	0.9892271757125854
6614.280250464488	0.9916423559188843
6614.457657131487	0.999168336391449
6614.635063798487	1.0023943185806274
6614.8124704654865	0.9948919415473938
6614.989877132486	0.985344409942627
6615.167283799486	0.9864099025726318
6615.344690466485	0.9931576251983643
6615.522097133485	0.9914669990539551
6615.699503800484	0.995559573173523
6615.876910467484	1.001316785812378
6616.054317134483	1.0005146265029907
6616.231723801483	0.9956550598144531
6616.4091304684825	0.9951667189598083
6616.586537135482	1.0035059452056885
6616.763943802482	0.997418224811554
6616.941350469481	0.9957189559936523
6617.118757136481	0.9977678060531616
6617.29616380348	1.0021543502807617
6617.47357047048	0.9991369843482971
6617.6509771374795	0.9991582036018372
6617.828383804479	1.0010569095611572
6618.005790471479	1.0000907182693481
6618.183197138478	0.999157190322876
6618.360603805478	0.9989344477653503
6618.538010472477	1.0035264492034912
6618.715417139477	0.9975142478942871
6618.892823806476	0.9905480742454529
6619.070230473476	0.9893938899040222
6619.2476371404755	0.9987781643867493
6619.425043807475	1.0035523176193237
6619.602450474475	0.9864832162857056
6619.779857141474	0.9836705327033997
6619.957263808474	0.9873855710029602
6620.134670475473	0.9910129904747009
6620.312077142473	0.9999644160270691
6620.489483809472	1.000722885131836
6620.666890476472	0.9954368472099304
6620.8442971434715	0.9865577816963196
6621.021703810471	0.983516275882721
6621.199110477471	0.9902923703193665
6621.37651714447	0.9940873980522156
6621.55392381147	0.9947115182876587
6621.731330478469	0.9933366179466248
6621.908737145469	0.9972737431526184
6622.086143812468	0.9990237355232239
6622.263550479468	0.9897774457931519
6622.440957146468	0.9948679208755493
6622.618363813467	1.0051937103271484
6622.795770480467	1.001095175743103
6622.973177147466	1.0040993690490723
6623.150583814466	1.005025029182434
6623.327990481465	0.996245801448822
6623.505397148465	1.0002965927124023
6623.6828038154645	0.99883633852005
6623.860210482464	0.987454891204834
6624.037617149464	0.990401029586792
6624.215023816463	1.0016231536865234
6624.392430483463	1.0020750761032104
6624.569837150462	0.9918098449707031
6624.747243817462	0.9971030354499817
6624.924650484461	0.9903920888900757
6625.102057151461	0.9883967638015747
6625.2794638184605	1.001868486404419
6625.45687048546	0.9994120001792908
6625.63427715246	0.986801028251648
6625.811683819459	0.9901303052902222
6625.989090486459	0.9995330572128296
6626.166497153458	1.0001380443572998
6626.343903820458	0.9908848404884338
6626.521310487457	0.9844964742660522
6626.698717154457	0.9970911145210266
6626.8761238214565	1.0007449388504028
6627.053530488456	0.9950060248374939
6627.230937155456	0.9903656244277954
6627.408343822455	0.9912292957305908
6627.585750489455	1.0075511932373047
6627.763157156454	1.0210888385772705
6627.940563823454	1.0062514543533325
6628.117970490453	1.0005260705947876
6628.295377157453	1.0023101568222046
6628.472783824453	0.988106906414032
6628.650190491452	0.9899930357933044
6628.827597158452	1.0082178115844727
6629.005003825451	1.0060817003250122
6629.182410492451	1.0006815195083618
6629.35981715945	1.0083811283111572
6629.53722382645	1.0062061548233032
6629.7146304934495	1.002220630645752
6629.892037160449	1.000544548034668
6630.069443827449	0.9898843765258789
6630.246850494448	0.996907114982605
6630.424257161448	1.0100141763687134
6630.601663828447	1.005395770072937
6630.779070495447	0.9998154044151306
6630.956477162446	1.0039267539978027
6631.133883829446	1.0011287927627563
6631.3112904964455	0.9961199164390564
6631.488697163445	0.9967337250709534
6631.666103830445	0.9959847927093506
6631.843510497444	0.993122935295105
6632.020917164444	0.9926624298095703
6632.198323831443	0.999529242515564
6632.375730498443	1.0029406547546387
6632.553137165442	0.996009886264801
6632.730543832442	0.9983951449394226
6632.9079504994415	0.9983996152877808
6633.085357166441	0.9835676550865173
6633.262763833441	0.9862377047538757
6633.44017050044	1.0010673999786377
6633.61757716744	1.0013302564620972
6633.794983834439	1.006903052330017
6633.972390501439	1.0060914754867554
6634.149797168438	0.99298095703125
6634.327203835438	0.989332377910614
6634.504610502438	0.9935228824615479
6634.682017169437	0.9932982325553894
6634.859423836437	1.0058987140655518
6635.036830503436	1.0168260335922241
6635.214237170436	1.003838300704956
6635.391643837435	0.9920082688331604
6635.569050504435	0.9912639260292053
6635.7464571714345	0.9920972585678101
6635.923863838434	1.0017465353012085
6636.101270505434	1.0005844831466675
6636.278677172433	0.9955061078071594
6636.456083839433	1.0008721351623535
6636.633490506432	1.001406192779541
6636.810897173432	0.99173504114151
6636.988303840431	0.9937148690223694
6637.165710507431	0.9997987747192383
6637.3431171744305	0.9969607591629028
6637.52052384143	1.0015556812286377
6637.69793050843	1.0037060976028442
6637.875337175429	1.000930905342102
6638.052743842429	0.997510552406311
6638.230150509428	1.0003637075424194
6638.407557176428	1.0087218284606934
6638.584963843427	1.0133519172668457
6638.762370510427	1.0059137344360352
6638.939777177427	1.0038888454437256
6639.117183844426	0.9972271919250488
6639.294590511426	0.9979466199874878
6639.471997178425	1.0015207529067993
6639.649403845425	0.9960086345672607
6639.826810512424	0.9997216463088989
6640.004217179424	1.0053331851959229
6640.1816238464235	1.0065069198608398
6640.359030513423	1.0044255256652832
6640.536437180423	0.9919160604476929
6640.713843847422	0.9942154884338379
6640.891250514422	1.0046876668930054
6641.068657181421	1.0016182661056519
6641.246063848421	0.9976832866668701
6641.42347051542	0.9879542589187622
6641.60087718242	1.001834750175476
6641.7782838494195	1.0088918209075928
6641.955690516419	0.9900504350662231
6642.133097183419	0.9814926981925964
6642.310503850418	0.9861739277839661
6642.487910517418	0.9924821257591248
6642.665317184417	0.9997636079788208
6642.842723851417	1.006277084350586
6643.020130518416	0.9988012909889221
6643.197537185416	0.9948073625564575
6643.3749438524155	0.9968887567520142
6643.552350519415	1.013371467590332
6643.729757186415	1.0183049440383911
6643.907163853414	1.004337191581726
6644.084570520414	0.999192476272583
6644.261977187413	0.9979459047317505
6644.439383854413	0.9992430210113525
6644.616790521412	1.0140284299850464
6644.794197188412	1.029699683189392
6644.971603855412	1.0221160650253296
6645.149010522411	1.0024384260177612
6645.326417189411	1.0104362964630127
6645.50382385641	1.0101643800735474
6645.68123052341	1.001340627670288
6645.858637190409	1.0019407272338867
6646.036043857409	1.011602520942688
6646.2134505244085	1.0147714614868164
6646.390857191408	0.9944832921028137
6646.568263858408	0.9880228638648987
6646.745670525407	0.9913308024406433
6646.923077192407	0.9886409640312195
6647.100483859406	0.9876521229743958
6647.277890526406	0.9896330833435059
6647.455297193405	0.9982374310493469
6647.632703860405	1.0024529695510864
6647.8101105274045	0.996383011341095
6647.987517194404	0.9936271905899048
6648.164923861404	0.9928728342056274
6648.342330528403	0.9867663979530334
6648.519737195403	0.9777796864509583
6648.697143862402	0.9838879704475403
6648.874550529402	0.9864699244499207
6649.051957196401	0.989557683467865
6649.229363863401	0.9876573085784912
6649.4067705304005	0.9906675219535828
6649.5841771974	0.9940123558044434
6649.7615838644	0.9897378087043762
6649.938990531399	1.0014886856079102
6650.116397198399	1.0040289163589478
6650.293803865398	1.0014057159423828
6650.471210532398	0.9942797422409058
6650.648617199397	0.9903265237808228
6650.826023866397	0.999369204044342
6651.003430533397	1.0090696811676025
6651.180837200396	0.9997982978820801
6651.358243867396	0.9919663667678833
6651.535650534395	1.0012236833572388
6651.713057201395	1.0083857774734497
6651.890463868394	1.0012938976287842
6652.067870535394	0.9947171807289124
6652.2452772023935	0.9936511516571045
6652.422683869393	0.9956399202346802
6652.600090536393	0.9969561696052551
6652.777497203392	0.9941952228546143
6652.954903870392	0.9891068339347839
6653.132310537391	0.9944812655448914
6653.309717204391	0.9969793558120728
6653.48712387139	0.9923043251037598
6653.66453053839	0.9944943785667419
6653.8419372053895	1.0017863512039185
6654.019343872389	1.0047364234924316
6654.196750539389	0.9962465763092041
6654.374157206388	0.9854205846786499
6654.551563873388	0.9860232472419739
6654.728970540387	0.9986282587051392
6654.906377207387	1.0023130178451538
6655.083783874386	0.9878727793693542
6655.261190541386	0.9922621846199036
6655.4385972083855	1.0025306940078735
6655.616003875385	1.0018084049224854
6655.793410542385	0.9943321943283081
6655.970817209384	0.9876388311386108
6656.148223876384	0.9965447783470154
6656.325630543383	1.0053755044937134
6656.503037210383	0.9884874224662781
6656.6804438773825	0.9791280627250671
6656.857850544382	0.9900529980659485
6657.035257211382	0.9787158370018005
6657.212663878381	0.9845860004425049
6657.390070545381	0.9986248016357422
6657.56747721238	0.9955167770385742
6657.74488387938	0.9847596883773804
6657.922290546379	0.9847901463508606
6658.099697213379	0.9920092225074768
6658.2771038803785	1.0016225576400757
6658.454510547378	0.9973582029342651
6658.631917214378	0.9859724044799805
6658.809323881377	0.9870768785476685
6658.986730548377	0.9848160147666931
6659.164137215376	0.9894318580627441
6659.341543882376	0.9967880845069885
6659.518950549375	0.9841139912605286
6659.696357216375	0.9908331036567688
6659.8737638833745	0.9971479177474976
6660.051170550374	0.9849090576171875
6660.228577217374	1.004758596420288
6660.405983884373	0.9954818487167358
6660.583390551373	0.9771041870117188
6660.760797218372	0.9924066066741943
6660.938203885372	0.9967648983001709
6661.115610552371	0.992393434047699
6661.293017219371	0.9879311919212341
6661.470423886371	0.9903779625892639
6661.64783055337	0.9976599216461182
6661.82523722037	0.9998564124107361
6662.002643887369	0.9982333779335022
6662.180050554369	0.9906921982765198
6662.357457221368	0.9917984008789062
6662.534863888368	1.0081487894058228
6662.7122705553675	1.0124363899230957
6662.889677222367	1.0022343397140503
6663.067083889367	1.0009013414382935
6663.244490556366	0.9911701083183289
6663.421897223366	0.9888482093811035
6663.599303890365	0.9854936003684998
6663.776710557365	0.9984630942344666
6663.954117224364	1.0032050609588623
6664.131523891364	0.9938642978668213
6664.3089305583635	0.9936061501502991
6664.486337225363	0.9894474148750305
6664.663743892363	0.992798388004303
6664.841150559362	0.9953441619873047
6665.018557226362	0.9936254024505615
6665.195963893361	0.9860872030258179
6665.373370560361	0.9801526665687561
6665.55077722736	0.9877346754074097
6665.72818389436	0.988077700138092
6665.9055905613595	0.992962658405304
6666.082997228359	0.9891186356544495
6666.260403895359	0.9944280982017517
6666.437810562358	0.9940227270126343
6666.615217229358	0.9878899455070496
6666.792623896357	1.0012503862380981
6666.970030563357	0.9948917031288147
6667.147437230356	0.9907974600791931
6667.324843897356	0.9912800192832947
6667.502250564356	0.9934918880462646
6667.679657231355	0.9933239221572876
6667.857063898355	0.9914817214012146
6668.034470565354	0.9954513907432556
6668.211877232354	0.9984314441680908
6668.389283899353	1.0022392272949219
6668.566690566353	0.9968414306640625
6668.7440972333525	0.9930412173271179
6668.921503900352	0.9920491576194763
6669.098910567352	0.9936385154724121
6669.276317234351	0.9902716279029846
6669.453723901351	0.9837293028831482
6669.63113056835	0.9865558743476868
6669.80853723535	0.9836698174476624
6669.985943902349	0.9843748211860657
6670.163350569349	0.9847431778907776
6670.3407572363485	0.9891778230667114
6670.518163903348	0.9982506632804871
6670.695570570348	0.9966683387756348
6670.872977237347	0.9875678420066833
6671.050383904347	0.9818593859672546
6671.227790571346	0.9743672013282776
6671.405197238346	0.9758448004722595
6671.582603905345	0.9780253767967224
6671.760010572345	0.9800094962120056
6671.9374172393445	0.9845216274261475
6672.114823906344	0.982069730758667
6672.292230573344	0.983826756477356
6672.469637240343	0.9843876361846924
6672.647043907343	0.9800301790237427
6672.824450574342	0.9832382798194885
6673.001857241342	0.987216591835022
6673.179263908341	0.9911381602287292
6673.356670575341	0.9931637644767761
6673.534077242341	0.9901323318481445
6673.71148390934	0.9858481884002686
6673.88889057634	0.9827899932861328
6674.066297243339	0.983030378818512
6674.243703910339	0.9773908257484436
6674.421110577338	0.9860648512840271
6674.598517244338	0.9909182786941528
6674.7759239113375	0.9835768342018127
6674.953330578337	0.9871573448181152
6675.130737245337	0.9975199103355408
6675.308143912336	0.9979928731918335
6675.485550579336	0.9922815561294556
6675.662957246335	0.9941062927246094
6675.840363913335	0.9903190732002258
6676.017770580334	0.977780282497406
6676.195177247334	0.9744991064071655
6676.3725839143335	0.9813467860221863
6676.549990581333	0.9676240682601929
6676.727397248333	0.9553723335266113
6676.904803915332	0.9537331461906433
6677.082210582332	0.9377442002296448
6677.259617249331	0.9366381168365479
6677.437023916331	0.9353242516517639
6677.61443058333	0.9224497079849243
6677.79183725033	0.9157280921936035
6677.96924391733	0.9155814051628113
6678.146650584329	0.9253097176551819
6678.324057251329	0.9258420467376709
6678.501463918328	0.9265953302383423
6678.678870585328	0.931757926940918
6678.856277252327	0.9316509366035461
6679.033683919327	0.9369470477104187
6679.2110905863265	0.9541482329368591
6679.388497253326	0.954835832118988
6679.565903920326	0.9558430314064026
6679.743310587325	0.964087724685669
6679.920717254325	0.977342426776886
6680.098123921324	0.9863612651824951
6680.275530588324	0.9881308078765869
6680.452937255323	0.989439845085144
6680.630343922323	0.9883183836936951
6680.8077505893225	0.9865739345550537
6680.985157256322	0.9844655394554138
6681.162563923322	0.9746164679527283
6681.339970590321	0.9788382649421692
6681.517377257321	0.994010865688324
6681.69478392432	0.9923035502433777
6681.87219059132	1.001369595527649
6682.049597258319	1.0119140148162842
6682.227003925319	1.0018755197525024
6682.4044105923185	0.9895365238189697
6682.581817259318	0.9907985925674438
6682.759223926318	0.9860274791717529
6682.936630593317	0.9899153113365173
6683.114037260317	0.996580958366394
6683.291443927316	0.9933353662490845
6683.468850594316	0.9889889359474182
6683.646257261315	0.9991523027420044
6683.823663928315	0.9965744018554688
6684.001070595315	0.9811553955078125
6684.178477262314	0.9916268587112427
6684.355883929314	0.9972656965255737
6684.533290596313	1.0004563331604004
6684.710697263313	0.9963068962097168
6684.888103930312	0.985816240310669
6685.065510597312	0.9749159216880798
6685.2429172643115	0.9833450317382812
6685.420323931311	0.9925163388252258
6685.597730598311	0.9893931746482849
6685.77513726531	1.0020753145217896
6685.95254393231	0.9988986849784851
6686.129950599309	1.0069037675857544
6686.307357266309	1.0106366872787476
6686.484763933308	0.9946156144142151
6686.662170600308	0.9926216006278992
6686.8395772673075	0.0
