6410.04401538	0.25035
6410.04401538464	1.1310619115829468
6410.2943653846405	1.128580093383789
6410.54471538464	1.1235918998718262
6410.79506538464	1.1186537742614746
6411.04541538464	1.1146910190582275
6411.295765384641	1.1136255264282227
6411.54611538464	1.115904450416565
6411.79646538464	1.1183537244796753
6412.0468153846405	1.1195894479751587
6412.29716538464	1.1196843385696411
6412.54751538464	1.1187546253204346
6412.79786538464	1.1167171001434326
6413.048215384641	1.1135872602462769
6413.29856538464	1.112764596939087
6413.54891538464	1.1160447597503662
6413.79926538464	1.1197618246078491
6414.049615384641	1.1217390298843384
6414.29996538464	1.1226398944854736
6414.55031538464	1.122869849205017
6414.8006653846405	1.1228233575820923
6415.05101538464	1.1227612495422363
6415.30136538464	1.1221938133239746
6415.55171538464	1.1207172870635986
6415.802065384641	1.1191619634628296
6416.05241538464	1.1181917190551758
6416.30276538464	1.1171823740005493
6416.5531153846405	1.1155823469161987
6416.80346538464	1.114454746246338
6417.05381538464	1.1148890256881714
6417.30416538464	1.117564082145691
6417.554515384641	1.1236649751663208
6417.80486538464	1.127962589263916
6418.05521538464	1.1241722106933594
6418.30556538464	1.1176700592041016
6418.555915384641	1.1140916347503662
6418.80626538464	1.112015724182129
6419.05661538464	1.110129714012146
6419.3069653846405	1.1082704067230225
6419.55731538464	1.1062140464782715
6419.80766538464	1.1053138971328735
6420.05801538464	1.108261227607727
6420.308365384641	1.1121591329574585
6420.55871538464	1.1125916242599487
6420.80906538464	1.1116803884506226
6421.0594153846405	1.112527847290039
6421.30976538464	1.1127747297286987
6421.56011538464	1.1070414781570435
6421.81046538464	1.0997761487960815
6422.060815384641	1.0999089479446411
6422.31116538464	1.1036509275436401
6422.56151538464	1.1049282550811768
6422.81186538464	1.1046216487884521
6423.062215384641	1.1033904552459717
6423.31256538464	1.1021114587783813
6423.56291538464	1.1036200523376465
6423.8132653846405	1.10640287399292
6424.06361538464	1.1068207025527954
6424.31396538464	1.1055564880371094
6424.56431538464	1.1022775173187256
6424.814665384641	1.0981297492980957
6425.06501538464	1.0970548391342163
6425.31536538464	1.0979658365249634
6425.5657153846405	1.0999009609222412
6425.81606538464	1.102156162261963
6426.06641538464	1.1002076864242554
6426.31676538464	1.095879316329956
6426.567115384641	1.0963913202285767
6426.81746538464	1.1000107526779175
6427.06781538464	1.1038662195205688
6427.31816538464	1.1078473329544067
6427.568515384641	1.1104243993759155
6427.81886538464	1.112073302268982
6428.06921538464	1.1097201108932495
6428.319565384641	1.1047075986862183
6428.56991538464	1.102327585220337
6428.82026538464	1.1017428636550903
6429.07061538464	1.1010890007019043
6429.320965384641	1.1003667116165161
6429.57131538464	1.103181004524231
6429.82166538464	1.1085445880889893
6430.0720153846405	1.110080361366272
6430.32236538464	1.1086859703063965
6430.57271538464	1.1068743467330933
6430.82306538464	1.1048959493637085
6431.073415384641	1.1062726974487305
6431.32376538464	1.1102885007858276
6431.57411538464	1.108445405960083
6431.8244653846405	1.1016677618026733
6432.07481538464	1.098941683769226
6432.32516538464	1.1000510454177856
6432.57551538464	1.1029835939407349
6432.825865384641	1.1070421934127808
6433.07621538464	1.1074789762496948
6433.32656538464	1.1045866012573242
6433.57691538464	1.1025420427322388
6433.827265384641	1.10175359249115
6434.07761538464	1.1022913455963135
6434.32796538464	1.1038600206375122
6434.5783153846405	1.1027774810791016
6434.82866538464	1.0989550352096558
6435.07901538464	1.0981895923614502
6435.32936538464	1.1010141372680664
6435.579715384641	1.1029328107833862
6435.83006538464	1.1031204462051392
6436.08041538464	1.0998785495758057
6436.3307653846405	1.093440294265747
6436.58111538464	1.0927423238754272
6436.83146538464	1.0991618633270264
6437.08181538464	1.1008460521697998
6437.332165384641	1.095117211341858
6437.58251538464	1.0926934480667114
6437.83286538464	1.0964683294296265
6438.08321538464	1.0981215238571167
6438.333565384641	1.095093011856079
6438.58391538464	1.0918591022491455
6438.83426538464	1.0901049375534058
6439.0846153846405	1.0887649059295654
6439.33496538464	1.0873676538467407
6439.58531538464	1.087396264076233
6439.83566538464	1.089354395866394
6440.086015384641	1.0911082029342651
6440.33636538464	1.0916872024536133
6440.58671538464	1.0928927659988403
6440.8370653846405	1.0955818891525269
6441.08741538464	1.0979827642440796
6441.33776538464	1.099163293838501
6441.58811538464	1.098634123802185
6441.838465384641	1.096152424812317
6442.08881538464	1.095396876335144
6442.33916538464	1.0986177921295166
6442.58951538464	1.101710319519043
6442.839865384641	1.1019821166992188
6443.09021538464	1.1008827686309814
6443.34056538464	1.099366545677185
6443.5909153846405	1.0982190370559692
6443.84126538464	1.0980573892593384
6444.09161538464	1.0977007150650024
6444.34196538464	1.0961796045303345
6444.592315384641	1.0932939052581787
6444.84266538464	1.0886951684951782
6445.09301538464	1.085745930671692
6445.3433653846405	1.0878150463104248
6445.59371538464	1.0897674560546875
6445.84406538464	1.0864982604980469
6446.09441538464	1.0814733505249023
6446.344765384641	1.0779643058776855
6446.59511538464	1.0769000053405762
6446.84546538464	1.0800081491470337
6447.09581538464	1.0840370655059814
6447.346165384641	1.085292100906372
6447.59651538464	1.0835076570510864
6447.84686538464	1.0772180557250977
6448.097215384641	1.071905493736267
6448.34756538464	1.075785756111145
6448.59791538464	1.082182765007019
6448.84826538464	1.0820330381393433
6449.098615384641	1.0798306465148926
6449.34896538464	1.0819413661956787
6449.59931538464	1.0849745273590088
6449.8496653846405	1.0833680629730225
6450.10001538464	1.080258846282959
6450.35036538464	1.080768346786499
6450.60071538464	1.0825505256652832
6450.851065384641	1.0815707445144653
6451.10141538464	1.0798662900924683
6451.35176538464	1.081592321395874
6451.6021153846405	1.0844700336456299
6451.85246538464	1.083751916885376
6452.10281538464	1.0807061195373535
6452.35316538464	1.0762484073638916
6452.603515384641	1.0719112157821655
6452.85386538464	1.072798490524292
6453.10421538464	1.0760488510131836
6453.35456538464	1.0749691724777222
6453.604915384641	1.071759819984436
6453.85526538464	1.0716216564178467
6454.10561538464	1.073387622833252
6454.3559653846405	1.075595736503601
6454.60631538464	1.07851243019104
6454.85666538464	1.085439920425415
6455.10701538464	1.094525933265686
6455.357365384641	1.100191593170166
6455.60771538464	1.1034488677978516
6455.85806538464	1.1031056642532349
6456.1084153846405	1.100532054901123
6456.35876538464	1.098704218864441
6456.60911538464	1.0973000526428223
6456.85946538464	1.0946778059005737
6457.109815384641	1.0913665294647217
6457.36016538464	1.0916491746902466
6457.61051538464	1.0942317247390747
6457.86086538464	1.0926216840744019
6458.111215384641	1.0882433652877808
6458.36156538464	1.0805720090866089
6458.61191538464	1.0706957578659058
6458.8622653846405	1.0638799667358398
6459.11261538464	1.0591667890548706
6459.36296538464	1.0567593574523926
6459.61331538464	1.0559412240982056
6459.863665384641	1.0578136444091797
6460.11401538464	1.0615801811218262
6460.36436538464	1.0628823041915894
6460.6147153846405	1.062303066253662
6460.86506538464	1.0618230104446411
6461.11541538464	1.0615079402923584
6461.36576538464	1.066042184829712
6461.616115384641	1.0743108987808228
6461.86646538464	1.0717161893844604
6462.11681538464	1.060258388519287
6462.36716538464	1.0561860799789429
6462.617515384641	1.0588574409484863
6462.86786538464	1.058584451675415
6463.11821538464	1.0551990270614624
6463.3685653846405	1.0520622730255127
6463.61891538464	1.0494880676269531
6463.86926538464	1.0496504306793213
6464.11961538464	1.052131175994873
6464.369965384641	1.055018424987793
6464.62031538464	1.0579419136047363
6464.87066538464	1.059471845626831
6465.1210153846405	1.0597169399261475
6465.37136538464	1.059910774230957
6465.62171538464	1.0602786540985107
6465.87206538464	1.0601027011871338
6466.122415384641	1.0593681335449219
6466.37276538464	1.0574065446853638
6466.62311538464	1.0543415546417236
6466.87346538464	1.0522733926773071
6467.123815384641	1.0514671802520752
6467.37416538464	1.0525503158569336
6467.62451538464	1.0553061962127686
6467.8748653846405	1.0562224388122559
6468.12521538464	1.0547242164611816
6468.37556538464	1.050602912902832
6468.62591538464	1.0442595481872559
6468.876265384641	1.0392582416534424
6469.12661538464	1.0364500284194946
6469.37696538464	1.0360006093978882
6469.6273153846405	1.0376008749008179
6469.87766538464	1.0391827821731567
6470.12801538464	1.0400372743606567
6470.37836538464	1.0426790714263916
6470.628715384641	1.0477988719940186
6470.87906538464	1.0521999597549438
6471.12941538464	1.0547168254852295
6471.37976538464	1.0541409254074097
6471.63011538464	1.050294280052185
6471.88046538464	1.04513418674469
6472.13081538464	1.0396472215652466
6472.381165384641	1.034057378768921
6472.63151538464	1.028477668762207
6472.88186538464	1.0257916450500488
6473.13221538464	1.0272563695907593
6473.382565384641	1.0301156044006348
6473.63291538464	1.0328446626663208
6473.88326538464	1.031331181526184
6474.1336153846405	1.023400068283081
6474.38396538464	1.012607455253601
6474.63431538464	1.0011060237884521
6474.88466538464	0.9899129867553711
6475.135015384641	0.9796701073646545
6475.38536538464	0.9732496738433838
6475.63571538464	0.9726535081863403
6475.8860653846405	0.9777801036834717
6476.13641538464	0.9888052940368652
6476.38676538464	1.0012359619140625
6476.63711538464	1.011810064315796
6476.887465384641	1.021354079246521
6477.13781538464	1.0304300785064697
6477.38816538464	1.037647008895874
6477.63851538464	1.0416361093521118
6477.888865384641	1.0438902378082275
6478.13921538464	1.0454943180084229
6478.38956538464	1.044023036956787
6478.6399153846405	1.036705493927002
6478.89026538464	1.026379108428955
6479.14061538464	1.0152853727340698
6479.39096538464	1.0060940980911255
6479.641315384641	1.002034068107605
6479.89166538464	1.0027174949645996
6480.14201538464	1.0089168548583984
6480.3923653846405	1.0175036191940308
6480.64271538464	1.0254665613174438
6480.89306538464	1.0327234268188477
6481.14341538464	1.0389385223388672
6481.393765384641	1.0441045761108398
6481.64411538464	1.0478259325027466
6481.89446538464	1.0480141639709473
6482.14481538464	1.0402522087097168
6482.395165384641	1.028946876525879
6482.64551538464	1.0191380977630615
6482.89586538464	1.0100493431091309
6483.1462153846405	1.0007965564727783
6483.39656538464	0.9917730093002319
6483.64691538464	0.9837878346443176
6483.89726538464	0.9797217845916748
6484.147615384641	0.9873520731925964
6484.39796538464	1.0011521577835083
6484.64831538464	1.014499545097351
6484.8986653846405	1.0265681743621826
6485.14901538464	1.0346099138259888
6485.39936538464	1.0386886596679688
6485.64971538464	1.0355470180511475
6485.900065384641	1.0284098386764526
6486.15041538464	1.0214427709579468
6486.40076538464	1.0156792402267456
6486.65111538464	1.0151644945144653
6486.901465384641	1.0174283981323242
6487.15181538464	1.0185496807098389
6487.40216538464	1.0201635360717773
6487.6525153846405	1.0281262397766113
6487.90286538464	1.038103461265564
6488.15321538464	1.0379067659378052
6488.40356538464	1.0327339172363281
6488.653915384641	1.0343680381774902
6488.90426538464	1.039366364479065
6489.15461538464	1.0392885208129883
6489.4049653846405	1.0360277891159058
6489.65531538464	1.0318347215652466
6489.90566538464	1.0271371603012085
6490.15601538464	1.02302086353302
6490.406365384641	1.0198662281036377
6490.65671538464	1.022886037826538
6490.90706538464	1.0294363498687744
6491.15741538464	1.032286524772644
6491.40776538464	1.0328865051269531
6491.65811538464	1.034520149230957
6491.90846538464	1.0368781089782715
6492.158815384641	1.040413737297058
6492.40916538464	1.044558048248291
6492.65951538464	1.0454868078231812
6492.90986538464	1.0442448854446411
6493.160215384641	1.0400805473327637
6493.41056538464	1.0342183113098145
6493.66091538464	1.038668155670166
6493.9112653846405	1.0498396158218384
6494.16161538464	1.054054856300354
6494.41196538464	1.0536643266677856
6494.66231538464	1.0450127124786377
6494.912665384641	1.0308213233947754
6495.16301538464	1.0183310508728027
6495.41336538464	1.0070184469223022
6495.66371538464	1.0053832530975342
6495.914065384641	1.0104668140411377
6496.16441538464	1.014509677886963
6496.41476538464	1.0176794528961182
6496.665115384641	1.0218900442123413
6496.91546538464	1.0268783569335938
6497.16581538464	1.0306661128997803
6497.41616538464	1.0335416793823242
6497.666515384641	1.0360370874404907
6497.91686538464	1.038291335105896
6498.16721538464	1.0422745943069458
6498.4175653846405	1.0475929975509644
6498.66791538464	1.0492098331451416
6498.91826538464	1.047857642173767
6499.16861538464	1.0504735708236694
6499.418965384641	1.0564640760421753
6499.66931538464	1.0591721534729004
6499.91966538464	1.0589357614517212
6500.1700153846405	1.0589103698730469
6500.42036538464	1.0593442916870117
6500.67071538464	1.0567680597305298
6500.92106538464	1.0516146421432495
6501.171415384641	1.0508891344070435
6501.42176538464	1.0542588233947754
6501.67211538464	1.05585777759552
6501.92246538464	1.055382251739502
6502.172815384641	1.053366780281067
6502.42316538464	1.0502725839614868
6502.67351538464	1.0473524332046509
6502.9238653846405	1.0447540283203125
6503.17421538464	1.041032075881958
6503.42456538464	1.0362173318862915
6503.67491538464	1.0345999002456665
6503.925265384641	1.0361919403076172
6504.17561538464	1.0395395755767822
6504.42596538464	1.0439715385437012
6504.6763153846405	1.0468411445617676
6504.92666538464	1.0479588508605957
6505.17701538464	1.0486255884170532
6505.42736538464	1.0492171049118042
6505.677715384641	1.0496102571487427
6505.92806538464	1.0498180389404297
6506.17841538464	1.0506700277328491
6506.42876538464	1.052239179611206
6506.679115384641	1.0516663789749146
6506.92946538464	1.048630714416504
6507.17981538464	1.0449705123901367
6507.4301653846405	1.041298508644104
6507.68051538464	1.037726640701294
6507.93086538464	1.0342686176300049
6508.18121538464	1.0322227478027344
6508.431565384641	1.0317407846450806
6508.68191538464	1.0330655574798584
6508.93226538464	1.0359832048416138
6509.1826153846405	1.0400434732437134
6509.43296538464	1.044922113418579
6509.68331538464	1.0476727485656738
6509.93366538464	1.0475716590881348
6510.184015384641	1.046789288520813
6510.43436538464	1.0462150573730469
6510.68471538464	1.0460102558135986
6510.93506538464	1.046190857887268
6511.185415384641	1.0419206619262695
6511.43576538464	1.0317714214324951
6511.68611538464	1.0244489908218384
6511.9364653846405	1.0233217477798462
6512.18681538464	1.0249181985855103
6512.43716538464	1.0274403095245361
6512.68751538464	1.0295090675354004
6512.937865384641	1.0305283069610596
6513.18821538464	1.02826726436615
6513.43856538464	1.0219035148620605
6513.6889153846405	1.0144128799438477
6513.93926538464	1.0073670148849487
6514.18961538464	1.0023220777511597
6514.43996538464	0.9999850988388062
6514.690315384641	0.9972383379936218
6514.94066538464	0.9923914074897766
6515.19101538464	0.9866156578063965
6515.44136538464	0.980609655380249
6515.691715384641	0.9763011336326599
6515.94206538464	0.9748060703277588
6516.19241538464	0.9725213646888733
6516.442765384641	0.9672157168388367
6516.69311538464	0.9643115997314453
6516.94346538464	0.9673330187797546
6517.19381538464	0.9760888814926147
6517.444165384641	0.9905685782432556
6517.69451538464	1.0047297477722168
6517.94486538464	1.0143216848373413
6518.1952153846405	1.0192124843597412
6518.44556538464	1.0190728902816772
6518.69591538464	1.0162765979766846
6518.94626538464	1.0124567747116089
6519.196615384641	1.008722186088562
6519.44696538464	1.0059577226638794
6519.69731538464	1.0064074993133545
6519.9476653846405	1.0122334957122803
6520.19801538464	1.01820969581604
6520.44836538464	1.019869089126587
6520.69871538464	1.0214325189590454
6520.949065384641	1.026656150817871
6521.19941538464	1.0305235385894775
6521.44976538464	1.0281670093536377
6521.70011538464	1.023946762084961
6521.950465384641	1.0217647552490234
6522.20081538464	1.0195491313934326
6522.45116538464	1.0152066946029663
6522.7015153846405	1.0098981857299805
6522.95186538464	1.0046372413635254
6523.20221538464	0.9992853403091431
6523.45256538464	0.9936710596084595
6523.702915384641	0.9910042881965637
6523.95326538464	0.995692789554596
6524.20361538464	1.0033376216888428
6524.4539653846405	1.0095562934875488
6524.70431538464	1.0144078731536865
6524.95466538464	1.0175451040267944
6525.20501538464	1.020819067955017
6525.455365384641	1.0266550779342651
6525.70571538464	1.0314208269119263
6525.95606538464	1.0298570394515991
6526.20641538464	1.0262058973312378
6526.456765384641	1.025587797164917
6526.70711538464	1.026719331741333
6526.95746538464	1.0284628868103027
6527.2078153846405	1.0289130210876465
6527.45816538464	1.0245802402496338
6527.70851538464	1.020383596420288
6527.95886538464	1.0242149829864502
6528.209215384641	1.0296766757965088
6528.45956538464	1.026985764503479
6528.70991538464	1.0223190784454346
6528.9602653846405	1.0253002643585205
6529.21061538464	1.031315803527832
6529.46096538464	1.0338054895401
6529.71131538464	1.0335915088653564
6529.961665384641	1.0304899215698242
6530.21201538464	1.0258980989456177
6530.46236538464	1.0215721130371094
6530.71271538464	1.018064022064209
6530.963065384641	1.0171358585357666
6531.21341538464	1.0163252353668213
6531.46376538464	1.0103248357772827
6531.7141153846405	1.0029240846633911
6531.96446538464	1.0016647577285767
6532.21481538464	1.0024243593215942
6532.46516538464	0.997054398059845
6532.715515384641	0.9900588989257812
6532.96586538464	0.9913404583930969
6533.21621538464	0.9967741370201111
6533.4665653846405	0.9996122717857361
6533.71691538464	1.0003331899642944
6533.96726538464	0.9979164600372314
6534.21761538464	0.9948927164077759
6534.467965384641	0.9981224536895752
6534.71831538464	1.0043119192123413
6534.96866538464	1.006826400756836
6535.21901538464	1.0070420503616333
6535.469365384641	1.0063903331756592
6535.71971538464	1.0056885480880737
6535.97006538464	1.0077883005142212
6536.220415384641	1.011331558227539
6536.47076538464	1.0134716033935547
6536.72111538464	1.0149478912353516
6536.97146538464	1.0176059007644653
6537.221815384641	1.0204592943191528
6537.47216538464	1.019571304321289
6537.72251538464	1.0161713361740112
6537.9728653846405	1.0108416080474854
6538.22321538464	1.0055471658706665
6538.47356538464	1.0103065967559814
6538.72391538464	1.0205626487731934
6538.974265384641	1.0249050855636597
6539.22461538464	1.0250794887542725
6539.47496538464	1.0201845169067383
6539.72531538464	1.0126878023147583
6539.97566538464	1.0108799934387207
6540.22601538464	1.0125246047973633
6540.47636538464	1.0130767822265625
6540.726715384641	1.0128741264343262
6540.97706538464	1.0117892026901245
6541.22741538464	1.0100607872009277
6541.47776538464	1.007112741470337
6541.728115384641	1.0031816959381104
6541.97846538464	0.9959408044815063
6542.22881538464	0.9867315292358398
6542.4791653846405	0.980136513710022
6542.72951538464	0.9752550721168518
6542.97986538464	0.9711796045303345
6543.23021538464	0.9676369428634644
6543.480565384641	0.9644432663917542
6543.73091538464	0.9615239500999451
6543.98126538464	0.9601080417633057
6544.2316153846405	0.9597839713096619
6544.48196538464	0.9639598727226257
6544.73231538464	0.9709959030151367
6544.98266538464	0.9730657339096069
6545.233015384641	0.9719190001487732
6545.48336538464	0.9756184816360474
6545.73371538464	0.9825093746185303
6545.98406538464	0.9850879311561584
6546.234415384641	0.9848018288612366
6546.48476538464	0.9850146770477295
6546.73511538464	0.9855618476867676
6546.9854653846405	0.9801082611083984
6547.23581538464	0.9705909490585327
6547.48616538464	0.9616191387176514
6547.73651538464	0.9530479907989502
6547.986865384641	0.9480558037757874
6548.23721538464	0.9455315470695496
6548.48756538464	0.9474025964736938
6548.7379153846405	0.9523023962974548
6548.98826538464	0.9594609141349792
6549.23861538464	0.9681493639945984
6549.48896538464	0.9743353128433228
6549.739315384641	0.9786971807479858
6549.98966538464	0.9818544983863831
6550.24001538464	0.9842028021812439
6550.49036538464	0.9855809211730957
6550.74071538464	0.9862830638885498
6550.99106538464	0.9789334535598755
6551.24141538464	0.9656878709793091
6551.4917653846405	0.9579261541366577
6551.74211538464	0.954513669013977
6551.99246538464	0.9462443590164185
6552.24281538464	0.9341013431549072
6552.493165384641	0.9306538701057434
6552.74351538464	0.9340203404426575
6552.99386538464	0.9339298009872437
6553.2442153846405	0.9307683110237122
6553.49456538464	0.9341226816177368
6553.74491538464	0.942725658416748
6553.99526538464	0.9473155736923218
6554.245615384641	0.9483903646469116
6554.49596538464	0.9488767981529236
6554.74631538464	0.9491719603538513
6554.99666538464	0.95134437084198
6555.247015384641	0.9550294876098633
6555.49736538464	0.9559901356697083
6555.74771538464	0.954624593257904
6555.9980653846405	0.9524728655815125
6556.24841538464	0.9498989582061768
6556.49876538464	0.9504600167274475
6556.74911538464	0.9536360502243042
6556.999465384641	0.9571171998977661
6557.24981538464	0.9605798721313477
6557.50016538464	0.9692602753639221
6557.7505153846405	0.9823110699653625
6558.00086538464	1.0016345977783203
6558.25121538464	1.0257601737976074
6558.50156538464	1.0612629652023315
6558.751915384641	1.1059006452560425
6559.00226538464	1.1653661727905273
6559.25261538464	1.2364652156829834
6559.50296538464	1.3436079025268555
6559.75331538464	1.4805787801742554
6560.00366538464	1.678114652633667
6560.25401538464	1.9247595071792603
6560.504365384641	2.2538669109344482
6560.75471538464	2.649099826812744
6561.00506538464	3.092593193054199
6561.25541538464	3.5695643424987793
6561.505765384641	4.0784502029418945
6561.75611538464	4.61111307144165
6562.00646538464	5.135265350341797
6562.2568153846405	5.648012161254883
6562.50716538464	5.972775936126709
6562.75751538464	6.126779556274414
6563.00786538464	6.136468887329102
6563.258215384641	6.041363716125488
6563.50856538464	5.771757125854492
6563.75891538464	5.357237815856934
6564.0092653846405	4.861378192901611
6564.25961538464	4.3148722648620605
6564.50996538464	3.797151565551758
6564.76031538464	3.3161845207214355
6565.010665384641	2.8927221298217773
6565.26101538464	2.517348527908325
6565.51136538464	2.190218210220337
6565.76171538464	1.900256633758545
6566.012065384641	1.6659414768218994
6566.26241538464	1.4784104824066162
6566.51276538464	1.3388066291809082
6566.7631153846405	1.2366440296173096
6567.01346538464	1.1638325452804565
6567.26381538464	1.1121503114700317
6567.51416538464	1.0715899467468262
6567.764515384641	1.0375161170959473
6568.01486538464	1.0144280195236206
6568.26521538464	1.0009796619415283
6568.5155653846405	0.9881705045700073
6568.76591538464	0.973774790763855
6569.01626538464	0.964891791343689
6569.26661538464	0.9620541334152222
6569.516965384641	0.9604754447937012
6569.76731538464	0.9587311744689941
6570.01766538464	0.9582540392875671
6570.26801538464	0.9591429829597473
6570.518365384641	0.959398090839386
6570.76871538464	0.9586374759674072
6571.01906538464	0.9536027312278748
6571.2694153846405	0.9442903399467468
6571.51976538464	0.9374971985816956
6571.77011538464	0.9345394372940063
6572.02046538464	0.934032678604126
6572.270815384641	0.9351294040679932
6572.52116538464	0.9389558434486389
6572.77151538464	0.9453079700469971
6573.0218653846405	0.9512344002723694
6573.27221538464	0.9559801816940308
6573.52256538464	0.9568710923194885
6573.77291538464	0.9538440108299255
6574.023265384641	0.948919415473938
6574.27361538464	0.9430351853370667
6574.52396538464	0.9408007860183716
6574.77431538464	0.9429481625556946
6575.024665384641	0.9459573030471802
6575.27501538464	0.9486015439033508
6575.52536538464	0.9546236395835876
6575.7757153846405	0.9646061062812805
6576.02606538464	0.9726671576499939
6576.27641538464	0.9772711396217346
6576.52676538464	0.97835373878479
6576.777115384641	0.9764834046363831
6577.02746538464	0.9762039184570312
6577.27781538464	0.9787436723709106
6577.5281653846405	0.978317379951477
6577.77851538464	0.9734761118888855
6578.02886538464	0.9726188778877258
6578.27921538464	0.9779583811759949
6578.529565384641	0.9806212186813354
6578.77991538464	0.9779706001281738
6579.03026538464	0.978134274482727
6579.28061538464	0.9835230112075806
6579.53096538464	0.988007664680481
6579.78131538464	0.9895482063293457
6580.03166538464	0.9889283776283264
6580.2820153846405	0.9867518544197083
6580.53236538464	0.9846217632293701
6580.78271538464	0.9831178784370422
6581.03306538464	0.9853713512420654
6581.283415384641	0.9920061230659485
6581.53376538464	0.9947184324264526
6581.78411538464	0.9909347891807556
6582.0344653846405	0.987187385559082
6582.28481538464	0.9859639406204224
6582.53516538464	0.9859296679496765
6582.78551538464	0.9864068627357483
6583.035865384641	0.9886003136634827
6583.28621538464	0.9927541613578796
6583.53656538464	0.9953751564025879
6583.78691538464	0.9952773451805115
6584.03726538464	0.9953577518463135
6584.28761538464	0.9967581033706665
6584.53796538464	0.9993979334831238
6584.788315384641	1.0030889511108398
6585.03866538464	1.005682349205017
6585.28901538464	1.0064290761947632
6585.53936538464	1.0031400918960571
6585.789715384641	0.9953914880752563
6586.04006538464	0.9910628199577332
6586.29041538464	0.9930685758590698
6586.5407653846405	0.9970784187316895
6586.79111538464	1.0010141134262085
6587.04146538464	1.0044705867767334
6587.29181538464	1.0073285102844238
6587.542165384641	1.0087488889694214
6587.79251538464	1.0085277557373047
6588.04286538464	1.0083036422729492
6588.2932153846405	1.0087977647781372
6588.54356538464	1.0086212158203125
6588.79391538464	1.0072293281555176
6589.04426538464	1.004167914390564
6589.294615384641	0.9994091391563416
6589.54496538464	0.9975404739379883
6589.79531538464	1.0003411769866943
6590.04566538464	1.0041933059692383
6590.296015384641	1.007336139678955
6590.54636538464	1.0104680061340332
6590.79671538464	1.0139124393463135
6591.0470653846405	1.0157328844070435
6591.29741538464	1.0151863098144531
6591.54776538464	1.0142927169799805
6591.79811538464	1.014033317565918
6592.048465384641	1.0131328105926514
6592.29881538464	1.0110479593276978
6592.54916538464	1.008683204650879
6592.7995153846405	1.0064953565597534
6593.04986538464	1.005260944366455
6593.30021538464	1.00526762008667
6593.55056538464	1.0041568279266357
6593.800915384641	1.000885009765625
6594.05126538464	0.9995123147964478
6594.30161538464	1.001855731010437
6594.55196538464	1.0051969289779663
6594.802315384641	1.0081160068511963
6595.05266538464	1.0097498893737793
6595.30301538464	1.0097787380218506
6595.5533653846405	1.0105656385421753
6595.80371538464	1.0132253170013428
6596.05406538464	1.013913869857788
6596.30441538464	1.010864496231079
6596.554765384641	1.0105160474777222
6596.80511538464	1.0159001350402832
6597.05546538464	1.0201998949050903
6597.3058153846405	1.0200450420379639
6597.55616538464	1.016852617263794
6597.80651538464	1.0115760564804077
6598.05686538464	1.007657527923584
6598.307215384641	1.006758451461792
6598.55756538464	1.0083436965942383
6598.80791538464	1.0119543075561523
6599.05826538464	1.0117394924163818
6599.30861538464	1.0049505233764648
6599.55896538464	0.9994890093803406
6599.80931538464	0.9993646144866943
6600.0596653846405	1.0011305809020996
6600.31001538464	1.0028549432754517
6600.56036538464	1.005347490310669
6600.81071538464	1.0089788436889648
6601.061065384641	1.0088039636611938
6601.31141538464	1.0024842023849487
6601.56176538464	0.9971613883972168
6601.8121153846405	0.9965364933013916
6602.06246538464	0.9990643262863159
6602.31281538464	1.0037158727645874
6602.56316538464	1.0067278146743774
6602.813515384641	1.0062110424041748
6603.06386538464	1.0051871538162231
6603.31421538464	1.0052978992462158
6603.56456538464	1.0065051317214966
6603.814915384641	1.0087168216705322
6604.06526538464	1.009324312210083
6604.31561538464	1.0070358514785767
6604.565965384641	1.0062991380691528
6604.81631538464	1.0093989372253418
6605.06666538464	1.0113275051116943
6605.31701538464	1.0094695091247559
6605.567365384641	1.0082969665527344
6605.81771538464	1.010171890258789
6606.06806538464	1.0111310482025146
6606.3184153846405	1.0090981721878052
6606.56876538464	1.0086880922317505
6606.81911538464	1.0122871398925781
6607.06946538464	1.013044834136963
6607.319815384641	1.0074436664581299
6607.57016538464	1.0032904148101807
6607.82051538464	1.0047084093093872
6608.0708653846405	1.0091438293457031
6608.32121538464	1.0150283575057983
6608.57156538464	1.0181212425231934
6608.82191538464	1.016308069229126
6609.072265384641	1.0132936239242554
6609.32261538464	1.011154294013977
6609.57296538464	1.0107184648513794
6609.82331538464	1.0123257637023926
6610.073665384641	1.0134124755859375
6610.32401538464	1.0126286745071411
6610.57436538464	1.010928750038147
6610.8247153846405	1.0088849067687988
6611.07506538464	1.0065995454788208
6611.32541538464	1.0041429996490479
6611.57576538464	1.003415584564209
6611.826115384641	1.0053271055221558
6612.07646538464	1.0073740482330322
6612.32681538464	1.0082048177719116
6612.5771653846405	1.007062554359436
6612.82751538464	1.0036720037460327
6613.07786538464	1.002413272857666
6613.32821538464	1.0054852962493896
6613.578565384641	1.0089643001556396
6613.82891538464	1.0107309818267822
6614.07926538464	1.012175440788269
6614.32961538464	1.0140587091445923
6614.579965384641	1.0143110752105713
6614.83031538464	1.0119478702545166
6615.08066538464	1.010297417640686
6615.3310153846405	1.0110691785812378
6615.58136538464	1.0119932889938354
6615.83171538464	1.0118637084960938
6616.08206538464	1.0106819868087769
6616.332415384641	1.008525013923645
6616.58276538464	1.006857991218567
6616.83311538464	1.0064111948013306
6617.0834653846405	1.0073384046554565
6617.33381538464	1.009617805480957
6617.58416538464	1.0112237930297852
6617.83451538464	1.011157512664795
6618.084865384641	1.0110857486724854
6618.33521538464	1.011869192123413
6618.58556538464	1.0115461349487305
6618.83591538464	1.0091956853866577
6619.08626538464	1.0063297748565674
6619.33661538464	1.0037610530853271
6619.58696538464	1.0041134357452393
6619.8373153846405	1.0084829330444336
6620.08766538464	1.0106593370437622
6620.33801538464	1.0076873302459717
6620.58836538464	1.0056660175323486
6620.838715384641	1.0075773000717163
6621.08906538464	1.0088483095169067
6621.33941538464	1.00725257396698
6621.5897653846405	1.0055017471313477
6621.84011538464	1.0049537420272827
6622.09046538464	1.0035032033920288
6622.34081538464	1.0001943111419678
6622.591165384641	0.9987605214118958
6622.84151538464	1.0008565187454224
6623.09186538464	1.0032455921173096
6623.34221538464	1.0043290853500366
6623.592565384641	1.0049469470977783
6623.84291538464	1.0055478811264038
6624.09326538464	1.0046535730361938
6624.3436153846405	1.0017014741897583
6624.59396538464	0.999054491519928
6624.84431538464	0.9978028535842896
6625.09466538464	0.9977622628211975
6625.345015384641	0.9987239241600037
6625.59536538464	0.9992571473121643
6625.84571538464	0.9987388849258423
6626.0960653846405	0.9996014833450317
6626.34641538464	1.002824306488037
6626.59676538464	1.00433349609375
6626.84711538464	1.0024470090866089
6627.097465384641	1.0000593662261963
6627.34781538464	0.9985382556915283
6627.59816538464	0.9977856278419495
6627.84851538464	0.9976712465286255
6628.09886538464	0.9968254566192627
6628.34921538464	0.9947222471237183
6628.59956538464	0.9953691363334656
6628.849915384641	1.0002110004425049
6629.10026538464	1.0026432275772095
6629.35061538464	1.0000742673873901
6629.60096538464	0.9960967302322388
6629.851315384641	0.9924293756484985
6630.10166538464	0.9945727586746216
6630.35201538464	1.004154086112976
6630.6023653846405	1.0088151693344116
6630.85271538464	1.003968358039856
6631.10306538464	0.9983610510826111
6631.35341538464	0.9957341551780701
6631.603765384641	0.9972186088562012
6631.85411538464	1.0027408599853516
6632.10446538464	1.005601167678833
6632.3548153846405	1.0034321546554565
6632.60516538464	1.0011307001113892
6632.85551538464	1.000680685043335
6633.10586538464	1.0002917051315308
6633.356215384641	0.9992454648017883
6633.60656538464	0.9971625804901123
6633.85691538464	0.9940412640571594
6634.10726538464	0.9928348660469055
6634.357615384641	0.9944064021110535
6634.60796538464	0.9970396757125854
6634.85831538464	0.9999257326126099
6635.1086653846405	1.0014641284942627
6635.35901538464	1.0012564659118652
6635.60936538464	1.001617670059204
6635.85971538464	1.0033167600631714
6636.110065384641	1.0056272745132446
6636.36041538464	1.0081895589828491
6636.61076538464	1.006270170211792
6636.8611153846405	0.9988791942596436
6637.11146538464	0.9960673451423645
6637.36181538464	1.0006476640701294
6637.61216538464	1.003711462020874
6637.862515384641	1.002409815788269
6638.11286538464	1.000403642654419
6638.36321538464	0.9990629553794861
6638.61356538464	1.0001400709152222
6638.86391538464	1.0038145780563354
6639.11426538464	1.002964735031128
6639.36461538464	0.9960151314735413
6639.6149653846405	0.9901589155197144
6639.86531538464	0.9875417351722717
6640.11566538464	0.9891691207885742
6640.36601538464	0.9946050643920898
6640.616365384641	0.9996163845062256
6640.86671538464	1.0029536485671997
6641.11706538464	1.0046786069869995
6641.3674153846405	1.0051082372665405
6641.61776538464	1.0031425952911377
6641.86811538464	0.9988977909088135
6642.11846538464	0.9977153539657593
6642.368815384641	1.0005943775177002
6642.61916538464	1.0009273290634155
6642.86951538464	0.9972878098487854
6643.11986538464	0.9937849044799805
6643.370215384641	0.9915601015090942
6643.62056538464	0.991659939289093
6643.87091538464	0.9939125776290894
6644.1212653846405	0.9948128461837769
6644.37161538464	0.9936783313751221
6644.62196538464	0.9927079677581787
6644.87231538464	0.9924545288085938
6645.122665384641	0.9937711358070374
6645.37301538464	0.9965537190437317
6645.62336538464	0.9972130656242371
6645.8737153846405	0.9952827095985413
6646.12406538464	0.9947497248649597
6646.37441538464	0.9963076710700989
6646.62476538464	0.9953616261482239
6646.875115384641	0.9913382530212402
6647.12546538464	0.9890841841697693
6647.37581538464	0.9893589019775391
6647.62616538464	0.9889014363288879
6647.87651538464	0.9871209263801575
6648.12686538464	0.98604416847229
6648.37721538464	0.985968291759491
6648.627565384641	0.9863759875297546
6648.87791538464	0.9870428442955017
6649.12826538464	0.987133800983429
6649.37861538464	0.9866043925285339
6649.628965384641	0.9889888167381287
6649.87931538464	0.994335412979126
6650.12966538464	0.9968663454055786
6650.3800153846405	0.9960885047912598
6650.63036538464	0.9975913763046265
6650.88071538464	1.0019193887710571
6651.13106538464	1.0019320249557495
6651.381415384641	0.9973284602165222
6651.63176538464	0.9948627352714539
6651.88211538464	0.9952480792999268
6652.13246538464	0.9945695996284485
6652.38281538464	0.9923959970474243
6652.63316538464	0.9906545281410217
6652.88351538464	0.989567220211029
6653.133865384641	0.9896429181098938
6653.38421538464	0.9906681180000305
6653.63456538464	0.991712212562561
6653.88491538464	0.992621123790741
6654.135265384641	0.9911271333694458
6654.38561538464	0.9875092506408691
6654.63596538464	0.9865747690200806
6654.8863153846405	0.9883277416229248
6655.13666538464	0.990105152130127
6655.38701538464	0.991519570350647
6655.63736538464	0.9887751936912537
6655.887715384641	0.9824774265289307
6656.13806538464	0.981411337852478
6656.38841538464	0.9852995872497559
6656.6387653846405	0.9866951704025269
6656.88911538464	0.9853509664535522
6657.13946538464	0.9850496053695679
6657.38981538464	0.985954225063324
6657.640165384641	0.9867488145828247
6657.89051538464	0.987313985824585
6658.14086538464	0.9859794974327087
6658.39121538464	0.9831057190895081
6658.64156538464	0.9841439127922058
6658.89191538464	0.988528847694397
6659.14226538464	0.988206148147583
6659.3926153846405	0.9837606549263
6659.64296538464	0.9806976318359375
6659.89331538464	0.9791162610054016
6660.14366538464	0.9786542654037476
6660.394015384641	0.9789474606513977
6660.64436538464	0.9798426628112793
6660.89471538464	0.9811473488807678
6661.1450653846405	0.9814197421073914
6661.39541538464	0.9808637499809265
6661.64576538464	0.9799490571022034
6661.89611538464	0.9788178205490112
6662.146465384641	0.9806493520736694
6662.39681538464	0.9847365617752075
6662.64716538464	0.9874146580696106
6662.89751538464	0.9889062643051147
6663.147865384641	0.9879662990570068
6663.39821538464	0.9852903485298157
6663.64856538464	0.9846524000167847
6663.8989153846405	0.9855900406837463
6664.14926538464	0.9843215346336365
6664.39961538464	0.9813876152038574
6664.64996538464	0.9835613965988159
6664.900315384641	0.9894557595252991
6665.15066538464	0.9909044504165649
6665.40101538464	0.98908531665802
6665.6513653846405	0.9864371418952942
6665.90171538464	0.9832965731620789
6666.15206538464	0.982171893119812
6666.40241538464	0.9824529886245728
6666.652765384641	0.9828630685806274
6666.90311538464	0.9833380579948425
6667.15346538464	0.9832442402839661
6667.40381538464	0.9827647805213928
6667.65416538464	0.9856342077255249
6667.90451538464	0.9907254576683044
6668.15486538464	0.9915810823440552
6668.4052153846405	0.9896526336669922
6668.65556538464	0.9901961088180542
6668.90591538464	0.9922553896903992
6669.15626538464	0.9887015223503113
6669.406615384641	0.9817044734954834
6669.65696538464	0.9832517504692078
6669.90731538464	0.9900867938995361
6670.1576653846405	0.9888836741447449
6670.40801538464	0.9827594757080078
6670.65836538464	0.9833580851554871
6670.90871538464	0.98796546459198
6671.159065384641	0.9862885475158691
6671.40941538464	0.9807178974151611
6671.65976538464	0.9774951934814453
6671.91011538464	0.9758397340774536
6672.160465384641	0.9751535654067993
6672.41081538464	0.9753115177154541
6672.66116538464	0.978352427482605
6672.911515384641	0.9829133749008179
6673.16186538464	0.9840638637542725
6673.41221538464	0.9832177758216858
6673.66256538464	0.9838375449180603
6673.912915384641	0.9850972890853882
6674.16326538464	0.983776330947876
6674.41361538464	0.9809455871582031
6674.6639653846405	0.9788840413093567
6674.91431538464	0.97739177942276
6675.16466538464	0.9766756892204285
6675.41501538464	0.9759421944618225
6675.665365384641	0.9715480804443359
6675.91571538464	0.9649777412414551
6676.16606538464	0.9587331414222717
6676.4164153846405	0.9528020024299622
6676.66676538464	0.9476479291915894
6676.91711538464	0.9425608515739441
6677.16746538464	0.9350495338439941
6677.417815384641	0.9267133474349976
6677.66816538464	0.9219372272491455
6677.91851538464	0.9190906286239624
6678.16886538464	0.9153328537940979
6678.41921538464	0.9117906093597412
6678.66956538464	0.9121161103248596
6678.91991538464	0.9150558114051819
6679.1702653846405	0.9198029041290283
6679.42061538464	0.9259927868843079
6679.67096538464	0.9340481162071228
6679.92131538464	0.9431295394897461
6680.171665384641	0.9520267844200134
6680.42201538464	0.960415244102478
6680.67236538464	0.9670829772949219
6680.9227153846405	0.9719467759132385
6681.17306538464	0.9734182357788086
6681.42341538464	0.9735864400863647
6681.67376538464	0.9760123491287231
6681.924115384641	0.978815495967865
6682.17446538464	0.9784021377563477
6682.42481538464	0.9769626259803772
6682.67516538464	0.9781210422515869
6682.925515384641	0.9805409908294678
6683.17586538464	0.982465922832489
6683.42621538464	0.9833154082298279
6683.6765653846405	0.9815095067024231
6683.92691538464	0.9778135418891907
6684.17726538464	0.9726051092147827
6684.42761538464	0.9688827991485596
6684.677965384641	0.9720897078514099
6684.92831538464	0.9780887961387634
6685.17866538464	0.9817105531692505
6685.4290153846405	0.9827590584754944
6685.67936538464	0.9799957275390625
6685.92971538464	0.9758264422416687
6686.18006538464	0.9731148481369019
6686.430415384641	0.9715140461921692
6686.68076538464	0.9709072709083557
6686.93111538464	0.9713714122772217
6687.18146538464	0.9733022451400757
6687.43181538464	0.9748930931091309
6687.68216538464	0.973872184753418
6687.93251538464	0.9724333882331848
6688.1828653846405	0.9730224609375
6688.43321538464	0.9742753505706787
6688.68356538464	0.9748149514198303
6688.93391538464	0.9753642082214355
6689.184265384641	0.9766904711723328
6689.43461538464	0.9771032929420471
6689.68496538464	0.9747500419616699
6689.9353153846405	0.9735388159751892
6690.18566538464	0.9774085283279419
6690.43601538464	0.9814549088478088
6690.68636538464	0.9811476469039917
6690.936715384641	0.9798960089683533
6691.18706538464	0.9806398749351501
6691.43741538464	0.9816544055938721
6691.68776538464	0.9814937114715576
6691.938115384641	0.9792938828468323
6692.18846538464	0.9742406606674194
6692.43881538464	0.971770167350769
6692.689165384641	0.9762080311775208
6692.93951538464	0.9815525412559509
6693.18986538464	0.9833557605743408
6693.44021538464	0.9830281734466553
6693.690565384641	0.9815633893013
6693.94091538464	0.9796087145805359
6694.19126538464	0.9776098132133484
6694.4416153846405	0.9760581254959106
6694.69196538464	0.9752620458602905
6694.94231538464	0.97346431016922
6695.19266538464	0.9696104526519775
6695.443015384641	0.9677537083625793
6695.69336538464	0.9701986908912659
6695.94371538464	0.9723992347717285
6696.19406538464	0.9717893004417419
6696.44441538464	0.9721194505691528
6696.69476538464	0.9753496646881104
6696.94511538464	0.9774601459503174
6697.195465384641	0.9764726161956787
6697.44581538464	0.9762828946113586
6697.69616538464	0.9787318706512451
6697.94651538464	0.9793225526809692
6698.19686538464	0.9761513471603394
6698.44721538464	0.9730050563812256
6698.69756538464	0.9715768694877625
6698.9479153846405	0.9703198671340942
6699.19826538464	0.9685506820678711
6699.44861538464	0.9674416780471802
6699.69896538464	0.9673715233802795
6699.949315384641	0.9672051072120667
6700.19966538464	0.9665198922157288
6700.45001538464	0.9681705236434937
6700.7003653846405	0.9728140830993652
6700.95071538464	0.976574182510376
6701.20106538464	0.9782622456550598
6701.45141538464	0.9788745641708374
6701.701765384641	0.978937029838562
6701.95211538464	0.9803434014320374
6702.20246538464	0.9834226965904236
6702.45281538464	0.9825196266174316
6702.703165384641	0.9767786860466003
6702.95351538464	0.9743083715438843
6703.20386538464	0.9766629338264465
6703.4542153846405	0.9771302342414856
6703.70456538464	0.9743752479553223
6703.95491538464	0.9736585021018982
6704.20526538464	0.9758051037788391
6704.455615384641	0.9777228236198425
6704.70596538464	0.9787576198577881
6704.95631538464	0.9770235419273376
6705.2066653846405	0.9727833867073059
6705.45701538464	0.9719749093055725
6705.70736538464	0.974931001663208
6705.95771538464	0.9789681434631348
6706.208065384641	0.9833144545555115
6706.45841538464	0.9814949035644531
6706.70876538464	0.9740126132965088
6706.95911538464	0.970678985118866
6707.20946538464	0.9719315767288208
6707.45981538464	0.9730393290519714
6707.71016538464	0.9733550548553467
6707.9605153846405	0.9735440015792847
6708.21086538464	0.9737301468849182
6708.46121538464	0.9736642241477966
6708.71156538464	0.9733886122703552
6708.961915384641	0.9729880690574646
6709.21226538464	0.9725081920623779
6709.46261538464	0.9693712592124939
6709.7129653846405	0.9641221761703491
6709.96331538464	0.9642749428749084
6710.21366538464	0.9688212275505066
6710.46401538464	0.9716984033584595
6710.714365384641	0.9729781746864319
6710.96471538464	0.97233647108078
6711.21506538464	0.9703596830368042
6711.46541538464	0.9702436327934265
6711.715765384641	0.9715582132339478
6711.96611538464	0.9720489978790283
6712.21646538464	0.9718904495239258
6712.4668153846405	0.9726925492286682
6712.71716538464	0.9741889238357544
6712.96751538464	0.9729248881340027
6713.21786538464	0.9697519540786743
6713.468215384641	0.9702177047729492
6713.71856538464	0.9731369018554688
6713.96891538464	0.9747084379196167
6714.2192653846405	0.9752691388130188
6714.46961538464	0.9711956977844238
6714.71996538464	0.9643360376358032
6714.97031538464	0.9640923142433167
6715.220665384641	0.9679946899414062
6715.47101538464	0.9690731763839722
6715.72136538464	0.9681668281555176
6715.97171538464	0.9647839665412903
6716.22206538464	0.9602485299110413
6716.47241538464	0.9607775211334229
6716.72276538464	0.9639998078346252
6716.973115384641	0.9622427821159363
6717.22346538464	0.9580027461051941
6717.47381538464	0.959128737449646
6717.72416538464	0.9632391929626465
6717.97451538464	0.9649155139923096
6718.22486538464	0.9650592803955078
6718.47521538464	0.9648484587669373
6718.7255653846405	0.9643738269805908
6718.97591538464	0.9635910987854004
6719.22626538464	0.9628987312316895
6719.47661538464	0.9637213945388794
6719.726965384641	0.9650711417198181
6719.97731538464	0.9645906686782837
6720.22766538464	0.9639028906822205
6720.4780153846405	0.9671832919120789
6720.72836538464	0.971453070640564
6720.97871538464	0.9702211022377014
6721.22906538464	0.9668087959289551
6721.479415384641	0.967072606086731
6721.72976538464	0.968298077583313
6721.98011538464	0.9654974341392517
6722.23046538464	0.9624755382537842
6722.480815384641	0.9663721323013306
6722.73116538464	0.9722128510475159
6722.98151538464	0.9722006916999817
6723.2318653846405	0.9695594906806946
6723.48221538464	0.9683924317359924
6723.73256538464	0.9682575464248657
6723.98291538464	0.968886137008667
6724.233265384641	0.9690635204315186
6724.48361538464	0.9669194221496582
6724.73396538464	0.9653440713882446
6724.9843153846405	0.9683122038841248
6725.23466538464	0.972091019153595
6725.48501538464	0.9722909331321716
6725.73536538464	0.9700980186462402
6725.985715384641	0.9663742184638977
6726.23606538464	0.9632769823074341
6726.48641538464	0.9632316827774048
6726.73676538464	0.9638267159461975
6726.98711538464	0.9627286791801453
6727.23746538464	0.9627712965011597
6727.48781538464	0.9667419791221619
6727.7381653846405	0.9697839021682739
6727.98851538464	0.9675467610359192
6728.23886538464	0.9635898470878601
6728.48921538464	0.9607617259025574
6728.739565384641	0.9593448638916016
6728.98991538464	0.9595946073532104
6729.24026538464	0.9599432945251465
6729.4906153846405	0.9592552185058594
6729.74096538464	0.9582086801528931
6729.99131538464	0.9572709202766418
6730.24166538464	0.9570202231407166
6730.492015384641	0.9577963352203369
6730.74236538464	0.9584408402442932
6730.99271538464	0.9582719802856445
6731.24306538464	0.9594056010246277
6731.493415384641	0.9629179239273071
6731.74376538464	0.9646468162536621
6731.99411538464	0.9625957012176514
6732.2444653846405	0.9609906077384949
6732.49481538464	0.9618386626243591
6732.74516538464	0.9626771211624146
6732.99551538464	0.9623878002166748
6733.245865384641	0.9640733599662781
6733.49621538464	0.968765139579773
6733.74656538464	0.970913827419281
6733.9969153846405	0.9687323570251465
6734.24726538464	0.9648668169975281
6734.49761538464	0.9605764150619507
6734.74796538464	0.9598730802536011
6734.998315384641	0.9634599089622498
6735.24866538464	0.9656386375427246
6735.49901538464	0.9648914337158203
6735.74936538464	0.9625463485717773
6735.99971538464	0.9593228101730347
6736.25006538464	0.9568716287612915
6736.50041538464	0.9554644823074341
6736.7507653846405	0.9564130306243896
6737.00111538464	0.9594964385032654
6737.25146538464	0.9623399972915649
6737.50181538464	0.9644684195518494
6737.75216538464	0.9664879441261292
6738.00251538464	0.9685510396957397
6738.25286538464	0.9665889143943787
6738.5032153846405	0.9608956575393677
6738.75356538464	0.9571922421455383
6739.00391538464	0.9558935761451721
6739.25426538464	0.9565138220787048
6739.504615384641	0.9584466218948364
6739.75496538464	0.9583334922790527
