6530.0425987	0.05695
6530.04259869793	0.7273277044296265
6530.09954869793	0.7257645130157471
6530.15649869793	0.7254117727279663
6530.21344869793	0.7354161739349365
6530.2703986979295	0.7435051202774048
6530.32734869793	0.734613299369812
6530.38429869793	0.7266395092010498
6530.44124869793	0.727074146270752
6530.49819869793	0.7265003323554993
6530.55514869793	0.7166531682014465
6530.6120986979295	0.7086182832717896
6530.66904869793	0.7175678610801697
6530.72599869793	0.7260990738868713
6530.78294869793	0.7295068502426147
6530.83989869793	0.7318767309188843
6530.89684869793	0.7252916097640991
6530.953798697929	0.7189925909042358
6531.01074869793	0.7166604399681091
6531.06769869793	0.7143084406852722
6531.12464869793	0.711024820804596
6531.18159869793	0.7080918550491333
6531.23854869793	0.7085909843444824
6531.29549869793	0.7098809480667114
6531.3524486979295	0.7175410985946655
6531.40939869793	0.7243398427963257
6531.46634869793	0.7212842702865601
6531.52329869793	0.7185220718383789
6531.58024869793	0.7218266129493713
6531.63719869793	0.7255111932754517
6531.694148697929	0.7303878664970398
6531.75109869793	0.7340476512908936
6531.80804869793	0.7259891033172607
6531.86499869793	0.7184273600578308
6531.92194869793	0.7208371162414551
6531.97889869793	0.7237508296966553
6532.03584869793	0.7263249158859253
6532.0927986979295	0.7272504568099976
6532.14974869793	0.7131403088569641
6532.20669869793	0.6993939876556396
6532.26364869793	0.6977511048316956
6532.32059869793	0.6971663236618042
6532.37754869793	0.6988142728805542
6532.4344986979295	0.6997580528259277
6532.49144869793	0.6927052736282349
6532.54839869793	0.6862362027168274
6532.60534869793	0.690814733505249
6532.66229869793	0.6959913969039917
6532.71924869793	0.698428750038147
6532.776198697929	0.700878918170929
6532.83314869793	0.7056169509887695
6532.89009869793	0.7102469205856323
6532.94704869793	0.7119669914245605
6533.00399869793	0.7138820886611938
6533.06094869793	0.7201603651046753
6533.11789869793	0.7266261577606201
6533.1748486979295	0.7308086156845093
6533.23179869793	0.7346545457839966
6533.28874869793	0.7375847697257996
6533.34569869793	0.7399134039878845
6533.40264869793	0.7375820875167847
6533.45959869793	0.7352168560028076
6533.5165486979295	0.7374553680419922
6533.57349869793	0.7385952472686768
6533.63044869793	0.7244538068771362
6533.68739869793	0.709213137626648
6533.74434869793	0.7012715339660645
6533.80129869793	0.6950379014015198
6533.85824869793	0.6959806680679321
6533.91519869793	0.6983837485313416
6533.97214869793	0.7054833769798279
6534.02909869793	0.7129229307174683
6534.08604869793	0.7174862623214722
6534.14299869793	0.7210243940353394
6534.19994869793	0.718845546245575
6534.2568986979295	0.7156285047531128
6534.31384869793	0.7106307744979858
6534.37079869793	0.7062903046607971
6534.42774869793	0.7106280326843262
6534.48469869793	0.7147182822227478
6534.54164869793	0.7036595940589905
6534.598598697929	0.6925917863845825
6534.65554869793	0.7045896649360657
6534.71249869793	0.7190513014793396
6534.76944869793	0.720138430595398
6534.82639869793	0.7184719443321228
6534.88334869793	0.7128312587738037
6534.94029869793	0.7075359225273132
6534.9972486979295	0.7121412754058838
6535.05419869793	0.7172849178314209
6535.11114869793	0.7103385925292969
6535.16809869793	0.7024076581001282
6535.22504869793	0.7067893743515015
6535.28199869793	0.7135542631149292
6535.3389486979295	0.720082700252533
6535.39589869793	0.7261176109313965
6535.45284869793	0.7279698252677917
6535.50979869793	0.7282448410987854
6535.56674869793	0.7218263149261475
6535.62369869793	0.715067982673645
6535.68064869793	0.7184556126594543
6535.73759869793	0.7241655588150024
6535.79454869793	0.7309300899505615
6535.85149869793	0.7376642227172852
6535.90844869793	0.7418948411941528
6535.96539869793	0.7449267506599426
6536.02234869793	0.7420763969421387
6536.0792986979295	0.7381058931350708
6536.13624869793	0.736600399017334
6536.19319869793	0.7360799312591553
6536.25014869793	0.7392462491989136
6536.30709869793	0.7428790330886841
6536.36404869793	0.7423350811004639
6536.4209986979295	0.7404829263687134
6536.47794869793	0.7362391948699951
6536.53489869793	0.730804443359375
6536.59184869793	0.7199605107307434
6536.64879869793	0.7087017297744751
6536.70574869793	0.7070410251617432
6536.76269869793	0.7082602977752686
6536.81964869793	0.7121483683586121
6536.87659869793	0.716942310333252
6536.93354869793	0.7233182191848755
6536.99049869793	0.7291979193687439
6537.04744869793	0.7261420488357544
6537.10439869793	0.7208333015441895
6537.1613486979295	0.7186601161956787
6537.21829869793	0.7179762721061707
6537.27524869793	0.7226285934448242
6537.33219869793	0.7279366850852966
6537.38914869793	0.724185585975647
6537.44609869793	0.7189826965332031
6537.503048697929	0.7265068292617798
6537.55999869793	0.7367300391197205
6537.61694869793	0.7345432043075562
6537.67389869793	0.7289025783538818
6537.73084869793	0.728321373462677
6537.78779869793	0.7293199300765991
6537.84474869793	0.7295690774917603
6537.9016986979295	0.7295786142349243
6537.95864869793	0.7296944856643677
6538.01559869793	0.7295907735824585
6538.07254869793	0.7270492315292358
6538.12949869793	0.7244844436645508
6538.18644869793	0.7297854423522949
6538.2433986979295	0.7372773885726929
6538.30034869793	0.7390487194061279
6538.35729869793	0.7386146187782288
6538.41424869793	0.7368729710578918
6538.47119869793	0.7343376874923706
6538.52814869793	0.7288213968276978
6538.58509869793	0.723067045211792
6538.64204869793	0.7257466316223145
6538.69899869793	0.7316685318946838
6538.75594869793	0.737730860710144
6538.81289869793	0.7428325414657593
6538.86984869793	0.738202691078186
6538.92679869793	0.7301619052886963
6538.9837486979295	0.726463794708252
6539.04069869793	0.7248317003250122
6539.09764869793	0.7261743545532227
6539.15459869793	0.7281074523925781
6539.21154869793	0.7239447832107544
6539.26849869793	0.7178115844726562
6539.3254486979295	0.7172963619232178
6539.38239869793	0.7192038297653198
6539.43934869793	0.7213580012321472
6539.49629869793	0.7232568264007568
6539.55324869793	0.7216639518737793
6539.61019869793	0.7192399501800537
6539.66714869793	0.7236800193786621
6539.72409869793	0.7303153276443481
6539.78104869793	0.7283532023429871
6539.83799869793	0.723319411277771
6539.89494869793	0.7266016602516174
6539.95189869793	0.7327240705490112
6540.00884869793	0.7288953065872192
6540.0657986979295	0.7211563587188721
6540.12274869793	0.7211521863937378
6540.17969869793	0.7244601249694824
6540.23664869793	0.7237886190414429
6540.29359869793	0.7207452058792114
6540.35054869793	0.713586688041687
6540.40749869793	0.7050957679748535
6540.46444869793	0.7035471200942993
6540.52139869793	0.7057169675827026
6540.57834869793	0.7098891735076904
6540.63529869793	0.7148469686508179
6540.69224869793	0.7174296975135803
6540.74919869793	0.718897819519043
6540.8061486979295	0.721602737903595
6540.86309869793	0.7247453927993774
6540.92004869793	0.7257503271102905
6540.97699869793	0.725566029548645
6541.03394869793	0.7250418663024902
6541.09089869793	0.7241805195808411
6541.1478486979295	0.721847653388977
6541.20479869793	0.7190676927566528
6541.26174869793	0.7199360728263855
6541.31869869793	0.7224768400192261
6541.37564869793	0.7211610674858093
6541.43259869793	0.7180845141410828
6541.48954869793	0.7194989323616028
6541.54649869793	0.7234663963317871
6541.60344869793	0.7267248034477234
6541.66039869793	0.7292884588241577
6541.71734869793	0.7291655540466309
6541.77429869793	0.7271624803543091
6541.83124869793	0.7226039171218872
6541.8881986979295	0.7164314985275269
6541.94514869793	0.7097805738449097
6542.00209869793	0.7037128806114197
6542.05904869793	0.7063204050064087
6542.11599869793	0.7136372327804565
6542.17294869793	0.7133586406707764
6542.22989869793	0.7085905075073242
6542.28684869793	0.7075914144515991
6542.34379869793	0.7091392874717712
6542.40074869793	0.7116022706031799
6542.45769869793	0.714068591594696
6542.51464869793	0.7105821371078491
6542.57159869793	0.7038906812667847
6542.62854869793	0.705030083656311
6542.68549869793	0.7109948992729187
6542.74244869793	0.7118990421295166
6542.79939869793	0.7094648480415344
6542.85634869793	0.7086391448974609
6542.91329869793	0.7091308832168579
6542.9702486979295	0.7114935517311096
6543.02719869793	0.714812159538269
6543.08414869793	0.714375376701355
6543.14109869793	0.7114770412445068
6543.19804869793	0.7111144065856934
6543.25499869793	0.7124587297439575
6543.31194869793	0.7122642993927002
6543.36889869793	0.7103736996650696
6543.42584869793	0.7029877305030823
6543.48279869793	0.6919353008270264
6543.53974869793	0.6857626438140869
6543.59669869793	0.6829344034194946
6543.65364869793	0.676111102104187
6543.7105986979295	0.6664878129959106
6543.76754869793	0.6599712371826172
6543.82449869793	0.6565552949905396
6543.88144869793	0.6596413850784302
6543.93839869793	0.6674556732177734
6543.99534869793	0.6704168915748596
6544.0522986979295	0.6698259711265564
6544.10924869793	0.6732012629508972
6544.16619869793	0.6791465282440186
6544.22314869793	0.6780102252960205
6544.28009869793	0.6717858910560608
6544.33704869793	0.6740334630012512
6544.39399869793	0.6833444833755493
6544.45094869793	0.6913453340530396
6544.50789869793	0.6982777118682861
6544.56484869793	0.7058165669441223
6544.62179869793	0.7135095596313477
6544.67874869793	0.7173886895179749
6544.73569869793	0.7177035808563232
6544.7926486979295	0.7161509990692139
6544.84959869793	0.7126783728599548
6544.90654869793	0.7067524790763855
6544.96349869793	0.6990832090377808
6545.02044869793	0.6964536309242249
6545.07739869793	0.6983731985092163
6545.13434869793	0.6991332769393921
6545.19129869793	0.6987947821617126
6545.24824869793	0.6983503699302673
6545.30519869793	0.6975141167640686
6545.36214869793	0.6936948299407959
6545.41909869793	0.687616229057312
6545.47604869793	0.687911868095398
6545.5329986979295	0.6940339803695679
6545.58994869793	0.695882260799408
6545.64689869793	0.6936620473861694
6545.70384869793	0.693261981010437
6545.76079869793	0.6945054531097412
6545.81774869793	0.6937869787216187
6545.8746986979295	0.6911315321922302
6545.93164869793	0.6891758441925049
6545.98859869793	0.6882072687149048
6546.04554869793	0.6899518966674805
6546.10249869793	0.694640040397644
6546.15944869793	0.7002792358398438
6546.21639869793	0.7066774368286133
6546.27334869793	0.7104262113571167
6546.33029869793	0.7109144926071167
6546.38724869793	0.7072758674621582
6546.44419869793	0.6992909908294678
6546.50114869793	0.6931741237640381
6546.55809869793	0.6897552013397217
6546.6150486979295	0.6928232908248901
6546.67199869793	0.7027454376220703
6546.72894869793	0.7078171968460083
6546.78589869793	0.7070187330245972
6546.84284869793	0.7028459310531616
6546.89979869793	0.6952587962150574
6546.95674869793	0.6929425597190857
6547.01369869793	0.6967988610267639
6547.07064869793	0.7003397345542908
6547.12759869793	0.7029311656951904
6547.18454869793	0.699470043182373
6547.24149869793	0.6889647245407104
6547.29844869793	0.6814480423927307
6547.35539869793	0.6776828765869141
6547.41234869793	0.6747928857803345
6547.46929869793	0.6734095811843872
6547.52624869793	0.6764578819274902
6547.58319869793	0.6846996545791626
6547.64014869793	0.6886397004127502
6547.6970986979295	0.6870152950286865
6547.75404869793	0.6848121285438538
6547.81099869793	0.681615948677063
6547.86794869793	0.67583829164505
6547.92489869793	0.6671407222747803
6547.98184869793	0.6636198163032532
6548.03879869793	0.6667394638061523
6548.09574869793	0.66685551404953
6548.15269869793	0.6634251475334167
6548.20964869793	0.6656702756881714
6548.26659869793	0.675191342830658
6548.32354869793	0.678983211517334
6548.38049869793	0.6748772859573364
6548.4374486979295	0.6718034744262695
6548.49439869793	0.6703019142150879
6548.55134869793	0.6700174808502197
6548.60829869793	0.6713346242904663
6548.66524869793	0.6710672378540039
6548.72219869793	0.6685816645622253
6548.7791486979295	0.6670783758163452
6548.83609869793	0.6672523021697998
6548.89304869793	0.6699034571647644
6548.94999869793	0.6763821840286255
6549.00694869793	0.6841212511062622
6549.06389869793	0.6934611201286316
6549.12084869793	0.6993241310119629
6549.17779869793	0.6997492909431458
6549.23474869793	0.6993569135665894
6549.29169869793	0.6977267265319824
6549.34864869793	0.6965590715408325
6549.40559869793	0.6962254643440247
6549.46254869793	0.6969967484474182
6549.5194986979295	0.6993669271469116
6549.57644869793	0.6997120976448059
6549.63339869793	0.6971269845962524
6549.69034869793	0.6988072395324707
6549.74729869793	0.7071471214294434
6549.80424869793	0.7107963562011719
6549.86119869793	0.7066494822502136
6549.91814869793	0.703655481338501
6549.97509869793	0.7029931545257568
6550.03204869793	0.7064225077629089
6550.08899869793	0.7165162563323975
6550.14594869793	0.7217201590538025
6550.20289869793	0.7181953191757202
6550.25984869793	0.7132787108421326
6550.31679869793	0.7060085535049438
6550.37374869793	0.7002561688423157
6550.43069869793	0.6972248554229736
6550.48764869793	0.6938379406929016
6550.54459869793	0.6899113059043884
6550.6015486979295	0.6873053312301636
6550.65849869793	0.6871304512023926
6550.71544869793	0.6865329742431641
6550.77239869793	0.6854831576347351
6550.82934869793	0.688484787940979
6550.88629869793	0.6989566087722778
6550.94324869793	0.7055586576461792
6551.00019869793	0.7046619057655334
6551.05714869793	0.7045633792877197
6551.11409869793	0.7059862613677979
6551.17104869793	0.7066650390625
6551.22799869793	0.705618679523468
6551.28494869793	0.701915442943573
6551.3418986979295	0.6931191682815552
6551.39884869793	0.6884260177612305
6551.45579869793	0.69205242395401
6551.51274869793	0.6931584477424622
6551.56969869793	0.6888786554336548
6551.62664869793	0.6838387846946716
6551.68359869793	0.6772373914718628
6551.74054869793	0.6714609861373901
6551.79749869793	0.6676597595214844
6551.85444869793	0.6660035252571106
6551.91139869793	0.6689027547836304
6551.96834869793	0.6694662570953369
6552.02529869793	0.664771318435669
6552.08224869793	0.6600093841552734
6552.13919869793	0.655158281326294
6552.19614869793	0.6510884761810303
6552.25309869793	0.6487816572189331
6552.31004869793	0.6458401679992676
6552.36699869793	0.6417298316955566
6552.4239486979295	0.6417007446289062
6552.48089869793	0.6510281562805176
6552.53784869793	0.6549826860427856
6552.59479869793	0.6460109949111938
6552.65174869793	0.6391732692718506
6552.70869869793	0.6377991437911987
6552.76564869793	0.6386479139328003
6552.82259869793	0.6452209949493408
6552.87954869793	0.6533874273300171
6552.93649869793	0.6653499603271484
6552.99344869793	0.6736811995506287
6553.05039869793	0.6724487543106079
6553.10734869793	0.6698501110076904
6553.16429869793	0.6639735102653503
6553.22124869793	0.6625176668167114
6553.27819869793	0.6726557612419128
6553.33514869793	0.6786931753158569
6553.39209869793	0.6734468340873718
6553.44904869793	0.6675770878791809
6553.50599869793	0.6604039072990417
6553.56294869793	0.6589914560317993
6553.61989869793	0.6735057830810547
6553.67684869793	0.6825255751609802
6553.73379869793	0.6757122278213501
6553.79074869793	0.6692390441894531
6553.84769869793	0.6640437245368958
6553.90464869793	0.6626338958740234
6553.96159869793	0.6724367141723633
6554.01854869793	0.6808083653450012
6554.07549869793	0.684539794921875
6554.13244869793	0.68434739112854
6554.18939869793	0.6723488569259644
6554.2463486979295	0.6652784943580627
6554.30329869793	0.6736187934875488
6554.36024869793	0.6799799799919128
6554.41719869793	0.6799767017364502
6554.47414869793	0.6799358129501343
6554.53109869793	0.67976313829422
6554.58804869793	0.6794654130935669
6554.64499869793	0.678769588470459
6554.70194869793	0.6783517599105835
6554.75889869793	0.6789219379425049
6554.81584869793	0.6801217794418335
6554.87279869793	0.6834251880645752
6554.92974869793	0.6855788230895996
6554.98669869793	0.683648943901062
6555.04364869793	0.6813656091690063
6555.10059869793	0.6778906583786011
6555.15754869793	0.6756430864334106
6555.21449869793	0.677773118019104
6555.27144869793	0.6779099106788635
6555.3283986979295	0.6706563234329224
6555.38534869793	0.6645516157150269
6555.44229869793	0.6629951000213623
6555.49924869793	0.663965106010437
6555.55619869793	0.6746604442596436
6555.61314869793	0.6833665370941162
6555.67009869793	0.6841060519218445
6555.72704869793	0.6840159893035889
6555.78399869793	0.6804841756820679
6555.84094869793	0.6757398843765259
6555.89789869793	0.6661421060562134
6555.95484869793	0.6595088243484497
6556.01179869793	0.6654633283615112
6556.06874869793	0.6718990802764893
6556.12569869793	0.680336594581604
6556.18264869793	0.6873766183853149
6556.23959869793	0.6881930828094482
6556.29654869793	0.688291072845459
6556.35349869793	0.6850875616073608
6556.41044869793	0.6809113025665283
6556.46739869793	0.6723589897155762
6556.52434869793	0.6660898923873901
6556.58129869793	0.6705771684646606
6556.63824869793	0.6742353439331055
6556.69519869793	0.6737784147262573
6556.75214869793	0.6712833642959595
6556.80909869793	0.6588249802589417
6556.86604869793	0.6490312218666077
6556.92299869793	0.6527833938598633
6556.97994869793	0.6572036743164062
6557.03689869793	0.6650674343109131
6557.09384869793	0.6723800301551819
6557.1507986979295	0.6767088174819946
6557.20774869793	0.6799345016479492
6557.26469869793	0.6771326065063477
6557.32164869793	0.674116313457489
6557.37859869793	0.6699544191360474
6557.43554869793	0.6670793294906616
6557.49249869793	0.6715601682662964
6557.54944869793	0.6752870082855225
6557.60639869793	0.6745660305023193
6557.66334869793	0.6736934185028076
6557.72029869793	0.671947717666626
6557.77724869793	0.6714478731155396
6557.83419869793	0.6786630153656006
6557.89114869793	0.6851005554199219
6557.94809869793	0.6865466237068176
6558.00504869793	0.6872792840003967
6558.06199869793	0.6833517551422119
6558.11894869793	0.680328369140625
6558.17589869793	0.6834160089492798
6558.23284869793	0.686485230922699
6558.28979869793	0.6894261837005615
6558.34674869793	0.6924319267272949
6558.40369869793	0.6958739757537842
6558.46064869793	0.6980763077735901
6558.51759869793	0.691150426864624
6558.57454869793	0.6862213611602783
6558.63149869793	0.6964890956878662
6558.68844869793	0.7048063278198242
6558.74539869793	0.6977888941764832
6558.80234869793	0.6928015947341919
6558.85929869793	0.7043180465698242
6558.91624869793	0.7145401835441589
6558.97319869793	0.7138755321502686
6559.03014869793	0.714514434337616
6559.08709869793	0.7264975905418396
6559.14404869793	0.7372664213180542
6559.20099869793	0.7370750904083252
6559.25794869793	0.7383575439453125
6559.31489869793	0.7531554698944092
6559.37184869793	0.7679456472396851
6559.42879869793	0.7823896408081055
6559.48574869793	0.7968097925186157
6559.54269869793	0.811018168926239
6559.59964869793	0.8247143626213074
6559.65659869793	0.8337147235870361
6559.71354869793	0.843771755695343
6559.77049869793	0.8641433715820312
6559.82744869793	0.8838418126106262
6559.88439869793	0.8956066370010376
6559.94134869793	0.9090118408203125
6559.99829869793	0.9391262531280518
6560.05524869793	0.9682598114013672
6560.11219869793	0.9842721223831177
6560.16914869793	1.0022327899932861
6560.22609869793	1.0418192148208618
6560.28304869793	1.081830382347107
6560.33999869793	1.1187803745269775
6560.39694869793	1.1554275751113892
6560.45389869793	1.1903595924377441
6560.51084869793	1.2273013591766357
6560.56779869793	1.2834285497665405
6560.62474869793	1.339418649673462
6560.68169869793	1.3856754302978516
6560.73864869793	1.433027982711792
6560.79559869793	1.4951221942901611
6560.85254869793	1.5598511695861816
6560.90949869793	1.6411960124969482
6560.96644869793	1.7237509489059448
6561.02339869793	1.808110237121582
6561.08034869793	1.8932660818099976
6561.13729869793	1.9846327304840088
6561.19424869793	2.077134609222412
6561.25119869793	2.1760687828063965
6561.30814869793	2.276546001434326
6561.36509869793	2.3868179321289062
6561.42204869793	2.4967637062072754
6561.47899869793	2.5964879989624023
6561.53594869793	2.6948390007019043
6561.59289869793	2.7882635593414307
6561.64984869793	2.8809151649475098
6561.70679869793	2.9703400135040283
6561.76374869793	3.0601859092712402
6561.82069869793	3.156625270843506
6561.8776486979295	3.2521719932556152
6561.93459869793	3.3334386348724365
6561.99154869793	3.4135355949401855
6562.04849869793	3.4961886405944824
6562.10544869793	3.5775437355041504
6562.16239869793	3.644261360168457
6562.21934869793	3.711839199066162
6562.27629869793	3.8024675846099854
6562.33324869793	3.8965702056884766
6562.39019869793	3.9980528354644775
6562.44714869793	4.1027512550354
6562.50409869793	4.228984355926514
6562.56104869793	4.358120441436768
6562.61799869793	4.4889936447143555
6562.67494869793	4.616421222686768
6562.73189869793	4.709564208984375
6562.78884869793	4.794975280761719
6562.84579869793	4.851587772369385
6562.90274869793	4.9012861251831055
6562.95969869793	4.924223899841309
6563.01664869793	4.940369606018066
6563.07359869793	4.929491996765137
6563.13054869793	4.912574291229248
6563.18749869793	4.877289772033691
6563.24444869793	4.834059715270996
6563.30139869793	4.743381977081299
6563.35834869793	4.64419412612915
6563.41529869793	4.53688907623291
6563.47224869793	4.423273086547852
6563.52919869793	4.2633538246154785
6563.58614869793	4.100192070007324
6563.64309869793	3.9810070991516113
6563.70004869793	3.8711838722229004
6563.75699869793	3.776352882385254
6563.81394869793	3.6854753494262695
6563.87089869793	3.6061344146728516
6563.92784869793	3.526149272918701
6563.98479869793	3.419935703277588
6564.04174869793	3.311744213104248
6564.09869869793	3.232469081878662
6564.15564869793	3.158849000930786
6564.21259869793	3.0845584869384766
6564.26954869793	3.01055908203125
6564.32649869793	2.9406261444091797
6564.38344869793	2.8707165718078613
6564.44039869793	2.7930855751037598
6564.49734869793	2.714304208755493
6564.55429869793	2.640355110168457
6564.61124869793	2.5640697479248047
6564.66819869793	2.4558491706848145
6564.72514869793	2.3430776596069336
6564.78209869793	2.2555253505706787
6564.83904869793	2.172600746154785
6564.89599869793	2.0782337188720703
6564.95294869793	1.9815423488616943
6565.00989869793	1.8886440992355347
6565.06684869793	1.7985947132110596
6565.12379869793	1.7267513275146484
6565.18074869793	1.659644365310669
6565.23769869793	1.5944194793701172
6565.29464869793	1.529871940612793
6565.35159869793	1.4672209024429321
6565.40854869793	1.4059300422668457
6565.46549869793	1.3528437614440918
6565.52244869793	1.3029212951660156
6565.57939869793	1.262196660041809
6565.63634869793	1.2236652374267578
6565.69329869793	1.1821060180664062
6565.75024869793	1.1412088871002197
6565.80719869793	1.1146235466003418
6565.86414869793	1.0910701751708984
6565.92109869793	1.057497501373291
6565.97804869793	1.0217053890228271
6566.03499869793	0.9926428198814392
6566.09194869793	0.9659388065338135
6566.14889869793	0.9425718784332275
6566.20584869793	0.9205328226089478
6566.26279869793	0.9014565944671631
6566.31974869793	0.8834332227706909
6566.37669869793	0.8666613101959229
6566.43364869793	0.8503865003585815
6566.49059869793	0.8350682258605957
6566.54754869793	0.8202875256538391
6566.6044986979305	0.8076776266098022
6566.66144869793	0.7956874370574951
6566.71839869793	0.7827657461166382
6566.77534869793	0.7697690725326538
6566.83229869793	0.7590616941452026
6566.88924869793	0.750098705291748
6566.94619869793	0.7502579689025879
6567.00314869793	0.7527947425842285
6567.06009869793	0.7474517822265625
6567.11704869793	0.7391270995140076
6567.17399869793	0.7292708158493042
6567.23094869793	0.7200528383255005
6567.28789869793	0.7222843170166016
6567.34484869793	0.7282791137695312
6567.40179869793	0.7295389175415039
6567.45874869793	0.7284805178642273
6567.51569869793	0.7224071025848389
6567.57264869793	0.7144457101821899
6567.62959869793	0.7069506645202637
6567.68654869793	0.7000564336776733
6567.74349869793	0.6971683502197266
6567.80044869793	0.6962929368019104
6567.85739869793	0.6993348598480225
6567.91434869793	0.7039215564727783
6567.97129869793	0.7079987525939941
6568.02824869793	0.7102898359298706
6568.08519869793	0.6974417567253113
6568.14214869793	0.6790865659713745
6568.19909869793	0.6693247556686401
6568.25604869793	0.6639132499694824
6568.31299869793	0.6647948026657104
6568.36994869793	0.6683267951011658
6568.42689869793	0.6708457469940186
6568.48384869793	0.6720850467681885
6568.54079869793	0.6653321981430054
6568.59774869793	0.6559362411499023
6568.65469869793	0.6560065746307373
6568.71164869793	0.6601170897483826
6568.76859869793	0.6610808372497559
6568.82554869793	0.6608431339263916
6568.88249869793	0.6632616519927979
6568.93944869793	0.6669653058052063
6568.99639869793	0.6708410978317261
6569.05334869793	0.6740167140960693
6569.11029869793	0.6695961356163025
6569.16724869793	0.6622462868690491
6569.22419869793	0.6628373861312866
6569.28114869793	0.6669628024101257
6569.33809869793	0.6667293310165405
6569.39504869793	0.6645255088806152
6569.45199869793	0.6647747755050659
6569.5089486979305	0.6662864685058594
6569.56589869793	0.6677087545394897
6569.62284869793	0.6688255071640015
6569.67979869793	0.6674244403839111
6569.73674869793	0.6647437810897827
6569.79369869793	0.6627328395843506
6569.85064869793	0.6611462831497192
6569.90759869793	0.6601470708847046
6569.96454869793	0.659792423248291
6570.02149869793	0.6625616550445557
6570.07844869793	0.6664450764656067
6570.13539869793	0.6640603542327881
6570.19234869793	0.6588034629821777
6570.24929869793	0.6604520082473755
6570.30624869793	0.6651240587234497
6570.36319869793	0.6601877212524414
6570.42014869793	0.6506446599960327
6570.47709869793	0.6514266729354858
6570.53404869793	0.6583032608032227
6570.59099869793	0.6643737554550171
6570.64794869793	0.6689639091491699
6570.70489869793	0.6638126969337463
6570.76184869793	0.6535772085189819
6570.81879869793	0.6524624228477478
6570.87574869793	0.6572144031524658
6570.93269869793	0.6634607911109924
6570.98964869793	0.6703702211380005
6571.04659869793	0.6744373440742493
6571.10354869793	0.6764813661575317
6571.16049869793	0.6766774654388428
6571.21744869793	0.675029993057251
6571.27439869793	0.6671367883682251
6571.3313486979305	0.6556938290596008
6571.38829869793	0.6502872705459595
6571.44524869793	0.6487579345703125
6571.50219869793	0.6452130079269409
6571.55914869793	0.6411044001579285
6571.61609869793	0.6451316475868225
6571.67304869793	0.6546651124954224
6571.72999869793	0.662595272064209
6571.78694869793	0.6687508821487427
6571.84389869793	0.668529212474823
6571.90084869793	0.6635443568229675
6571.95779869793	0.6567013263702393
6572.01474869793	0.6487945914268494
6572.07169869793	0.6437790393829346
6572.12864869793	0.6413379907608032
6572.18559869793	0.6432649493217468
6572.24254869793	0.6485510468482971
6572.29949869793	0.6546618342399597
6572.35644869793	0.6612976789474487
6572.4133986979305	0.6669044494628906
6572.47034869793	0.671769380569458
6572.52729869793	0.6771666407585144
6572.58424869793	0.6823595762252808
6572.64119869793	0.6813099980354309
6572.69814869793	0.6756280660629272
6572.75509869793	0.6732869744300842
6572.81204869793	0.6740077137947083
6572.86899869793	0.6784138679504395
6572.92594869793	0.6850571632385254
6572.98289869793	0.6838332414627075
6573.03984869793	0.6766936779022217
6573.09679869793	0.6758030652999878
6573.1537486979305	0.6798735857009888
6573.21069869793	0.6808608770370483
6573.26764869793	0.6791144013404846
6573.32459869793	0.6763761043548584
6573.38154869793	0.6729557514190674
6573.43849869793	0.6713430285453796
6573.49544869793	0.6712954640388489
6573.55239869793	0.6709922552108765
6573.60934869793	0.6707038283348083
6573.66629869793	0.6728882193565369
6573.72324869793	0.6774421334266663
6573.78019869793	0.6833299398422241
6573.83714869793	0.6898186206817627
6573.89409869793	0.6899375319480896
6573.95104869793	0.6842629313468933
6574.00799869793	0.680016815662384
6574.06494869793	0.6769062280654907
6574.12189869793	0.671601414680481
6574.17884869793	0.664201557636261
6574.2357986979305	0.6568788290023804
6574.29274869793	0.6501081585884094
6574.34969869793	0.6482412219047546
6574.40664869793	0.6510792970657349
6574.46359869793	0.6525837182998657
6574.52054869793	0.6526854038238525
6574.57749869793	0.6520755290985107
6574.63444869793	0.651089072227478
6574.69139869793	0.6536686420440674
6574.74834869793	0.6594178676605225
6574.80529869793	0.6600059270858765
6574.86224869793	0.6550447344779968
6574.91919869793	0.6483791470527649
6574.97614869793	0.6411037445068359
6575.03309869793	0.6462240219116211
6575.09004869793	0.6634678840637207
6575.14699869793	0.6684319972991943
6575.20394869793	0.660453200340271
6575.26089869793	0.6568906903266907
6575.3178486979305	0.6588189601898193
6575.37479869793	0.6671738624572754
6575.43174869793	0.6819376945495605
6575.48869869793	0.688466489315033
6575.54564869793	0.6856656074523926
6575.60259869793	0.6830965280532837
6575.65954869793	0.6809440851211548
6575.71649869793	0.6803659200668335
6575.77344869793	0.681374192237854
6575.83039869793	0.6797237396240234
6575.88734869793	0.6753450632095337
6575.94429869793	0.6754120588302612
6576.00124869793	0.6810401082038879
6576.0581986979305	0.6889861822128296
6576.11514869793	0.6987088322639465
6576.17209869793	0.6973237991333008
6576.22904869793	0.6829532384872437
6576.28599869793	0.6764811277389526
6576.34294869793	0.6800358295440674
6576.39989869793	0.6849196553230286
6576.45684869793	0.6910983324050903
6576.51379869793	0.6930649280548096
6576.57074869793	0.6894353628158569
6576.62769869793	0.6840541362762451
6576.68464869793	0.6771191954612732
6576.74159869793	0.6780872344970703
6576.79854869793	0.6889936327934265
6576.85549869793	0.6940200328826904
6576.91244869793	0.6912195682525635
6576.96939869793	0.6893519759178162
6577.02634869793	0.688578724861145
6577.08329869793	0.6858676671981812
6577.1402486979305	0.6807227730751038
6577.19719869793	0.6782785654067993
6577.25414869793	0.6792526245117188
6577.31109869793	0.6761536598205566
6577.36804869793	0.6680826544761658
6577.42499869793	0.6690617799758911
6577.48194869793	0.6821474432945251
6577.53889869793	0.6845977306365967
6577.59584869793	0.6720738410949707
6577.65279869793	0.6663413643836975
6577.70974869793	0.6706268787384033
6577.76669869793	0.6739831566810608
6577.82364869793	0.6757403612136841
6577.8805986979305	0.675337553024292
6577.93754869793	0.6719490885734558
6577.99449869793	0.6721101999282837
6578.05144869793	0.6777135133743286
6578.10839869793	0.6825253963470459
6578.16534869793	0.6858351826667786
6578.2222986979305	0.6863207817077637
6578.27924869793	0.6825119256973267
6578.33619869793	0.6811741590499878
6578.39314869793	0.6835247278213501
6578.45009869793	0.6822810173034668
6578.50704869793	0.6755635738372803
6578.56399869793	0.6738266944885254
6578.62094869793	0.6800150871276855
6578.67789869793	0.6817402243614197
6578.73484869793	0.6762826442718506
6578.79179869793	0.6751720905303955
6578.84874869793	0.6813731789588928
6578.90569869793	0.6856621503829956
6578.9626486979305	0.6863340139389038
6579.01959869793	0.6838535666465759
6579.07654869793	0.6761338710784912
6579.13349869793	0.6723851561546326
6579.19044869793	0.6758060455322266
6579.24739869793	0.679513692855835
6579.30434869793	0.6837868690490723
6579.36129869793	0.6885498762130737
6579.41824869793	0.6938570737838745
6579.47519869793	0.6949732899665833
6579.53214869793	0.6884752511978149
6579.58909869793	0.6851351857185364
6579.64604869793	0.6879944801330566
6579.7029986979305	0.6927822828292847
6579.75994869793	0.7008596658706665
6579.81689869793	0.7036744356155396
6579.87384869793	0.6965373158454895
6579.93079869793	0.6942388415336609
6579.98774869793	0.7011041045188904
6580.0446986979305	0.7019296884536743
6580.10164869793	0.690667450428009
6580.15859869793	0.6815049648284912
6580.21554869793	0.6767516136169434
6580.27249869793	0.672921895980835
6580.32944869793	0.6709933876991272
6580.38639869793	0.668662965297699
6580.44334869793	0.6656508445739746
6580.50029869793	0.6647123694419861
6580.55724869793	0.6682751178741455
6580.61419869793	0.6720819473266602
6580.67114869793	0.6763964295387268
6580.72809869793	0.6803737282752991
6580.7850486979305	0.6834478378295898
6580.84199869793	0.6846879720687866
6580.89894869793	0.6818151473999023
6580.95589869793	0.679463267326355
6581.01284869793	0.6783525347709656
6581.06979869793	0.6777533292770386
6581.12674869793	0.678304135799408
6581.18369869793	0.6782780885696411
6581.24064869793	0.6770614385604858
6581.29759869793	0.6780983209609985
6581.35454869793	0.6846457719802856
6581.41149869793	0.6920090913772583
6581.46844869793	0.7009211778640747
6581.52539869793	0.7041143774986267
6581.58234869793	0.6933589577674866
6581.63929869793	0.6868216395378113
6581.69624869793	0.6907263994216919
6581.75319869793	0.6912158727645874
6581.81014869793	0.6831843852996826
6581.8670986979305	0.6789414882659912
6581.92404869793	0.6845318078994751
6581.98099869793	0.6886597871780396
6582.03794869793	0.6889470815658569
6582.09489869793	0.6900663375854492
6582.15184869793	0.6933402419090271
6582.20879869793	0.6952471733093262
6582.26574869793	0.6933879852294922
6582.32269869793	0.6916635036468506
6582.37964869793	0.6903166770935059
6582.43659869793	0.6889524459838867
6582.49354869793	0.6876247525215149
6582.55049869793	0.6874493956565857
6582.6074486979305	0.6906101703643799
6582.66439869793	0.6935394406318665
6582.72134869793	0.6955272555351257
6582.77829869793	0.6940271258354187
6582.83524869793	0.6822770833969116
6582.89219869793	0.6741824150085449
6582.9491486979305	0.677288293838501
6583.00609869793	0.6801030039787292
6583.06304869793	0.6818593740463257
6583.11999869793	0.681541919708252
6583.17694869793	0.674854576587677
6583.23389869793	0.6714316606521606
6583.29084869793	0.678410530090332
6583.34779869793	0.6827892065048218
6583.40474869793	0.6786573529243469
6583.46169869793	0.6756494641304016
6583.51864869793	0.6765850782394409
6583.57559869793	0.6798737049102783
6583.63254869793	0.6910980939865112
6583.6894986979305	0.7003639936447144
6583.74644869793	0.7028090953826904
6583.80339869793	0.7056567668914795
6583.86034869793	0.709784209728241
6583.91729869793	0.7115826606750488
6583.97424869793	0.7049573659896851
6584.03119869793	0.6989196538925171
6584.08814869793	0.6952627897262573
6584.14509869793	0.6947486400604248
6584.20204869793	0.7058149576187134
6584.25899869793	0.7121559381484985
6584.31594869793	0.7003539800643921
6584.37289869793	0.689860463142395
6584.4298486979305	0.6847382187843323
6584.48679869793	0.6831761598587036
6584.54374869793	0.6957781910896301
6584.60069869793	0.7060819864273071
6584.65764869793	0.7069054841995239
6584.71459869793	0.7068850994110107
6584.7715486979305	0.7032142877578735
6584.82849869793	0.6975573897361755
6584.88544869793	0.6836482286453247
6584.94239869793	0.6740102767944336
6584.99934869793	0.6829078197479248
6585.05629869793	0.6892377138137817
6585.11324869793	0.6842567920684814
6585.17019869793	0.6823095083236694
6585.22714869793	0.6940035820007324
6585.28409869793	0.701583743095398
6585.34104869793	0.6901413202285767
6585.39799869793	0.6825888156890869
6585.45494869793	0.6935033798217773
6585.5118986979305	0.7018555402755737
6585.56884869793	0.6977245211601257
6585.62579869793	0.6947027444839478
6585.68274869793	0.6972061395645142
6585.73969869793	0.6990704536437988
6585.79664869793	0.6976606249809265
6585.8535986979305	0.6963232755661011
6585.91054869793	0.69537752866745
6585.96749869793	0.6946527361869812
6586.02444869793	0.6950699090957642
6586.08139869793	0.6943838596343994
6586.13834869793	0.6877328753471375
6586.19529869793	0.6840432286262512
6586.252248697931	0.6969801187515259
6586.30919869793	0.7064281702041626
6586.36614869793	0.6956716179847717
6586.42309869793	0.6866193413734436
6586.48004869793	0.6877525448799133
6586.53699869793	0.6893683075904846
6586.5939486979305	0.693860650062561
6586.65089869793	0.6960761547088623
6586.70784869793	0.6840575933456421
6586.76479869793	0.6750202178955078
6586.82174869793	0.6852346658706665
6586.87869869793	0.6940199136734009
6586.93564869793	0.6933066248893738
6586.99259869793	0.6933382749557495
6587.04954869793	0.6984458565711975
6587.10649869793	0.7024735808372498
6587.16344869793	0.6988842487335205
6587.22039869793	0.6955193281173706
6587.27734869793	0.6938074827194214
6587.3342986979305	0.6930311322212219
6587.39124869793	0.6992433071136475
6587.44819869793	0.7038205862045288
6587.50514869793	0.6957638263702393
6587.56209869793	0.6892865896224976
6587.61904869793	0.6954386234283447
6587.6759986979305	0.7014623880386353
6587.73294869793	0.706413209438324
6587.78989869793	0.7101640701293945
6587.84684869793	0.7036622762680054
6587.90379869793	0.6985387206077576
6587.96074869793	0.7056174278259277
6588.01769869793	0.7122220993041992
6588.07464869793	0.7144745588302612
6588.13159869793	0.7163367867469788
6588.18854869793	0.714618444442749
6588.24549869793	0.7130814790725708
6588.30244869793	0.7133424282073975
6588.35939869793	0.7128417491912842
6588.4163486979305	0.7052156925201416
6588.47329869793	0.6986572742462158
6588.53024869793	0.7026993036270142
6588.58719869793	0.7058429718017578
6588.64414869793	0.6991605162620544
6588.70109869793	0.692880392074585
6588.7580486979305	0.6921290159225464
6588.81499869793	0.6920153498649597
6588.87194869793	0.6965332627296448
6588.92889869793	0.6997883319854736
6588.98584869793	0.6902048587799072
6589.04279869793	0.6811635494232178
6589.09974869793	0.6809790134429932
6589.156698697931	0.6816922426223755
6589.21364869793	0.6876707077026367
6589.27059869793	0.6943296790122986
6589.32754869793	0.7052624821662903
6589.38449869793	0.7149832248687744
6589.44144869793	0.711733341217041
6589.4983986979305	0.7068579792976379
6589.55534869793	0.6929305791854858
6589.61229869793	0.6806747913360596
6589.66924869793	0.6883663535118103
6589.72619869793	0.6964203119277954
6589.78314869793	0.6970673203468323
6589.84009869793	0.697933554649353
6589.89704869793	0.7051178812980652
6589.95399869793	0.7120055556297302
6590.01094869793	0.7122238874435425
6590.06789869793	0.7109758853912354
6590.12484869793	0.7005866765975952
6590.18179869793	0.6905286312103271
6590.2387486979305	0.6899822950363159
6590.29569869793	0.6901401281356812
6590.35264869793	0.6897141933441162
6590.40959869793	0.6906247138977051
6590.46654869793	0.7043740749359131
6590.52349869793	0.7179998159408569
6590.5804486979305	0.7197815179824829
6590.63739869793	0.7194311618804932
6590.69434869793	0.7096894979476929
6590.75129869793	0.6997498273849487
6590.80824869793	0.6966191530227661
6590.86519869793	0.6948915123939514
6590.92214869793	0.6996250748634338
6590.979098697931	0.7047581672668457
6591.03604869793	0.7070823311805725
6591.09299869793	0.7085241079330444
6591.14994869793	0.7047253847122192
6591.20689869793	0.7021883726119995
6591.26384869793	0.7171390056610107
6591.3207986979305	0.732080340385437
6591.37774869793	0.7269096374511719
6591.43469869793	0.7195936441421509
6591.49164869793	0.7162671089172363
6591.54859869793	0.7125497460365295
6591.60554869793	0.7002594470977783
6591.6624986979305	0.6886942386627197
6591.71944869793	0.6949018239974976
6591.77639869793	0.7026889324188232
6591.83334869793	0.7015255689620972
6591.89029869793	0.6994967460632324
6591.94724869793	0.7017476558685303
6592.00419869793	0.7046018838882446
6592.061148697931	0.7069735527038574
6592.11809869793	0.709260106086731
6592.17504869793	0.7114622592926025
6592.23199869793	0.713702917098999
6592.28894869793	0.7164312601089478
6592.34589869793	0.7181433439254761
6592.4028486979305	0.7095853090286255
6592.45979869793	0.6998650431632996
6592.51674869793	0.6959772109985352
6592.57369869793	0.6938648819923401
6592.63064869793	0.6985950469970703
6592.68759869793	0.7035341262817383
6592.74454869793	0.6986066102981567
6592.801498697931	0.69200599193573
6592.85844869793	0.6872836351394653
6592.91539869793	0.6832185983657837
6592.97234869793	0.6818809509277344
6593.02929869793	0.6819010972976685
6593.08624869793	0.6895222067832947
6593.1431986979305	0.697852611541748
6593.20014869793	0.6981161832809448
6593.25709869793	0.6968511343002319
6593.31404869793	0.6972818374633789
6593.37099869793	0.6979206800460815
6593.42794869793	0.6970486640930176
6593.4848986979305	0.695854902267456
6593.54184869793	0.6948071122169495
6593.59879869793	0.694187581539154
6593.65574869793	0.6972846388816833
6593.71269869793	0.7011086940765381
6593.76964869793	0.7035661935806274
6593.82659869793	0.7052441835403442
6593.883548697931	0.7026719450950623
6593.94049869793	0.6995476484298706
6593.99744869793	0.7010905146598816
6594.05439869793	0.7036585807800293
6594.11134869793	0.7047905921936035
6594.16829869793	0.7055800557136536
6594.2252486979305	0.7066340446472168
6594.28219869793	0.7071771025657654
6594.33914869793	0.7022315263748169
6594.39609869793	0.6955545544624329
6594.45304869793	0.6865360736846924
6594.50999869793	0.6785558462142944
6594.5669486979305	0.6865283250808716
6594.62389869793	0.6978724002838135
6594.68084869793	0.6984511613845825
6594.73779869793	0.695937991142273
6594.79474869793	0.6935876607894897
6594.85169869793	0.691095232963562
6594.90864869793	0.6868000030517578
6594.965598697931	0.6823658347129822
6595.02254869793	0.6817734241485596
6595.07949869793	0.6828590631484985
6595.13644869793	0.6886501312255859
6595.19339869793	0.6960914731025696
6595.25034869793	0.705157995223999
6595.3072986979305	0.7128173112869263
6595.36424869793	0.7021310925483704
6595.42119869793	0.6875121593475342
6595.47814869793	0.6926350593566895
6595.53509869793	0.7036308646202087
6595.59204869793	0.7077487707138062
6595.64899869793	0.7085294723510742
6595.705948697931	0.6998388767242432
6595.76289869793	0.6888110637664795
6595.81984869793	0.686888575553894
6595.87679869793	0.6881728172302246
6595.93374869793	0.6892712712287903
6595.99069869793	0.6904767751693726
6596.0476486979305	0.6933459043502808
6596.10459869793	0.6968594789505005
6596.16154869793	0.7006789445877075
6596.21849869793	0.7046011686325073
6596.27544869793	0.7084072828292847
6596.33239869793	0.7106845378875732
6596.3893486979305	0.6987441778182983
6596.44629869793	0.6831081509590149
6596.50324869793	0.6851234436035156
6596.56019869793	0.6932477355003357
6596.61714869793	0.6928128004074097
6596.67409869793	0.6904626488685608
6596.73104869793	0.7029191255569458
6596.787998697931	0.7194401025772095
6596.84494869793	0.7164949774742126
6596.90189869793	0.7063388228416443
6596.95884869793	0.7052215337753296
6597.01579869793	0.7078442573547363
6597.07274869793	0.7093840837478638
6597.1296986979305	0.7098679542541504
6597.18664869793	0.7047069072723389
6597.24359869793	0.6974491477012634
6597.30054869793	0.6940048933029175
6597.35749869793	0.6920106410980225
6597.41444869793	0.6874810457229614
6597.47139869793	0.6832857131958008
6597.528348697931	0.6935115456581116
6597.58529869793	0.7090216875076294
6597.64224869793	0.710803747177124
6597.69919869793	0.7064323425292969
6597.75614869793	0.7053242921829224
6597.81309869793	0.7052203416824341
6597.8700486979305	0.6996444463729858
6597.92699869793	0.692965567111969
6597.98394869793	0.7015377283096313
6598.04089869793	0.7162479162216187
6598.09784869793	0.7169371843338013
6598.15479869793	0.7108446359634399
6598.2117486979305	0.7077171802520752
6598.26869869793	0.706692636013031
6598.32564869793	0.711302638053894
6598.38259869793	0.7172747850418091
6598.43954869793	0.7078596353530884
6598.49649869793	0.6928427219390869
6598.55344869793	0.7028332352638245
6598.610398697931	0.72356116771698
6598.66734869793	0.7174313068389893
6598.72429869793	0.6982690095901489
6598.78124869793	0.6956189870834351
6598.83819869793	0.7017809152603149
6598.89514869793	0.7041725516319275
6598.9520986979305	0.7043493390083313
6599.00904869793	0.7037316560745239
6599.06599869793	0.703009843826294
6599.12294869793	0.7057421207427979
6599.17989869793	0.7097576856613159
6599.23684869793	0.7065750360488892
6599.2937986979305	0.6997585296630859
6599.350748697931	0.6991909146308899
6599.40769869793	0.7017462849617004
6599.46464869793	0.697991132736206
6599.52159869793	0.6904747486114502
6599.57854869793	0.6839472055435181
6599.63549869793	0.6790528297424316
6599.692448697931	0.6841928958892822
6599.74939869793	0.694709300994873
6599.80634869793	0.6957992315292358
6599.86329869793	0.6912659406661987
6599.92024869793	0.6908501386642456
6599.97719869793	0.6928929090499878
6600.0341486979305	0.6927586793899536
6600.09109869793	0.6912223100662231
6600.14804869793	0.6900426149368286
6600.20499869793	0.6890895366668701
6600.26194869793	0.6880142092704773
6600.31889869793	0.6867276430130005
6600.37584869793	0.6841728687286377
6600.432798697931	0.68095862865448
6600.48974869793	0.679898738861084
6600.54669869793	0.6804805994033813
6600.60364869793	0.6823604106903076
6600.66059869793	0.6854546666145325
6600.71754869793	0.6914389133453369
6600.7744986979305	0.698811948299408
6600.83144869793	0.6992132067680359
6600.88839869793	0.6944141387939453
6600.94534869793	0.6887415647506714
6601.00229869793	0.6829067468643188
6601.05924869793	0.6819487810134888
6601.1161986979305	0.6847610473632812
6601.17314869793	0.6884437799453735
6601.23009869793	0.6932015419006348
6601.28704869793	0.7020458579063416
6601.34399869793	0.7134845852851868
6601.40094869793	0.7190672755241394
6601.45789869793	0.719825029373169
6601.514848697931	0.7185335159301758
6601.57179869793	0.7154942750930786
6601.62874869793	0.7113777995109558
6601.68569869793	0.7067660093307495
6601.74264869793	0.7059811353683472
6601.79959869793	0.7082452774047852
6601.8565486979305	0.7094497680664062
6601.91349869793	0.7099577188491821
6601.97044869793	0.7123827934265137
6602.02739869793	0.7161201238632202
6602.08434869793	0.7166798114776611
6602.14129869793	0.7147133350372314
6602.1982486979305	0.7148598432540894
6602.255198697931	0.7164829969406128
6602.31214869793	0.7143699526786804
6602.36909869793	0.7089794278144836
6602.42604869793	0.7039095759391785
6602.48299869793	0.6994197368621826
6602.53994869793	0.6979020833969116
6602.596898697931	0.6992969512939453
6602.65384869793	0.7027721405029297
6602.71079869793	0.70740807056427
6602.76774869793	0.7042590379714966
6602.82469869793	0.6944712996482849
6602.88164869793	0.6914438605308533
6602.9385986979305	0.6948977708816528
6602.99554869793	0.6988846659660339
6603.05249869793	0.7025492191314697
6603.10944869793	0.6976282596588135
6603.16639869793	0.6852480173110962
6603.22334869793	0.6825434565544128
6603.28029869793	0.6896947622299194
6603.337248697931	0.6994562149047852
6603.39419869793	0.7110593914985657
6603.45114869793	0.7145559787750244
6603.50809869793	0.709935188293457
6603.56504869793	0.7069556713104248
6603.62199869793	0.7055422067642212
6603.6789486979305	0.7027466893196106
6603.73589869793	0.6991631388664246
6603.79284869793	0.7024596333503723
6603.84979869793	0.7124576568603516
6603.90674869793	0.715944230556488
6603.96369869793	0.7127496004104614
6604.0206486979305	0.7132300138473511
6604.077598697931	0.7176828384399414
6604.13454869793	0.7215732336044312
6604.19149869793	0.7244986295700073
6604.24844869793	0.7238694429397583
6604.30539869793	0.7195719480514526
6604.36234869793	0.7188119888305664
6604.419298697931	0.7215832471847534
6604.47624869793	0.7189807891845703
6604.53319869793	0.7101767659187317
6604.59014869793	0.7016660571098328
6604.64709869793	0.693526566028595
6604.70404869793	0.6856639385223389
6604.7609986979305	0.6788764595985413
6604.81794869793	0.6799576878547668
6604.87489869793	0.6898252964019775
6604.93184869793	0.0
