6410.15011579	0.25035
6410.1501157866	1.0768171548843384
6410.4004657866	1.0774085521697998
6410.650815786599	1.0805227756500244
6410.901165786599	1.085917592048645
6411.1515157866	1.087712287902832
6411.4018657866	1.0851846933364868
6411.652215786599	1.0835916996002197
6411.9025657866	1.0833070278167725
6412.1529157866	1.0834683179855347
6412.403265786599	1.0841459035873413
6412.653615786599	1.0842409133911133
6412.9039657866	1.083500862121582
6413.1543157866	1.0828105211257935
6413.404665786599	1.0821657180786133
6413.6550157865995	1.08131742477417
6413.9053657866	1.080223798751831
6414.1557157866	1.0797126293182373
6414.406065786599	1.0802596807479858
6414.6564157866	1.0814961194992065
6414.9067657866	1.0838541984558105
6415.157115786599	1.0854250192642212
6415.4074657865995	1.0856263637542725
6415.6578157866	1.0866457223892212
6415.9081657866	1.089052677154541
6416.158515786599	1.0891265869140625
6416.4088657866	1.0846096277236938
6416.6592157866	1.0820586681365967
6416.909565786599	1.0836267471313477
6417.159915786599	1.084053635597229
6417.4102657866	1.0820218324661255
6417.6606157866	1.08251953125
6417.910965786599	1.0888768434524536
6418.1613157865995	1.0915305614471436
6418.4116657866	1.0850858688354492
6418.6620157866	1.079842448234558
6418.912365786599	1.0776804685592651
6419.1627157866	1.0765466690063477
6419.4130657866	1.0780439376831055
6419.663415786599	1.0797076225280762
6419.9137657865995	1.081648826599121
6420.1641157866	1.083057165145874
6420.4144657866	1.0830357074737549
6420.664815786599	1.0829591751098633
6420.9151657866	1.0829766988754272
6421.1655157866	1.0830597877502441
6421.415865786599	1.0832977294921875
6421.666215786599	1.0841124057769775
6421.9165657866	1.0864369869232178
6422.1669157866	1.0878397226333618
6422.417265786599	1.0862138271331787
6422.6676157865995	1.08390474319458
6422.9179657866	1.0809659957885742
6423.1683157866	1.079067587852478
6423.418665786599	1.0803552865982056
6423.6690157866	1.0817264318466187
6423.9193657866	1.0815829038619995
6424.169715786599	1.080349087715149
6424.4200657865995	1.076973557472229
6424.6704157866	1.0733686685562134
6424.9207657866	1.0706075429916382
6425.171115786599	1.067774772644043
6425.4214657866	1.064077377319336
6425.6718157866	1.062586784362793
6425.922165786599	1.0683062076568604
6426.172515786599	1.0744757652282715
6426.4228657866	1.0750980377197266
6426.6732157866	1.0748215913772583
6426.923565786599	1.0776597261428833
6427.1739157865995	1.0825574398040771
6427.4242657866	1.0901471376419067
6427.6746157866	1.096016764640808
6427.924965786599	1.0932170152664185
6428.1753157866	1.0878852605819702
6428.4256657866	1.0864231586456299
6428.676015786599	1.0862387418746948
6428.9263657865995	1.0843993425369263
6429.1767157866	1.0806468725204468
6429.4270657866	1.0733728408813477
6429.677415786599	1.0671582221984863
6429.9277657866	1.0705024003982544
6430.1781157866	1.0790232419967651
6430.428465786599	1.086952567100525
6430.678815786599	1.0933201313018799
6430.9291657866	1.0955803394317627
6431.1795157866	1.0946701765060425
6431.429865786599	1.0917203426361084
6431.6802157866	1.0882244110107422
6431.9305657866	1.0875729322433472
6432.180915786599	1.0870836973190308
6432.431265786599	1.0800151824951172
6432.6816157866	1.0702170133590698
6432.9319657866	1.0682282447814941
6433.182315786599	1.0724081993103027
6433.4326657865995	1.0769760608673096
6433.6830157866	1.081386923789978
6433.9333657866	1.0839754343032837
6434.183715786599	1.0846933126449585
6434.4340657866	1.0841994285583496
6434.6844157866	1.0810678005218506
6434.934765786599	1.0716643333435059
6435.185115786599	1.0588759183883667
6435.4354657866	1.0566763877868652
6435.6858157866	1.0649805068969727
6435.936165786599	1.0733861923217773
6436.1865157866	1.0810718536376953
6436.4368657866	1.085094690322876
6436.687215786599	1.0852152109146118
6436.937565786599	1.0856679677963257
6437.1879157866	1.0861623287200928
6437.4382657866	1.0850560665130615
6437.688615786599	1.0820690393447876
6437.9389657865995	1.0791752338409424
6438.1893157866	1.0769133567810059
6438.4396657866	1.0773262977600098
6438.690015786599	1.0805392265319824
6438.9403657866	1.0801260471343994
6439.1907157866	1.0752049684524536
6439.441065786599	1.0725786685943604
6439.6914157865995	1.073032259941101
6439.9417657866	1.0724868774414062
6440.1921157866	1.0707679986953735
6440.442465786599	1.070981502532959
6440.6928157866	1.074156641960144
6440.9431657866	1.0772289037704468
6441.193515786599	1.0800925493240356
6441.443865786599	1.0826420783996582
6441.6942157866	1.084179401397705
6441.9445657866	1.0817930698394775
6442.194915786599	1.0732076168060303
6442.4452657865995	1.070584774017334
6442.6956157866	1.0785210132598877
6442.9459657866	1.0831400156021118
6443.196315786599	1.0815099477767944
6443.4466657866	1.0807112455368042
6443.6970157866	1.0815623998641968
6443.947365786599	1.0823734998703003
6444.1977157865995	1.0829391479492188
6444.4480657866	1.080810308456421
6444.6984157866	1.0729392766952515
6444.948765786599	1.0670157670974731
6445.1991157866	1.0655280351638794
6445.4494657866	1.065140724182129
6445.699815786599	1.067366123199463
6445.950165786599	1.0707192420959473
6446.2005157866	1.0768482685089111
6446.4508657866	1.080036997795105
6446.701215786599	1.075693130493164
6446.9515657865995	1.0710235834121704
6447.2019157866	1.0655518770217896
6447.452265786599	1.0615143775939941
6447.702615786599	1.0612428188323975
6447.9529657866	1.062838077545166
6448.2033157866	1.0689551830291748
6448.453665786599	1.0740684270858765
6448.7040157865995	1.0758872032165527
6448.9543657866	1.0775156021118164
6449.2047157866	1.0792738199234009
6449.455065786599	1.079527497291565
6449.7054157866	1.0757255554199219
6449.9557657866	1.0719106197357178
6450.206115786599	1.0692660808563232
6450.456465786599	1.0684529542922974
6450.7068157866	1.0722061395645142
6450.9571657866	1.0751100778579712
6451.207515786599	1.0738211870193481
6451.4578657865995	1.0716495513916016
6451.7082157866	1.068998098373413
6451.958565786599	1.0676172971725464
6452.208915786599	1.0700337886810303
6452.4592657866	1.0720235109329224
6452.7096157866	1.0705639123916626
6452.959965786599	1.0667169094085693
6453.2103157865995	1.0583596229553223
6453.4606657866	1.0494115352630615
6453.7110157866	1.0420490503311157
6453.961365786599	1.0392953157424927
6454.2117157866	1.048628330230713
6454.4620657866	1.0592894554138184
6454.712415786599	1.0632874965667725
6454.962765786599	1.067636489868164
6455.2131157866	1.0793546438217163
6455.4634657866	1.0913739204406738
6455.713815786599	1.0966901779174805
6455.9641657866	1.098746418952942
6456.2145157866	1.0984227657318115
6456.464865786599	1.097072958946228
6456.715215786599	1.095450520515442
6456.9655657866	1.0937062501907349
6457.2159157866	1.091938853263855
6457.466265786599	1.0890218019485474
6457.7166157865995	1.0825318098068237
6457.9669657866	1.0740251541137695
6458.2173157866	1.0644584894180298
6458.467665786599	1.0540974140167236
6458.7180157866	1.042879343032837
6458.9683657866	1.0320197343826294
6459.218715786599	1.023803472518921
6459.4690657865995	1.0191096067428589
6459.7194157866	1.0212385654449463
6459.9697657866	1.027079701423645
6460.220115786599	1.0320390462875366
6460.4704657866	1.0351388454437256
6460.7208157866	1.0337291955947876
6460.971165786599	1.0307323932647705
6461.221515786599	1.0322825908660889
6461.4718657866	1.0361155271530151
6461.7222157866	1.0371984243392944
6461.972565786599	1.036607265472412
6462.2229157865995	1.0369679927825928
6462.4732657866	1.037888526916504
6462.723615786599	1.0382875204086304
6462.973965786599	1.0377845764160156
6463.2243157866	1.0354143381118774
6463.4746657866	1.0316109657287598
6463.725015786599	1.028074860572815
6463.9753657865995	1.025351643562317
6464.2257157866	1.0249179601669312
6464.4760657866	1.026734471321106
6464.726415786599	1.0295203924179077
6464.9767657866	1.0325113534927368
6465.2271157866	1.0327304601669312
6465.477465786599	1.0302019119262695
6465.727815786599	1.0272091627120972
6465.9781657866	1.0238040685653687
6466.2285157866	1.020599126815796
6466.478865786599	1.017711877822876
6466.7292157865995	1.0153144598007202
6466.9795657866	1.0134665966033936
6467.229915786599	1.0117294788360596
6467.480265786599	1.0105339288711548
6467.7306157866	1.0112916231155396
6467.9809657866	1.0140008926391602
6468.231315786599	1.0152158737182617
6468.4816657865995	1.014151930809021
6468.7320157866	1.0106770992279053
6468.9823657866	1.0045208930969238
6469.232715786599	1.0000674724578857
6469.4830657866	0.9979543685913086
6469.7334157866	0.9965561628341675
6469.983765786599	0.9970272183418274
6470.234115786599	1.002606749534607
6470.4844657866	1.0152921676635742
6470.7348157866	1.0278414487838745
6470.985165786599	1.0390446186065674
6471.2355157865995	1.0431448221206665
6471.4858657866	1.0363585948944092
6471.736215786599	1.028135061264038
6471.986565786599	1.0174472332000732
6472.2369157866	1.0051815509796143
6472.4872657866	0.9909782409667969
6472.737615786599	0.9812631011009216
6472.9879657865995	0.9795734286308289
6473.2383157866	0.9819506406784058
6473.4886657866	0.9910259246826172
6473.739015786599	0.9970279932022095
6473.9893657866	0.9966553449630737
6474.2397157866	0.9883062839508057
6474.490065786599	0.9651749730110168
6474.740415786599	0.9429005980491638
6474.9907657866	0.9225460290908813
6475.2411157866	0.9052334427833557
6475.491465786599	0.8946912884712219
6475.7418157866	0.8932876586914062
6475.9921657866	0.9109241962432861
6476.242515786599	0.9297885298728943
6476.492865786599	0.9512382745742798
6476.7432157866	0.9716905355453491
6476.9935657866	0.9897915720939636
6477.243915786599	1.004686951637268
6477.4942657865995	1.0121678113937378
6477.7446157866	1.0195833444595337
6477.9949657866	1.0267980098724365
6478.245315786599	1.0303457975387573
6478.4956657866	1.0247821807861328
6478.7460157866	1.0157467126846313
6478.996365786599	0.997818648815155
6479.246715786599	0.980536699295044
6479.4970657866	0.9649845957756042
6479.7474157866	0.9553505778312683
6479.997765786599	0.9609807133674622
6480.2481157866	0.9692694544792175
6480.4984657866	0.9832309484481812
6480.748815786599	0.997609555721283
6480.999165786599	1.0123881101608276
6481.2495157866	1.025120496749878
6481.4998657866	1.0323855876922607
6481.750215786599	1.0358167886734009
6482.0005657865995	1.0301802158355713
6482.2509157866	1.0198864936828613
6482.501265786599	0.9993829727172852
6482.751615786599	0.9774113893508911
6483.0019657866	0.9544570446014404
6483.2523157866	0.9334436655044556
6483.502665786599	0.9180207848548889
6483.7530157865995	0.9111990332603455
6484.0033657866	0.9256941676139832
6484.2537157866	0.9423025846481323
6484.504065786599	0.9555652737617493
6484.7544157866	0.9690568447113037
6485.0047657866	0.9847766757011414
6485.255115786599	0.9991649389266968
6485.505465786599	1.0086637735366821
6485.7558157866	1.0130090713500977
6486.0061657866	1.0057343244552612
6486.256515786599	0.9976016283035278
6486.5068657865995	0.9944173097610474
6486.7572157866	0.9937477111816406
6487.007565786599	0.9968295693397522
6487.257915786599	0.9999915361404419
6487.5082657866	1.0005805492401123
6487.7586157866	1.0021171569824219
6488.008965786599	1.0084714889526367
6488.2593157865995	1.0151958465576172
6488.5096657866	1.0188219547271729
6488.7600157866	1.0215742588043213
6489.010365786599	1.0246338844299316
6489.2607157866	1.0267311334609985
6489.5110657866	1.0256626605987549
6489.761415786599	1.0209132432937622
6490.011765786599	1.0084946155548096
6490.2621157866	0.9963571429252625
6490.5124657866	0.9937571287155151
6490.762815786599	0.9966052174568176
6491.0131657865995	1.0046038627624512
6491.2635157866	1.0137948989868164
6491.513865786599	1.020071029663086
6491.764215786599	1.0244157314300537
6492.0145657866	1.0266985893249512
6492.2649157866	1.0264086723327637
6492.515265786599	1.0209858417510986
6492.7656157865995	1.0125335454940796
6493.0159657866	1.0022555589675903
6493.2663157866	0.994627833366394
6493.516665786599	0.9984595775604248
6493.7670157866	1.00972318649292
6494.0173657866	1.0256829261779785
6494.267715786599	1.0399565696716309
6494.518065786599	1.0402626991271973
6494.7684157866	1.0309288501739502
6495.0187657866	1.0159223079681396
6495.269115786599	0.999690055847168
6495.5194657865995	0.990635097026825
6495.7698157866	0.9865358471870422
6496.020165786599	0.9842728972434998
6496.270515786599	0.9847704172134399
6496.5208657866	0.9907488226890564
6496.7712157866	1.0009300708770752
6497.021565786599	1.013075828552246
6497.2719157865995	1.023979663848877
6497.5222657866	1.025660753250122
6497.7726157866	1.021713137626648
6498.022965786599	1.0212533473968506
6498.2733157866	1.0248119831085205
6498.5236657866	1.0336079597473145
6498.774015786599	1.0454132556915283
6499.024365786599	1.0534588098526
6499.2747157866	1.0572234392166138
6499.5250657866	1.0561163425445557
6499.775415786599	1.051986575126648
6500.0257657866	1.0516325235366821
6500.2761157866	1.0546905994415283
6500.526465786599	1.0585280656814575
6500.776815786599	1.0616554021835327
6501.0271657866	1.0592457056045532
6501.2775157866	1.0528926849365234
6501.527865786599	1.05093514919281
6501.7782157865995	1.0523128509521484
6502.0285657866	1.0504390001296997
6502.278915786599	1.0453989505767822
6502.529265786599	1.0402895212173462
6502.7796157866	1.0351035594940186
6503.0299657866	1.02988600730896
6503.280315786599	1.0253647565841675
6503.5306657865995	1.0240334272384644
6503.7810157866	1.0258816480636597
6504.0313657866	1.0267759561538696
6504.281715786599	1.0276191234588623
6504.5320657866	1.033020257949829
6504.7824157866	1.0430043935775757
6505.032765786599	1.050324559211731
6505.283115786599	1.0541990995407104
6505.5334657866	1.056419849395752
6505.7838157866	1.0565247535705566
6506.034165786599	1.055973768234253
6506.2845157865995	1.0542950630187988
6506.5348657866	1.0510003566741943
6506.785215786599	1.0458768606185913
6507.035565786599	1.0419344902038574
6507.2859157866	1.0390385389328003
6507.5362657866	1.0334422588348389
6507.786615786599	1.0242780447006226
6508.0369657865995	1.0154929161071777
6508.2873157866	1.0080437660217285
6508.5376657866	1.0052717924118042
6508.788015786599	1.0088189840316772
6509.0383657866	1.0102787017822266
6509.2887157866	1.0098395347595215
6509.539065786599	1.016634464263916
6509.789415786599	1.0332359075546265
6510.0397657866	1.0426996946334839
6510.2901157866	1.0412037372589111
6510.540465786599	1.0404281616210938
6510.7908157865995	1.0403203964233398
6511.0411657866	1.0367958545684814
6511.291515786599	1.0276587009429932
6511.541865786599	1.0184025764465332
6511.7922157866	1.009210467338562
6512.0425657866	1.002092719078064
6512.292915786599	0.998925507068634
6512.5432657865995	0.9987735748291016
6512.7936157866	1.0038961172103882
6513.0439657866	1.0082342624664307
6513.294315786599	1.0103182792663574
6513.5446657866	1.004524827003479
6513.7950157866	0.9842832684516907
6514.045365786599	0.967562198638916
6514.295715786599	0.9577468037605286
6514.5460657866	0.9492043852806091
6514.7964157866	0.9431933164596558
6515.046765786599	0.937271773815155
6515.2971157865995	0.9313327670097351
6515.5474657866	0.9225852489471436
6515.797815786599	0.9079259037971497
6516.048165786599	0.8925943970680237
6516.2985157866	0.8762784600257874
6516.5488657866	0.868401288986206
6516.799215786599	0.8792438507080078
6517.0495657865995	0.8923718929290771
6517.2999157866	0.9107482433319092
6517.5502657866	0.9311973452568054
6517.800615786599	0.956235945224762
6518.0509657866	0.9723911285400391
6518.3013157866	0.9673058390617371
6518.551665786599	0.9622339010238647
6518.802015786599	0.9572097063064575
6519.0523657866	0.9545478224754333
6519.3027157866	0.9578445553779602
6519.553065786599	0.9618949890136719
6519.8034157865995	0.9678765535354614
6520.0537657866	0.9785720109939575
6520.304115786599	1.001377820968628
6520.554465786599	1.0192409753799438
6520.8048157866	1.0238375663757324
6521.0551657866	1.0257885456085205
6521.305515786599	1.0217645168304443
6521.5558657865995	1.0195648670196533
6521.8062157866	1.0226956605911255
6522.056565786599	1.0229287147521973
6522.306915786599	1.014906406402588
6522.5572657866	1.0052385330200195
6522.8076157866	0.9925150871276855
6523.057965786599	0.9818668961524963
6523.308315786599	0.9772675633430481
6523.5586657866	0.9734971523284912
6523.8090157866	0.9706335067749023
6524.059365786599	0.973166286945343
6524.3097157866	0.9898684024810791
6524.5600657866	1.00600266456604
6524.810415786599	1.01669442653656
6525.060765786599	1.0239953994750977
6525.3111157866	1.0238442420959473
6525.5614657866	1.0242266654968262
6525.811815786599	1.0285924673080444
6526.0621657865995	1.0318132638931274
6526.3125157866	1.0304315090179443
6526.562865786599	1.0287024974822998
6526.813215786599	1.0279018878936768
6527.0635657866	1.0279017686843872
6527.3139157866	1.029688835144043
6527.564265786599	1.0320113897323608
6527.8146157865995	1.0349581241607666
6528.0649657866	1.037353277206421
6528.3153157866	1.0378990173339844
6528.565665786599	1.0389734506607056
6528.8160157866	1.0425364971160889
6529.0663657866	1.041834831237793
6529.316715786599	1.0277283191680908
6529.567065786599	1.0147894620895386
6529.8174157866	1.0134987831115723
6530.0677657866	1.0150395631790161
6530.318115786599	1.0168912410736084
6530.5684657865995	1.0172133445739746
6530.8188157866	1.0129629373550415
6531.069165786599	1.0066769123077393
6531.319515786599	0.9979512691497803
6531.5698657866	0.9895554780960083
6531.8202157866	0.9840173125267029
6532.070565786599	0.9790822863578796
6532.3209157865995	0.9735445380210876
6532.5712657866	0.9696448445320129
6532.821615786599	0.9710366725921631
6533.071965786599	0.9738771319389343
6533.3223157866	0.9761572480201721
6533.5726657866	0.9777452945709229
6533.823015786599	0.9778274297714233
6534.073365786599	0.9770053625106812
6534.3237157866	0.9750039577484131
6534.5740657866	0.9750266671180725
6534.824415786599	0.9823141694068909
6535.0747657865995	0.990470290184021
6535.3251157866	0.9933231472969055
6535.575465786599	0.9953076243400574
6535.825815786599	1.0006952285766602
6536.0761657866	1.0054519176483154
6536.3265157866	1.004259467124939
6536.576865786599	1.0009260177612305
6536.8272157865995	0.9983885288238525
6537.0775657866	0.9983509182929993
6537.327915786599	1.0049855709075928
6537.578265786599	1.0129220485687256
6537.8286157866	1.0159730911254883
6538.0789657866	1.0168769359588623
6538.329315786599	1.017870545387268
6538.579665786599	1.018277645111084
6538.8300157866	1.0167139768600464
6539.0803657866	1.0143097639083862
6539.330715786599	1.012200117111206
6539.5810657865995	1.0100339651107788
6539.8314157866	1.007230281829834
6540.081765786599	1.005679965019226
6540.332115786599	1.0091781616210938
6540.5824657866	1.0145634412765503
6540.8328157866	1.0176091194152832
6541.083165786599	1.01792573928833
6541.3335157865995	1.0134109258651733
6541.5838657866	1.0055240392684937
6541.834215786599	0.995242714881897
6542.084565786599	0.9846066832542419
6542.3349157866	0.9772429466247559
6542.5852657866	0.9699870347976685
6542.835615786599	0.9568088054656982
6543.085965786599	0.9427592754364014
6543.3363157866	0.9375485777854919
6543.5866657866	0.9371262192726135
6543.837015786599	0.9347488880157471
6544.0873657866	0.9341623783111572
6544.3377157866	0.9438300728797913
6544.588065786599	0.9588377475738525
6544.838415786599	0.9697108268737793
6545.0887657866	0.9768294095993042
6545.3391157866	0.9803025126457214
6545.589465786599	0.981208324432373
6545.8398157865995	0.9816705584526062
6546.0901657866	0.9814849495887756
6546.340515786599	0.9800871014595032
6546.590865786599	0.9768121838569641
6546.8412157866	0.9698856472969055
6547.0915657866	0.9605832099914551
6547.341915786599	0.9521546959877014
6547.5922657865995	0.943432092666626
6547.8426157866	0.9313241243362427
6548.0929657866	0.9183393120765686
6548.343315786599	0.9114243388175964
6548.5936657866	0.9112069010734558
6548.8440157866	0.918533444404602
6549.094365786599	0.9320608377456665
6549.344715786599	0.9466865062713623
6549.5950657866	0.9621896743774414
6549.8454157866	0.9776921272277832
6550.095765786599	0.9908909201622009
6550.3461157865995	0.9953529834747314
6550.5964657866	0.9917112588882446
6550.846815786599	0.9849136471748352
6551.097165786599	0.9753331542015076
6551.3475157866	0.9653676748275757
6551.5978657866	0.9537773728370667
6551.848215786599	0.9371373653411865
6552.0985657865995	0.9173998832702637
6552.3489157866	0.9030742645263672
6552.599265786599	0.8944286108016968
6552.849615786599	0.8889686465263367
6553.0999657866	0.8882593512535095
6553.3503157866	0.894902765750885
6553.600665786599	0.9074230194091797
6553.851015786599	0.9158037900924683
6554.1013657866	0.9203197956085205
6554.3517157866	0.9252016544342041
6554.602065786599	0.9307390451431274
6554.8524157865995	0.9375289082527161
6555.1027657866	0.9449992179870605
6555.353115786599	0.9501028656959534
6555.603465786599	0.9520783424377441
6555.8538157866	0.9508888125419617
6556.1041657866	0.9464523792266846
6556.354515786599	0.9420333504676819
6556.6048657865995	0.9376080632209778
6556.8552157866	0.933074951171875
6557.105565786599	0.9303336143493652
6557.355915786599	0.9360451102256775
6557.6062657866	0.9522223472595215
6557.8566157866	0.9743138551712036
6558.106965786599	1.002913475036621
6558.357315786599	1.0315017700195312
6558.6076657866	1.0637197494506836
6558.8580157866	1.112737774848938
6559.108365786599	1.1841552257537842
6559.3587157865995	1.2708649635314941
6559.6090657866	1.385075569152832
6559.859415786599	1.5457266569137573
6560.109765786599	1.7707555294036865
6560.3601157866	2.042567491531372
6560.6104657866	2.3835761547088623
6560.860815786599	2.789224624633789
6561.1111657865995	3.2788619995117188
6561.3615157866	3.7955129146575928
6561.611865786599	4.3467793464660645
6561.862215786599	4.904596328735352
6562.1125657866	5.448627948760986
6562.3629157866	5.880817890167236
6562.613265786599	6.131485939025879
6562.863615786599	6.180356025695801
6563.1139657866	5.960671424865723
6563.3643157866	5.701686382293701
6563.614665786599	5.3694658279418945
6563.8650157865995	4.921640396118164
6564.1153657866	4.327648162841797
6564.365715786599	3.7768445014953613
6564.616065786599	3.2934036254882812
6564.8664157866	2.858802318572998
6565.1167657866	2.497196674346924
6565.367115786599	2.1684889793395996
6565.6174657865995	1.8929474353790283
6565.8678157866	1.6589839458465576
6566.118165786599	1.4882639646530151
6566.368515786599	1.3432236909866333
6566.6188657866	1.238608479499817
6566.8692157866	1.155125379562378
6567.119565786599	1.1037230491638184
6567.369915786599	1.0602799654006958
6567.6202657866	1.0293433666229248
6567.8706157866	1.003049612045288
6568.120965786599	0.9841153621673584
6568.3713157866	0.9677379131317139
6568.6216657866	0.9555014967918396
6568.872015786599	0.9449282288551331
6569.122365786599	0.9378781318664551
6569.3727157866	0.9371373057365417
6569.6230657866	0.9453946948051453
6569.873415786599	0.9480360150337219
6570.1237657865995	0.9420104622840881
6570.3741157866	0.9374112486839294
6570.624465786599	0.9348542094230652
6570.874815786599	0.9305996894836426
6571.1251657866	0.9237451553344727
6571.3755157866	0.9179869890213013
6571.625865786599	0.9142922163009644
6571.8762157865995	0.9125039577484131
6572.1265657866	0.914130687713623
6572.376915786599	0.9175587296485901
6572.627265786599	0.9243243932723999
6572.8776157866	0.93340003490448
6573.1279657866	0.9457237124443054
6573.378315786599	0.9525573253631592
6573.628665786599	0.9492514133453369
6573.8790157866	0.940731942653656
6574.1293657866	0.9237359762191772
6574.379715786599	0.912156879901886
6574.6300657865995	0.9103577136993408
6574.8804157866	0.9100666642189026
6575.130765786599	0.9129799604415894
6575.381115786599	0.9202834367752075
6575.6314657866	0.9354164600372314
6575.8818157866	0.9492702484130859
6576.132165786599	0.960523247718811
6576.3825157865995	0.9694604873657227
6576.6328657866	0.9741560816764832
6576.883215786599	0.9794907569885254
6577.133565786599	0.9857563972473145
6577.3839157866	0.9893229603767395
6577.6342657866	0.9875621199607849
6577.884615786599	0.9838371276855469
6578.134965786599	0.9767341613769531
6578.3853157866	0.9739270210266113
6578.6356657866	0.9793742299079895
6578.886015786599	0.9836127161979675
6579.1363657865995	0.9853312373161316
6579.3867157866	0.9854411482810974
6579.637065786599	0.9824084043502808
6579.887415786599	0.980087399482727
6580.1377657866	0.9792258739471436
6580.3881157866	0.9786966443061829
6580.638465786599	0.9787963628768921
6580.8888157865995	0.978282630443573
6581.1391657866	0.9764441847801208
6581.389515786599	0.9737402200698853
6581.639865786599	0.9694762229919434
6581.8902157866	0.9686038494110107
6582.1405657866	0.9746606349945068
6582.390915786599	0.9778216481208801
6582.641265786599	0.9747582077980042
6582.8916157866	0.9704480767250061
6583.141965786599	0.9637867212295532
6583.392315786599	0.9624491930007935
6583.6426657865995	0.9724960923194885
6583.8930157866	0.9799997806549072
6584.143365786599	0.982048749923706
6584.393715786599	0.9861456155776978
6584.6440657866	0.9946508407592773
6584.8944157866	1.0008805990219116
6585.144765786599	1.0018922090530396
6585.3951157865995	0.9999024271965027
6585.6454657866	0.9910654425621033
6585.895815786599	0.980219841003418
6586.146165786599	0.9650601744651794
6586.3965157866	0.9561009407043457
6586.6468657866	0.9613604545593262
6586.897215786599	0.9662092924118042
6587.147565786599	0.970211386680603
6587.3979157866	0.9773470163345337
6587.6482657866	0.9916903972625732
6587.898615786599	1.0022170543670654
6588.1489657866	1.0037416219711304
6588.3993157866	1.0054713487625122
6588.649665786599	1.0076467990875244
6588.900015786599	1.0080496072769165
6589.1503657866	1.0042479038238525
6589.4007157866	1.0029573440551758
6589.651065786599	1.0077229738235474
6589.9014157865995	1.0109703540802002
6590.1517657866	1.0104992389678955
6590.402115786599	1.009487509727478
6590.652465786599	1.0071496963500977
6590.9028157866	1.0053499937057495
6591.1531657866	1.0048847198486328
6591.403515786599	1.0041117668151855
6591.653865786599	1.002572774887085
6591.9042157866	1.0020452737808228
6592.154565786599	1.0040702819824219
6592.404915786599	1.004975438117981
6592.6552657866	1.003029465675354
6592.9056157866	1.0006873607635498
6593.155965786599	0.9973315596580505
6593.406315786599	0.992814302444458
6593.6566657866	0.9853231906890869
6593.9070157866	0.980054497718811
6594.157365786599	0.980521023273468
6594.4077157865995	0.9821950793266296
6594.6580657866	0.9868689775466919
6594.908415786599	0.9921367168426514
6595.158765786599	0.9988539218902588
6595.4091157866	1.0022039413452148
6595.6594657866	0.9968343377113342
6595.909815786599	0.9950737357139587
6596.1601657865995	1.0029675960540771
6596.4105157866	1.0080955028533936
6596.660865786599	1.0056259632110596
6596.911215786599	1.0042779445648193
6597.1615657866	1.0062416791915894
6597.4119157866	1.0072579383850098
6597.662265786599	1.005618929862976
6597.912615786599	1.0036917924880981
6598.1629657866	1.0012011528015137
6598.4133157866	0.9976671934127808
6598.663665786599	0.9914725422859192
6598.9140157865995	0.985783576965332
6599.1643657866	0.9816264510154724
6599.414715786599	0.9798600673675537
6599.665065786599	0.9841662049293518
6599.9154157866	0.9885023832321167
6600.1657657866	0.9923373460769653
6600.416115786599	0.9956462383270264
6600.6664657865995	0.9976358413696289
6600.9168157866	0.9978995323181152
6601.167165786599	0.9938106536865234
6601.417515786599	0.9909830093383789
6601.6678657866	0.9919384717941284
6601.9182157866	0.9915565848350525
6602.168565786599	0.98723304271698
6602.418915786599	0.9850468635559082
6602.6692657866	0.9889371395111084
6602.919615786599	0.9930331707000732
6603.169965786599	0.9968670606613159
6603.4203157865995	0.9982211589813232
6603.6706657866	0.9931255578994751
6603.921015786599	0.991424560546875
6604.171365786599	0.999527096748352
6604.4217157866	1.0043507814407349
6604.6720657866	0.9991351962089539
6604.922415786599	0.9945546388626099
6605.1727657865995	0.9931762218475342
6605.4231157866	0.9925197958946228
6605.673465786599	0.9932507872581482
6605.923815786599	0.9942577481269836
6606.1741657866	0.9957623481750488
6606.4245157866	0.9985386729240417
6606.674865786599	1.0045711994171143
6606.925215786599	1.009399175643921
6607.1755657866	1.0104970932006836
6607.4259157866	1.0081390142440796
6607.676265786599	0.9973509311676025
6607.9266157865995	0.9924953579902649
6608.1769657866	1.0047836303710938
6608.427315786599	1.013919711112976
6608.677665786599	1.011572003364563
6608.9280157866	1.009876012802124
6609.1783657866	1.0120735168457031
6609.428715786599	1.011826515197754
6609.6790657865995	1.0043811798095703
6609.9294157866	0.9966825246810913
6610.179765786599	0.9897366166114807
6610.430115786599	0.9872046113014221
6610.6804657866	0.9961715340614319
6610.9308157866	1.001780390739441
6611.181165786599	0.9961729645729065
6611.431515786599	0.991075336933136
6611.6818657866	0.9896523952484131
6611.932215786599	0.9882053732872009
6612.182565786599	0.9859214425086975
6612.4329157866	0.9843646287918091
6612.6832657866	0.984909176826477
6612.933615786599	0.9860594868659973
6613.183965786599	0.98835688829422
6613.4343157866	0.9899960160255432
6613.6846657866	0.9896417260169983
6613.935015786599	0.9901612997055054
6614.1853657865995	0.9934352040290833
6614.4357157866	0.9953128099441528
6614.686065786599	0.9928768873214722
6614.936415786599	0.9901124835014343
6615.1867657866	0.9874528646469116
6615.4371157866	0.9860161542892456
6615.687465786599	0.9877960085868835
6615.9378157865995	0.9899783134460449
6616.1881657866	0.9924874901771545
6616.438515786599	0.9923537373542786
6616.688865786599	0.9851391911506653
6616.9392157866	0.9797957539558411
6617.1895657866	0.9810616374015808
6617.439915786599	0.981589138507843
6617.690265786599	0.9786115288734436
6617.9406157866	0.9779694080352783
6618.1909657866	0.9843450784683228
6618.441315786599	0.9900949001312256
6618.6916657865995	0.9925256371498108
6618.9420157866	0.9936519861221313
6619.192365786599	0.9921044111251831
6619.442715786599	0.9906075596809387
6619.6930657866	0.989881157875061
6619.9434157866	0.9900304675102234
6620.193765786599	0.9923190474510193
6620.4441157865995	0.9936116337776184
6620.6944657866	0.9917515516281128
6620.944815786599	0.9900150895118713
6621.195165786599	0.9893589019775391
6621.4455157866	0.988239586353302
6621.6958657866	0.9856346249580383
6621.946215786599	0.9827132821083069
6622.196565786599	0.9793068170547485
6622.4469157866	0.9781779050827026
6622.697265786599	0.9832049608230591
6622.947615786599	0.9888219833374023
6623.1979657865995	0.994541585445404
6623.4483157866	0.9966247081756592
6623.698665786599	0.9890404939651489
6623.949015786599	0.9831502437591553
6624.1993657866	0.9840288758277893
6624.4497157866	0.9865849614143372
6624.700065786599	0.9919992685317993
6624.9504157865995	0.9967386722564697
6625.2007657866	0.999021053314209
6625.451115786599	0.9993587732315063
6625.701465786599	0.9951128363609314
6625.9518157866	0.9905257225036621
6626.2021657866	0.9860912561416626
6626.452515786599	0.9832860827445984
6626.702865786599	0.9847610592842102
6626.9532157866	0.9856531620025635
6627.2035657866	0.9840326309204102
6627.453915786599	0.981712281703949
6627.7042657865995	0.9781039953231812
6627.9546157866	0.9761467576026917
6628.204965786599	0.9788433313369751
6628.455315786599	0.9821845889091492
6628.7056657866	0.9862077236175537
6628.9560157866	0.9882457852363586
6629.206365786599	0.9848880767822266
6629.4567157865995	0.9813002347946167
6629.7070657866	0.9782613515853882
6629.957415786599	0.9779757261276245
6630.207765786599	0.9848452806472778
6630.4581157866	0.9899755120277405
6630.7084657866	0.9890227317810059
6630.958815786599	0.9878820776939392
6631.209165786599	0.9874927997589111
6631.4595157866	0.9862378239631653
6631.709865786599	0.9825488328933716
6631.960215786599	0.9803633689880371
6632.2105657866	0.9826232194900513
6632.4609157866	0.9847778677940369
6632.711265786599	0.9857910871505737
6632.961615786599	0.9866254925727844
6633.2119657866	0.987205982208252
6633.4623157866	0.9879823327064514
6633.712665786599	0.9893210530281067
6633.9630157865995	0.9906830191612244
6634.2133657866	0.9920029044151306
6634.463715786599	0.9921783208847046
6634.714065786599	0.9893540740013123
6634.9644157866	0.9863944053649902
6635.2147657866	0.9835999011993408
6635.465115786599	0.9826833009719849
6635.715465786599	0.9866664409637451
6635.9658157866	0.9903468489646912
6636.216165786599	0.9924302101135254
6636.466515786599	0.9928999543190002
6636.7168657866	0.9893954396247864
6636.9672157866	0.9879641532897949
6637.217565786599	0.9925707578659058
6637.467915786599	0.9957238435745239
6637.7182657866	0.994178295135498
6637.9686157866	0.992037296295166
6638.218965786599	0.9890128374099731
6638.4693157865995	0.9870887398719788
6638.7196657866	0.9881595373153687
6638.970015786599	0.9908721446990967
6639.220365786599	0.9974721670150757
6639.4707157866	1.0011926889419556
6639.7210657866	0.996916651725769
6639.971415786599	0.9947509765625
6640.2217657865995	0.9990408420562744
6640.4721157866	1.0015983581542969
6640.722465786599	0.9989129304885864
6640.972815786599	0.9971425533294678
6641.2231657866	0.9983150362968445
6641.4735157866	0.9969693422317505
6641.723865786599	0.9887869358062744
6641.974215786599	0.9819321632385254
6642.2245657866	0.9791722893714905
6642.474915786599	0.9777016639709473
6642.725265786599	0.9792114496231079
6642.9756157865995	0.9808316230773926
6643.2259657866	0.9824939966201782
6643.476315786599	0.9824934005737305
6643.726665786599	0.9781887531280518
6643.9770157866	0.9771726727485657
6644.2273657866	0.9849428534507751
6644.477715786599	0.990440845489502
6644.7280657865995	0.9895410537719727
6644.9784157866	0.9885433316230774
6645.228765786599	0.9876343607902527
6645.479115786599	0.9876686334609985
6645.7294657866	0.9901270270347595
6645.9798157866	0.9916058778762817
6646.230165786599	0.990471363067627
6646.480515786599	0.9891202449798584
6646.7308657866	0.9872937202453613
6646.981215786599	0.9861428141593933
6647.231565786599	0.9867367744445801
6647.4819157865995	0.9862930178642273
6647.7322657866	0.9831625819206238
6647.982615786599	0.9814956188201904
6648.232965786599	0.9835911989212036
6648.4833157866	0.9845409393310547
6648.7336657866	0.9825882315635681
6648.984015786599	0.9817684292793274
6649.2343657865995	0.9837838411331177
6649.4847157866	0.9839960336685181
6649.735065786599	0.9797362089157104
6649.985415786599	0.9779175519943237
6650.2357657866	0.9820940494537354
6650.4861157866	0.9831817746162415
6650.736465786599	0.976772129535675
6650.986815786599	0.9747524261474609
6651.2371657866	0.9833760261535645
6651.487515786599	0.9902796149253845
6651.737865786599	0.9930164217948914
6651.9882157865995	0.995149552822113
6652.2385657866	0.9958146214485168
6652.488915786599	0.9956613183021545
6652.739265786599	0.9935763478279114
6652.9896157866	0.9916967153549194
6653.239965786599	0.990304172039032
6653.490315786599	0.9890491962432861
6653.7406657865995	0.9881343841552734
6653.9910157866	0.9877404570579529
6654.241365786599	0.9885702729225159
6654.491715786599	0.9899779558181763
6654.7420657866	0.992533802986145
6654.9924157866	0.9914217591285706
6655.242765786599	0.9821645021438599
6655.493115786599	0.9756647944450378
6655.7434657866	0.975454568862915
6655.993815786599	0.9775588512420654
6656.244165786599	0.9846356511116028
6656.4945157866	0.9890599250793457
6656.7448657866	0.9876294732093811
6656.995215786599	0.9854924082756042
6657.245565786599	0.9820297360420227
6657.4959157866	0.9818320274353027
6657.7462657866	0.9882249236106873
6657.996615786599	0.9883942008018494
6658.2469657865995	0.975845456123352
6658.4973157866	0.9703528881072998
6658.747665786599	0.9794507026672363
6658.998015786599	0.9854001402854919
6659.2483657866	0.9848252534866333
6659.4987157866	0.9844945073127747
6659.749065786599	0.9846642017364502
6659.9994157865995	0.9848161935806274
6660.2497657866	0.9848715662956238
6660.500115786599	0.9842079877853394
6660.750465786599	0.9823191165924072
6661.0008157866	0.982937216758728
6661.2511657866	0.9882160425186157
6661.501515786599	0.9899848699569702
6661.751865786599	0.9852521419525146
6662.0022157866	0.9846773147583008
6662.252565786599	0.9918907284736633
6662.502915786599	0.9962145090103149
6662.7532657865995	0.9950176477432251
6663.0036157866	0.99405837059021
6663.253965786599	0.9936480522155762
6663.504315786599	0.9941770434379578
6663.7546657866	0.9962162971496582
6664.0050157866	0.9959582090377808
6664.255365786599	0.9917054772377014
6664.5057157865995	0.9897433519363403
6664.7560657866	0.9917515516281128
6665.006415786599	0.9918858408927917
6665.256765786599	0.9889400005340576
6665.5071157866	0.9885409474372864
6665.7574657866	0.9921764135360718
6666.007815786599	0.9916815757751465
6666.258165786599	0.9845238924026489
6666.5085157866	0.9821863174438477
6666.7588657866	0.9875586628913879
6667.009215786599	0.9877868890762329
6667.2595657865995	0.9799231290817261
6667.5099157866	0.9775625467300415
6667.760265786599	0.983903169631958
6668.010615786599	0.9857388138771057
6668.2609657866	0.9810071587562561
6668.5113157866	0.9831396341323853
6668.761665786599	0.9956557750701904
6669.0120157865995	1.0016915798187256
6669.2623657866	0.9973006248474121
6669.512715786599	0.9936426877975464
6669.763065786599	0.991306722164154
6670.0134157866	0.9899492859840393
6670.2637657866	0.990062952041626
6670.514115786599	0.9896791577339172
6670.764465786599	0.9884432554244995
6671.0148157866	0.9867175817489624
6671.265165786599	0.984481930732727
6671.515515786599	0.9837683439254761
6671.7658657865995	0.9847278594970703
6672.0162157866	0.9818010330200195
6672.266565786599	0.9740133881568909
6672.516915786599	0.9718945622444153
6672.7672657866	0.9777805209159851
6673.017615786599	0.9816797375679016
6673.267965786599	0.9826876521110535
6673.5183157865995	0.983637273311615
6673.7686657866	0.9843502640724182
6674.019015786599	0.9841925501823425
6674.269365786599	0.9831664562225342
6674.5197157866	0.984128475189209
6674.7700657866	0.9877333045005798
6675.020415786599	0.9907302856445312
6675.270765786599	0.9921371340751648
6675.5211157866	0.9894506931304932
6675.771465786599	0.9817303419113159
6676.021815786599	0.9764569997787476
6676.2721657865995	0.9742511510848999
6676.5225157866	0.9711725115776062
6676.772865786599	0.9664744138717651
6677.023215786599	0.9592952728271484
6677.2735657866	0.9485529661178589
6677.5239157866	0.9358526468276978
6677.774265786599	0.9226275086402893
6678.0246157865995	0.9190157651901245
6678.2749657866	0.9266248941421509
6678.525315786599	0.9308875203132629
6678.775665786599	0.9317728877067566
6679.0260157866	0.9360188245773315
6679.2763657866	0.9432283043861389
6679.526715786599	0.9454151391983032
6679.777065786599	0.9436133503913879
6680.0274157866	0.9507957696914673
6680.277765786599	0.9677624702453613
6680.528115786599	0.9819294214248657
6680.7784657866	0.9907943606376648
6681.0288157866	0.9900444149971008
6681.279165786599	0.9805448055267334
6681.529515786599	0.9799456000328064
6681.7798657866	0.9885284304618835
6682.030215786599	0.9945458173751831
6682.280565786599	0.9970429539680481
6682.5309157865995	0.9962419867515564
6682.7812657866	0.9928448796272278
6683.031615786599	0.9932851791381836
6683.281965786599	0.9964348077774048
6683.5323157866	0.9941709041595459
6683.782665786599	0.9877925515174866
6684.033015786599	0.9872872233390808
6684.2833657865995	0.9922608733177185
6684.5337157866	0.9956197142601013
6684.784065786599	0.9970858097076416
6685.034415786599	0.9972825646400452
6685.2847657866	0.9959680438041687
6685.5351157866	0.9934732913970947
6685.785465786599	0.9892631769180298
6686.035815786599	0.9826366901397705
6686.2861657866	0.9754995107650757
6686.536515786599	0.9751707315444946
6686.786865786599	0.9808314442634583
6687.0372157865995	0.9858291745185852
6687.2875657866	0.9899270534515381
6687.537915786599	0.9928167462348938
6687.788265786599	0.9941806793212891
6688.0386157866	0.9937162399291992
6688.2889657866	0.9914159178733826
6688.539315786599	0.988044023513794
6688.7896657865995	0.9851793646812439
6689.0400157866	0.987557590007782
6689.290365786599	0.9925732016563416
6689.540715786599	0.9915528297424316
6689.7910657866	0.9863088726997375
6690.0414157866	0.9831839799880981
6690.291765786599	0.9829912185668945
6690.542115786599	0.9874748587608337
6690.7924657866	0.9939666986465454
6691.042815786599	0.9948911070823669
6691.293165786599	0.9924793243408203
6691.5435157865995	0.9929093718528748
6691.7938657866	0.9946876764297485
6692.044215786599	0.9939495325088501
6692.294565786599	0.9915861487388611
6692.5449157866	0.9897664189338684
6692.795265786599	0.9890578389167786
6693.045615786599	0.990904688835144
6693.2959657865995	0.9943830966949463
6693.5463157866	0.9975548386573792
6693.796665786599	0.9998071193695068
6694.047015786599	0.9996087551116943
6694.2973657866	0.9978689551353455
6694.5477157866	0.9962174296379089
6694.798065786599	0.9957129955291748
6695.048415786599	0.9988718032836914
6695.2987657866	1.002642273902893
6695.549115786599	1.0010592937469482
6695.799465786599	0.9975360631942749
6696.0498157865995	0.99803227186203
6696.3001657866	0.9998524188995361
6696.550515786599	0.998458981513977
6696.800865786599	0.9965081214904785
6697.0512157866	0.9985639452934265
6697.3015657866	1.0014444589614868
6697.551915786599	0.9999932646751404
6697.8022657865995	0.9964994192123413
6698.0526157866	0.9937536120414734
6698.302965786599	0.9915522336959839
6698.553315786599	0.989868700504303
6698.8036657866	0.9885179400444031
6699.0540157866	0.987409770488739
6699.304365786599	0.9871627688407898
6699.554715786599	0.9892441630363464
6699.8050657866	0.9924056529998779
6700.055415786599	0.9955716729164124
6700.305765786599	0.99789959192276
6700.5561157866	0.9976388812065125
6700.8064657866	0.9959827661514282
6701.056815786599	0.993484377861023
6701.307165786599	0.9912146925926208
6701.5575157866	0.9907087683677673
6701.807865786599	0.9908881187438965
6702.058215786599	0.9909923076629639
6702.3085657865995	0.9906682968139648
6702.5589157866	0.9891484975814819
6702.809265786599	0.9874326586723328
6703.059615786599	0.9864615797996521
6703.3099657866	0.9864522218704224
6703.560315786599	0.9884968400001526
6703.810665786599	0.9911626577377319
6704.0610157865995	0.993576169013977
6704.3113657866	0.9965012669563293
6704.561715786599	1.001162052154541
6704.812065786599	1.0038039684295654
6705.0624157866	0.9989982843399048
6705.3127657866	0.9925167560577393
6705.563115786599	0.9876773953437805
6705.813465786599	0.9847543835639954
6706.0638157866	0.9859720468521118
6706.314165786599	0.987193763256073
6706.564515786599	0.9851999282836914
6706.8148657865995	0.983193039894104
6707.0652157866	0.9835148453712463
6707.315565786599	0.9845049381256104
6707.565915786599	0.9857626557350159
6707.8162657866	0.9872195720672607
6708.0666157866	0.9890591502189636
6708.316965786599	0.9899479746818542
6708.5673157865995	0.987956166267395
6708.8176657866	0.986883282661438
6709.068015786599	0.9899952411651611
6709.318365786599	0.992340087890625
6709.5687157866	0.9903532266616821
6709.8190657866	0.9885118007659912
6710.069415786599	0.9891979098320007
6710.319765786599	0.9899793863296509
6710.5701157866	0.9898739457130432
6710.820465786599	0.9905115962028503
6711.070815786599	0.9935308694839478
6711.3211657865995	0.9958964586257935
6711.5715157866	0.99559485912323
6711.821865786599	0.9933533072471619
6712.072215786599	0.9868278503417969
6712.3225657866	0.9827657341957092
6712.572915786599	0.9865974187850952
6712.823265786599	0.9903988838195801
6713.0736157865995	0.9919565916061401
6713.3239657866	0.9915931820869446
6713.574315786599	0.9866936206817627
6713.824665786599	0.9826149344444275
6714.0750157866	0.9816319942474365
6714.3253657866	0.9825479388237
6714.575715786599	0.987892210483551
6714.826065786599	0.9919321537017822
6715.0764157866	0.9919474124908447
6715.326765786599	0.9902047514915466
6715.577115786599	0.9843501448631287
6715.8274657865995	0.9806709289550781
6716.0778157866	0.9829281568527222
6716.328165786599	0.9850103855133057
6716.578515786599	0.9863533973693848
6716.8288657866	0.9874367713928223
6717.0792157866	0.9878606200218201
6717.329565786599	0.9873171448707581
6717.5799157865995	0.9844058156013489
6717.8302657866	0.9818722605705261
6718.080615786599	0.9803019762039185
6718.330965786599	0.9803690314292908
6718.5813157866	0.9841507077217102
6718.8316657866	0.9862434267997742
6719.082015786599	0.9846847057342529
6719.332365786599	0.9857571125030518
6719.5827157866	0.9924027919769287
6719.833065786599	0.9964401721954346
6720.083415786599	0.9950113296508789
6720.3337657865995	0.9944861531257629
6720.5841157866	0.9956615567207336
6720.834465786599	0.9949604272842407
6721.084815786599	0.9907696843147278
6721.3351657866	0.989352822303772
6721.585515786599	0.9928314089775085
6721.835865786599	0.9915770292282104
6722.0862157865995	0.9820753335952759
6722.3365657866	0.9785617589950562
6722.586915786599	0.98566734790802
6722.837265786599	0.9900171756744385
6723.0876157866	0.9894416332244873
6723.337965786599	0.9885994791984558
6723.588315786599	0.9872066378593445
6723.838665786599	0.9851367473602295
6724.0890157866	0.9824251532554626
6724.339365786599	0.9831212162971497
6724.589715786599	0.9885532259941101
6724.8400657866	0.988779604434967
6725.0904157866	0.9813748598098755
6725.340765786599	0.9774490594863892
6725.591115786599	0.9792541861534119
6725.8414657866	0.9836506843566895
6726.091815786599	0.9908095598220825
6726.342165786599	0.9917805194854736
6726.5925157865995	0.9845870137214661
6726.8428657866	0.9812982082366943
6727.093215786599	0.9838628768920898
6727.343565786599	0.9887630939483643
6727.5939157866	0.995938777923584
6727.8442657866	0.9986125230789185
6728.094615786599	0.9953218102455139
6728.3449657865995	0.9915292859077454
6728.5953157866	0.9874592423439026
6728.845665786599	0.9851260781288147
6729.096015786599	0.9847016334533691
6729.3463657866	0.983266294002533
6729.5967157866	0.9806267619132996
6729.847065786599	0.977941632270813
