6466.94879968	0.34297785361
6466.94879967987	112800.0
6467.29177753348	108371.8046875
6467.63475538709	107521.3359375
6467.9777332407	109638.1484375
6468.320711094309	106899.375
6468.66368894792	106998.6015625
6469.00666680153	105177.7578125
6469.34964465514	106720.96875
6469.69262250875	106306.6640625
6470.03560036236	105262.46875
6470.378578215969	109328.1640625
6470.7215560695795	109134.0
6471.06453392319	109179.9765625
6471.4075117768	109972.890625
6471.75048963041	106040.6328125
6472.09346748402	107342.5546875
6472.43644533763	109839.234375
6472.779423191239	108876.546875
6473.1224010448495	107608.0
6473.46537889846	107170.46875
6473.80835675207	109433.15625
6474.15133460568	107702.4375
6474.49431245929	106206.734375
6474.8372903129	106210.0859375
6475.180268166509	104112.3828125
6475.52324602012	102918.5625
6475.86622387373	106220.2109375
6476.20920172734	107602.421875
6476.55217958095	105415.1328125
6476.89515743456	110284.0703125
6477.238135288169	110061.640625
6477.5811131417795	106262.96875
6477.92409099539	108236.5625
6478.267068849	109171.96875
6478.61004670261	104810.78125
6478.95302455622	102390.84375
6479.29600240983	103582.296875
6479.638980263439	104891.9921875
6479.9819581170495	106907.4609375
6480.32493597066	108256.1328125
6480.66791382427	108097.703125
6481.01089167788	107197.1640625
6481.35386953149	108415.875
6481.6968473851	108030.71875
6482.039825238709	108051.640625
6482.38280309232	107094.625
6482.72578094593	106943.5234375
6483.06875879954	106398.390625
6483.41173665315	106357.09375
6483.75471450676	107620.3203125
6484.097692360369	106426.375
6484.4406702139795	107096.9453125
6484.78364806759	108084.6875
6485.1266259212	109787.2890625
6485.46960377481	108250.3984375
6485.81258162842	106032.8671875
6486.15555948203	105680.78125
6486.498537335639	111273.171875
6486.84151518925	106252.453125
6487.18449304286	106590.921875
6487.52747089647	108648.3203125
6487.87044875008	109806.703125
6488.21342660369	107641.25
6488.5564044573	108731.9296875
6488.8993823109095	105193.8515625
6489.24236016452	108118.6484375
6489.58533801813	114185.3828125
6489.92831587174	109155.125
6490.27129372535	108145.6953125
6490.61427157896	105321.4609375
6490.957249432569	110374.25
6491.3002272861795	109940.9140625
6491.64320513979	106146.2109375
6491.9861829934	103797.421875
6492.32916084701	110662.640625
6492.67213870062	110026.6640625
6493.01511655423	110443.109375
6493.358094407839	105393.328125
6493.70107226145	111344.6953125
6494.04405011506	109007.4609375
6494.38702796867	110331.5546875
6494.73000582228	105703.6953125
6495.07298367589	102858.28125
6495.4159615295	105879.875
6495.7589393831095	102810.8359375
6496.10191723672	105689.4375
6496.44489509033	107338.40625
6496.78787294394	105216.71875
6497.13085079755	106394.140625
6497.47382865116	107558.59375
6497.816806504769	109824.5234375
6498.1597843583795	109034.0234375
6498.50276221199	105020.171875
6498.8457400656	107144.6640625
6499.18871791921	106046.6640625
6499.53169577282	105147.4296875
6499.87467362643	104052.3203125
6500.217651480039	108167.859375
6500.56062933365	108557.15625
6500.90360718726	106636.234375
6501.24658504087	107963.9921875
6501.58956289448	105804.703125
6501.93254074809	105276.109375
6502.275518601699	108318.0859375
6502.6184964553095	109223.4375
6502.96147430892	107215.828125
6503.30445216253	108104.8671875
6503.64743001614	106024.734375
6503.99040786975	106306.3671875
6504.33338572336	108673.109375
6504.676363576969	108807.234375
6505.0193414305795	106569.046875
6505.36231928419	103993.7890625
6505.7052971378	107271.0625
6506.04827499141	105458.8515625
6506.39125284502	103934.5
6506.73423069863	107478.5625
6507.077208552239	105998.953125
6507.42018640585	101636.2734375
6507.76316425946	103484.046875
6508.10614211307	104151.3125
6508.44911996668	102393.9609375
6508.79209782029	104608.5234375
6509.135075673899	105743.1484375
6509.4780535275095	105525.3125
6509.82103138112	106726.1484375
6510.16400923473	108580.0078125
6510.50698708834	106423.3828125
6510.84996494195	104270.6875
6511.19294279556	103101.6015625
6511.535920649169	108146.4921875
6511.8788985027795	108111.3359375
6512.22187635639	104015.890625
6512.56485421	106354.9375
6512.90783206361	104504.5390625
6513.25080991722	107255.9921875
6513.59378777083	107694.09375
6513.936765624439	108204.3125
6514.27974347805	104152.3828125
6514.62272133166	105970.1796875
6514.96569918527	110008.421875
6515.30867703888	109760.046875
6515.65165489249	110352.5234375
6515.994632746099	103226.65625
6516.3376105997095	105495.4453125
6516.68058845332	106436.390625
6517.02356630693	110148.140625
6517.36654416054	109841.3203125
6517.70952201415	113065.8671875
6518.05249986776	110299.9375
6518.395477721369	110735.5546875
6518.7384555749795	105906.515625
6519.08143342859	104702.21875
6519.4244112822	106166.703125
6519.76738913581	105297.765625
6520.11036698942	107037.734375
6520.45334484303	107044.875
6520.796322696639	106120.125
6521.13930055025	105261.296875
6521.48227840386	104848.6796875
6521.82525625747	101935.546875
6522.16823411108	103260.5234375
6522.51121196469	105091.96875
6522.854189818299	106526.6875
6523.1971676719095	106510.234375
6523.54014552552	105487.046875
6523.88312337913	105045.765625
6524.22610123274	104880.1015625
6524.56907908635	107798.484375
6524.91205693996	108606.7734375
6525.255034793569	105520.25
6525.5980126471795	104605.4765625
6525.94099050079	106090.2109375
6526.2839683544	105789.1875
6526.62694620801	106423.8125
6526.96992406162	106157.890625
6527.312901915229	103896.09375
6527.655879768839	104760.5234375
6527.99885762245	105288.453125
6528.34183547606	107422.78125
6528.68481332967	105766.375
6529.02779118328	103555.328125
6529.37076903689	105495.7578125
6529.713746890499	105245.7734375
6530.0567247441095	105759.28125
6530.39970259772	107050.96875
6530.74268045133	105390.4140625
6531.08565830494	104404.1953125
6531.42863615855	105370.8203125
6531.77161401216	107315.5078125
6532.114591865769	106421.8828125
6532.4575697193795	104071.078125
6532.80054757299	103345.640625
6533.1435254266	106194.78125
6533.48650328021	111282.3359375
6533.82948113382	111151.3125
6534.172458987429	106616.21875
6534.515436841039	105129.5625
6534.85841469465	108347.859375
6535.20139254826	107385.296875
6535.54437040187	106366.0234375
6535.88734825548	108823.1796875
6536.23032610909	108593.1796875
6536.573303962699	107285.3125
6536.9162818163095	107262.4296875
6537.25925966992	112955.1484375
6537.60223752353	113290.75
6537.94521537714	108787.734375
6538.28819323075	111701.8203125
6538.63117108436	108834.375
6538.974148937969	109743.765625
6539.3171267915795	110296.578125
6539.66010464519	108689.484375
6540.0030824988	107578.5546875
6540.34606035241	105593.7734375
6540.68903820602	107639.2265625
6541.032016059629	109475.625
6541.374993913239	110003.953125
6541.71797176685	107197.3515625
6542.06094962046	106600.1875
6542.40392747407	111404.046875
6542.74690532768	109439.890625
6543.08988318129	110168.5390625
6543.432861034899	109043.28125
6543.7758388885095	108530.78125
6544.11881674212	107639.15625
6544.46179459573	107430.109375
6544.80477244934	111407.9375
6545.14775030295	113125.328125
6545.49072815656	108549.796875
6545.833706010169	105433.109375
6546.1766838637795	108776.46875
6546.51966171739	110857.2265625
6546.862639571	108191.4921875
6547.20561742461	108136.734375
6547.54859527822	105447.359375
6547.891573131829	107196.78125
6548.2345509854395	106983.453125
6548.57752883905	104339.3203125
6548.92050669266	106941.796875
6549.26348454627	107513.65625
6549.60646239988	110358.34375
6549.94944025349	106835.9609375
6550.292418107099	103224.09375
6550.6353959607095	106587.90625
6550.97837381432	111140.96875
6551.32135166793	107155.4296875
6551.66432952154	107930.75
6552.00730737515	104308.2265625
6552.35028522876	106756.921875
6552.693263082369	107629.609375
6553.03624093598	106268.125
6553.37921878959	107965.75
6553.7221966432	104221.171875
6554.06517449681	102262.453125
6554.40815235042	107069.3515625
6554.751130204029	109497.71875
6555.0941080576395	108669.2578125
6555.43708591125	107183.359375
6555.78006376486	108700.25
6556.12304161847	108469.25
6556.46601947208	109070.7265625
6556.80899732569	112115.1171875
6557.151975179299	113050.2734375
6557.4949530329095	114231.1328125
6557.83793088652	118900.2265625
6558.18090874013	122110.6796875
6558.52388659374	127237.640625
6558.86686444735	134730.75
6559.209842300959	147983.65625
6559.552820154569	161967.734375
6559.89579800818	179188.578125
6560.23877586179	208530.5625
6560.5817537154	242836.421875
6560.92473156901	291567.625
6561.26770942262	361249.4375
6561.610687276229	424603.28125
6561.9536651298395	482254.53125
6562.29664298345	553345.4375
6562.63962083706	636795.8125
6562.98259869067	692629.4375
6563.32557654428	681754.5
6563.66855439789	617011.625
6564.011532251499	554002.5
6564.3545101051095	484826.15625
6564.69748795872	415170.3125
6565.04046581233	348737.34375
6565.38344366594	289185.53125
6565.72642151955	243956.265625
6566.069399373159	207984.453125
6566.412377226769	180215.625
6566.75535508038	160380.0625
6567.09833293399	147331.015625
6567.4413107876	137029.828125
6567.78428864121	125761.765625
6568.12726649482	119717.5546875
6568.470244348429	116790.8515625
6568.8132222020395	113873.296875
6569.15620005565	113736.6640625
6569.49917790926	113120.5859375
6569.84215576287	110541.78125
6570.18513361648	109755.7578125
6570.52811147009	108922.859375
6570.871089323699	105642.640625
6571.2140671773095	106926.5546875
6571.55704503092	109630.9375
6571.90002288453	109530.234375
6572.24300073814	107592.0078125
6572.58597859175	102794.78125
6572.928956445359	102278.6875
6573.271934298969	102767.75
6573.61491215258	103932.0859375
6573.95789000619	105509.7890625
6574.3008678598	102152.734375
6574.64384571341	99261.5
6574.98682356702	99352.1640625
6575.329801420629	101201.5859375
6575.6727792742395	102161.3046875
6576.01575712785	105010.3984375
6576.35873498146	103475.7265625
6576.70171283507	103154.7578125
6577.04469068868	103918.890625
6577.38766854229	101053.7734375
6577.730646395899	97653.2890625
6578.0736242495095	100076.6953125
6578.41660210312	101598.6484375
6578.75957995673	100730.25
6579.10255781034	100370.90625
6579.44553566395	101990.4765625
6579.788513517559	99030.4453125
6580.131491371169	103826.4921875
6580.47446922478	101959.921875
6580.81744707839	102155.8828125
6581.160424932	104411.8515625
6581.50340278561	104557.3203125
6581.84638063922	103384.7265625
6582.189358492829	103448.125
6582.5323363464395	103426.15625
6582.87531420005	103651.8046875
6583.21829205366	100386.171875
6583.56126990727	100354.859375
6583.90424776088	100271.59375
6584.24722561449	101814.4375
6584.590203468099	104589.109375
6584.9331813217095	104678.84375
6585.27615917532	103137.2109375
6585.61913702893	103144.2421875
6585.96211488254	106913.6953125
6586.30509273615	107565.1171875
6586.648070589759	106477.3203125
6586.991048443369	103257.65625
6587.33402629698	102611.6171875
6587.67700415059	106257.4296875
6588.0199820042	103335.25
6588.36295985781	102858.1875
6588.70593771142	104437.96875
6589.048915565029	104878.8125
6589.3918934186395	103695.8984375
6589.73487127225	101287.78125
6590.07784912586	101328.78125
6590.42082697947	104683.15625
6590.76380483308	104908.9375
6591.106782686689	104024.875
6591.449760540299	102817.0078125
6591.7927383939095	99870.5
6592.13571624752	102502.875
6592.47869410113	99119.8203125
6592.82167195474	99298.921875
6593.16464980835	102075.609375
6593.507627661959	103095.8203125
6593.850605515569	101615.140625
6594.19358336918	101624.65625
6594.53656122279	106324.4375
6594.8795390764	104778.8515625
6595.22251693001	106224.6015625
6595.56549478362	100525.390625
6595.908472637229	98133.7734375
6596.2514504908395	101460.25
6596.59442834445	103831.2734375
6596.93740619806	102606.34375
6597.28038405167	104731.265625
6597.62336190528	104222.046875
6597.966339758889	104317.765625
6598.309317612499	103226.1953125
6598.6522954661095	103544.28125
6598.99527331972	102399.140625
6599.33825117333	106724.8671875
6599.68122902694	106949.6796875
6600.02420688055	105693.640625
6600.367184734159	103778.0625
6600.710162587769	102651.8359375
6601.05314044138	99918.53125
6601.39611829499	101544.15625
6601.7390961486	103494.6953125
6602.08207400221	104639.7578125
6602.42505185582	102828.953125
6602.768029709429	104684.9453125
6603.1110075630395	104583.7734375
6603.45398541665	105752.09375
6603.79696327026	105291.25
6604.13994112387	105099.6171875
6604.48291897748	106736.3984375
6604.825896831089	100742.109375
6605.168874684699	102861.203125
6605.5118525383095	105335.3125
6605.85483039192	106759.796875
6606.19780824553	104853.828125
6606.54078609914	105781.7734375
6606.88376395275	103531.9765625
6607.226741806359	101641.1953125
6607.569719659969	103354.4609375
6607.91269751358	101082.3359375
6608.25567536719	102559.53125
6608.5986532208	103259.609375
6608.94163107441	106905.5234375
6609.284608928019	105203.1796875
6609.627586781629	104058.9140625
6609.9705646352395	102140.5078125
6610.31354248885	105898.890625
6610.65652034246	106482.7265625
6610.99949819607	100829.953125
6611.34247604968	104260.078125
6611.685453903289	103710.9296875
6612.028431756899	104299.46875
6612.3714096105095	106220.421875
6612.71438746412	106880.6171875
6613.05736531773	105136.0859375
6613.40034317134	105415.21875
6613.74332102495	105584.34375
6614.086298878559	105718.390625
6614.4292767321695	106413.7578125
6614.77225458578	106249.0546875
6615.11523243939	107174.7109375
6615.458210293	106822.0859375
6615.80118814661	104926.5234375
6616.14416600022	107622.5703125
6616.487143853829	107691.734375
6616.8301217074395	103997.8515625
6617.17309956105	105004.921875
6617.51607741466	105493.3828125
6617.85905526827	106554.65625
6618.20203312188	106411.265625
6618.545010975489	107584.46875
6618.887988829099	104602.0546875
6619.23096668271	103448.4609375
6619.57394453632	104423.015625
6619.91692238993	108448.078125
6620.25990024354	107340.6171875
6620.60287809715	104817.1484375
6620.945855950759	105521.5078125
6621.2888338043695	102343.2109375
6621.63181165798	103388.484375
6621.97478951159	106999.4453125
6622.3177673652	105018.84375
6622.66074521881	104951.09375
6623.003723072419	104823.578125
6623.346700926029	106164.609375
6623.6896787796395	105990.625
6624.03265663325	104144.875
6624.37563448686	102908.609375
6624.71861234047	103043.1953125
6625.06159019408	106109.359375
6625.404568047689	108082.046875
6625.747545901299	111822.296875
6626.09052375491	108512.7734375
6626.43350160852	105546.6328125
6626.77647946213	108058.0078125
6627.11945731574	109177.5390625
6627.46243516935	107766.0390625
6627.805413022959	103410.6171875
6628.1483908765695	108314.28125
6628.49136873018	107572.6484375
6628.83434658379	105793.28125
6629.1773244374	106825.5390625
6629.52030229101	106351.03125
6629.863280144619	106835.7265625
6630.206257998229	101595.5703125
6630.5492358518395	103697.734375
6630.89221370545	105875.84375
6631.23519155906	105269.15625
6631.57816941267	106306.5078125
6631.92114726628	107432.828125
6632.264125119889	107342.171875
6632.607102973499	107867.9140625
6632.95008082711	104253.34375
6633.29305868072	100197.078125
6633.63603653433	107418.5234375
6633.97901438794	107787.453125
6634.32199224155	105064.9140625
6634.664970095159	102454.890625
6635.0079479487695	102438.6484375
6635.35092580238	106202.8515625
6635.69390365599	106538.359375
6636.0368815096	108904.9609375
6636.37985936321	105097.2421875
6636.722837216819	101939.859375
6637.065815070429	104203.6015625
6637.4087929240395	103121.953125
6637.75177077765	104212.8359375
6638.09474863126	103213.5234375
6638.43772648487	105947.8203125
6638.78070433848	101020.359375
6639.123682192089	101200.5390625
6639.466660045699	104904.0234375
6639.80963789931	107611.953125
6640.15261575292	106362.515625
6640.49559360653	105399.2421875
6640.83857146014	104313.984375
6641.181549313749	102866.7265625
6641.524527167359	104113.328125
6641.8675050209695	101092.8125
6642.21048287458	105461.7421875
6642.55346072819	108253.8515625
6642.8964385818	103607.1171875
6643.23941643541	102331.3984375
6643.582394289019	105171.34375
6643.925372142629	105795.7578125
6644.2683499962395	104345.71875
6644.61132784985	104996.3515625
6644.95430570346	103708.78125
6645.29728355707	102317.6875
6645.64026141068	103281.890625
6645.983239264289	101603.9140625
6646.326217117899	104792.7734375
6646.66919497151	102764.34375
6647.01217282512	105288.875
6647.35515067873	101635.4375
6647.69812853234	101636.109375
6648.04110638595	99599.015625
6648.384084239559	98933.5546875
6648.7270620931695	100826.1875
6649.07003994678	102769.265625
6649.41301780039	102834.859375
6649.755995654	101219.78125
6650.09897350761	101231.75
6650.441951361219	100166.7578125
6650.784929214829	101898.125
6651.1279070684395	100665.953125
6651.47088492205	100053.0546875
6651.81386277566	100954.453125
6652.15684062927	102523.515625
6652.49981848288	100903.7265625
6652.842796336489	97989.6015625
6653.185774190099	100455.5390625
6653.52875204371	102761.4765625
6653.87172989732	100600.90625
6654.21470775093	100917.6953125
6654.55768560454	102117.1484375
6654.900663458149	102523.0546875
6655.243641311759	101890.390625
6655.5866191653695	101672.8828125
6655.92959701898	105842.875
6656.27257487259	100732.65625
6656.6155527262	103389.78125
6656.95853057981	101849.0859375
6657.301508433419	101124.6953125
6657.644486287029	100376.9140625
6657.9874641406395	104376.28125
6658.33044199425	101054.078125
6658.67341984786	102867.0625
6659.01639770147	104050.703125
6659.35937555508	105140.4921875
6659.702353408689	108318.65625
6660.045331262299	105232.5
6660.38830911591	102308.21875
6660.73128696952	106726.6015625
6661.07426482313	99746.6328125
6661.41724267674	104187.359375
6661.760220530349	101514.4765625
6662.103198383959	105072.4140625
6662.4461762375695	104121.3046875
6662.78915409118	105639.4609375
6663.13213194479	101428.2578125
6663.4751097984	103470.6640625
6663.81808765201	102929.7109375
6664.161065505619	104206.5234375
6664.504043359229	102755.8359375
6664.8470212128395	100831.1328125
6665.18999906645	97553.9765625
6665.53297692006	99996.953125
6665.87595477367	104167.3203125
6666.21893262728	103161.2421875
6666.561910480889	100616.296875
6666.904888334499	104335.2578125
6667.24786618811	103567.171875
6667.59084404172	103294.7265625
6667.93382189533	102902.5234375
6668.27679974894	102615.78125
6668.619777602549	99919.328125
6668.962755456159	105490.640625
6669.3057333097695	100713.859375
6669.64871116338	99639.203125
6669.99168901699	101517.46875
6670.3346668706	105078.5078125
6670.67764472421	100440.515625
6671.020622577819	102600.25
6671.363600431429	101412.7890625
6671.7065782850395	103624.0859375
6672.04955613865	102152.8515625
6672.39253399226	101658.9609375
6672.73551184587	103990.0625
6673.078489699479	102293.140625
6673.421467553089	104129.1484375
6673.764445406699	101841.3671875
6674.10742326031	102068.5546875
6674.45040111392	105532.765625
6674.79337896753	101394.6953125
6675.13635682114	101830.015625
6675.479334674749	101499.7734375
6675.822312528359	100567.2421875
6676.1652903819695	99891.828125
6676.50826823558	103054.4453125
6676.85124608919	99175.4921875
6677.1942239428	104904.984375
6677.53720179641	99349.8984375
6677.880179650019	94718.5
6678.223157503629	94185.6875
6678.56613535724	100874.0546875
6678.90911321085	96306.0390625
6679.25209106446	96149.1953125
6679.59506891807	95761.21875
6679.93804677168	96726.1640625
6680.281024625289	99823.2421875
6680.6240024788995	101248.234375
6680.96698033251	101168.9296875
6681.30995818612	104562.3125
6681.65293603973	103299.8359375
6681.99591389334	104096.28125
6682.338891746949	100746.515625
6682.681869600559	100641.3671875
6683.0248474541695	101193.8984375
6683.36782530778	104482.2265625
6683.71080316139	103251.0625
6684.053781015	102068.21875
6684.39675886861	101337.765625
6684.739736722219	103567.4375
6685.082714575829	102186.46875
6685.42569242944	102226.1875
6685.76867028305	101369.5625
6686.11164813666	103257.8671875
6686.45462599027	105145.8828125
6686.797603843879	102799.1796875
6687.140581697489	102618.5234375
6687.4835595510995	101713.15625
6687.82653740471	102413.75
6688.16951525832	107693.890625
6688.51249311193	103940.8359375
6688.85547096554	102214.484375
6689.198448819149	98462.8828125
6689.541426672759	101258.90625
6689.8844045263695	104447.5546875
6690.22738237998	106371.3203125
6690.57036023359	100795.765625
6690.9133380872	105626.4921875
6691.25631594081	104458.7109375
6691.599293794419	106227.609375
6691.942271648029	105803.484375
6692.28524950164	103145.28125
6692.62822735525	104618.0390625
6692.97120520886	103439.84375
6693.31418306247	101435.5234375
6693.657160916079	102547.515625
6694.000138769689	103562.6796875
6694.3431166232995	102302.921875
6694.68609447691	104392.015625
6695.02907233052	110354.4453125
6695.37205018413	109482.5546875
6695.71502803774	102578.0703125
6696.058005891349	104114.3828125
6696.400983744959	103411.6328125
6696.7439615985695	103214.140625
6697.08693945218	105563.4296875
6697.42991730579	104566.796875
6697.7728951594	105457.984375
6698.11587301301	103119.4765625
6698.458850866619	104550.015625
6698.801828720229	103638.8828125
6699.14480657384	107207.3515625
6699.48778442745	104632.171875
6699.83076228106	104851.453125
6700.17374013467	104952.6328125
6700.516717988279	102647.75
6700.859695841889	103306.1796875
6701.2026736954995	102081.828125
6701.54565154911	103415.125
6701.88862940272	108782.84375
6702.23160725633	102427.8515625
6702.57458510994	102688.890625
6702.917562963549	104871.515625
6703.260540817159	102337.9765625
6703.6035186707695	99247.34375
6703.94649652438	99816.9453125
6704.28947437799	101889.6328125
6704.6324522316	101324.203125
6704.975430085209	98863.765625
6705.318407938819	104996.1875
6705.661385792429	103273.0703125
6706.00436364604	100732.1875
6706.34734149965	106202.625
6706.69031935326	106288.484375
6707.03329720687	105357.3359375
6707.376275060479	101115.7265625
6707.719252914089	100939.4453125
6708.0622307676995	104452.3515625
6708.40520862131	104166.4296875
6708.74818647492	104587.9609375
6709.09116432853	99425.578125
6709.43414218214	101937.453125
6709.777120035749	101759.5234375
6710.120097889359	101500.4921875
6710.4630757429695	103484.3359375
6710.80605359658	104116.4453125
6711.14903145019	102822.765625
6711.4920093038	104037.3828125
6711.83498715741	100625.515625
6712.177965011019	106492.8203125
6712.520942864629	106425.4609375
6712.86392071824	101627.421875
6713.20689857185	103670.03125
6713.54987642546	102804.5
6713.89285427907	102576.4453125
6714.235832132679	103480.0546875
6714.578809986289	102255.4609375
6714.9217878398995	99388.0234375
6715.26476569351	102560.0859375
6715.60774354712	100680.5390625
6715.95072140073	101157.3203125
6716.29369925434	101720.078125
6716.636677107949	101760.578125
6716.979654961559	106904.9296875
6717.3226328151695	114653.0625
6717.66561066878	108799.03125
6718.00858852239	101414.4453125
6718.351566376	99822.6171875
6718.694544229609	96549.15625
6719.037522083219	98633.75
6719.380499936829	102433.8984375
6719.72347779044	100995.4140625
6720.06645564405	99758.8203125
6720.40943349766	102089.875
6720.75241135127	104254.203125
6721.095389204879	100709.5234375
6721.438367058489	100972.046875
6721.7813449120995	105306.375
6722.12432276571	104414.8671875
6722.46730061932	99831.4453125
6722.81027847293	97580.984375
6723.153256326539	101892.0390625
6723.496234180149	104150.1875
6723.839212033759	101958.8984375
6724.1821898873695	101891.390625
6724.52516774098	101447.4921875
6724.86814559459	104328.171875
6725.2111234482	102613.0078125
6725.554101301809	99307.8671875
6725.897079155419	102340.1328125
6726.240057009029	100844.75
6726.58303486264	101612.5859375
6726.92601271625	102724.1796875
6727.26899056986	99870.25
6727.61196842347	100682.96875
6727.954946277079	100833.0078125
6728.297924130689	99984.1875
6728.6409019842995	99349.5234375
6728.98387983791	97226.3046875
6729.32685769152	94907.1328125
6729.66983554513	102452.234375
6730.01281339874	99496.625
6730.355791252349	101218.2109375
6730.698769105959	101310.796875
6731.0417469595695	101877.34375
6731.38472481318	104727.21875
6731.72770266679	101419.25
6732.0706805204	98783.328125
6732.413658374009	99295.7890625
6732.756636227619	101015.203125
6733.099614081229	102925.265625
6733.44259193484	100794.203125
6733.78556978845	100804.859375
6734.12854764206	100675.6796875
6734.47152549567	101205.296875
6734.814503349279	97865.0625
6735.157481202889	98580.6640625
6735.5004590564995	100296.9296875
6735.84343691011	99664.125
6736.18641476372	100527.0625
6736.52939261733	102586.1953125
6736.872370470939	102752.75
6737.215348324549	102801.078125
6737.558326178159	100579.2421875
6737.9013040317695	98294.8203125
6738.24428188538	99341.140625
6738.58725973899	98763.3671875
6738.9302375926	95234.1875
6739.273215446209	98093.4296875
6739.616193299819	103618.1171875
6739.959171153429	100166.8671875
6740.30214900704	99317.5703125
6740.64512686065	102301.4296875
6740.98810471426	101899.9453125
6741.33108256787	99381.125
6741.674060421479	95807.6953125
6742.017038275089	94284.203125
6742.3600161286995	99422.59375
6742.70299398231	99337.109375
6743.04597183592	99781.296875
6743.38894968953	103663.6953125
6743.73192754314	102305.9375
6744.074905396749	101477.1640625
6744.417883250359	99294.1328125
6744.76086110397	103246.453125
6745.10383895758	105580.90625
6745.44681681119	98584.5390625
6745.7897946648	101852.671875
6746.132772518409	103449.390625
6746.475750372019	101587.3359375
6746.8187282256295	101738.046875
6747.16170607924	101192.96875
6747.50468393285	100386.40625
6747.84766178646	101406.6953125
6748.19063964007	105620.8203125
6748.533617493679	103851.5859375
6748.876595347289	100797.0390625
6749.2195732008995	98238.125
6749.56255105451	99035.6953125
6749.90552890812	100219.2734375
6750.24850676173	99884.59375
6750.591484615339	100975.34375
6750.934462468949	100188.671875
6751.277440322559	96971.203125
6751.62041817617	99403.8984375
6751.96339602978	99481.9609375
6752.30637388339	99707.6640625
6752.649351737	98937.5625
6752.992329590609	96788.1171875
6753.335307444219	98605.9140625
6753.6782852978295	101000.734375
6754.02126315144	98461.859375
6754.36424100505	96396.71875
6754.70721885866	100640.171875
6755.050196712269	101167.671875
6755.393174565879	96980.296875
6755.736152419489	95251.9609375
6756.0791302730995	101410.9921875
6756.42210812671	99285.4609375
6756.76508598032	98796.875
6757.10806383393	99253.390625
6757.451041687539	98154.8828125
6757.794019541149	100345.984375
6758.136997394759	95758.9296875
6758.47997524837	96073.2265625
6758.82295310198	100315.8828125
6759.16593095559	97823.5625
6759.5089088092	97680.203125
6759.851886662809	96341.953125
6760.194864516419	98081.46875
6760.5378423700295	97984.6015625
6760.88082022364	95652.765625
6761.22379807725	97192.171875
6761.56677593086	95098.7734375
6761.90975378447	97023.6328125
6762.252731638079	99098.4921875
6762.595709491689	99491.1796875
6762.9386873452995	99231.734375
6763.28166519891	101043.8515625
6763.62464305252	95566.2265625
6763.96762090613	97836.375
6764.310598759739	99107.9296875
6764.653576613349	99230.0546875
6764.996554466959	98843.890625
6765.33953232057	94437.6875
6765.68251017418	97070.421875
6766.02548802779	98667.1015625
6766.3684658814	99310.34375
6766.711443735009	99503.7578125
6767.054421588619	101528.265625
6767.3973994422295	98732.9921875
6767.74037729584	97707.1875
6768.08335514945	98995.890625
6768.42633300306	96815.4140625
6768.769310856669	95706.625
6769.112288710279	97960.859375
6769.455266563889	100436.09375
6769.7982444174995	103209.8671875
6770.14122227111	99467.6484375
6770.48420012472	98356.09375
6770.82717797833	100991.84375
6771.170155831939	99899.9375
6771.513133685549	101449.78125
6771.856111539159	101383.0
6772.19908939277	101621.4609375
6772.54206724638	99864.1171875
6772.88504509999	98960.2734375
6773.2280229536	98584.6640625
6773.571000807209	98746.46875
6773.913978660819	99258.5859375
6774.2569565144295	103244.3984375
6774.59993436804	97588.84375
6774.94291222165	95040.5859375
6775.28589007526	101077.90625
6775.62886792887	96680.8515625
6775.971845782479	99940.703125
6776.314823636089	100488.9765625
6776.6578014896995	97702.609375
6777.00077934331	100799.671875
6777.34375719692	98287.6640625
6777.68673505053	97877.3046875
6778.029712904139	100195.265625
6778.372690757749	92586.2109375
6778.715668611359	97963.8359375
6779.05864646497	96923.9375
6779.40162431858	98086.71875
6779.74460217219	98848.390625
6780.0875800258	96689.78125
6780.430557879409	99787.2578125
6780.773535733019	99103.390625
6781.1165135866295	99844.1875
6781.45949144024	97355.1171875
6781.80246929385	98905.4453125
6782.14544714746	94198.1171875
6782.488425001069	96652.59375
6782.831402854679	98927.3828125
6783.174380708289	99034.6171875
6783.5173585618995	98504.125
6783.86033641551	99359.65625
6784.20331426912	98071.140625
6784.54629212273	98281.015625
6784.889269976339	98320.4296875
6785.232247829949	97429.828125
6785.575225683559	94577.828125
6785.91820353717	95454.6640625
6786.26118139078	100130.125
6786.60415924439	99724.546875
6786.947137097999	100662.9609375
6787.290114951609	94380.1171875
6787.633092805219	93296.3359375
6787.9760706588295	100594.2734375
6788.31904851244	99599.8515625
6788.66202636605	93027.5625
6789.00500421966	96805.4375
6789.347982073269	98461.1640625
6789.690959926879	94409.4609375
6790.033937780489	95304.84375
6790.3769156340995	97497.609375
6790.71989348771	97789.8125
6791.06287134132	97623.6015625
6791.40584919493	96090.703125
6791.748827048539	94181.1796875
6792.091804902149	94580.609375
6792.434782755759	96744.90625
6792.77776060937	96982.9140625
6793.12073846298	96816.9921875
6793.46371631659	96919.96875
6793.8066941702	94440.328125
6794.149672023809	95888.6328125
6794.492649877419	97686.453125
6794.8356277310295	97168.390625
6795.17860558464	97554.078125
6795.52158343825	99835.3671875
6795.86456129186	95922.46875
6796.207539145469	95049.3828125
6796.550516999079	98143.7421875
6796.893494852689	101401.109375
6797.2364727062995	97410.9453125
6797.57945055991	97214.125
6797.92242841352	96523.203125
6798.26540626713	96922.4140625
6798.608384120739	96503.3984375
6798.951361974349	97518.59375
6799.294339827959	99967.7734375
6799.63731768157	96073.765625
6799.98029553518	96473.921875
6800.32327338879	100171.4375
6800.666251242399	97598.84375
6801.009229096009	98644.515625
6801.352206949619	101306.9921875
6801.6951848032295	100656.203125
6802.03816265684	98324.234375
6802.38114051045	99405.4453125
6802.72411836406	99877.359375
6803.067096217669	100853.453125
6803.410074071279	99630.2890625
6803.753051924889	95187.625
6804.0960297784995	96920.0625
6804.43900763211	96611.09375
6804.78198548572	95942.9375
6805.12496333933	95179.53125
6805.467941192939	98482.140625
6805.810919046549	98535.875
6806.153896900159	99509.2265625
6806.49687475377	96007.171875
6806.83985260738	95859.2734375
6807.18283046099	97843.6796875
6807.5258083146	97812.8203125
6807.868786168209	100128.5390625
6808.211764021819	99643.0390625
6808.5547418754295	95940.828125
6808.89771972904	97617.9921875
6809.24069758265	96615.1171875
6809.58367543626	93934.6640625
6809.926653289869	92003.1484375
6810.269631143479	94812.046875
6810.612608997089	92307.1796875
6810.9555868507	92790.4453125
6811.29856470431	93310.375
6811.64154255792	95132.7109375
6811.98452041153	95641.9140625
6812.327498265139	93998.078125
6812.670476118749	96499.875
6813.0134539723595	93600.359375
6813.35643182597	93631.7265625
6813.69940967958	91194.71875
6814.04238753319	95102.3359375
6814.385365386799	93113.5390625
6814.728343240409	97579.90625
6815.071321094019	99504.4296875
6815.4142989476295	99238.5
6815.75727680124	98555.25
6816.10025465485	95654.90625
6816.44323250846	96496.0546875
6816.786210362069	102556.921875
6817.129188215679	105810.6796875
6817.472166069289	98977.6953125
6817.8151439229	96123.125
6818.15812177651	96007.7109375
6818.50109963012	95976.3515625
6818.844077483729	99206.4921875
6819.187055337339	100157.0
6819.530033190949	98519.9453125
6819.8730110445595	92014.2421875
6820.21598889817	96931.8515625
6820.55896675178	97352.7890625
6820.90194460539	96232.90625
6821.244922458999	97429.5078125
6821.587900312609	94853.296875
6821.930878166219	98664.8125
6822.2738560198295	94551.671875
6822.61683387344	98317.796875
6822.95981172705	97450.328125
6823.30278958066	97294.875
6823.645767434269	93678.5
6823.988745287879	94710.640625
6824.331723141489	94473.1796875
6824.6747009951	95418.9765625
6825.01767884871	95968.921875
6825.36065670232	90972.078125
6825.70363455593	94834.234375
6826.046612409539	96781.609375
6826.389590263149	96755.0703125
6826.7325681167595	94844.96875
6827.07554597037	93173.125
6827.41852382398	94146.703125
6827.76150167759	96530.8125
6828.104479531199	101213.6328125
6828.447457384809	96876.5546875
6828.790435238419	97385.5703125
6829.1334130920295	97918.1328125
6829.47639094564	97155.65625
6829.81936879925	97239.875
6830.16234665286	96657.03125
6830.505324506469	94073.1953125
6830.848302360079	90139.5859375
6831.191280213689	93905.6640625
6831.5342580673	90284.28125
6831.87723592091	93893.8671875
6832.22021377452	97022.8359375
6832.563191628129	94304.5234375
6832.906169481739	97920.1171875
6833.249147335349	95865.640625
6833.5921251889595	91828.046875
6833.93510304257	95258.9453125
6834.27808089618	93077.8515625
6834.62105874979	95790.9453125
6834.964036603399	96153.3203125
6835.307014457009	95295.84375
6835.649992310619	95496.71875
6835.9929701642295	101154.6171875
6836.33594801784	93971.546875
6836.67892587145	90858.484375
6837.021903725059	98151.984375
6837.364881578669	95876.078125
6837.707859432279	94111.484375
6838.050837285889	96132.734375
6838.3938151395	98721.5859375
6838.73679299311	99416.5
6839.07977084672	93941.984375
6839.42274870033	93693.96875
6839.765726553939	95201.609375
6840.108704407549	94588.921875
6840.4516822611595	96415.4375
6840.79466011477	95897.9921875
6841.13763796838	95586.3671875
6841.48061582199	97245.5390625
6841.823593675599	96447.1875
6842.166571529209	93172.890625
6842.509549382819	93939.3984375
6842.8525272364295	100714.828125
6843.19550509004	102890.2421875
6843.53848294365	100721.9140625
6843.88146079726	97151.8984375
6844.224438650869	95972.6484375
6844.567416504479	96181.5390625
6844.910394358089	99121.2890625
6845.2533722117	96986.1875
6845.59635006531	93211.6796875
6845.93932791892	97287.453125
6846.282305772529	94144.21875
6846.625283626139	95676.0859375
6846.968261479749	93356.328125
6847.3112393333595	93454.6015625
6847.65421718697	92972.21875
6847.99719504058	99990.7890625
6848.34017289419	96103.046875
6848.683150747799	96082.0625
6849.026128601409	92349.0859375
6849.369106455019	95138.1015625
6849.7120843086295	93199.1953125
6850.05506216224	93133.609375
6850.39804001585	94613.4609375
6850.741017869459	96913.125
6851.083995723069	91327.5703125
6851.426973576679	96712.828125
6851.769951430289	94457.8046875
6852.1129292839	96355.015625
6852.45590713751	94599.671875
6852.79888499112	92666.375
6853.141862844729	92567.984375
6853.484840698339	93362.0625
6853.827818551949	95861.40625
6854.1707964055595	93439.0390625
6854.51377425917	94945.546875
6854.85675211278	98772.8671875
6855.19972996639	96755.5390625
6855.542707819999	96637.4921875
6855.885685673609	94307.75
6856.228663527219	92967.7890625
6856.5716413808295	93401.8515625
6856.91461923444	97068.234375
6857.25759708805	94592.1015625
6857.60057494166	92933.4375
6857.943552795269	93200.234375
6858.286530648879	89789.3046875
6858.629508502489	92241.3046875
6858.9724863561	92430.75
6859.31546420971	97959.1015625
6859.65844206332	96452.890625
6860.001419916929	98794.234375
6860.344397770539	94892.3046875
6860.687375624149	96267.078125
6861.0303534777595	94365.90625
6861.37333133137	91342.7265625
6861.71630918498	96766.0
6862.05928703859	96749.171875
6862.402264892199	93881.234375
6862.745242745809	94811.109375
6863.088220599419	95151.765625
6863.4311984530295	94566.03125
6863.77417630664	97018.578125
6864.11715416025	93878.5234375
6864.460132013859	89077.453125
6864.803109867469	90719.1171875
6865.146087721079	90083.1328125
6865.489065574689	93729.8125
6865.8320434283	93870.2109375
6866.17502128191	92378.703125
6866.51799913552	92301.9921875
6866.860976989129	89060.0390625
6867.203954842739	78553.015625
6867.546932696349	65482.82421875
6867.8899105499595	60507.3984375
6868.23288840357	52638.2109375
6868.57586625718	46829.6171875
6868.918844110789	50476.43359375
6869.261821964399	52843.34765625
6869.604799818009	60366.06640625
6869.947777671619	57434.0546875
6870.2907555252295	59168.62109375
6870.63373337884	65102.25
6870.97671123245	61449.15234375
6871.31968908606	54581.640625
6871.662666939669	54821.48828125
6872.005644793279	62356.796875
6872.348622646889	65826.3515625
6872.6916005005	64946.96875
6873.03457835411	61205.37890625
6873.37755620772	63321.4765625
6873.720534061329	64889.8359375
6874.063511914939	67480.0390625
6874.406489768549	64007.2265625
6874.7494676221595	65096.8046875
6875.09244547577	69545.53125
6875.43542332938	69764.578125
6875.77840118299	70737.53125
6876.121379036599	72533.15625
6876.464356890209	78760.984375
6876.807334743819	71572.59375
6877.15031259743	70532.828125
6877.49329045104	70531.34375
6877.83626830465	74844.4296875
6878.179246158259	80370.296875
6878.522224011869	82342.9453125
6878.865201865479	84266.0234375
