6503.15730993	0.041459167
6503.15730993216	0.7932863235473633
6503.19876909916	0.7926754355430603
6503.240228266161	0.7918082475662231
6503.28168743316	0.790702223777771
6503.323146600161	0.7894411683082581
6503.36460576716	0.788122296333313
6503.40606493416	0.7867433428764343
6503.4475241011605	0.7851598858833313
6503.48898326816	0.7832563519477844
6503.530442435161	0.7812843918800354
6503.57190160216	0.7798922061920166
6503.61336076916	0.7797238230705261
6503.6548199361605	0.7809061408042908
6503.69627910316	0.782916247844696
6503.737738270161	0.7849677205085754
6503.77919743716	0.7865281701087952
6503.820656604161	0.7875008583068848
6503.8621157711605	0.7880289554595947
6503.90357493816	0.7881685495376587
6503.945034105161	0.787667989730835
6503.98649327216	0.7860784530639648
6504.027952439161	0.7831978797912598
6504.06941160616	0.779441237449646
6504.11087077316	0.7757336497306824
6504.152329940161	0.7730153203010559
6504.19378910716	0.7718169093132019
6504.235248274161	0.7722026705741882
6504.27670744116	0.7739468812942505
6504.31816660816	0.7766717076301575
6504.359625775161	0.7799121141433716
6504.40108494216	0.7832223773002625
6504.442544109161	0.7863006591796875
6504.48400327616	0.7890142798423767
6504.52546244316	0.7912973761558533
6504.5669216101605	0.7930241823196411
6504.60838077716	0.7939811944961548
6504.649839944161	0.7939956188201904
6504.69129911116	0.7931486964225769
6504.73275827816	0.7918595671653748
6504.7742174451605	0.7906849980354309
6504.81567661216	0.7899836301803589
6504.857135779161	0.7897642850875854
6504.89859494616	0.7898160815238953
6504.94005411316	0.7898985147476196
6504.9815132801605	0.789804220199585
6505.02297244716	0.7893810868263245
6505.064431614161	0.7886360287666321
6505.10589078116	0.7878064513206482
6505.147349948161	0.787222683429718
6505.18880911516	0.7870451807975769
6505.23026828216	0.787149965763092
6505.271727449161	0.7872911095619202
6505.31318661616	0.7873530983924866
6505.354645783161	0.7874141931533813
6505.39610495016	0.7875795960426331
6505.43756411716	0.7877832055091858
6505.479023284161	0.7877868413925171
6505.52048245116	0.7874009609222412
6505.561941618161	0.7866878509521484
6505.60340078516	0.7859163880348206
6505.64485995216	0.785334050655365
6505.6863191191605	0.7850038409233093
6505.72777828616	0.7848469018936157
6505.769237453161	0.7848139405250549
6505.81069662016	0.7849870920181274
6505.85215578716	0.7855057716369629
6505.8936149541605	0.786418616771698
6505.93507412116	0.7876189351081848
6505.976533288161	0.78889399766922
6506.01799245516	0.7900028228759766
6506.05945162216	0.7907185554504395
6506.1009107891605	0.7908850908279419
6506.14236995616	0.7905285954475403
6506.183829123161	0.7899035811424255
6506.22528829016	0.789342999458313
6506.266747457161	0.789027750492096
6506.30820662416	0.7889249920845032
6506.34966579116	0.7889277935028076
6506.391124958161	0.7889865040779114
6506.43258412516	0.7891061305999756
6506.474043292161	0.7893028855323792
6506.51550245916	0.7896060347557068
6506.55696162616	0.7900524735450745
6506.598420793161	0.790615975856781
6506.63987996016	0.7911394238471985
6506.681339127161	0.7913855910301208
6506.72279829416	0.791209876537323
6506.76425746116	0.7907097935676575
6506.805716628161	0.7902019619941711
6506.84717579516	0.7900251150131226
6506.888634962161	0.790327250957489
6506.93009412916	0.7910012602806091
6506.97155329616	0.7917770743370056
6507.0130124631605	0.7923747301101685
6507.05447163016	0.7926430106163025
6507.095930797161	0.7926194071769714
6507.13738996416	0.7924522757530212
6507.17884913116	0.7922434210777283
6507.2203082981605	0.7919597625732422
6507.26176746516	0.791486918926239
6507.303226632161	0.7907386422157288
6507.34468579916	0.7897006273269653
6507.38614496616	0.7884157299995422
6507.4276041331605	0.786950945854187
6507.46906330016	0.7852994799613953
6507.510522467161	0.7833308577537537
6507.55198163416	0.7810384035110474
6507.593440801161	0.7788920998573303
6507.63489996816	0.7777265310287476
6507.67635913516	0.7780885696411133
6507.717818302161	0.7797245979309082
6507.75927746916	0.7817991375923157
6507.800736636161	0.7835723757743835
6507.84219580316	0.7847955822944641
6507.88365497016	0.7855848670005798
6507.925114137161	0.7861365675926208
6507.96657330416	0.7865536212921143
6508.008032471161	0.7867844700813293
6508.04949163816	0.7866944670677185
6508.09095080516	0.7862279415130615
6508.1324099721605	0.785483717918396
6508.17386913916	0.7846063375473022
6508.215328306161	0.7835717797279358
6508.25678747316	0.782059907913208
6508.29824664016	0.7795708775520325
6508.3397058071605	0.7757160067558289
6508.38116497416	0.7704166173934937
6508.422624141161	0.7639052867889404
6508.46408330816	0.756734311580658
6508.50554247516	0.749898374080658
6508.5470016421605	0.7448209524154663
6508.58846080916	0.7429121136665344
6508.629919976161	0.7448393106460571
6508.67137914316	0.7500830292701721
6508.712838310161	0.7571717500686646
6508.75429747716	0.7643927335739136
6508.79575664416	0.770466148853302
6508.837215811161	0.7748487591743469
6508.87867497816	0.7776520848274231
6508.920134145161	0.7793530821800232
6508.96159331216	0.7805308699607849
6509.00305247916	0.7817062139511108
6509.044511646161	0.7831839919090271
6509.08597081316	0.7848945260047913
6509.127429980161	0.7864130735397339
6509.16888914716	0.7872583270072937
6509.21034831416	0.7872440814971924
6509.2518074811605	0.786545991897583
6509.29326664816	0.7854913473129272
6509.334725815161	0.784381628036499
6509.37618498216	0.7834869623184204
6509.41764414916	0.7830488681793213
6509.4591033161605	0.7831528186798096
6509.50056248316	0.7836032509803772
6509.542021650161	0.7840431928634644
6509.58348081716	0.7843031883239746
6509.62493998416	0.7845646739006042
6509.6663991511605	0.7850255966186523
6509.70785831816	0.7854734063148499
6509.749317485161	0.7854295372962952
6509.79077665216	0.7847537398338318
6509.832235819161	0.7838961482048035
6509.87369498616	0.7834208607673645
6509.91515415316	0.7834027409553528
6509.956613320161	0.7834503650665283
6509.99807248716	0.7832456827163696
6510.039531654161	0.7828800082206726
6510.08099082116	0.7826709151268005
6510.12244998816	0.7827649116516113
6510.163909155161	0.7829200625419617
6510.20536832216	0.782650351524353
6510.246827489161	0.7816071510314941
6510.28828665616	0.779859721660614
6510.32974582316	0.7779034972190857
6510.371204990161	0.7764298319816589
6510.41266415716	0.775913655757904
6510.454123324161	0.7762727737426758
6510.49558249116	0.7769998908042908
6510.53704165816	0.7776926159858704
6510.5785008251605	0.7783640027046204
6510.61995999216	0.7792055010795593
6510.661419159161	0.7802222371101379
6510.70287832616	0.7812321186065674
6510.74433749316	0.7820590734481812
6510.7857966601605	0.7825427651405334
6510.82725582716	0.7825349569320679
6510.868714994161	0.782132089138031
6510.91017416116	0.7818134427070618
6510.95163332816	0.782120406627655
6510.99309249516	0.7831933498382568
6511.03455166216	0.7847239375114441
6511.076010829161	0.7863150238990784
6511.11746999616	0.7877534031867981
6511.158929163161	0.7889320850372314
6511.20038833016	0.7896766066551208
6511.24184749716	0.7897878289222717
6511.283306664161	0.7892629504203796
6511.32476583116	0.7884286046028137
6511.366224998161	0.7877985835075378
6511.40768416516	0.7877413034439087
6511.44914333216	0.7882478833198547
6511.490602499161	0.7889546155929565
6511.53206166616	0.7893359661102295
6511.573520833161	0.788959801197052
6511.61498000016	0.787721574306488
6511.65643916716	0.7859057784080505
6511.6978983341605	0.7839691042900085
6511.73935750116	0.7821391224861145
6511.780816668161	0.7801414132118225
6511.82227583516	0.7773926258087158
6511.86373500216	0.7735875844955444
6511.9051941691605	0.7691444158554077
6511.94665333616	0.7650629878044128
6511.988112503161	0.7622941136360168
6512.02957167016	0.761172354221344
6512.07103083716	0.7613913416862488
6512.1124900041605	0.7624346613883972
6512.15394917116	0.7639940977096558
6512.195408338161	0.7660892605781555
6512.23686750516	0.7689187526702881
6512.278326672161	0.7726218104362488
6512.31978583916	0.7771791815757751
6512.36124500616	0.7825026512145996
6512.402704173161	0.7884615063667297
6512.44416334016	0.7946837544441223
6512.485622507161	0.80042564868927
6512.52708167416	0.804868757724762
6512.56854084116	0.8076499700546265
6512.610000008161	0.8090322017669678
6512.65145917516	0.8095499873161316
6512.692918342161	0.8096250891685486
6512.73437750916	0.8095296025276184
6512.77583667616	0.809476375579834
6512.8172958431605	0.8095774054527283
6512.85875501016	0.8098374009132385
6512.900214177161	0.8103077411651611
6512.94167334416	0.8111509084701538
6512.98313251116	0.8124627470970154
6513.0245916781605	0.8141000270843506
6513.06605084516	0.8157324194908142
6513.107510012161	0.8169904947280884
6513.14896917916	0.8175461888313293
6513.19042834616	0.8171939849853516
6513.2318875131605	0.8159869909286499
6513.27334668016	0.8142731189727783
6513.314805847161	0.8125064373016357
6513.35626501416	0.8109807372093201
6513.39772418116	0.8097070455551147
6513.43918334816	0.8084589838981628
6513.48064251516	0.8069186806678772
6513.522101682161	0.8049068450927734
6513.56356084916	0.8025975823402405
6513.605020016161	0.8005046248435974
6513.64647918316	0.7991983294487
6513.68793835016	0.7990079522132874
6513.729397517161	0.7999281883239746
6513.77085668416	0.8016749024391174
6513.812315851161	0.803748607635498
6513.85377501816	0.805518388748169
6513.89523418516	0.8064162135124207
6513.936693352161	0.8061684966087341
6513.97815251916	0.8048622608184814
6514.019611686161	0.8027774691581726
6514.06107085316	0.8001454472541809
6514.10253002016	0.7970436215400696
6514.1439891871605	0.7934918999671936
6514.18544835416	0.7896420359611511
6514.226907521161	0.7858591675758362
6514.26836668816	0.7825796008110046
6514.30982585516	0.7800334692001343
6514.3512850221605	0.7779992818832397
6514.39274418916	0.7757182717323303
6514.434203356161	0.7720425128936768
6514.47566252316	0.7658028602600098
6514.51712169016	0.7562103271484375
6514.55858085716	0.7431927919387817
6514.60004002416	0.7277976274490356
6514.641499191161	0.7124911546707153
6514.68295835816	0.7008073925971985
6514.724417525161	0.6960948705673218
6514.76587669216	0.6999415159225464
6514.80733585916	0.7113786935806274
6514.848795026161	0.7274368405342102
6514.89025419316	0.7445676326751709
6514.931713360161	0.75995272397995
6514.97317252716	0.7721090316772461
6515.01463169416	0.7807807326316833
6515.056090861161	0.7864343523979187
6515.09755002816	0.7897951602935791
6515.139009195161	0.7916048169136047
6515.18046836216	0.7924844026565552
6515.22192752916	0.7928413152694702
6515.2633866961605	0.7928661108016968
6515.30484586316	0.7926517128944397
6515.346305030161	0.7923561930656433
6515.38776419716	0.7922379970550537
6515.42922336416	0.7924647331237793
6515.4706825311605	0.7928354144096375
6515.51214169816	0.7927046418190002
6515.553600865161	0.791236937046051
6515.59506003216	0.7878405451774597
6515.63651919916	0.7824999690055847
6515.6779783661605	0.7758200764656067
6515.71943753316	0.7688183784484863
6515.760896700161	0.7626397609710693
6515.80235586716	0.7583128809928894
6515.843815034161	0.7565356492996216
6515.88527420116	0.7574917078018188
6515.92673336816	0.7607680559158325
6515.968192535161	0.765449583530426
6516.00965170216	0.7703900337219238
6516.051110869161	0.774519145488739
6516.09257003616	0.777028501033783
6516.13402920316	0.7773884534835815
6516.175488370161	0.7752277255058289
6516.21694753716	0.7701511383056641
6516.258406704161	0.7616267204284668
6516.29986587116	0.7490777373313904
6516.34132503816	0.7322400808334351
6516.3827842051605	0.7116460204124451
6516.42424337216	0.6889901161193848
6516.465702539161	0.6671612858772278
6516.50716170616	0.6497502326965332
6516.54862087316	0.6400831937789917
6516.5900800401605	0.6401306986808777
6516.63153920716	0.6497974395751953
6516.672998374161	0.6669685244560242
6516.71445754116	0.6882640719413757
6516.75591670816	0.7100716829299927
6516.7973758751605	0.7293205857276917
6516.83883504216	0.7438623309135437
6516.880294209161	0.7526444792747498
6516.92175337616	0.7558053731918335
6516.96321254316	0.7546331882476807
6517.00467171016	0.7512115836143494
6517.04613087716	0.7478402853012085
6517.087590044161	0.746466338634491
6517.12904921116	0.7482550144195557
6517.170508378161	0.7533696293830872
6517.21196754516	0.7610228657722473
6517.25342671216	0.7698412537574768
6517.294885879161	0.77839595079422
6517.33634504616	0.7856342196464539
6517.377804213161	0.791021466255188
6517.41926338016	0.7944316864013672
6517.46072254716	0.7959727644920349
6517.5021817141605	0.7959036231040955
6517.54364088116	0.7947128415107727
6517.585100048161	0.7931549549102783
6517.62655921516	0.7919510006904602
6517.66801838216	0.7912802696228027
6517.7094775491605	0.7905691266059875
6517.75093671616	0.7888768911361694
6517.792395883161	0.7855685353279114
6517.83385505016	0.7807025909423828
6517.87531421716	0.7749620676040649
6517.9167733841605	0.7693846821784973
6517.95823255116	0.7650673389434814
6517.999691718161	0.7628495097160339
6518.04115088516	0.7631286382675171
6518.08261005216	0.7659134864807129
6518.12406921916	0.7708995342254639
6518.16552838616	0.7773907780647278
6518.206987553161	0.7842095494270325
6518.24844672016	0.7899133563041687
6518.289905887161	0.7934083938598633
6518.33136505416	0.794545590877533
6518.37282422116	0.7941420078277588
6518.414283388161	0.7933559417724609
6518.45574255516	0.7929309606552124
6518.497201722161	0.7928882837295532
6518.53866088916	0.7927641272544861
6518.58012005616	0.7920228838920593
6518.621579223161	0.7903453707695007
6518.66303839016	0.7877920866012573
6518.704497557161	0.7847999930381775
6518.74595672416	0.7819233536720276
6518.78741589116	0.7795434594154358
6518.8288750581605	0.7778332233428955
6518.87033422516	0.7768317461013794
6518.911793392161	0.7763518691062927
6518.95325255916	0.7758305072784424
6518.99471172616	0.7744813561439514
6519.0361708931605	0.7718260288238525
6519.07763006016	0.7681354284286499
6519.119089227161	0.7641972303390503
6519.16054839416	0.7605133056640625
6519.20200756116	0.7567277550697327
6519.2434667281605	0.751899242401123
6519.28492589516	0.745425820350647
6519.326385062161	0.7378142476081848
6519.36784422916	0.730603814125061
6519.40930339616	0.725570023059845
6519.45076256316	0.723927915096283
6519.49222173016	0.7260213494300842
6519.533680897161	0.731415331363678
6519.57514006416	0.739113986492157
6519.616599231161	0.7477856874465942
6519.65805839816	0.7560718655586243
6519.69951756516	0.7629888653755188
6519.740976732161	0.7681724429130554
6519.78243589916	0.7717763781547546
6519.823895066161	0.7741814255714417
6519.86535423316	0.775750994682312
6519.90681340016	0.7767133116722107
6519.9482725671605	0.7771512269973755
6519.98973173416	0.7770900130271912
6520.031190901161	0.776645302772522
6520.07265006816	0.7761199474334717
6520.11410923516	0.7759087085723877
6520.1555684021605	0.7762009501457214
6520.19702756916	0.7767539620399475
6520.238486736161	0.7770234942436218
6520.27994590316	0.7766067385673523
6520.32140507016	0.7756282687187195
6520.3628642371605	0.7746899127960205
6520.40432340416	0.7744005918502808
6520.445782571161	0.7749125957489014
6520.48724173816	0.775833785533905
6520.52870090516	0.776530921459198
6520.57016007216	0.7765700221061707
6520.61161923916	0.775955855846405
6520.653078406161	0.7750192284584045
6520.69453757316	0.7741110324859619
6520.735996740161	0.7733569741249084
6520.77745590716	0.7726264595985413
6520.81891507416	0.7717165350914001
6520.860374241161	0.7705722451210022
6520.90183340816	0.769355833530426
6520.943292575161	0.7683188319206238
6520.98475174216	0.7675658464431763
6521.02621090916	0.7669166922569275
6521.0676700761605	0.7660335898399353
6521.10912924316	0.7647168636322021
6521.150588410161	0.7630996108055115
6521.19204757716	0.7615742087364197
6521.23350674416	0.7605315446853638
6521.2749659111605	0.7601382732391357
6521.31642507816	0.7602770924568176
6521.357884245161	0.7606222629547119
6521.39934341216	0.7607936263084412
6521.44080257916	0.7605372667312622
6521.4822617461605	0.7598398923873901
6521.52372091316	0.7589061260223389
6521.565180080161	0.75803142786026
6521.60663924716	0.7574530839920044
6521.64809841416	0.7572470307350159
6521.68955758116	0.7573179006576538
6521.73101674816	0.7575024962425232
6521.772475915161	0.7577064037322998
6521.81393508216	0.757940948009491
6521.85539424916	0.7582182288169861
6521.89685341616	0.7583795189857483
6521.93831258316	0.7580533027648926
6521.979771750161	0.7569143772125244
6522.02123091716	0.7550623416900635
6522.062690084161	0.753081202507019
6522.10414925116	0.7516499757766724
6522.14560841816	0.7510871291160583
6522.187067585161	0.7512781620025635
6522.22852675216	0.7519814372062683
6522.269985919161	0.7531014680862427
6522.31144508616	0.7546793818473816
6522.35290425316	0.7567444443702698
6522.3943634201605	0.7592071294784546
6522.43582258716	0.7618111968040466
6522.477281754161	0.7641604542732239
6522.51874092116	0.7658494710922241
6522.56020008816	0.7666219472885132
6522.6016592551605	0.7664620280265808
6522.64311842216	0.7656557559967041
6522.684577589161	0.7647971510887146
6522.72603675616	0.7645396590232849
6522.76749592316	0.7651185393333435
6522.80895509016	0.7661103010177612
6522.85041425716	0.7667800188064575
6522.891873424161	0.7667112946510315
6522.93333259116	0.7660667896270752
6522.97479175816	0.7652451395988464
6523.01625092516	0.764384925365448
6523.05771009216	0.7632395625114441
6523.099169259161	0.7614414691925049
6523.14062842616	0.758873462677002
6523.182087593161	0.7558844089508057
6523.22354676016	0.753171443939209
6523.26500592716	0.7513896822929382
6523.306465094161	0.7507760524749756
6523.34792426116	0.7510343790054321
6523.389383428161	0.7515209913253784
6523.43084259516	0.7515742182731628
6523.47230176216	0.7507323622703552
6523.5137609291605	0.7487216591835022
6523.55522009616	0.7453478574752808
6523.596679263161	0.7404870986938477
6523.63813843016	0.7341959476470947
6523.67959759716	0.7268132567405701
6523.7210567641605	0.7190729379653931
6523.76251593116	0.7122539281845093
6523.803975098161	0.7080548405647278
6523.84543426516	0.7079291939735413
6523.88689343216	0.7122575044631958
6523.9283525991605	0.7200995087623596
6523.96981176616	0.7297521829605103
6524.011270933161	0.7395592927932739
6524.05273010016	0.7483563423156738
6524.09418926716	0.7555011510848999
6524.13564843416	0.7607902884483337
6524.17710760116	0.7643685936927795
6524.218566768161	0.7665873169898987
6524.26002593516	0.7678486704826355
6524.30148510216	0.7684844136238098
6524.34294426916	0.7686892151832581
6524.38440343616	0.7685787081718445
6524.425862603161	0.7683649063110352
6524.46732177016	0.7684049606323242
6524.508780937161	0.7689307332038879
6524.55024010416	0.7697733640670776
6524.59169927116	0.7705378532409668
6524.6331584381605	0.7710661292076111
6524.67461760516	0.7715698480606079
6524.716076772161	0.7722579836845398
6524.75753593916	0.7729816436767578
6524.79899510616	0.7733733654022217
6524.8404542731605	0.7732592225074768
6524.88191344016	0.772799015045166
6524.923372607161	0.7722510099411011
6524.96483177416	0.7717352509498596
6525.00629094116	0.7712659239768982
6525.0477501081605	0.7709211707115173
6525.08920927516	0.7708615660667419
6525.130668442161	0.7711663246154785
6525.17212760916	0.771746814250946
6525.21358677616	0.7724864482879639
6525.25504594316	0.7733890414237976
6525.29650511016	0.7744824886322021
6525.337964277161	0.7755898237228394
6525.37942344416	0.7763124704360962
6525.42088261116	0.776295006275177
6525.46234177816	0.7754929661750793
6525.50380094516	0.774206817150116
6525.545260112161	0.7728619575500488
6525.58671927916	0.7716706395149231
6525.628178446161	0.7705115675926208
6525.66963761316	0.7692658305168152
6525.71109678016	0.7682170867919922
6525.7525559471605	0.7678940892219543
6525.79401511416	0.768466055393219
6525.835474281161	0.7694604992866516
6525.87693344816	0.7702056169509888
6525.91839261516	0.7704893350601196
6525.9598517821605	0.7706619501113892
6526.00131094916	0.7711469531059265
6526.042770116161	0.7720216512680054
6526.08422928316	0.7730748653411865
6526.12568845016	0.7740965485572815
6526.1671476171605	0.7750197649002075
6526.20860678416	0.7758292555809021
6526.250065951161	0.776425302028656
6526.29152511816	0.7766585350036621
6526.33298428516	0.7764862775802612
6526.37444345216	0.7760252952575684
6526.41590261916	0.7754703760147095
6526.457361786161	0.7750016450881958
6526.49882095316	0.7746990919113159
6526.54028012016	0.7744728326797485
6526.58173928716	0.7741142511367798
6526.62319845416	0.773508608341217
6526.664657621161	0.7728614807128906
6526.70611678816	0.7726839184761047
6526.747575955161	0.7734567523002625
6526.78903512216	0.7752271294593811
6526.83049428916	0.7774745225906372
6526.871953456161	0.7793738842010498
6526.91341262316	0.7802919745445251
6526.954871790161	0.7801511287689209
6526.99633095716	0.7793779969215393
6527.03779012416	0.778535008430481
6527.0792492911605	0.7779905200004578
6527.12070845816	0.7778241634368896
6527.162167625161	0.7778921723365784
6527.20362679216	0.7779150009155273
6527.24508595916	0.7775595188140869
6527.2865451261605	0.7765993475914001
6527.32800429316	0.775155782699585
6527.369463460161	0.7737709879875183
6527.41092262716	0.773068904876709
6527.45238179416	0.773222804069519
6527.4938409611605	0.7737917900085449
6527.53530012816	0.7741463780403137
6527.576759295161	0.7740628123283386
6527.61821846216	0.7738721370697021
6527.65967762916	0.774018406867981
6527.70113679616	0.7745592594146729
6527.74259596316	0.7751631736755371
6527.784055130161	0.7755178809165955
6527.82551429716	0.7756901979446411
6527.86697346416	0.7761111259460449
6527.90843263116	0.7771796584129333
6527.94989179816	0.7788551449775696
6527.991350965161	0.7806739807128906
6528.03281013216	0.7821517586708069
6528.074269299161	0.7831069827079773
6528.11572846616	0.7836172580718994
6528.15718763316	0.7837934494018555
6528.1986468001605	0.7837018966674805
6528.24010596716	0.7834365963935852
6528.281565134161	0.7830947637557983
6528.32302430116	0.7826539278030396
6528.36448346816	0.7819957733154297
6528.4059426351605	0.7810899615287781
6528.44740180216	0.7800876498222351
6528.488860969161	0.7792525291442871
6528.53032013616	0.7788711786270142
6528.57177930316	0.7791821360588074
6528.6132384701605	0.7802478075027466
6528.65469763716	0.7818197011947632
6528.696156804161	0.783373236656189
6528.73761597116	0.7843393087387085
6528.77907513816	0.7843654155731201
6528.82053430516	0.7834771871566772
6528.86199347216	0.78209388256073
6528.903452639161	0.7808351516723633
6528.94491180616	0.7801557779312134
6528.98637097316	0.7800748348236084
6529.02783014016	0.7802389860153198
6529.06928930716	0.780234158039093
6529.110748474161	0.7798460721969604
6529.15220764116	0.7791072726249695
6529.193666808161	0.7782189249992371
6529.23512597516	0.7775013446807861
6529.27658514216	0.7773469090461731
6529.3180443091605	0.7780390381813049
6529.35950347616	0.7794862985610962
6529.400962643161	0.781130850315094
6529.44242181016	0.7822107672691345
6529.48388097716	0.7822456955909729
6529.5253401441605	0.7813622355461121
6529.56679931116	0.7801966071128845
6529.608258478161	0.7794862389564514
6529.64971764516	0.7796503305435181
6529.69117681216	0.7805819511413574
6529.7326359791605	0.7817566394805908
6529.77409514616	0.7825988531112671
6529.815554313161	0.7828534841537476
6529.85701348016	0.7827014327049255
6529.89847264716	0.7825464010238647
6529.93993181416	0.7826442718505859
6529.98139098116	0.7829152941703796
6530.022850148161	0.7831023931503296
6530.06430931516	0.7830339670181274
6530.10576848216	0.7826793789863586
6530.14722764916	0.7820313572883606
6530.18868681616	0.7810773849487305
6530.230145983161	0.7799071669578552
6530.27160515016	0.7787144780158997
6530.31306431716	0.7775998115539551
6530.35452348416	0.7764281630516052
6530.39598265116	0.7749454975128174
6530.437441818161	0.7730147838592529
6530.47890098516	0.7707808613777161
6530.520360152161	0.768719494342804
6530.56181931916	0.7675231099128723
6530.60327848616	0.7677820920944214
6530.6447376531605	0.7695832252502441
6530.68619682016	0.7723185420036316
6530.727655987161	0.7749537825584412
6530.76911515416	0.7766470313072205
6530.81057432116	0.7772524356842041
6530.8520334881605	0.7773168087005615
6530.89349265516	0.7775940299034119
6530.934951822161	0.7784714102745056
6530.97641098916	0.7797591686248779
6531.01787015616	0.7809471487998962
6531.0593293231605	0.7816208600997925
6531.10078849016	0.7816967368125916
6531.142247657161	0.781409740447998
6531.18370682416	0.7811657786369324
6531.22516599116	0.7813480496406555
6531.26662515816	0.7821031212806702
6531.30808432516	0.7831887602806091
6531.349543492161	0.7840407490730286
6531.39100265916	0.7841430306434631
6531.43246182616	0.7834909558296204
6531.47392099316	0.7826817035675049
6531.51538016016	0.782432496547699
6531.556839327161	0.7829525470733643
6531.59829849416	0.7837761044502258
6531.639757661161	0.7842085361480713
6531.68121682816	0.7839547395706177
6531.72267599516	0.7832955121994019
6531.7641351621605	0.7826626896858215
6531.80559432916	0.7821782231330872
6531.847053496161	0.7816901803016663
6531.88851266316	0.7811089754104614
6531.92997183016	0.7804890871047974
6531.9714309971605	0.7797026634216309
6532.01289016416	0.7781457901000977
6532.054349331161	0.7749223709106445
6532.09580849816	0.7693345546722412
6532.13726766516	0.7612138390541077
6532.1787268321605	0.7509682178497314
6532.22018599916	0.739576518535614
6532.261645166161	0.7286258935928345
6532.30310433316	0.7201470136642456
6532.34456350016	0.7160638570785522
6532.38602266716	0.7174359560012817
6532.42748183416	0.723969042301178
6532.468941001161	0.7341471314430237
6532.51040016816	0.7458285689353943
6532.55185933516	0.756939709186554
6532.59331850216	0.7660377621650696
6532.63477766916	0.7726137042045593
6532.676236836161	0.7769923806190491
6532.71769600316	0.7798731923103333
6532.759155170161	0.7818651795387268
6532.80061433716	0.7833191752433777
6532.84207350416	0.7844555377960205
6532.8835326711605	0.7855043411254883
6532.92499183816	0.7866314649581909
6532.966451005161	0.7877679467201233
6533.00791017216	0.788591206073761
6533.04936933916	0.7887372374534607
6533.0908285061605	0.7880607843399048
6533.13228767316	0.7867298722267151
6533.173746840161	0.7851701974868774
6533.21520600716	0.7839444875717163
6533.25666517416	0.783543586730957
6533.2981243411605	0.7841179966926575
6533.33958350816	0.7853682637214661
6533.381042675161	0.7867379784584045
6533.42250184216	0.7877323031425476
6533.46396100916	0.7881083488464355
6533.50542017616	0.7879040241241455
6533.54687934316	0.7873530387878418
6533.588338510161	0.7866513729095459
6533.62979767716	0.7857010960578918
6533.67125684416	0.7841360569000244
6533.71271601116	0.7816357612609863
6533.75417517816	0.7781559228897095
6533.795634345161	0.7738442420959473
6533.83709351216	0.76882404088974
6533.87855267916	0.763231098651886
6533.92001184616	0.7575993537902832
6533.96147101316	0.7530690431594849
6534.002930180161	0.7509048581123352
6534.04438934716	0.7516467571258545
6534.085848514161	0.7547526955604553
6534.12730768116	0.7590957880020142
6534.16876684816	0.7637563943862915
6534.2102260151605	0.7683148384094238
6534.25168518216	0.7725545167922974
6534.293144349161	0.7761776447296143
6534.33460351616	0.7788951992988586
6534.37606268316	0.7806395292282104
6534.4175218501605	0.7816075086593628
6534.45898101716	0.7821101546287537
6534.500440184161	0.7823548316955566
6534.54189935116	0.7823493480682373
6534.58335851816	0.7820008993148804
6534.62481768516	0.7812843322753906
6534.66627685216	0.7803317904472351
6534.707736019161	0.7794115543365479
6534.74919518616	0.7788318991661072
6534.79065435316	0.7788152098655701
6534.83211352016	0.7793936133384705
6534.87357268716	0.7803785800933838
6534.915031854161	0.7814409732818604
6534.95649102116	0.7822807431221008
6534.99795018816	0.7827836275100708
6535.03940935516	0.7830553650856018
6535.08086852216	0.7833295464515686
6535.122327689161	0.7838369607925415
6535.16378685616	0.7847106456756592
6535.205246023161	0.7859551310539246
6535.24670519016	0.7875185608863831
6535.28816435716	0.7893815040588379
6535.3296235241605	0.7914713025093079
6535.37108269116	0.7934693098068237
6535.412541858161	0.7948352098464966
6535.45400102516	0.7951661944389343
6535.49546019216	0.7945765256881714
6535.5369193591605	0.7936667203903198
6535.57837852616	0.7930617332458496
6535.619837693161	0.7929596900939941
6535.66129686016	0.793055534362793
6535.70275602716	0.7928240895271301
6535.7442151941605	0.7919429540634155
6535.78567436116	0.790565550327301
6535.827133528161	0.7892153263092041
6535.86859269516	0.7883924245834351
6535.91005186216	0.7882203459739685
6535.95151102916	0.7884085774421692
6535.99297019616	0.7885719537734985
6536.034429363161	0.7886078953742981
6536.07588853016	0.7887415885925293
6536.11734769716	0.7892313003540039
6536.15880686416	0.7900815606117249
6536.20026603116	0.7910499572753906
6536.241725198161	0.7918998003005981
6536.28318436516	0.7925744652748108
6536.32464353216	0.7930905818939209
6536.36610269916	0.7933178544044495
6536.40756186616	0.7928993701934814
6536.4490210331605	0.7913905382156372
6536.49048020016	0.7885310053825378
6536.531939367161	0.784465491771698
6536.57339853416	0.7797650098800659
6536.61485770116	0.7752524614334106
6536.6563168681605	0.7717467546463013
6536.69777603516	0.7698460817337036
6536.739235202161	0.7698309421539307
6536.78069436916	0.7716754078865051
6536.82215353616	0.7750923037528992
6536.8636127031605	0.7795721888542175
6536.90507187016	0.7844051122665405
6536.946531037161	0.788763701915741
6536.98799020416	0.7919685244560242
6537.02944937116	0.7938165664672852
6537.07090853816	0.7946616411209106
6537.11236770516	0.7951091527938843
6537.153826872161	0.795565664768219
6537.19528603916	0.7960453629493713
6537.23674520616	0.7963724732398987
6537.27820437316	0.7965021729469299
6537.31966354016	0.7966330051422119
6537.361122707161	0.7970572113990784
6537.40258187416	0.7978737354278564
6537.44404104116	0.7988108396530151
6537.48550020816	0.7993953824043274
6537.52695937516	0.7993615865707397
6537.5684185421605	0.7989170551300049
6537.60987770916	0.798612117767334
6537.651336876161	0.7988860011100769
6537.69279604316	0.7996890544891357
6537.73425521016	0.8005998134613037
6537.7757143771605	0.8012917041778564
6537.81717354416	0.8017347455024719
6537.858632711161	0.801921010017395
6537.90009187816	0.8015872240066528
6537.94155104516	0.8004103899002075
6537.9830102121605	0.7985113859176636
6538.02446937916	0.7965997457504272
6538.065928546161	0.7954655885696411
6538.10738771316	0.795347273349762
6538.14884688016	0.7958224415779114
6538.19030604716	0.7962392568588257
6538.23176521416	0.7962612509727478
6538.273224381161	0.7960889935493469
6538.31468354816	0.7961812019348145
6538.35614271516	0.7967735528945923
6538.39760188216	0.7977156639099121
6538.43906104916	0.7987212538719177
6538.480520216161	0.7996415495872498
6538.52197938316	0.8004545569419861
6538.56343855016	0.8011001944541931
6538.60489771716	0.8014593124389648
6538.64635688416	0.8014564514160156
6538.687816051161	0.8010580539703369
6538.72927521816	0.8002032041549683
6538.77073438516	0.7988955974578857
6538.81219355216	0.7974162101745605
6538.85365271916	0.796337366104126
6538.8951118861605	0.7962049841880798
6538.93657105316	0.7971625924110413
6538.978030220161	0.7988424897193909
6539.01948938716	0.800584614276886
6539.06094855416	0.8018125295639038
6539.1024077211605	0.8023095726966858
6539.14386688816	0.8022212386131287
6539.185326055161	0.8018418550491333
6539.22678522216	0.8013735413551331
6539.26824438916	0.8008058071136475
6539.3097035561605	0.800010621547699
6539.35116272316	0.7989704012870789
6539.392621890161	0.7978373765945435
6539.43408105716	0.7967446446418762
6539.47554022416	0.7956996560096741
6539.51699939116	0.7947695851325989
6539.55845855816	0.7942795753479004
6539.599917725161	0.7946463823318481
6539.64137689216	0.7959301471710205
6539.68283605916	0.7976295351982117
6539.72429522616	0.7990325093269348
6539.76575439316	0.7997785806655884
6539.807213560161	0.8000684976577759
6539.84867272716	0.8003848791122437
6539.89013189416	0.8010563850402832
6539.93159106116	0.8020520806312561
6539.97305022816	0.8030940294265747
6540.0145093951605	0.8038707971572876
6540.05596856216	0.8041850924491882
6540.097427729161	0.8040519952774048
6540.13888689616	0.8036975264549255
6540.18034606316	0.8033847808837891
6540.2218052301605	0.8032231330871582
6540.26326439716	0.8031712770462036
6540.304723564161	0.8031728863716125
6540.34618273116	0.8032153844833374
6540.38764189816	0.8032757043838501
6540.4291010651605	0.803305983543396
6540.47056023216	0.8033167123794556
6540.512019399161	0.8034238815307617
6540.55347856616	0.8037787079811096
6540.59493773316	0.8044548630714417
6540.63639690016	0.8053725957870483
6540.67785606716	0.8062982559204102
6540.719315234161	0.8069671392440796
6540.76077440116	0.8072746992111206
6540.80223356816	0.807356059551239
6540.84369273516	0.8074610233306885
6540.88515190216	0.8077331781387329
6540.926611069161	0.8080952763557434
6540.96807023616	0.8083757758140564
6541.00952940316	0.8085529208183289
6541.05098857016	0.8087752461433411
6541.09244773716	0.8091018199920654
6541.1339069041605	0.80938321352005
6541.17536607116	0.8095211386680603
6541.21682523816	0.8096697926521301
6541.25828440516	0.809958815574646
6541.29974357216	0.8101232051849365
6541.3412027391605	0.8096826076507568
6541.38266190616	0.8085073232650757
6541.424121073161	0.8070071935653687
6541.46558024016	0.8057643175125122
6541.50703940716	0.8051673769950867
6541.5484985741605	0.805340588092804
6541.58995774116	0.8061434626579285
6541.631416908161	0.807170569896698
6541.67287607516	0.807944118976593
6541.71433524216	0.8082237243652344
6541.75579440916	0.8081035017967224
6541.79725357616	0.8078095316886902
6541.838712743161	0.807440459728241
6541.88017191016	0.8068854212760925
6541.92163107716	0.8059067726135254
6541.96309024416	0.8042566180229187
6542.00454941116	0.8017536401748657
6542.046008578161	0.798321545124054
6542.08746774516	0.7940211892127991
6542.12892691216	0.7890881299972534
6542.17038607916	0.7839480638504028
6542.21184524616	0.7792124152183533
6542.253304413161	0.7756491303443909
6542.29476358016	0.7740713953971863
6542.33622274716	0.7750914096832275
6542.37768191416	0.7787877917289734
6542.41914108116	0.7845107316970825
6542.4606002481605	0.7910336852073669
6542.50205941516	0.7970234751701355
6542.543518582161	0.8015950918197632
6542.58497774916	0.8046197891235352
6542.62643691616	0.8065548539161682
6542.6678960831605	0.8079242706298828
6542.70935525016	0.8089080452919006
6542.750814417161	0.8093626499176025
6542.79227358416	0.8091513514518738
6542.83373275116	0.8084129691123962
6542.87519191816	0.8075757622718811
6542.91665108516	0.8071961998939514
6542.958110252161	0.807698130607605
6542.99956941916	0.8090869784355164
6543.04102858616	0.8108973503112793
6543.08248775316	0.8125237822532654
6543.12394692016	0.8136487007141113
6543.165406087161	0.8143413066864014
6543.20686525416	0.8147768378257751
6543.24832442116	0.8149404525756836
6543.28978358816	0.8146369457244873
6543.33124275516	0.8137152791023254
6543.372701922161	0.8122326135635376
6543.41416108916	0.8104212284088135
6543.45562025616	0.8084902167320251
6543.49707942316	0.8064071536064148
6543.53853859016	0.8038067817687988
6543.5799977571605	0.8000457286834717
6543.62145692416	0.7943523526191711
6543.66291609116	0.7860620617866516
6543.70437525816	0.7748597264289856
6543.74583442516	0.7610061168670654
6543.7872935921605	0.7457030415534973
6543.82875275916	0.7313967347145081
6543.870211926161	0.7214069366455078
6543.91167109316	0.7186676263809204
6543.95313026016	0.7242779731750488
6543.9945894271605	0.7369459867477417
6544.03604859416	0.7536853551864624
6544.077507761161	0.771130383014679
6544.11896692816	0.786607027053833
6544.16042609516	0.7986307144165039
6544.20188526216	0.8069570660591125
6544.24334442916	0.8122984766960144
6544.284803596161	0.815785825252533
6544.32626276316	0.8183615803718567
6544.36772193016	0.8204678893089294
6544.40918109716	0.8222163915634155
6544.45064026416	0.8236683011054993
6544.492099431161	0.8248274326324463
6544.53355859816	0.8255197405815125
6544.57501776516	0.8255480527877808
6544.61647693216	0.8250399827957153
6544.65793609916	0.8244959712028503
6544.6993952661605	0.8244094848632812
6544.74085443316	0.8248886466026306
6544.78231360016	0.8256153464317322
6544.82377276716	0.8260805606842041
6544.86523193416	0.8259238004684448
6544.9066911011605	0.8252145648002625
6544.94815026816	0.824495792388916
6544.989609435161	0.8245022892951965
6545.03106860216	0.825657308101654
6545.07252776916	0.827696681022644
6545.1139869361605	0.829820454120636
6545.15544610316	0.8313161134719849
6545.196905270161	0.8320441246032715
6545.23836443716	0.8323408961296082
6545.27982360416	0.8325835466384888
6545.32128277116	0.8329482078552246
6545.36274193816	0.8334779143333435
6545.404201105161	0.8341463804244995
6545.44566027216	0.8347939252853394
6545.48711943916	0.8351409435272217
6545.52857860616	0.8349329829216003
6545.57003777316	0.8340333700180054
6545.611496940161	0.832392692565918
6545.65295610716	0.8300430178642273
6545.69441527416	0.8272462487220764
6545.73587444116	0.8246365785598755
6545.77733360816	0.823066234588623
6545.818792775161	0.8231570720672607
6545.86025194216	0.8249040246009827
6545.90171110916	0.8276942372322083
6545.94317027616	0.8307507634162903
6545.98462944316	0.8335997462272644
6546.0260886101605	0.8361451029777527
6546.06754777716	0.8383997678756714
6546.109006944161	0.8402711749076843
6546.15046611116	0.84161376953125
6546.19192527816	0.8423731923103333
6546.2333844451605	0.8425994515419006
6546.27484361216	0.8424140810966492
6546.316302779161	0.8420879244804382
6546.35776194616	0.8420658111572266
6546.39922111316	0.8427173495292664
6546.44068028016	0.8440035581588745
6546.48213944716	0.8454713821411133
6546.523598614161	0.8466068506240845
6546.56505778116	0.8471617102622986
6546.60651694816	0.8471931219100952
6546.64797611516	0.8469176292419434
6546.68943528216	0.8465502858161926
6546.730894449161	0.8462009429931641
6546.77235361616	0.8458911180496216
6546.81381278316	0.8456642627716064
6546.85527195016	0.8456360101699829
6546.89673111716	0.8459181785583496
6546.938190284161	0.8465198278427124
6546.97964945116	0.8473442196846008
6547.02110861816	0.8482787609100342
6547.06256778516	0.8492625951766968
6547.10402695216	0.8502458930015564
6547.1454861191605	0.8511102199554443
6547.18694528616	0.8516918420791626
6547.22840445316	0.851896345615387
6547.26986362016	0.8517270088195801
6547.31132278716	0.8511517643928528
6547.3527819541605	0.8499876856803894
6547.39424112116	0.8479677438735962
6547.435700288161	0.8448484539985657
6547.47715945516	0.8404256701469421
6547.51861862216	0.8346309661865234
6547.5600777891605	0.8278236389160156
6547.60153695616	0.8209862112998962
6547.642996123161	0.8154680728912354
6547.68445529016	0.8124224543571472
6547.72591445716	0.812414824962616
6547.76737362416	0.8153948187828064
6547.80883279116	0.8208385705947876
6547.850291958161	0.8278878927230835
6547.89175112516	0.8355152606964111
6547.93321029216	0.8427027463912964
6547.97466945916	0.8485884070396423
6548.01612862616	0.8526082634925842
6548.057587793161	0.8546220660209656
6548.09904696016	0.8549281358718872
6548.14050612716	0.8541010022163391
6548.18196529416	0.8527383804321289
6548.22342446116	0.851241946220398
6548.2648836281605	0.8496658802032471
6548.30634279516	0.847618818283081
6548.34780196216	0.8442726731300354
6548.38926112916	0.8386170864105225
6548.43072029616	0.8299117088317871
6548.4721794631605	0.8182078003883362
6548.51363863016	0.8048778176307678
6548.555097797161	0.7927301526069641
6548.59655696416	0.7851808071136475
6548.63801613116	0.7846764326095581
6548.6794752981605	0.7914329171180725
6548.72093446516	0.8034549951553345
6548.762393632161	0.8176782131195068
6548.80385279916	0.831282913684845
6548.84531196616	0.8424704074859619
6548.88677113316	0.850659191608429
6548.92823030016	0.8562538623809814
6548.969689467161	0.8600990772247314
6549.01114863416	0.8629496693611145
6549.05260780116	0.8652492165565491
6549.09406696816	0.8672164678573608
6549.13552613516	0.869036078453064
6549.176985302161	0.8709500432014465
6549.21844446916	0.8731890916824341
6549.25990363616	0.8757867217063904
6549.30136280316	0.8784693479537964
6549.34282197016	0.8808290958404541
6549.3842811371605	0.8826723098754883
6549.42574030416	0.8842082619667053
6549.46719947116	0.8858652114868164
6549.50865863816	0.8878681659698486
6549.55011780516	0.8899778723716736
6549.5915769721605	0.8916410207748413
6549.63303613916	0.892402708530426
6549.674495306161	0.8922457695007324
6549.71595447316	0.891625702381134
6549.75741364016	0.8912068009376526
6549.7988728071605	0.8914936184883118
6549.84033197416	0.8925542831420898
6549.881791141161	0.8939897418022156
6549.92325030816	0.8952280282974243
6549.96470947516	0.895965576171875
6550.00616864216	0.896367609500885
6550.04762780916	0.8968601226806641
6550.089086976161	0.8977598547935486
6550.13054614316	0.8991057872772217
6550.17200531016	0.900767982006073
6550.21346447716	0.9026238322257996
6550.25492364416	0.9046728610992432
6550.296382811161	0.9070314764976501
6550.33784197816	0.9097149968147278
6550.37930114516	0.9123951196670532
6550.42076031216	0.9145221710205078
6550.46221947916	0.9157787561416626
6550.503678646161	0.9163537621498108
6550.54513781316	0.9167128205299377
6550.58659698016	0.9171637892723083
6550.62805614716	0.9176962971687317
6550.66951531416	0.9181265234947205
6550.7109744811605	0.9182755947113037
6550.75243364816	0.9181097149848938
6550.79389281516	0.9178629517555237
6550.83535198216	0.9179977178573608
6550.87681114916	0.9189328551292419
6550.9182703161605	0.9207670092582703
6550.95972948316	0.9232330918312073
6551.001188650161	0.9258477091789246
6551.04264781716	0.9281248450279236
6551.08410698416	0.9298009872436523
6551.1255661511605	0.9309824109077454
6551.16702531816	0.9320557117462158
6551.208484485161	0.9333695769309998
6551.24994365216	0.9349498748779297
6551.29140281916	0.9365081787109375
6551.33286198616	0.9377196431159973
6551.37432115316	0.9384899139404297
6551.415780320161	0.9389929175376892
6551.45723948716	0.9394964575767517
6551.49869865416	0.9401315450668335
6551.54015782116	0.9407814741134644
6551.58161698816	0.941172182559967
6551.623076155161	0.9410966634750366
6551.66453532216	0.9406219124794006
6551.70599448916	0.9401440620422363
6551.74745365616	0.9402500987052917
6551.78891282316	0.941398024559021
6551.8303719901605	0.9435365796089172
6551.87183115716	0.9459887146949768
6551.91329032416	0.9478319883346558
6551.95474949116	0.948542058467865
6551.99620865816	0.9483500719070435
6552.0376678251605	0.948001503944397
6552.07912699216	0.9481545090675354
6552.120586159161	0.9489334225654602
6552.16204532616	0.9499021172523499
6552.20350449316	0.9503193497657776
6552.2449636601605	0.9494267106056213
6552.28642282716	0.946633517742157
6552.327881994161	0.941577136516571
6552.36934116116	0.9340638518333435
6552.41080032816	0.9239341020584106
6552.45225949516	0.9111867547035217
6552.49371866216	0.8965827226638794
6552.535177829161	0.8822439908981323
6552.57663699616	0.8714501261711121
6552.61809616316	0.8673745393753052
6552.65955533016	0.8715212941169739
6552.70101449716	0.8830474615097046
6552.742473664161	0.899389922618866
6552.78393283116	0.9175572395324707
6552.82539199816	0.935171902179718
6552.86685116516	0.9508682489395142
6552.90831033216	0.964169979095459
6552.9497694991605	0.9751532077789307
6552.99122866616	0.9840725660324097
6553.03268783316	0.9910693764686584
6553.07414700016	0.9961806535720825
6553.11560616716	0.9996223449707031
6553.1570653341605	1.0019868612289429
6553.19852450116	1.0040607452392578
6553.23998366816	1.0063884258270264
6553.28144283516	1.0090231895446777
6553.32290200216	1.0116878747940063
6553.3643611691605	1.014098882675171
6553.40582033616	1.0160958766937256
6553.447279503161	1.0175018310546875
6553.48873867016	1.0179740190505981
6553.53019783716	1.0170886516571045
6553.57165700416	1.014595866203308
6553.61311617116	1.010672688484192
6553.654575338161	1.0060940980911255
6553.69603450516	1.0022087097167969
6553.73749367216	1.0005778074264526
6553.77895283916	1.002360463142395
6553.82041200616	1.0078086853027344
6553.861871173161	1.0161575078964233
6553.90333034016	1.0259196758270264
6553.94478950716	1.0354686975479126
6553.98624867416	1.0436890125274658
6554.02770784116	1.0503337383270264
6554.069167008161	1.0558359622955322
6554.11062617516	1.0607551336288452
6554.15208534216	1.0653440952301025
6554.19354450916	1.069521188735962
6554.23500367616	1.0731176137924194
6554.2764628431605	1.0761085748672485
6554.31792201016	1.078694224357605
6554.35938117716	1.081225872039795
6554.40084034416	1.0840057134628296
6554.44229951116	1.0871169567108154
6554.4837586781605	1.090444803237915
6554.52521784516	1.093847393989563
6554.566677012161	1.0972950458526611
6554.60813617916	1.1009081602096558
6554.64959534616	1.104933261871338
6554.69105451316	1.109617829322815
6554.73251368016	1.1149617433547974
6554.773972847161	1.120577096939087
6554.81543201416	1.1259008646011353
6554.85689118116	1.130584955215454
6554.89835034816	1.1346617937088013
6554.93980951516	1.1384531259536743
6554.981268682161	1.1424634456634521
6555.02272784916	1.147217035293579
6555.06418701616	1.15290367603302
6555.10564618316	1.1591635942459106
6555.14710535016	1.1654038429260254
6555.188564517161	1.1713379621505737
6555.23002368416	1.177103042602539
6555.27148285116	1.1828938722610474
6555.31294201816	1.1886870861053467
6555.35440118516	1.1944087743759155
6555.3958603521605	1.200209379196167
6555.43731951916	1.2063997983932495
6555.47877868616	1.2131489515304565
6555.52023785316	1.220324158668518
6555.56169702016	1.2276275157928467
6555.6031561871605	1.2348915338516235
6555.64461535416	1.2422363758087158
6555.68607452116	1.2498759031295776
6555.72753368816	1.2577852010726929
6555.76899285516	1.2656826972961426
6555.8104520221605	1.2733688354492188
6555.85191118916	1.2809977531433105
6555.893370356161	1.2889478206634521
6555.93482952316	1.2974106073379517
6555.97628869016	1.3061516284942627
6556.01774785716	1.3147205114364624
6556.05920702416	1.3228410482406616
6556.100666191161	1.3305343389511108
6556.14212535816	1.3379470109939575
6556.18358452516	1.345213532447815
6556.22504369216	1.3525331020355225
6556.26650285916	1.3603094816207886
6556.307962026161	1.36906099319458
6556.34942119316	1.3790736198425293
6556.39088036016	1.3901431560516357
6556.43233952716	1.4016731977462769
6556.47379869416	1.413029432296753
6556.5152578611605	1.4238859415054321
6556.55671702816	1.4343551397323608
6556.59817619516	1.4448221921920776
6556.63963536216	1.455600619316101
6556.68109452916	1.466637134552002
6556.7225536961605	1.4774633646011353
6556.76401286316	1.4874540567398071
6556.80547203016	1.4961786270141602
6556.84693119716	1.503520131111145
6556.88839036416	1.5094724893569946
6556.9298495311605	1.5138357877731323
6556.97130869816	1.5162533521652222
6557.012767865161	1.5167944431304932
6557.05422703216	1.5166529417037964
6557.09568619916	1.518334150314331
6557.13714536616	1.5249449014663696
6557.17860453316	1.5387701988220215
6557.220063700161	1.5600429773330688
6557.26152286716	1.5868557691574097
6557.30298203416	1.6162793636322021
6557.34444120116	1.645786166191101
6557.38590036816	1.6740221977233887
6557.427359535161	1.7007114887237549
6557.46881870216	1.726105809211731
6557.51027786916	1.7503654956817627
6557.55173703616	1.773175835609436
6557.59319620316	1.7940043210983276
6557.6346553701605	1.8127837181091309
6557.67611453716	1.8301451206207275
6557.71757370416	1.84687077999115
6557.75903287116	1.863232970237732
6557.80049203816	1.8789938688278198
6557.8419512051605	1.8939770460128784
6557.88341037216	1.9084138870239258
6557.92486953916	1.9226973056793213
6557.96632870616	1.937057375907898
6558.00778787316	1.9516762495040894
6558.0492470401605	1.9671282768249512
6558.09070620716	1.9846529960632324
6558.13216537416	2.005812883377075
6558.17362454116	2.031651258468628
6558.21508370816	2.0619747638702393
6558.25654287516	2.095200777053833
6558.29800204216	2.128876209259033
6558.339461209161	2.16068434715271
6558.38092037616	2.1893720626831055
6558.42237954316	2.2149336338043213
6558.46383871016	2.2381017208099365
6558.50529787716	2.259828805923462
6558.546757044161	2.281151533126831
6558.58821621116	2.303227424621582
6558.62967537816	2.3271052837371826
6558.67113454516	2.3532614707946777
6558.71259371216	2.3813633918762207
6558.754052879161	2.4104719161987305
6558.79551204616	2.4394729137420654
6558.83697121316	2.467439651489258
6558.87843038016	2.4938466548919678
6558.91988954716	2.5187275409698486
6558.9613487141605	2.542728900909424
6559.00280788116	2.566840410232544
6559.04426704816	2.5918943881988525
6559.08572621516	2.618295431137085
6559.12718538216	2.6459765434265137
6559.1686445491605	2.674187660217285
6559.21010371616	2.7014527320861816
6559.25156288316	2.7263541221618652
6559.29302205016	2.748697280883789
6559.33448121716	2.769726276397705
6559.3759403841605	2.790947914123535
6559.41739955116	2.812777280807495
6559.458858718161	2.8344085216522217
6559.50031788516	2.8548171520233154
6559.54177705216	2.8736085891723633
6559.58323621916	2.891003370285034
6559.62469538616	2.9073660373687744
6559.666154553161	2.9228978157043457
6559.70761372016	2.9376561641693115
6559.74907288716	2.9516477584838867
6559.79053205416	2.9647696018218994
6559.83199122116	2.976794958114624
6559.873450388161	2.987624168395996
6559.91490955516	2.9975647926330566
6559.95636872216	3.0072054862976074
6559.99782788916	3.016947031021118
6560.03928705616	3.026747703552246
6560.0807462231605	3.036381959915161
6560.12220539016	3.0458343029022217
6560.16366455716	3.055262804031372
6560.20512372416	3.0644898414611816
6560.24658289116	3.0726706981658936
6560.2880420581605	3.078723669052124
6560.32950122516	3.0822744369506836
6560.37096039216	3.0845446586608887
6560.41241955916	3.0886378288269043
6560.45387872616	3.0986521244049072
6560.4953378931605	3.117743968963623
6560.53679706016	3.1464381217956543
6560.57825622716	3.1825244426727295
6560.61971539416	3.2224316596984863
6560.66117456116	3.2628066539764404
6560.70263372816	3.3014109134674072
6560.74409289516	3.3373143672943115
6560.785552062161	3.37052845954895
6560.82701122916	3.401155948638916
6560.86847039616	3.4286625385284424
6560.90992956316	3.4521124362945557
6560.95138873016	3.47141432762146
6560.992847897161	3.488407611846924
6561.03430706416	3.5065770149230957
6561.07576623116	3.529400587081909
6561.11722539816	3.558415174484253
6561.15868456516	3.5923144817352295
6561.2001437321605	3.627781629562378
6561.24160289916	3.6614162921905518
6561.28306206616	3.6912155151367188
6561.32452123316	3.7166991233825684
6561.36598040016	3.73806095123291
6561.4074395671605	3.7553234100341797
6561.44889873416	3.768134355545044
6561.49035790116	3.7760884761810303
6561.53181706816	3.7791807651519775
6561.57327623516	3.778155565261841
6561.6147354021605	3.774531841278076
6561.65619456916	3.7701263427734375
6561.69765373616	3.766263246536255
6561.73911290316	3.763231039047241
6561.78057207016	3.7604281902313232
6561.82203123716	3.757124662399292
6561.86349040416	3.7533087730407715
6561.904949571161	3.7499077320098877
6561.94640873816	3.7481000423431396
6561.98786790516	3.7483103275299072
6562.02932707216	3.749730348587036
6562.07078623916	3.750770092010498
6562.112245406161	3.750316619873047
6562.15370457316	3.748690128326416
6562.19516374016	3.7469146251678467
6562.23662290716	3.745025873184204
6562.27808207416	3.741797685623169
6562.319541241161	3.736483573913574
6562.36100040816	3.730438709259033
6562.40245957516	3.7264580726623535
6562.44391874216	3.726454257965088
6562.48537790916	3.730095386505127
6562.5268370761605	3.735529899597168
6562.56829624316	3.740889310836792
6562.60975541016	3.7451882362365723
6562.65121457716	3.7484259605407715
6562.69267374416	3.751138925552368
6562.7341329111605	3.7537548542022705
6562.77559207816	3.7561087608337402
6562.81705124516	3.7573800086975098
6562.85851041216	3.7566323280334473
6562.89996957916	3.7535998821258545
6562.94142874616	3.74885892868042
6562.98288791316	3.743182897567749
6563.024347080161	3.736905336380005
6563.06580624716	3.729832172393799
6563.10726541416	3.7212958335876465
6563.14872458116	3.7100367546081543
6563.19018374816	3.6943843364715576
6563.231642915161	3.67303466796875
6563.27310208216	3.64574933052063
6563.31456124916	3.61336088180542
6563.35602041616	3.577406883239746
6563.39747958316	3.540058135986328
6563.438938750161	3.5042741298675537
6563.48039791716	3.4732885360717773
6563.52185708416	3.4491512775421143
6563.56331625116	3.431391716003418
6563.60477541816	3.4170663356781006
6563.6462345851605	3.4023540019989014
6563.68769375216	3.3844518661499023
6563.72915291916	3.3623430728912354
6563.77061208616	3.3362274169921875
6563.81207125316	3.3063859939575195
6563.8535304201605	3.2722275257110596
6563.89498958716	3.2322030067443848
6563.93644875416	3.1849656105041504
6563.97790792116	3.130985736846924
6564.01936708816	3.073233127593994
6564.0608262551605	3.016547441482544
6564.10228542216	2.966468334197998
6564.14374458916	2.9282379150390625
6564.18520375616	2.9059197902679443
6564.22666292316	2.9013545513153076
6564.26812209016	2.91336989402771
6564.30958125716	2.9378178119659424
6564.351040424161	2.9684479236602783
6564.39249959116	2.9983832836151123
6564.43395875816	3.0218260288238525
6564.47541792516	3.035433292388916
6564.51687709216	3.0387463569641113
6564.558336259161	3.033592939376831
6564.59979542616	3.0229296684265137
6564.64125459316	3.009537935256958
6564.68271376016	2.9950003623962402
6564.72417292716	2.97949481010437
6564.7656320941605	2.962529182434082
6564.80709126116	2.9439475536346436
6564.84855042816	2.9242942333221436
6564.89000959516	2.9042177200317383
6564.93146876216	2.883639097213745
6564.9729279291605	2.8619396686553955
6565.01438709616	2.839142084121704
6565.05584626316	2.8164429664611816
6565.09730543016	2.7951643466949463
6565.13876459716	2.7752771377563477
6565.1802237641605	2.755253553390503
6565.22168293116	2.7333855628967285
6565.26314209816	2.7090110778808594
6565.30460126516	2.682511329650879
6565.34606043216	2.6546759605407715
6565.38751959916	2.6265087127685547
6565.42897876616	2.5993030071258545
6565.470437933161	2.574179172515869
6565.51189710016	2.551196813583374
6565.55335626716	2.529052734375
6565.59481543416	2.505960702896118
6565.63627460116	2.4810328483581543
6565.677733768161	2.4548187255859375
6565.71919293516	2.428591251373291
6565.76065210216	2.403291702270508
6565.80211126916	2.3790667057037354
6565.84357043616	2.3554062843322754
6565.885029603161	2.331486463546753
6565.92648877016	2.306575059890747
6565.96794793716	2.2804391384124756
6566.00940710416	2.253553628921509
6566.05086627116	2.2268729209899902
6566.0923254381605	2.2012176513671875
6566.13378460516	2.1767585277557373
6566.17524377216	2.153055191040039
6566.21670293916	2.129526376724243
6566.25816210616	2.1058473587036133
6566.2996212731605	2.0820207595825195
6566.34108044016	2.0582501888275146
6566.38253960716	2.0347442626953125
6566.42399877416	2.0115163326263428
6566.46545794116	1.9883754253387451
6566.50691710816	1.965171217918396
6566.54837627516	1.9420175552368164
6566.589835442161	1.919312596321106
6566.63129460916	1.8977019786834717
6566.67275377616	1.8779782056808472
6566.71421294316	1.8606970310211182
6566.75567211016	1.8456138372421265
6566.797131277161	1.8314851522445679
6566.83859044416	1.8166532516479492
6566.88004961116	1.800063133239746
6566.92150877816	1.7818272113800049
6566.96296794516	1.7628923654556274
6567.004427112161	1.744225025177002
6567.04588627916	1.726223349571228
6567.08734544616	1.7087185382843018
6567.12880461316	1.6914288997650146
6567.17026378016	1.6743578910827637
6567.2117229471605	1.6577939987182617
6567.25318211416	1.6420011520385742
6567.29464128116	1.6268627643585205
6567.33610044816	1.61183762550354
6567.37755961516	1.596403956413269
6567.4190187821605	1.5806151628494263
6567.46047794916	1.5651811361312866
6567.50193711616	1.5509517192840576
6567.54339628316	1.5382659435272217
6567.58485545016	1.5267276763916016
6567.6263146171605	1.5154972076416016
6567.66777378416	1.503803014755249
6567.70923295116	1.4913837909698486
6567.75069211816	1.4786138534545898
6567.79215128516	1.4661834239959717
6567.83361045216	1.4545644521713257
6567.87506961916	1.4437052011489868
6567.916528786161	1.433144450187683
6567.95798795316	1.4223699569702148
6567.99944712016	1.4110965728759766
6568.04090628716	1.3993252515792847
6568.08236545416	1.3873125314712524
6568.123824621161	1.3755329847335815
6568.16528378816	1.364511489868164
6568.20674295516	1.3545061349868774
6568.24820212216	1.3452812433242798
6568.28966128916	1.336240291595459
6568.3311204561605	1.326897144317627
6568.37257962316	1.3172622919082642
6568.41403879016	1.3076978921890259
6568.45549795716	1.2983639240264893
6568.49695712416	1.288864016532898
6568.5384162911605	1.2784626483917236
6568.57987545816	1.2666808366775513
6568.62133462516	1.2537462711334229
6568.66279379216	1.2405089139938354
6568.70425295916	1.2279657125473022
6568.7457121261605	1.2168959379196167
6568.78717129316	1.2078057527542114
6568.82863046016	1.2009531259536743
6568.87008962716	1.1962671279907227
6568.91154879416	1.1932520866394043
6568.95300796116	1.1910878419876099
6568.99446712816	1.1889262199401855
6569.035926295161	1.1861364841461182
6569.07738546216	1.1823384761810303
6569.11884462916	1.177350640296936
6569.16030379616	1.1712462902069092
6569.20176296316	1.164435625076294
6569.243222130161	1.1575225591659546
6569.28468129716	1.1509647369384766
6569.32614046416	1.144896388053894
6569.36759963116	1.1393067836761475
6569.40905879816	1.134306788444519
6569.4505179651605	1.1301026344299316
6569.49197713216	1.1267203092575073
6569.53343629916	1.1238621473312378
6569.57489546616	1.1210358142852783
6569.61635463316	1.1177695989608765
6569.6578138001605	1.1137899160385132
6569.69927296716	1.1091508865356445
6569.74073213416	1.1042243242263794
6569.78219130116	1.0994900465011597
6569.82365046816	1.0952732563018799
6569.8651096351605	1.091633915901184
6569.90656880216	1.0884557962417603
6569.94802796916	1.0855740308761597
6569.98948713616	1.082787036895752
6570.03094630316	1.0798141956329346
6570.07240547016	1.0763493776321411
6570.11386463716	1.0722261667251587
6570.15532380416	1.0675731897354126
6570.19678297116	1.0627689361572266
6570.23824213816	1.0581778287887573
6570.27970130516	1.0539158582687378
6570.32116047216	1.0498836040496826
6570.362619639161	1.045967698097229
6570.40407880616	1.0421513319015503
6570.44553797316	1.0384306907653809
6570.48699714016	1.0346717834472656
6570.52845630716	1.0306627750396729
6570.569915474161	1.0263978242874146
6570.61137464116	1.0222426652908325
6570.65283380816	1.0186964273452759
6570.69429297516	1.0159518718719482
6570.73575214216	1.0137121677398682
6570.7772113091605	1.0114115476608276
6570.81867047616	1.008548617362976
6570.86012964316	1.0049073696136475
6570.90158881016	1.0007168054580688
6570.94304797716	0.9967061877250671
6570.9845071441605	0.9938205480575562
6571.02596631116	0.9926044344902039
6571.06742547816	0.99274742603302
6571.10888464516	0.993248462677002
6571.15034381216	0.9930552244186401
6571.1918029791605	0.9916331768035889
6571.23326214616	0.989102303981781
6571.27472131316	0.9860007762908936
6571.31618048016	0.9829203486442566
6571.35763964716	0.9802079200744629
6571.39909881416	0.9778339266777039
6571.44055798116	0.9754517674446106
6571.482017148161	0.9726433753967285
6571.52347631516	0.9692328572273254
6571.56493548216	0.9654287695884705
6571.60639464916	0.9616518616676331
6571.64785381616	0.9581863284111023
6571.689312983161	0.9549623131752014
6571.73077215016	0.9515928626060486
6571.77223131716	0.9474893808364868
6571.81369048416	0.9419179558753967
6571.85514965116	0.9340589046478271
6571.8966088181605	0.9232707619667053
6571.93806798516	0.9096711277961731
6571.97952715216	0.8946666121482849
6572.02098631916	0.8808543086051941
6572.06244548616	0.8711465001106262
6572.1039046531605	0.8676143288612366
6572.14536382016	0.8707252740859985
6572.18682298716	0.8792412281036377
6572.22828215416	0.8906828165054321
6572.26974132116	0.9021297097206116
6572.3112004881605	0.9111717343330383
6572.35265965516	0.9167526960372925
6572.39411882216	0.9193932414054871
6572.43557798916	0.920513391494751
6572.47703715616	0.9213082790374756
6572.51849632316	0.9220611453056335
6572.55995549016	0.922354519367218
6572.60141465716	0.9218140840530396
6572.64287382416	0.9206088185310364
6572.68433299116	0.9192832112312317
6572.72579215816	0.9182636737823486
6572.76725132516	0.9175890684127808
6572.808710492161	0.9169989228248596
6572.85016965916	0.9162055850028992
6572.89162882616	0.9151027202606201
6572.93308799316	0.9137644171714783
6572.97454716016	0.912321150302887
6573.0160063271605	0.9108536839485168
6573.05746549416	0.9093602299690247
6573.09892466116	0.9078301191329956
6573.14038382816	0.9063223004341125
6573.18184299516	0.9048787355422974
6573.2233021621605	0.9033538103103638
6573.26476132916	0.9014265537261963
6573.30622049616	0.8988716006278992
6573.34767966316	0.8958361148834229
6573.38913883016	0.892811119556427
6573.4305979971605	0.8903267979621887
6573.47205716416	0.8886693716049194
6573.51351633116	0.8877949118614197
6573.55497549816	0.8874306678771973
6573.59643466516	0.8873000741004944
6573.63789383216	0.8872764706611633
6573.67935299916	0.8872784376144409
6573.72081216616	0.8870692253112793
6573.76227133316	0.8862910866737366
6573.80373050016	0.884781539440155
6573.84518966716	0.8828445672988892
6573.88664883416	0.8811391592025757
6573.928108001161	0.8802670836448669
6573.96956716816	0.8803966045379639
6574.01102633516	0.8811345100402832
6574.05248550216	0.8817365169525146
6574.09394466916	0.8815893530845642
6574.135403836161	0.8806058764457703
6574.17686300316	0.8791723251342773
6574.21832217016	0.877744734287262
6574.25978133716	0.876515805721283
6574.30124050416	0.8753937482833862
6574.3426996711605	0.8741577863693237
6574.38415883816	0.8725399971008301
6574.42561800516	0.8702210187911987
6574.46707717216	0.8668582439422607
6574.50853633916	0.8621219396591187
6574.5499955061605	0.8556650876998901
6574.59145467316	0.847082793712616
6574.63291384016	0.8359357714653015
6574.67437300716	0.8219565749168396
6574.71583217416	0.805575430393219
6574.75729134116	0.7884823083877563
6574.79875050816	0.7736300230026245
6574.84020967516	0.7643413543701172
6574.88166884216	0.7628481984138489
6574.92312800916	0.769202470779419
6574.96458717616	0.7813599109649658
6575.00604634316	0.7963051795959473
6575.04750551016	0.8113076090812683
6575.08896467716	0.8245636820793152
6575.13042384416	0.8351508378982544
6575.17188301116	0.8427112102508545
6575.21334217816	0.8473198413848877
6575.254801345161	0.8494870662689209
6575.29626051216	0.8500226736068726
6575.33771967916	0.8497565388679504
6575.37917884616	0.8492855429649353
6575.42063801316	0.8488891124725342
6575.4620971801605	0.8486301302909851
6575.50355634716	0.8484876155853271
6575.54501551416	0.8483575582504272
6575.58647468116	0.8480165600776672
6575.62793384816	0.8472525477409363
6575.6693930151605	0.8460870385169983
6575.71085218216	0.8448070883750916
6575.75231134916	0.8437264561653137
6575.79377051616	0.8429291844367981
6575.83522968316	0.8422759175300598
6575.8766888501605	0.8416380882263184
6575.91814801716	0.8410290479660034
6575.95960718416	0.8404533863067627
6576.00106635116	0.839745044708252
6576.04252551816	0.8386954069137573
6576.08398468516	0.8373180627822876
6576.12544385216	0.83588045835495
6576.16690301916	0.8346158862113953
6576.20836218616	0.8334295153617859
6576.24982135316	0.8319997191429138
6576.29128052016	0.8302242755889893
6576.33273968716	0.8284695744514465
6576.374198854161	0.8273002505302429
6576.41565802116	0.8269795179367065
6576.45711718816	0.8272395730018616
6576.49857635516	0.8275124430656433
6576.54003552216	0.8273683190345764
6576.5814946891605	0.8267641067504883
6576.62295385616	0.8259868025779724
6576.66441302316	0.8254110813140869
6576.70587219016	0.8252032995223999
6576.74733135716	0.8251715898513794
6576.7887905241605	0.824942409992218
6576.83024969116	0.8243368268013
6576.87170885816	0.8235775232315063
6576.91316802516	0.8231087923049927
6576.95462719216	0.8232095837593079
6576.9960863591605	0.8237716555595398
6577.03754552616	0.8243945837020874
6577.07900469316	0.8246780633926392
6577.12046386016	0.8244844079017639
6577.16192302716	0.8239438533782959
6577.20338219416	0.8232149481773376
6577.24484136116	0.8223187327384949
6577.28630052816	0.8212383389472961
6577.32775969516	0.820115864276886
6577.36921886216	0.8192700147628784
6577.41067802916	0.8189364075660706
6577.45213719616	0.8189929127693176
6577.49359636316	0.8190557360649109
6577.53505553016	0.818885862827301
6577.57651469716	0.8186004757881165
6577.61797386416	0.8184528946876526
6577.65943303116	0.8185434937477112
6577.700892198161	0.8188267946243286
6577.74235136516	0.8192517161369324
6577.78381053216	0.8197014331817627
6577.82526969916	0.8198182582855225
6577.86672886616	0.8191245198249817
6577.9081880331605	0.817486047744751
6577.94964720016	0.8153892159461975
6577.99110636716	0.8136504292488098
6578.03256553416	0.8128450512886047
6578.07402470116	0.8129932880401611
6578.1154838681605	0.813684344291687
6578.15694303516	0.814402163028717
6578.19840220216	0.8147544264793396
6578.23986136916	0.8145263195037842
6578.28132053616	0.8136947154998779
6578.32277970316	0.8124676942825317
6578.36423887016	0.8112052083015442
6578.40569803716	0.8101720213890076
6578.44715720416	0.8093515634536743
6578.48861637116	0.8085501790046692
6578.53007553816	0.8076675534248352
6578.57153470516	0.806789755821228
6578.61299387216	0.8060275316238403
6578.65445303916	0.8053736090660095
6578.69591220616	0.8047954440116882
6578.73737137316	0.8044000864028931
6578.77883054016	0.8043764233589172
6578.820289707161	0.8047659993171692
6578.86174887416	0.8053328394889832
6578.90320804116	0.8056139945983887
6578.94466720816	0.8051310181617737
6578.98612637516	0.8037218451499939
6579.0275855421605	0.8017553091049194
6579.06904470916	0.7999580502510071
6579.11050387616	0.7989392280578613
6579.15196304316	0.7988162636756897
6579.19342221016	0.7992331981658936
6579.2348813771605	0.7996761202812195
6579.27634054416	0.7997419834136963
6579.31779971116	0.7992064356803894
6579.35925887816	0.7980773448944092
6579.40071804516	0.7967179417610168
6579.4421772121605	0.7958270907402039
6579.48363637916	0.7960971593856812
6579.52509554616	0.7976729273796082
6579.56655471316	0.7998745441436768
6579.60801388016	0.8015467524528503
6579.64947304716	0.8017963171005249
6579.69093221416	0.8005209565162659
6579.73239138116	0.7983819842338562
6579.77385054816	0.7962967753410339
6579.81530971516	0.7948464751243591
6579.85676888216	0.7940886616706848
6579.89822804916	0.7938401103019714
6579.93968721616	0.7939542531967163
6579.98114638316	0.7942968010902405
6580.02260555016	0.7946416139602661
6580.06406471716	0.7947757840156555
6580.10552388416	0.7947481870651245
6580.1469830511605	0.7948899269104004
6580.18844221816	0.7954494953155518
6580.22990138516	0.7962386012077332
6580.27136055216	0.7967497110366821
6580.31281971916	0.7966110110282898
6580.3542788861605	0.7958320379257202
6580.39573805316	0.7946131825447083
6580.43719722016	0.7930499315261841
6580.47865638716	0.7910849452018738
6580.52011555416	0.7886146306991577
6580.5615747211605	0.7854964733123779
6580.60303388816	0.7815532088279724
6580.64449305516	0.776792585849762
6580.68595222216	0.771661102771759
6580.72741138916	0.7669768333435059
6580.76887055616	0.7635993361473083
6580.81032972316	0.7621630430221558
6580.85178889016	0.7629822492599487
6580.89324805716	0.7659967541694641
6580.93470722416	0.7707291841506958
6580.97616639116	0.7763350009918213
6581.01762555816	0.7817491292953491
6581.05908472516	0.7859326004981995
6581.10054389216	0.7881985902786255
6581.14200305916	0.7884965538978577
6581.18346222616	0.7874796390533447
6581.22492139316	0.7862074971199036
6581.2663805601605	0.7855821251869202
6581.30783972716	0.7858835458755493
6581.34929889416	0.7867431044578552
6581.39075806116	0.7875293493270874
6581.43221722816	0.7877951264381409
6581.4736763951605	0.7874872088432312
6581.51513556216	0.7868748307228088
6581.55659472916	0.7863297462463379
6581.59805389616	0.7860773801803589
6581.63951306316	0.7860286235809326
6581.6809722301605	0.7858260273933411
6581.72243139716	0.7851036787033081
6581.76389056416	0.7837655544281006
6581.80534973116	0.7820731997489929
6581.84680889816	0.7804979085922241
6581.88826806516	0.7794812917709351
6581.92972723216	0.7792631983757019
6581.97118639916	0.7798082232475281
6582.01264556616	0.7808166742324829
6582.05410473316	0.7818278670310974
6582.09556390016	0.782415509223938
6582.13702306716	0.7823883891105652
6582.17848223416	0.7818433046340942
6582.21994140116	0.7810307741165161
6582.26140056816	0.7801676988601685
6582.30285973516	0.7793453931808472
6582.34431890216	0.7785604000091553
6582.385778069161	0.7778145670890808
6582.42723723616	0.7772040367126465
6582.46869640316	0.77691650390625
6582.51015557016	0.7771214842796326
6582.55161473716	0.7778449654579163
6582.5930739041605	0.7789249420166016
6582.63453307116	0.7800540328025818
6582.67599223816	0.7808816432952881
6582.71745140516	0.78116774559021
6582.75891057216	0.7809255123138428
6582.8003697391605	0.7804189324378967
6582.84182890616	0.7799790501594543
6582.88328807316	0.7798032164573669
6582.92474724016	0.7798919677734375
6582.96620640716	0.7800847291946411
6583.0076655741605	0.7801063060760498
6583.04912474116	0.7796511054039001
6583.09058390816	0.7785244584083557
6583.13204307516	0.7767184972763062
6583.17350224216	0.7743551731109619
6583.21496140916	0.7716199159622192
6583.25642057616	0.7687789797782898
6583.29787974316	0.7661891579627991
6583.33933891016	0.7642110586166382
6583.38079807716	0.7630987763404846
6583.42225724416	0.7629743814468384
6583.46371641116	0.7638559341430664
6583.505175578161	0.7656342387199402
6583.54663474516	0.7680051922798157
6583.58809391216	0.7705079317092896
6583.62955307916	0.7727313041687012
6583.67101224616	0.7745236754417419
6583.7124714131605	0.7759920358657837
6583.75393058016	0.777294933795929
6583.79538974716	0.7784611582756042
6583.83684891416	0.7793623208999634
6583.87830808116	0.7797645330429077
6583.9197672481605	0.7794603109359741
6583.96122641516	0.778514564037323
6584.00268558216	0.7773823738098145
6584.04414474916	0.7766298651695251
6584.08560391616	0.7765052318572998
6584.1270630831605	0.7768563628196716
6584.16852225016	0.7774080634117126
6584.20998141716	0.7779688239097595
6584.25144058416	0.7783986926078796
6584.29289975116	0.778580904006958
6584.33435891816	0.778494119644165
6584.37581808516	0.778189480304718
6584.41727725216	0.777672529220581
6584.45873641916	0.7769069075584412
6584.50019558616	0.7759315967559814
6584.54165475316	0.7748854756355286
6584.58311392016	0.7739095091819763
6584.62457308716	0.7730935215950012
6584.66603225416	0.7725450396537781
6584.70749142116	0.7724243402481079
6584.74895058816	0.7727962136268616
6584.79040975516	0.7734413743019104
6584.8318689221605	0.7739068269729614
6584.87332808916	0.773812472820282
6584.91478725616	0.7731167078018188
6584.95624642316	0.7720913290977478
6584.99770559016	0.7711018919944763
6585.0391647571605	0.7704256772994995
6585.08062392416	0.7701610922813416
6585.12208309116	0.7701711654663086
6585.16354225816	0.7701130509376526
6585.20500142516	0.7696512341499329
6585.2464605921605	0.7687424421310425
6585.28791975916	0.767705500125885
6585.32937892616	0.7669609189033508
6585.37083809316	0.7666991949081421
6585.41229726016	0.7668114304542542
6585.45375642716	0.7670650482177734
6585.49521559416	0.7672390341758728
6585.53667476116	0.7670995593070984
6585.57813392816	0.7663845419883728
6585.61959309516	0.76496422290802
6585.66105226216	0.7630271315574646
6585.70251142916	0.761042058467865
6585.74397059616	0.7595396637916565
6585.78542976316	0.7588995099067688
6585.82688893016	0.75921630859375
6585.86834809716	0.7602798342704773
6585.90980726416	0.7617136240005493
6585.951266431161	0.763155996799469
6585.99272559816	0.7643137574195862
6586.03418476516	0.7649545669555664
6586.07564393216	0.7649828195571899
6586.11710309916	0.7645208835601807
6586.1585622661605	0.7638037800788879
6586.20002143316	0.7629169821739197
6586.24148060016	0.7616536021232605
6586.28293976716	0.7596234083175659
6586.32439893416	0.7564718127250671
6586.3658581011605	0.7520619630813599
6586.40731726816	0.7466054558753967
6586.44877643516	0.7407167553901672
6586.49023560216	0.7353032827377319
6586.53169476916	0.7312948107719421
6586.57315393616	0.7293634414672852
6586.61461310316	0.72979736328125
6586.65607227016	0.7325159311294556
6586.69753143716	0.737060010433197
6586.73899060416	0.7425593733787537
6586.78044977116	0.7478750944137573
6586.82190893816	0.7520059943199158
6586.86336810516	0.7545270919799805
6586.90482727216	0.7557087540626526
6586.94628643916	0.7562788724899292
6586.98774560616	0.7570250630378723
6587.02920477316	0.7583906650543213
6587.07066394016	0.7602177858352661
6587.11212310716	0.761847198009491
6587.15358227416	0.7626023888587952
6587.19504144116	0.7622998952865601
6587.23650060816	0.7613672614097595
6587.2779597751605	0.7605292201042175
6587.31941894216	0.7603311538696289
6587.36087810916	0.7607900500297546
6587.40233727616	0.761380136013031
6587.44379644316	0.7614043354988098
6587.4852556101605	0.7605370879173279
6587.52671477716	0.7591313719749451
6587.56817394416	0.7579904794692993
6587.60963311116	0.757741391658783
6587.65109227816	0.7583515644073486
6587.6925514451605	0.7592043876647949
6587.73401061216	0.7596303820610046
6587.77546977916	0.7594269514083862
6587.81692894616	0.7589275240898132
6587.85838811316	0.7586061358451843
6587.89984728016	0.7586862444877625
6587.94130644716	0.7591081857681274
6587.98276561416	0.7597112059593201
6588.02422478116	0.7603447437286377
6588.06568394816	0.7608383893966675
6588.10714311516	0.7609924674034119
6588.14860228216	0.7607210874557495
6588.19006144916	0.7601882219314575
6588.23152061616	0.7597193121910095
6588.27297978316	0.7595581412315369
6588.31443895016	0.7596940994262695
6588.35589811716	0.7598889470100403
6588.3973572841605	0.759868860244751
6588.43881645116	0.7595428824424744
6588.48027561816	0.7591146230697632
6588.52173478516	0.7590026259422302
6588.56319395216	0.759570837020874
6588.6046531191605	0.7608190774917603
6588.64611228616	0.7622615098953247
6588.68757145316	0.7631614804267883
6588.72903062016	0.7630441188812256
6588.77048978716	0.7620967626571655
6588.8119489541605	0.7610876560211182
6588.85340812116	0.760831356048584
6588.89486728816	0.7616114020347595
6588.93632645516	0.7630016803741455
6588.97778562216	0.7641816139221191
6589.01924478916	0.764470100402832
6589.06070395616	0.7637296319007874
6589.10216312316	0.7624240517616272
6589.14362229016	0.761284589767456
6589.18508145716	0.7608143091201782
6589.22654062416	0.761038601398468
6589.26799979116	0.7616267204284668
6589.30945895816	0.7621382474899292
6589.35091812516	0.7622038125991821
6589.39237729216	0.7616720199584961
6589.43383645916	0.7607280611991882
6589.47529562616	0.7598092555999756
6589.51675479316	0.759303629398346
6589.55821396016	0.759337842464447
6589.59967312716	0.7597950100898743
6589.64113229416	0.7603684067726135
6589.68259146116	0.7606039047241211
6589.7240506281605	0.760110080242157
6589.76550979516	0.7588579654693604
6589.80696896216	0.7572034597396851
6589.84842812916	0.7556294202804565
6589.88988729616	0.7545675039291382
6589.9313464631605	0.7543461918830872
6589.97280563016	0.7550328969955444
6590.01426479716	0.756248950958252
6590.05572396416	0.757318913936615
6590.09718313116	0.7577717900276184
6590.13864229816	0.7576848864555359
6590.18010146516	0.757474422454834
6590.22156063216	0.7574138045310974
6590.26301979916	0.7574647665023804
6590.30447896616	0.7575153112411499
6590.34593813316	0.757597029209137
6590.38739730016	0.7577897310256958
6590.42885646716	0.757993221282959
6590.47031563416	0.7579290866851807
6590.51177480116	0.7573950886726379
6590.55323396816	0.7564429640769958
6590.59469313516	0.7553476095199585
6590.63615230216	0.754490852355957
6590.67761146916	0.7541772723197937
6590.71907063616	0.7544015049934387
6590.76052980316	0.7547928094863892
6590.80198897016	0.7548773288726807
6590.8434481371605	0.7544274926185608
6590.88490730416	0.753545343875885
6590.92636647116	0.7524380087852478
6590.96782563816	0.751213550567627
6591.00928480516	0.7499338984489441
6591.0507439721605	0.7487655282020569
6591.09220313916	0.7479848265647888
6591.13366230616	0.7477879524230957
6591.17512147316	0.7480513453483582
6591.21658064016	0.7483517527580261
6591.2580398071605	0.7483442425727844
6591.29949897416	0.7480844855308533
6591.34095814116	0.7478826642036438
6591.38241730816	0.7478898763656616
6591.42387647516	0.7479468584060669
6591.46533564216	0.7478291988372803
6591.50679480916	0.7475049495697021
6591.54825397616	0.7470964789390564
6591.58971314316	0.7467273473739624
6591.63117231016	0.7464897036552429
6591.67263147716	0.7464353442192078
6591.71409064416	0.7465153336524963
6591.75554981116	0.7466129064559937
6591.79700897816	0.7466592788696289
6591.83846814516	0.7466410398483276
6591.87992731216	0.7465060353279114
6591.92138647916	0.7461575865745544
6591.96284564616	0.7455832958221436
6592.00430481316	0.7449265122413635
6592.04576398016	0.7443400621414185
6592.08722314716	0.7437936663627625
6592.12868231416	0.7431474328041077
6592.1701414811605	0.7424361109733582
6592.21160064816	0.741982638835907
6592.25305981516	0.7421466708183289
6592.29451898216	0.7429340481758118
6592.33597814916	0.7439029812812805
6592.3774373161605	0.7445150017738342
6592.41889648316	0.7445499300956726
6592.46035565016	0.7441685795783997
6592.50181481716	0.7436559200286865
6592.54327398416	0.7431396245956421
6592.58473315116	0.742530107498169
6592.62619231816	0.7417387366294861
6592.66765148516	0.7408942580223083
6592.70911065216	0.7402463555335999
6592.75056981916	0.7398701310157776
6592.79202898616	0.7395341992378235
6592.83348815316	0.738895058631897
6592.87494732016	0.7378202676773071
6592.91640648716	0.7365078926086426
6592.95786565416	0.7353294491767883
6592.99932482116	0.7345876097679138
6593.04078398816	0.7343484163284302
6593.08224315516	0.7344227433204651
6593.12370232216	0.734526515007019
6593.16516148916	0.7344998121261597
6593.20662065616	0.7343829870223999
6593.24807982316	0.7342997193336487
6593.2895389901605	0.7342960834503174
6593.33099815716	0.7343219518661499
6593.37245732416	0.7343520522117615
6593.41391649116	0.734469473361969
6593.45537565816	0.7348118424415588
6593.4968348251605	0.7354178428649902
6593.53829399216	0.7361096143722534
6593.57975315916	0.7365849018096924
6593.62121232616	0.7366854548454285
6593.66267149316	0.736541211605072
6593.70413066016	0.736416757106781
6593.74558982716	0.7364675998687744
6593.78704899416	0.7366775870323181
6593.82850816116	0.7369611263275146
6593.86996732816	0.7372158765792847
6593.91142649516	0.7372732162475586
6593.95288566216	0.7369177341461182
6593.99434482916	0.7360386848449707
6594.03580399616	0.7347245812416077
6594.07726316316	0.7331822514533997
6594.11872233016	0.7315690517425537
6594.16018149716	0.7298562526702881
6594.20164066416	0.7278299927711487
6594.24309983116	0.7252869009971619
6594.28455899816	0.722323477268219
6594.32601816516	0.7194991707801819
6594.36747733216	0.7176858186721802
6594.40893649916	0.7176315188407898
6594.45039566616	0.7195339202880859
6594.49185483316	0.7229464054107666
6594.53331400016	0.7270309329032898
6594.57477316716	0.7308911681175232
6594.6162323341605	0.7338230013847351
6594.65769150116	0.7354938387870789
6594.69915066816	0.7360286712646484
6594.74060983516	0.7358946800231934
6594.78206900216	0.7355785965919495
6594.82352816916	0.7353100776672363
6594.86498733616	0.7350802421569824
6594.90644650316	0.7348796725273132
6594.94790567016	0.7348383665084839
6594.98936483716	0.7351182103157043
6595.03082400416	0.7357469201087952
6595.07228317116	0.7366006374359131
6595.11374233816	0.7374868392944336
6595.15520150516	0.7381843328475952
6595.19666067216	0.7384341955184937
6595.23811983916	0.7380083799362183
6595.27957900616	0.7368857264518738
6595.32103817316	0.735345721244812
6595.36249734016	0.7338038086891174
6595.40395650716	0.7325310707092285
6595.44541567416	0.7315847873687744
6595.48687484116	0.7309860587120056
6595.52833400816	0.7308417558670044
6595.56979317516	0.731228232383728
6595.61125234216	0.7320144772529602
6595.65271150916	0.7328974604606628
6595.69417067616	0.733636736869812
6595.7356298431605	0.7341893911361694
6595.77708901016	0.7346042990684509
6595.81854817716	0.7348700165748596
6595.86000734416	0.7348910570144653
6595.90146651116	0.7345707416534424
6595.9429256781605	0.7339412569999695
6595.98438484516	0.7332413792610168
6596.02584401216	0.7328168749809265
6596.06730317916	0.7328810095787048
6596.10876234616	0.7333498597145081
6596.15022151316	0.7339040637016296
6596.19168068016	0.7342053055763245
6596.23313984716	0.7340997457504272
6596.27459901416	0.7337048649787903
6596.31605818116	0.733343243598938
6596.35751734816	0.7333276867866516
6596.39897651516	0.7336857914924622
6596.44043568216	0.7340290546417236
6596.48189484916	0.7337433695793152
6596.52335401616	0.7324140071868896
6596.56481318316	0.7301793694496155
6596.60627235016	0.7277394533157349
6596.64773151716	0.7259802222251892
6596.68919068416	0.7254618406295776
6596.73064985116	0.7261335253715515
6596.77210901816	0.7274460792541504
6596.81356818516	0.7287256121635437
6596.85502735216	0.7295303344726562
6596.89648651916	0.7297537922859192
6596.93794568616	0.7294728755950928
6596.97940485316	0.728827714920044
6597.02086402016	0.7280645966529846
6597.0623231871605	0.7275265455245972
6597.10378235416	0.7274522185325623
6597.14524152116	0.7277476191520691
6597.18670068816	0.728025496006012
6597.22815985516	0.7279812693595886
6597.26961902216	0.727720320224762
6597.31107818916	0.7276149392127991
6597.35253735616	0.7278513312339783
6597.39399652316	0.7282301187515259
6597.43545569016	0.7284144759178162
6597.47691485716	0.7282435297966003
6597.51837402416	0.727757453918457
6597.55983319116	0.7270717620849609
6597.60129235816	0.7263709306716919
6597.64275152516	0.7259129881858826
6597.68421069216	0.7258564829826355
6597.72566985916	0.726132869720459
6597.76712902616	0.7265899181365967
6597.80858819316	0.7271553874015808
6597.85004736016	0.7277606129646301
6597.89150652716	0.7282238602638245
6597.93296569416	0.7283433675765991
6597.97442486116	0.7280515432357788
6598.01588402816	0.7274248600006104
6598.05734319516	0.7266445159912109
6598.09880236216	0.725986123085022
6598.14026152916	0.7257207036018372
6598.1817206961605	0.725898027420044
6598.22317986316	0.7262443900108337
6598.26463903016	0.7263679504394531
6598.30609819716	0.7260961532592773
6598.34755736416	0.72557532787323
6598.38901653116	0.7250598669052124
6598.43047569816	0.7246785759925842
6598.47193486516	0.7244179248809814
6598.51339403216	0.7243003249168396
6598.55485319916	0.7245111465454102
6598.59631236616	0.7252101302146912
6598.63777153316	0.7261931896209717
6598.67923070016	0.7268816828727722
6598.72068986716	0.7267507314682007
6598.76214903416	0.7257732152938843
6598.80360820116	0.7244377732276917
6598.84506736816	0.7233696579933167
6598.88652653516	0.722948431968689
6598.92798570216	0.7231734395027161
6598.96944486916	0.723703920841217
6599.01090403616	0.7239832282066345
6599.05236320316	0.7234607338905334
6599.09382237016	0.7218014001846313
6599.13528153716	0.718949556350708
6599.17674070416	0.7151005864143372
6599.21819987116	0.7107043266296387
6599.25965903816	0.7064893245697021
6599.3011182051605	0.7033678293228149
6599.34257737216	0.7021881341934204
6599.38403653916	0.7034077048301697
6599.42549570616	0.7068086862564087
6599.46695487316	0.7114735841751099
6599.5084140401605	0.7161504626274109
6599.54987320716	0.7198269367218018
6599.59133237416	0.7221056818962097
6599.63279154116	0.7231654524803162
6599.67425070816	0.7234643697738647
6599.71570987516	0.7234411239624023
6599.75716904216	0.7233393788337708
6599.79862820916	0.7232205867767334
6599.84008737616	0.7231619358062744
6599.88154654316	0.7233983278274536
6599.92300571016	0.7241701483726501
6599.96446487716	0.7254263758659363
6600.00592404416	0.7267531156539917
6600.04738321116	0.7276700139045715
6600.08884237816	0.7279958128929138
6600.13030154516	0.7278590798377991
6600.17176071216	0.7274015545845032
6600.21321987916	0.7266256809234619
6600.25467904616	0.7255533933639526
6600.29613821316	0.7243943214416504
6600.33759738016	0.7234590649604797
6600.37905654716	0.7229341268539429
6600.4205157141605	0.7228233218193054
6600.46197488116	0.7231183648109436
6600.50343404816	0.7238831520080566
6600.54489321516	0.7250314354896545
6600.58635238216	0.7261177897453308
6600.6278115491605	0.726554274559021
6600.66927071616	0.7260887622833252
6600.71072988316	0.7250040173530579
6600.75218905016	0.7238398194313049
6600.79364821716	0.7230008244514465
6600.83510738416	0.7226582765579224
6600.87656655116	0.7228826880455017
6600.91802571816	0.7236782908439636
6600.95948488516	0.7248983383178711
6601.00094405216	0.7262622714042664
6601.04240321916	0.7274702787399292
6601.08386238616	0.7282813191413879
6601.12532155316	0.7285597324371338
6601.16678072016	0.728330671787262
6601.20823988716	0.7277848720550537
6601.24969905416	0.7271745800971985
6601.29115822116	0.7266601324081421
6601.33261738816	0.726249098777771
6601.37407655516	0.7258835434913635
6601.41553572216	0.7255439758300781
6601.45699488916	0.7252403497695923
6601.49845405616	0.7249747514724731
6601.53991322316	0.7247872352600098
6601.58137239016	0.7247743606567383
6601.62283155716	0.7249533534049988
6601.66429072416	0.7251115441322327
6601.70574989116	0.724895179271698
6601.7472090581605	0.7240986824035645
6601.78866822516	0.7228260636329651
6601.83012739216	0.7213521599769592
6601.87158655916	0.719874918460846
6601.91304572616	0.7183969616889954
6601.95450489316	0.7167864441871643
6601.99596406016	0.7149345874786377
6602.03742322716	0.7129426002502441
6602.07888239416	0.7112677693367004
6602.12034156116	0.710645318031311
6602.16180072816	0.7116759419441223
6602.20325989516	0.7143224477767944
6602.24471906216	0.7177628874778748
6602.28617822916	0.7208200097084045
6602.32763739616	0.7226705551147461
6602.36909656316	0.7232450842857361
6602.41055573016	0.7230390906333923
6602.45201489716	0.72261643409729
6602.49347406416	0.7222608923912048
6602.53493323116	0.7219604253768921
6602.57639239816	0.7216151356697083
6602.61785156516	0.7212506532669067
6602.65931073216	0.721089243888855
6602.70076989916	0.7214158773422241
6602.74222906616	0.7222522497177124
6602.78368823316	0.7232000827789307
6602.82514740016	0.7236590385437012
6602.8666065671605	0.723305881023407
6602.90806573416	0.7223507761955261
6602.94952490116	0.7213148474693298
6602.99098406816	0.720585286617279
6603.03244323516	0.7201675176620483
6603.0739024021605	0.7197714447975159
6603.11536156916	0.7191209197044373
6603.15682073616	0.7182571291923523
6603.19827990316	0.7175465822219849
6603.23973907016	0.7173181176185608
6603.28119823716	0.7175865173339844
6603.32265740416	0.7180923223495483
6603.36411657116	0.7185184359550476
6603.40557573816	0.7186139822006226
6603.44703490516	0.718254566192627
6603.48849407216	0.7175520658493042
6603.52995323916	0.7168853282928467
6603.57141240616	0.7166661024093628
6603.61287157316	0.7170102596282959
6603.65433074016	0.7176883220672607
6603.69578990716	0.7183823585510254
6603.73724907416	0.7189215421676636
6603.77870824116	0.7193061113357544
6603.82016740816	0.7195937037467957
6603.86162657516	0.7197479009628296
6603.90308574216	0.7196314930915833
6603.94454490916	0.7192643880844116
6603.98600407616	0.7189996242523193
6604.02746324316	0.7192314267158508
6604.06892241016	0.7199202179908752
6604.11038157716	0.72055584192276
6604.15184074416	0.7206395268440247
6604.1932999111605	0.7201088666915894
6604.23475907816	0.7192697525024414
6604.27621824516	0.7184686660766602
6604.31767741216	0.7179354429244995
6604.35913657916	0.7177914381027222
6604.40059574616	0.7180172801017761
6604.44205491316	0.7184262275695801
6604.48351408016	0.7187594771385193
6604.52497324716	0.7188271880149841
6604.56643241416	0.7185518741607666
6604.60789158116	0.7179074287414551
6604.64935074816	0.7168797850608826
6604.69080991516	0.7155255079269409
6604.73226908216	0.7140421271324158
6604.77372824916	0.7127271294593811
6604.81518741616	0.711836576461792
6604.85664658316	0.711485743522644
6604.89810575016	0.7116718888282776
6604.93956491716	0.7123236656188965
6604.98102408416	0.7132694125175476
6605.02248325116	0.7142197489738464
6605.06394241816	0.7149025797843933
6605.10540158516	0.7152587175369263
6605.14686075216	0.7154738306999207
6605.18831991916	0.7157700657844543
6605.22977908616	0.7161498069763184
6605.27123825316	0.7163524627685547
6605.3126974201605	0.7160525321960449
6605.35415658716	0.7150697708129883
6605.39561575416	0.7134256958961487
6605.43707492116	0.7113296389579773
6605.47853408816	0.7091875076293945
6605.51999325516	0.7075462937355042
6605.56145242216	0.706882894039154
6605.60291158916	0.7073239684104919
6605.64437075616	0.7085490226745605
6605.68582992316	0.7099980711936951
6605.72728909016	0.7111951112747192
6605.76874825716	0.7119490504264832
6605.81020742416	0.7123589515686035
6605.85166659116	0.7126381993293762
6605.89312575816	0.7128607034683228
6605.93458492516	0.7128663063049316
6605.97604409216	0.712446391582489
6606.01750325916	0.7116146683692932
6606.05896242616	0.7106695771217346
6606.10042159316	0.7099840044975281
6606.14188076016	0.7097573280334473
6606.18333992716	0.709997832775116
6606.22479909416	0.7106710076332092
6606.26625826116	0.7117465734481812
6606.30771742816	0.7131057977676392
6606.34917659516	0.7145236730575562
6606.39063576216	0.7157883048057556
6606.43209492916	0.7167510390281677
6606.47355409616	0.7172408103942871
6606.51501326316	0.717075765132904
6606.55647243016	0.716267466545105
6606.59793159716	0.7151383757591248
6606.63939076416	0.7140871286392212
6606.68084993116	0.7132160663604736
6606.72230909816	0.7122909426689148
6606.76376826516	0.7110903263092041
6606.80522743216	0.7097245454788208
6606.84668659916	0.7086130380630493
6606.88814576616	0.7081954479217529
6606.92960493316	0.708644449710846
6606.97106410016	0.7097850441932678
6607.01252326716	0.7112237215042114
6607.05398243416	0.712550163269043
6607.09544160116	0.7135027050971985
6607.13690076816	0.7140334844589233
6607.17835993516	0.7142384648323059
6607.21981910216	0.7142207622528076
6607.26127826916	0.7140224575996399
6607.30273743616	0.713699221611023
6607.34419660316	0.7134130597114563
6607.38565577016	0.7133278846740723
6607.42711493716	0.7133767604827881
6607.46857410416	0.7132093906402588
6607.51003327116	0.7124691605567932
6607.55149243816	0.7111906409263611
6607.59295160516	0.7099000811576843
6607.63441077216	0.7092614769935608
6607.67586993916	0.7095803618431091
6607.71732910616	0.7105805277824402
6607.7587882731605	0.7116097807884216
6607.80024744016	0.7121071219444275
6607.84170660716	0.7119964361190796
6607.88316577416	0.7117403149604797
6607.92462494116	0.7119932174682617
6607.96608410816	0.7130563259124756
6608.00754327516	0.7145748734474182
6608.04900244216	0.7157948017120361
6608.09046160916	0.7161470055580139
6608.13192077616	0.7156002521514893
6608.17337994316	0.7144933342933655
6608.21483911016	0.7131093144416809
6608.25629827716	0.7114993929862976
6608.29775744416	0.7096818089485168
6608.33921661116	0.7078932523727417
6608.38067577816	0.7066180109977722
6608.42213494516	0.7063337564468384
6608.46359411216	0.7071498036384583
6608.50505327916	0.7087022066116333
6608.54651244616	0.7104223370552063
6608.58797161316	0.7118505239486694
6608.62943078016	0.7127113342285156
6608.67088994716	0.7128428816795349
6608.71234911416	0.7122044563293457
6608.75380828116	0.7109739780426025
6608.79526744816	0.7095329761505127
6608.83672661516	0.7082662582397461
6608.87818578216	0.7073853611946106
6608.91964494916	0.7069389820098877
6608.96110411616	0.7069093585014343
6609.00256328316	0.7072307467460632
6609.04402245016	0.7077611088752747
6609.08548161716	0.7083346247673035
6609.12694078416	0.7088669538497925
6609.16839995116	0.7093558311462402
6609.20985911816	0.7097591161727905
6609.25131828516	0.7099421620368958
6609.29277745216	0.7098069190979004
6609.33423661916	0.7094338536262512
6609.37569578616	0.7090442776679993
6609.41715495316	0.708845853805542
6609.45861412016	0.7089189887046814
6609.50007328716	0.7091655731201172
6609.54153245416	0.7093233466148376
6609.58299162116	0.7091083526611328
6609.62445078816	0.7084516882896423
6609.66590995516	0.7076120972633362
6609.70736912216	0.7070253491401672
6609.74882828916	0.7070125341415405
6609.79028745616	0.7075501680374146
6609.83174662316	0.7082459330558777
6609.87320579016	0.7085976004600525
6609.91466495716	0.7083796858787537
6609.95612412416	0.7077990770339966
6609.99758329116	0.7072681784629822
6610.03904245816	0.7070375680923462
6610.08050162516	0.7070571184158325
6610.12196079216	0.707207202911377
6610.16341995916	0.7075702548027039
6610.20487912616	0.7082977890968323
6610.24633829316	0.709251880645752
6610.28779746016	0.7100001573562622
6610.32925662716	0.7102230787277222
6610.37071579416	0.7100030779838562
6610.41217496116	0.7096455693244934
6610.45363412816	0.7093162536621094
6610.49509329516	0.7089942097663879
6610.53655246216	0.7087273597717285
6610.57801162916	0.7086865901947021
6610.61947079616	0.7088810801506042
6610.66092996316	0.7089887857437134
6610.70238913016	0.7085920572280884
6610.74384829716	0.7075903415679932
6610.78530746416	0.7063747048377991
6610.82676663116	0.7055770754814148
6610.86822579816	0.7056247591972351
6610.90968496516	0.7064529061317444
6610.95114413216	0.7075231075286865
6610.99260329916	0.708126425743103
6611.03406246616	0.7078374028205872
6611.07552163316	0.7068048119544983
6611.11698080016	0.7056050896644592
6611.15843996716	0.7047813534736633
6611.19989913416	0.7044934034347534
6611.24135830116	0.7045595645904541
6611.28281746816	0.704739511013031
6611.32427663516	0.7048978209495544
6611.36573580216	0.7049629092216492
6611.40719496916	0.7048600912094116
6611.44865413616	0.7045299410820007
6611.49011330316	0.7039822340011597
6611.53157247016	0.7032923698425293
6611.57303163716	0.7025404572486877
6611.61449080416	0.701808512210846
6611.65594997116	0.7012685537338257
6611.69740913816	0.7011674046516418
6611.73886830516	0.7015942335128784
6611.78032747216	0.7022646069526672
6611.82178663916	0.7026142477989197
6611.86324580616	0.7021950483322144
6611.90470497316	0.7010467052459717
6611.94616414016	0.6996842622756958
6611.98762330716	0.6987080574035645
6612.02908247416	0.6984173655509949
6612.07054164116	0.6987283229827881
6612.11200080816	0.6993246078491211
6612.15345997516	0.6998369097709656
6612.19491914216	0.6999830603599548
6612.23637830916	0.6996739506721497
6612.27783747616	0.6990410089492798
6612.31929664316	0.6983004808425903
6612.36075581016	0.6975340843200684
6612.40221497716	0.6966173052787781
6612.44367414416	0.6953487396240234
6612.48513331116	0.6936413049697876
6612.52659247816	0.691679060459137
6612.56805164516	0.6899775862693787
6612.60951081216	0.6892728209495544
6612.65096997916	0.6901645064353943
6612.69242914616	0.6926312446594238
6612.73388831316	0.6958499550819397
6612.77534748016	0.6986294388771057
6612.81680664716	0.7001549601554871
6612.85826581416	0.7004093527793884
6612.89972498116	0.699970543384552
6612.94118414816	0.6993840932846069
6612.98264331516	0.6988230347633362
6613.02410248216	0.6982260942459106
6613.06556164916	0.6975805759429932
