6501.67372842	0.058235667
6501.67372841526	0.9679923057556152
6501.73196408226	0.9704613089561462
6501.79019974926	0.969433069229126
6501.848435416259	0.9667704701423645
6501.906671083259	0.9644709825515747
6501.96490675026	0.9623078107833862
6502.02314241726	0.9631108045578003
6502.08137808426	0.9677764177322388
6502.139613751259	0.9702164530754089
6502.1978494182595	0.9710466861724854
6502.25608508526	0.9704059362411499
6502.31432075226	0.9662817120552063
6502.372556419259	0.9637287259101868
6502.430792086259	0.9632580876350403
6502.4890277532595	0.9628565311431885
6502.54726342026	0.9631327986717224
6502.60549908726	0.9630193710327148
6502.663734754259	0.9630431532859802
6502.721970421259	0.9642713665962219
6502.78020608826	0.9676045775413513
6502.83844175526	0.9703823924064636
6502.89667742226	0.9708530306816101
6502.954913089259	0.9711630940437317
6503.013148756259	0.9705021381378174
6503.07138442326	0.9708836674690247
6503.12962009026	0.9784226417541504
6503.18785575726	0.9870020747184753
6503.246091424259	0.987419843673706
6503.304327091259	0.9852562546730042
6503.36256275826	0.9820806384086609
6503.42079842526	0.9790302515029907
6503.47903409226	0.9771657586097717
6503.537269759259	0.975911021232605
6503.5955054262595	0.975867748260498
6503.65374109326	0.9752948880195618
6503.71197676026	0.9765036106109619
6503.770212427259	0.9785479307174683
6503.828448094259	0.9806051850318909
6503.8866837612595	0.9837750792503357
6503.94491942826	0.9853043556213379
6504.00315509526	0.9847550988197327
6504.061390762259	0.9801586270332336
6504.119626429259	0.9722917675971985
6504.17786209626	0.9691764116287231
6504.23609776326	0.9708923697471619
6504.29433343026	0.9756016731262207
6504.352569097259	0.984592080116272
6504.410804764259	0.989374577999115
6504.46904043126	0.9877697825431824
6504.52727609826	0.9889723658561707
6504.58551176526	0.9946472644805908
6504.643747432259	0.9980046153068542
6504.701983099259	0.9959596991539001
6504.76021876626	0.992306113243103
6504.81845443326	0.987167477607727
6504.87669010026	0.984103798866272
6504.934925767259	0.9895191788673401
6504.9931614342595	0.9949091076850891
6505.05139710126	0.9930241703987122
6505.10963276826	0.990400493144989
6505.167868435259	0.9886448383331299
6505.226104102259	0.9878166913986206
6505.2843397692595	0.9877344369888306
6505.34257543626	0.9880348443984985
6505.40081110326	0.9930214881896973
6505.459046770259	0.9992445111274719
6505.517282437259	0.9985281229019165
6505.57551810426	0.994326651096344
6505.63375377126	0.9942699074745178
6505.69198943826	0.9957764148712158
6505.750225105259	0.9954510927200317
6505.808460772259	0.9942554831504822
6505.86669643926	0.9940453171730042
6505.92493210626	0.9943159818649292
6505.98316777326	0.9929533004760742
6506.041403440259	0.990373432636261
6506.0996391072595	0.991063117980957
6506.15787477426	0.9942944049835205
6506.21611044126	0.9938408732414246
6506.274346108259	0.9899548888206482
6506.332581775259	0.9891844391822815
6506.3908174422595	0.9919885396957397
6506.44905310926	0.9939170479774475
6506.50728877626	0.9948045015335083
6506.565524443259	0.9963680505752563
6506.623760110259	0.9978594183921814
6506.6819957772595	0.9988309741020203
6506.74023144426	0.9995543956756592
6506.79846711126	0.999582052230835
6506.856702778259	0.998629629611969
6506.914938445259	0.9979129433631897
6506.97317411226	0.999590277671814
6507.03140977926	1.0010632276535034
6507.08964544626	0.9997553825378418
6507.147881113259	0.9986616373062134
6507.206116780259	0.9992789030075073
6507.26435244726	0.9995585083961487
6507.32258811426	0.9979937076568604
6507.38082378126	0.9961599707603455
6507.439059448259	0.9957144856452942
6507.4972951152595	0.995320737361908
6507.55553078226	0.9927476644515991
6507.61376644926	0.9901465773582458
6507.672002116259	0.9912129640579224
6507.730237783259	0.9940814971923828
6507.7884734502595	0.9937376976013184
6507.84670911726	0.9926071166992188
6507.90494478426	0.9918676018714905
6507.963180451259	0.99024498462677
6508.021416118259	0.9914888739585876
6508.07965178526	0.9944162964820862
6508.13788745226	0.9964845180511475
6508.19612311926	0.9980018734931946
6508.254358786259	0.9977767467498779
6508.312594453259	0.9966025948524475
6508.37083012026	0.9953739643096924
6508.42906578726	0.9940889477729797
6508.48730145426	0.9902663826942444
6508.545537121259	0.9831182360649109
6508.603772788259	0.9784248471260071
6508.66200845526	0.976324200630188
6508.72024412226	0.9776332378387451
6508.77847978926	0.98539137840271
6508.836715456259	0.9915320873260498
6508.8949511232595	0.9933061003684998
6508.95318679026	0.9945330619812012
6509.01142245726	0.9948357343673706
6509.069658124259	0.995384156703949
6509.127893791259	0.9969972372055054
6509.1861294582595	0.9991428852081299
6509.24436512526	1.0019426345825195
6509.30260079226	1.004541039466858
6509.360836459259	1.0061614513397217
6509.419072126259	1.007643222808838
6509.47730779326	1.005547046661377
6509.53554346026	1.0024257898330688
6509.59377912726	1.0044903755187988
6509.652014794259	1.0068646669387817
6509.710250461259	1.005205750465393
6509.76848612826	1.0036230087280273
6509.82672179526	1.0038870573043823
6509.88495746226	1.0043375492095947
6509.943193129259	1.0041260719299316
6510.0014287962595	1.0032756328582764
6510.05966446326	1.0001602172851562
6510.11790013026	0.9959912896156311
6510.176135797259	0.9959602355957031
6510.234371464259	0.9977369904518127
6510.2926071312595	0.9961243271827698
6510.35084279826	0.9932275414466858
6510.40907846526	0.992280125617981
6510.467314132259	0.9920745491981506
6510.525549799259	0.9938462972640991
6510.5837854662595	0.997790515422821
6510.64202113326	1.0013731718063354
6510.70025680026	1.0053019523620605
6510.758492467259	1.0062148571014404
6510.816728134259	1.0020114183425903
6510.87496380126	0.99928879737854
6510.93319946826	0.9975457191467285
6510.99143513526	0.9964125752449036
6511.049670802259	0.9974998831748962
6511.107906469259	0.9993296265602112
6511.16614213626	1.0027718544006348
6511.22437780326	1.0043590068817139
6511.28261347026	1.0022093057632446
6511.340849137259	1.0003174543380737
6511.3990848042595	0.9992532730102539
6511.45732047126	0.999315619468689
6511.51555613826	1.0006823539733887
6511.573791805259	1.0019612312316895
6511.632027472259	1.0037082433700562
6511.6902631392595	1.0037002563476562
6511.74849880626	1.0016571283340454
6511.80673447326	0.9985062479972839
6511.864970140259	0.9913267493247986
6511.923205807259	0.9841843843460083
6511.98144147426	0.9856264591217041
6512.03967714126	0.9886995553970337
6512.09791280826	0.9867483973503113
6512.156148475259	0.9851700663566589
6512.214384142259	0.9928353428840637
6512.27261980926	1.0038363933563232
6512.33085547626	1.0050058364868164
6512.38909114326	1.003438115119934
6512.447326810259	1.010194182395935
6512.505562477259	1.0204657316207886
6512.56379814426	1.021406650543213
6512.62203381126	1.0165396928787231
6512.68026947826	1.0207641124725342
6512.738505145259	1.0296515226364136
6512.7967408122595	1.0321804285049438
6512.85497647926	1.032737374305725
6512.91321214626	1.032606840133667
6512.971447813259	1.0307295322418213
6513.029683480259	1.0316357612609863
6513.0879191472595	1.0356333255767822
6513.14615481426	1.0367642641067505
6513.20439048126	1.0351611375808716
6513.262626148259	1.0349057912826538
6513.320861815259	1.0352872610092163
6513.37909748226	1.0345790386199951
6513.43733314926	1.0325645208358765
6513.49556881626	1.0314154624938965
6513.553804483259	1.0324547290802002
6513.612040150259	1.034157633781433
6513.67027581726	1.0367623567581177
6513.72851148426	1.0385950803756714
6513.78674715126	1.0383412837982178
6513.844982818259	1.0370378494262695
6513.9032184852595	1.0338925123214722
6513.96145415226	1.0313557386398315
6514.01968981926	1.031597375869751
6514.077925486259	1.0310248136520386
6514.136161153259	1.0276235342025757
6514.1943968202595	1.0238440036773682
6514.25263248726	1.0219799280166626
6514.31086815426	1.0193465948104858
6514.369103821259	1.0139397382736206
6514.427339488259	1.0081617832183838
6514.4855751552595	1.0026285648345947
6514.54381082226	0.9977617859840393
6514.60204648926	0.9882674813270569
6514.660282156259	0.9773402810096741
6514.718517823259	0.9729675650596619
6514.77675349026	0.9737781882286072
6514.83498915726	0.9840407967567444
6514.89322482426	0.9980500340461731
6514.951460491259	1.0064127445220947
6515.009696158259	1.012825608253479
6515.06793182526	1.0197234153747559
6515.12616749226	1.0254865884780884
6515.18440315926	1.025529146194458
6515.242638826259	1.0207380056381226
6515.3008744932595	1.018480896949768
6515.35911016026	1.0176303386688232
6515.41734582726	1.016664981842041
6515.475581494259	1.016758680343628
6515.533817161259	1.013242483139038
6515.5920528282595	1.005859613418579
6515.65028849526	0.999735414981842
6515.70852416226	0.9955785274505615
6515.766759829259	0.994042694568634
6515.824995496259	0.9938701391220093
6515.88323116326	0.9964137673377991
6515.94146683026	1.0034056901931763
6515.99970249726	1.0077725648880005
6516.057938164259	1.0079631805419922
6516.116173831259	1.0067543983459473
6516.17440949826	1.0024745464324951
6516.23264516526	0.9950084090232849
6516.29088083226	0.9869279265403748
6516.349116499259	0.9747893810272217
6516.407352166259	0.9541011452674866
6516.46558783326	0.9361336827278137
6516.52382350026	0.925408124923706
6516.58205916726	0.9208334684371948
6516.640294834259	0.9255418181419373
6516.6985305012595	0.9368181824684143
6516.75676616826	0.9573661088943481
6516.81500183526	0.976612389087677
6516.873237502259	0.9863021969795227
6516.931473169259	0.9926583766937256
6516.9897088362595	0.9916219711303711
6517.04794450326	0.9893597364425659
6517.10618017026	0.9961817860603333
6517.164415837259	1.004599690437317
6517.222651504259	1.0101330280303955
6517.28088717126	1.0152826309204102
6517.33912283826	1.0211880207061768
6517.39735850526	1.0265865325927734
6517.455594172259	1.0277384519577026
6517.513829839259	1.0275747776031494
6517.57206550626	1.0272667407989502
6517.63030117326	1.0266553163528442
6517.68853684026	1.0287905931472778
6517.746772507259	1.0315918922424316
6517.8050081742595	1.0276470184326172
6517.86324384126	1.0196183919906616
6517.92147950826	1.0156666040420532
6517.979715175259	1.013879656791687
6518.037950842259	1.0147522687911987
6518.0961865092595	1.0200732946395874
6518.15442217626	1.0255979299545288
6518.21265784326	1.0306320190429688
6518.270893510259	1.035158395767212
6518.329129177259	1.0388463735580444
6518.3873648442595	1.043039083480835
6518.44560051126	1.0480250120162964
6518.50383617826	1.050233006477356
6518.562071845259	1.0476500988006592
6518.620307512259	1.044965147972107
6518.67854317926	1.0433794260025024
6518.73677884626	1.041548490524292
6518.79501451326	1.0399188995361328
6518.853250180259	1.0376163721084595
6518.911485847259	1.0344868898391724
6518.96972151426	1.031532883644104
6519.02795718126	1.0285831689834595
6519.08619284826	1.0243583917617798
6519.144428515259	1.0171256065368652
6519.2026641822595	1.0101450681686401
6519.26089984926	1.0076581239700317
6519.31913551626	1.0034936666488647
6519.377371183259	0.9940182566642761
6519.435606850259	0.9857381582260132
6519.4938425172595	0.9848468899726868
6519.55207818426	0.9888530373573303
6519.61031385126	0.9969470500946045
6519.668549518259	1.005845069885254
6519.726785185259	1.0110877752304077
6519.78502085226	1.015474557876587
6519.84325651926	1.0182788372039795
6519.90149218626	1.0184919834136963
6519.959727853259	1.0212246179580688
6520.017963520259	1.0226147174835205
6520.07619918726	1.0191580057144165
6520.13443485426	1.0147678852081299
6520.19267052126	1.0133262872695923
6520.250906188259	1.0123459100723267
6520.309141855259	1.0113734006881714
6520.36737752226	1.010869026184082
6520.42561318926	1.009822964668274
6520.48384885626	1.008422613143921
6520.542084523259	1.0070278644561768
6520.6003201902595	1.0054744482040405
6520.65855585726	1.0058470964431763
6520.71679152426	1.0082460641860962
6520.775027191259	1.0090224742889404
6520.833262858259	1.0085179805755615
6520.8914985252595	1.0079936981201172
6520.94973419226	1.0066715478897095
6521.00796985926	1.0075939893722534
6521.066205526259	1.0103850364685059
6521.124441193259	1.009926676750183
6521.18267686026	1.006411075592041
6521.24091252726	1.0043390989303589
6521.29914819426	1.0039420127868652
6521.357383861259	1.0025187730789185
6521.415619528259	0.9991862177848816
6521.47385519526	0.9983311295509338
6521.53209086226	1.0023959875106812
6521.59032652926	1.005303978919983
6521.648562196259	1.0055062770843506
6521.706797863259	1.0054610967636108
6521.76503353026	1.0049113035202026
6521.82326919726	1.0035101175308228
6521.881504864259	1.0018118619918823
6521.939740531259	1.00031578540802
6521.9979761982595	0.9971409440040588
6522.05621186526	0.9945798516273499
6522.11444753226	0.9955256581306458
6522.172683199259	0.9961041808128357
6522.230918866259	0.9937152862548828
6522.2891545332595	0.9925899505615234
6522.34739020026	0.9979380369186401
6522.40562586726	1.003291130065918
6522.463861534259	1.001934289932251
6522.522097201259	1.0003150701522827
6522.58033286826	1.002596139907837
6522.63856853526	1.0057543516159058
6522.69680420226	1.0069971084594727
6522.755039869259	1.0077178478240967
6522.813275536259	1.007915735244751
6522.87151120326	1.0078580379486084
6522.92974687026	1.0022786855697632
6522.98798253726	0.9945419430732727
6523.046218204259	0.9914560914039612
6523.1044538712595	0.9900864362716675
6523.16268953826	0.9901747703552246
6523.22092520526	0.9907833933830261
6523.279160872259	0.9911283254623413
6523.337396539259	0.9914630055427551
6523.3956322062595	0.9881489872932434
6523.45386787326	0.9817337989807129
6523.51210354026	0.9788824319839478
6523.570339207259	0.9784013628959656
6523.628574874259	0.972808837890625
6523.68681054126	0.9635269641876221
6523.74504620826	0.9584538340568542
6523.80328187526	0.9569315910339355
6523.861517542259	0.956768810749054
6523.919753209259	0.9571809768676758
6523.97798887626	0.9636707305908203
6524.03622454326	0.9766169786453247
6524.09446021026	0.9878169298171997
6524.152695877259	0.9983716011047363
6524.210931544259	1.0035693645477295
6524.26916721126	1.0018584728240967
6524.32740287826	1.0016202926635742
6524.385638545259	1.0025272369384766
6524.443874212259	1.0032368898391724
6524.5021098792595	1.0033422708511353
6524.56034554626	1.0035320520401
6524.61858121326	1.0044207572937012
6524.676816880259	1.0033706426620483
6524.735052547259	1.002610683441162
6524.7932882142595	1.0016309022903442
6524.85152388126	0.9982436895370483
6524.90975954826	0.9972068071365356
6524.967995215259	1.0024833679199219
6525.026230882259	1.0067416429519653
6525.08446654926	1.003494143486023
6525.14270221626	0.9996521472930908
6525.20093788326	0.9956833720207214
6525.259173550259	0.9937357902526855
6525.317409217259	0.9975546002388
6525.37564488426	1.0009633302688599
6525.43388055126	1.0022621154785156
6525.49211621826	1.0025830268859863
6525.550351885259	0.9999695420265198
6525.608587552259	0.9965450167655945
6525.66682321926	0.9963245987892151
6525.72505888626	0.996040940284729
6525.783294553259	0.9957029819488525
6525.841530220259	0.9955396056175232
6525.8997658872595	0.9943302273750305
6525.95800155426	0.993111789226532
6526.01623722126	0.992668628692627
6526.074472888259	0.9930144548416138
6526.132708555259	0.9914597272872925
6526.1909442222595	0.9881893396377563
6526.24917988926	0.9923039078712463
6526.30741555626	0.999758780002594
6526.365651223259	1.0010737180709839
6526.423886890259	1.0006557703018188
6526.48212255726	1.0010359287261963
6526.54035822426	1.0003113746643066
6526.59859389126	1.0005919933319092
6526.656829558259	1.0013628005981445
6526.715065225259	0.9989736676216125
6526.77330089226	0.9956212043762207
6526.83153655926	0.9952900409698486
6526.88977222626	0.9967441558837891
6526.948007893259	0.9974213242530823
6527.0062435602595	0.9979708790779114
6527.06447922726	0.9986956119537354
6527.12271489426	0.9981854557991028
6527.180950561259	0.9990189671516418
6527.239186228259	1.002468228340149
6527.2974218952595	1.0027594566345215
6527.35565756226	0.9995370507240295
6527.41389322926	0.9992521405220032
6527.472128896259	1.0022696256637573
6527.530364563259	1.0044695138931274
6527.5886002302595	1.0061088800430298
6527.64683589726	1.0044941902160645
6527.70507156426	0.9970976710319519
6527.763307231259	0.9955748915672302
6527.821542898259	1.0048198699951172
6527.87977856526	1.0096029043197632
6527.93801423226	1.0058180093765259
6527.99624989926	1.004068374633789
6528.054485566259	1.0044608116149902
6528.112721233259	1.0042957067489624
6528.17095690026	1.0050604343414307
6528.22919256726	1.005394458770752
6528.287428234259	1.0052517652511597
6528.345663901259	1.0041866302490234
6528.4038995682595	1.0009616613388062
6528.46213523526	0.9992560148239136
6528.52037090226	1.0007340908050537
6528.578606569259	1.002751350402832
6528.636842236259	1.0053436756134033
6528.6950779032595	1.0072134733200073
6528.75331357026	1.005717158317566
6528.81154923726	1.003775954246521
6528.869784904259	1.002724528312683
6528.928020571259	1.0020482540130615
6528.98625623826	1.0048142671585083
6529.04449190526	1.007409930229187
6529.10272757226	1.0040470361709595
6529.160963239259	0.9994222521781921
6529.219198906259	1.0009641647338867
6529.27743457326	1.0041025876998901
6529.33567024026	1.0058335065841675
6529.39390590726	1.0075446367263794
6529.452141574259	1.008876085281372
6529.510377241259	1.0099780559539795
6529.56861290826	1.008018136024475
6529.62684857526	1.0040524005889893
6529.685084242259	1.0075805187225342
6529.743319909259	1.0135542154312134
6529.8015555762595	1.0123332738876343
6529.85979124326	1.0092507600784302
6529.91802691026	1.007167100906372
6529.976262577259	1.0051562786102295
6530.034498244259	1.004110336303711
6530.0927339112595	1.0040030479431152
6530.15096957826	1.0024669170379639
6530.20920524526	1.0004277229309082
6530.267440912259	1.0005353689193726
6530.325676579259	1.0016202926635742
6530.38391224626	0.9993184208869934
6530.44214791326	0.9950824975967407
6530.50038358026	0.9948039054870605
6530.558619247259	0.998444139957428
6530.616854914259	0.9998334050178528
6530.67509058126	0.9982644319534302
6530.73332624826	0.9992543458938599
6530.79156191526	1.0028291940689087
6530.849797582259	1.0052605867385864
6530.9080332492595	1.005678415298462
6530.96626891626	1.0068484544754028
6531.02450458326	1.0086854696273804
6531.082740250259	1.009344220161438
6531.140975917259	1.0093709230422974
6531.1992115842595	1.0109028816223145
6531.25744725126	1.0137253999710083
6531.31568291826	1.0151965618133545
6531.373918585259	1.0161113739013672
6531.432154252259	1.0149116516113281
6531.4903899192595	1.009113073348999
6531.54862558626	1.0060380697250366
6531.60686125326	1.0097647905349731
6531.665096920259	1.0114808082580566
6531.723332587259	1.0075714588165283
6531.78156825426	1.0046807527542114
6531.83980392126	1.0061818361282349
6531.89803958826	1.0065816640853882
6531.956275255259	1.0023056268692017
6532.014510922259	0.9979785084724426
6532.07274658926	0.9949432611465454
6532.13098225626	0.9896773099899292
6532.189217923259	0.9797139763832092
6532.247453590259	0.9691969752311707
6532.3056892572595	0.9610776901245117
6532.36392492426	0.9579381346702576
6532.42216059126	0.9645205736160278
6532.480396258259	0.974308967590332
6532.538631925259	0.9835719466209412
6532.5968675922595	0.9920249581336975
6532.65510325926	0.9988605380058289
6532.71333892626	1.0045006275177002
6532.771574593259	1.0051383972167969
6532.829810260259	1.0047048330307007
6532.88804592726	1.0064579248428345
6532.94628159426	1.0081971883773804
6533.00451726126	1.0097119808197021
6533.062752928259	1.0113898515701294
6533.120988595259	1.012107014656067
6533.17922426226	1.0118273496627808
6533.23745992926	1.0120168924331665
6533.29569559626	1.0125430822372437
6533.353931263259	1.0143156051635742
6533.412166930259	1.0162417888641357
6533.47040259726	1.0162361860275269
6533.52863826426	1.0148823261260986
6533.586873931259	1.0133079290390015
6533.645109598259	1.0099669694900513
6533.7033452652595	1.0100256204605103
6533.76158093226	1.0124526023864746
6533.81981659926	1.0077283382415771
6533.878052266259	1.0004125833511353
6533.936287933259	0.9951716065406799
6533.9945236002595	0.9896329045295715
6534.05275926726	0.9895426034927368
6534.11099493426	0.9946632981300354
6534.169230601259	0.9988057017326355
6534.227466268259	1.0032471418380737
6534.28570193526	1.0079970359802246
6534.34393760226	1.0123214721679688
6534.40217326926	1.0142184495925903
6534.460408936259	1.0140281915664673
6534.518644603259	1.0146933794021606
6534.57688027026	1.0164697170257568
6534.63511593726	1.0133376121520996
6534.69335160426	1.00580632686615
6534.751587271259	1.0041548013687134
6534.8098229382595	1.0086570978164673
6534.86805860526	1.00859797000885
6534.92629427226	1.0036389827728271
6534.984529939259	1.004657506942749
6535.042765606259	1.0115031003952026
6535.1010012732595	1.0162476301193237
6535.15923694026	1.0184242725372314
6535.21747260726	1.0201703310012817
6535.275708274259	1.021742820739746
6535.333943941259	1.0211467742919922
6535.3921796082595	1.0169041156768799
6535.45041527526	1.0160678625106812
6535.50865094226	1.021366834640503
6535.566886609259	1.0238559246063232
6535.625122276259	1.0220080614089966
6535.68335794326	1.0197694301605225
6535.74159361026	1.0166947841644287
6535.79982927726	1.0163346529006958
6535.858064944259	1.0213830471038818
6535.916300611259	1.0227432250976562
6535.97453627826	1.0165131092071533
6536.03277194526	1.0124800205230713
6536.091007612259	1.0135372877120972
6536.149243279259	1.014865517616272
6536.2074789462595	1.0173015594482422
6536.26571461326	1.01869535446167
6536.32395028026	1.0155391693115234
6536.382185947259	1.0124902725219727
6536.440421614259	1.0128796100616455
6536.4986572812595	1.0126174688339233
6536.55689294826	1.008539080619812
6536.61512861526	1.0055960416793823
6536.673364282259	1.0059661865234375
6536.731599949259	1.006483554840088
6536.78983561626	1.0059388875961304
6536.84807128326	1.0054526329040527
6536.90630695026	1.0091947317123413
6536.964542617259	1.013992428779602
6537.022778284259	1.017061710357666
6537.08101395126	1.0204683542251587
6537.13924961826	1.0201822519302368
6537.19748528526	1.0192720890045166
6537.255720952259	1.0235121250152588
6537.313956619259	1.0288703441619873
6537.37219228626	1.0280673503875732
6537.43042795326	1.026392936706543
6537.488663620259	1.0241053104400635
6537.546899287259	1.0207513570785522
6537.6051349542595	1.0227941274642944
6537.66337062126	1.0254751443862915
6537.72160628826	1.0237925052642822
6537.779841955259	1.020493507385254
6537.838077622259	1.0252623558044434
6537.8963132892595	1.0325851440429688
6537.95454895626	1.0307214260101318
6538.01278462326	1.0269643068313599
6538.071020290259	1.0298374891281128
6538.129255957259	1.034410834312439
6538.18749162426	1.0378086566925049
6538.24572729126	1.04035222530365
6538.30396295826	1.0386362075805664
6538.362198625259	1.034858226776123
6538.420434292259	1.030052661895752
6538.47866995926	1.0235271453857422
6538.53690562626	1.025263786315918
6538.595141293259	1.0326677560806274
6538.653376960259	1.0336717367172241
6538.7116126272595	1.031040072441101
6538.76984829426	1.0318729877471924
6538.82808396126	1.034496545791626
6538.886319628259	1.03554105758667
6538.944555295259	1.0357900857925415
6539.0027909622595	1.037680745124817
6539.06102662926	1.0417531728744507
6539.11926229626	1.0408284664154053
6539.177497963259	1.033774733543396
6539.235733630259	1.0337011814117432
6539.2939692972595	1.0391579866409302
6539.35220496426	1.0424671173095703
6539.41044063126	1.044950008392334
6539.468676298259	1.0436495542526245
6539.526911965259	1.0391483306884766
6539.58514763226	1.0375823974609375
6539.64338329926	1.037216305732727
6539.70161896626	1.037362813949585
6539.759854633259	1.0390208959579468
6539.818090300259	1.0393412113189697
6539.87632596726	1.0377273559570312
6539.93456163426	1.0373549461364746
6539.992797301259	1.0385501384735107
6540.051032968259	1.039515733718872
6540.1092686352595	1.0407662391662598
6540.16750430226	1.0411514043807983
6540.22573996926	1.0404740571975708
6540.283975636259	1.038954496383667
6540.342211303259	1.0363672971725464
6540.4004469702595	1.0349841117858887
6540.45868263726	1.033660650253296
6540.51691830426	1.0337636470794678
6540.575153971259	1.0376020669937134
6540.633389638259	1.0414423942565918
6540.69162530526	1.0458810329437256
6540.74986097226	1.048404335975647
6540.80809663926	1.0439157485961914
6540.866332306259	1.040470004081726
6540.924567973259	1.0412416458129883
6540.98280364026	1.041345477104187
6541.04103930726	1.0419328212738037
6541.09927497426	1.0427614450454712
6541.157510641259	1.0435057878494263
6541.215746308259	1.0448240041732788
6541.27398197526	1.0487784147262573
6541.33221764226	1.0519025325775146
6541.390453309259	1.0496126413345337
6541.448688976259	1.04701828956604
6541.5069246432595	1.0484492778778076
6541.56516031026	1.0494475364685059
6541.62339597726	1.0463217496871948
6541.681631644259	1.0439902544021606
6541.739867311259	1.0494815111160278
6541.7981029782595	1.0544759035110474
6541.85633864526	1.0527621507644653
6541.91457431226	1.0514872074127197
6541.972809979259	1.052505373954773
6542.031045646259	1.051916241645813
6542.08928131326	1.0486971139907837
6542.14751698026	1.0446374416351318
6542.20575264726	1.0415849685668945
6542.263988314259	1.040109395980835
6542.322223981259	1.0411804914474487
6542.38045964826	1.0427566766738892
6542.43869531526	1.0430465936660767
6542.496930982259	1.0442430973052979
6542.555166649259	1.0436725616455078
6542.613402316259	1.0431491136550903
6542.67163798326	1.0469270944595337
6542.72987365026	1.0511772632598877
6542.788109317259	1.0574692487716675
6542.846344984259	1.0642896890640259
6542.9045806512595	1.0617104768753052
6542.96281631826	1.0568097829818726
6543.02105198526	1.0572090148925781
6543.079287652259	1.0592131614685059
6543.137523319259	1.0627009868621826
6543.1957589862595	1.067067265510559
6543.25399465326	1.068678855895996
6543.31223032026	1.0687122344970703
6543.370465987259	1.0678123235702515
6543.428701654259	1.0648735761642456
6543.48693732126	1.0592219829559326
6543.54517298826	1.0525144338607788
6543.60340865526	1.0444447994232178
6543.661644322259	1.0352400541305542
6543.719879989259	1.0245639085769653
6543.77811565626	1.0132713317871094
6543.83635132326	1.0037734508514404
6543.894586990259	0.997826874256134
6543.952822657259	1.0000721216201782
6544.0110583242595	1.0081363916397095
6544.06929399126	1.0211181640625
6544.12752965826	1.0367804765701294
6544.185765325259	1.0475987195968628
6544.244000992259	1.0553953647613525
6544.3022366592595	1.0614670515060425
6544.36047232626	1.063875675201416
6544.41870799326	1.0686463117599487
6544.476943660259	1.0756261348724365
6544.535179327259	1.078189492225647
6544.59341499426	1.078748345375061
6544.65165066126	1.0786845684051514
6544.70988632826	1.078242540359497
6544.768121995259	1.0793968439102173
6544.826357662259	1.0811054706573486
6544.88459332926	1.0825098752975464
6544.94282899626	1.0833067893981934
6545.00106466326	1.084612488746643
6545.059300330259	1.0859568119049072
6545.117535997259	1.086721658706665
6545.17577166426	1.0871764421463013
6545.23400733126	1.0868988037109375
6545.292242998259	1.087178111076355
6545.350478665259	1.0856685638427734
6545.4087143322595	1.0815666913986206
6545.46694999926	1.0833678245544434
6545.52518566626	1.0918841361999512
6545.583421333259	1.092879056930542
6545.641657000259	1.0849381685256958
6545.6998926672595	1.0806893110275269
6545.75812833426	1.0807992219924927
6545.81636400126	1.082389235496521
6545.874599668259	1.0859049558639526
6545.932835335259	1.0879727602005005
6545.99107100226	1.0875616073608398
6546.04930666926	1.0908390283584595
6546.10754233626	1.0981674194335938
6546.165778003259	1.1003438234329224
6546.224013670259	1.0967891216278076
6546.28224933726	1.0962766408920288
6546.34048500426	1.0994746685028076
6546.398720671259	1.1010680198669434
6546.456956338259	1.101203441619873
6546.515192005259	1.1008186340332031
6546.57342767226	1.099104404449463
6546.63166333926	1.0980935096740723
6546.689899006259	1.0998762845993042
6546.748134673259	1.1005330085754395
6546.8063703402595	1.0985522270202637
6546.86460600726	1.0986292362213135
6546.92284167426	1.102838158607483
6546.981077341259	1.106868028640747
6547.039313008259	1.108909249305725
6547.0975486752595	1.1104799509048462
6547.15578434226	1.111724853515625
6547.21402000926	1.1123089790344238
6547.272255676259	1.1135071516036987
6547.330491343259	1.1138581037521362
6547.38872701026	1.1124931573867798
6547.44696267726	1.1117795705795288
6547.50519834426	1.110337495803833
6547.563434011259	1.107731580734253
6547.621669678259	1.1022557020187378
6547.67990534526	1.0978440046310425
6547.73814101226	1.0972213745117188
6547.796376679259	1.0983357429504395
6547.854612346259	1.1041507720947266
6547.9128480132595	1.110164761543274
6547.97108368026	1.1137874126434326
6548.02931934726	1.1175624132156372
6548.087555014259	1.120870590209961
6548.145790681259	1.122740626335144
6548.2040263482595	1.1214474439620972
6548.26226201526	1.1196850538253784
6548.32049768226	1.117810845375061
6548.378733349259	1.1151432991027832
6548.436969016259	1.1096413135528564
6548.4952046832595	1.1010092496871948
6548.55344035026	1.0921088457107544
6548.61167601726	1.0839802026748657
6548.669911684259	1.0845352411270142
6548.728147351259	1.093589425086975
6548.78638301826	1.1099936962127686
6548.84461868526	1.1266602277755737
6548.90285435226	1.1349596977233887
6548.961090019259	1.1400582790374756
6549.019325686259	1.1413296461105347
6549.07756135326	1.1425104141235352
6549.13579702026	1.1449079513549805
6549.194032687259	1.1470046043395996
6549.252268354259	1.1525417566299438
6549.3105040212595	1.1572800874710083
6549.36873968826	1.1540898084640503
6549.42697535526	1.1500822305679321
6549.485211022259	1.152888536453247
6549.543446689259	1.1575589179992676
6549.6016823562595	1.162792682647705
6549.65991802326	1.1684659719467163
6549.71815369026	1.1720608472824097
6549.776389357259	1.1745684146881104
6549.834625024259	1.1735562086105347
6549.89286069126	1.1709277629852295
6549.95109635826	1.17072594165802
6550.00933202526	1.1715112924575806
6550.067567692259	1.1727203130722046
6550.125803359259	1.1753586530685425
6550.18403902626	1.181782603263855
6550.24227469326	1.1891553401947021
6550.300510360259	1.1896169185638428
6550.358746027259	1.187969446182251
6550.416981694259	1.1908010244369507
6550.47521736126	1.194449782371521
6550.53345302826	1.1944636106491089
6550.591688695259	1.1923646926879883
6550.649924362259	1.1955068111419678
6550.7081600292595	1.2010440826416016
6550.76639569626	1.1999064683914185
6550.82463136326	1.1963192224502563
6550.882867030259	1.2010759115219116
6550.941102697259	1.2088868618011475
6550.9993383642595	1.2083609104156494
6551.05757403126	1.2047170400619507
6551.11580969826	1.205883264541626
6551.174045365259	1.2075722217559814
6551.232281032259	1.2089958190917969
6551.29051669926	1.2108807563781738
6551.34875236626	1.2154890298843384
6551.40698803326	1.2212032079696655
6551.465223700259	1.2245306968688965
6551.523459367259	1.2270145416259766
6551.58169503426	1.2300472259521484
6551.63993070126	1.2336759567260742
6551.698166368259	1.2351559400558472
6551.756402035259	1.2354353666305542
6551.8146377022595	1.2378581762313843
6551.87287336926	1.240983009338379
6551.93110903626	1.2431012392044067
6551.989344703259	1.2444697618484497
6552.047580370259	1.245219111442566
6552.1058160372595	1.245063066482544
6552.16405170426	1.2464357614517212
6552.22228737126	1.2468444108963013
6552.280523038259	1.2440376281738281
6552.338758705259	1.2407180070877075
6552.3969943722595	1.2367589473724365
6552.45523003926	1.2316241264343262
6552.51346570626	1.219760775566101
6552.571701373259	1.2061002254486084
6552.629937040259	1.209298849105835
6552.68817270726	1.2232038974761963
6552.74640837426	1.2347345352172852
6552.80464404126	1.2448761463165283
6552.862879708259	1.256955623626709
6552.921115375259	1.2702163457870483
6552.97935104226	1.2803362607955933
6553.03758670926	1.2878903150558472
6553.095822376259	1.29805326461792
6553.154058043259	1.3094470500946045
6553.2122937102595	1.3158760070800781
6553.27052937726	1.3183711767196655
6553.32876504426	1.3242244720458984
6553.387000711259	1.3330192565917969
6553.445236378259	1.335623860359192
6553.5034720452595	1.3323678970336914
6553.56170771226	1.3303067684173584
6553.61994337926	1.329970121383667
6553.678179046259	1.3311766386032104
6553.736414713259	1.3337430953979492
6553.79465038026	1.3396354913711548
6553.85288604726	1.3490915298461914
6553.91112171426	1.3610163927078247
6553.969357381259	1.3742438554763794
6554.027593048259	1.3839111328125
6554.08582871526	1.390923023223877
6554.14406438226	1.3962914943695068
6554.202300049259	1.3984864950180054
6554.260535716259	1.4036996364593506
6554.318771383259	1.4115794897079468
6554.37700705026	1.4159154891967773
6554.43524271726	1.4183650016784668
6554.493478384259	1.4221138954162598
6554.551714051259	1.4272509813308716
6554.6099497182595	1.433087706565857
6554.66818538526	1.4390077590942383
6554.72642105226	1.4477659463882446
6554.784656719259	1.4598276615142822
6554.842892386259	1.468956708908081
6554.9011280532595	1.4742658138275146
6554.95936372026	1.4830968379974365
6555.01759938726	1.4955581426620483
6555.075835054259	1.5057425498962402
6555.134070721259	1.5139368772506714
6555.19230638826	1.522719383239746
6555.25054205526	1.5314345359802246
6555.30877772226	1.540545105934143
6555.367013389259	1.5495649576187134
6555.425249056259	1.558037281036377
6555.48348472326	1.5668262243270874
6555.54172039026	1.576087474822998
6555.599956057259	1.5872048139572144
6555.658191724259	1.6002215147018433
6555.7164273912595	1.6145163774490356
6555.77466305826	1.6304346323013306
6555.83289872526	1.6474699974060059
6555.891134392259	1.6614476442337036
6555.949370059259	1.671110987663269
6556.0076057262595	1.681636095046997
6556.06584139326	1.6942425966262817
6556.12407706026	1.7055987119674683
6556.182312727259	1.7158912420272827
6556.240548394259	1.7293781042099
6556.2987840612595	1.7461953163146973
6556.35701972826	1.761214017868042
6556.41525539526	1.7745604515075684
6556.473491062259	1.7887330055236816
6556.531726729259	1.8015366792678833
6556.58996239626	1.8184107542037964
6556.64819806326	1.8426804542541504
6556.70643373026	1.8625155687332153
6556.764669397259	1.874571681022644
6556.822905064259	1.8891627788543701
6556.88114073126	1.9090298414230347
6556.93937639826	1.923242449760437
6556.997612065259	1.9299790859222412
6557.055847732259	1.9410744905471802
6557.1140833992595	1.958909511566162
6557.17231906626	1.9810720682144165
6557.23055473326	2.0085296630859375
6557.288790400259	2.0405831336975098
6557.347026067259	2.075514078140259
6557.4052617342595	2.1114377975463867
6557.46349740126	2.148524522781372
6557.52173306826	2.182525634765625
6557.579968735259	2.208693027496338
6557.638204402259	2.236222743988037
6557.69644006926	2.269648790359497
6557.75467573626	2.3006248474121094
6557.81291140326	2.327547311782837
6557.871147070259	2.35693097114563
6557.929382737259	2.3898885250091553
6557.98761840426	2.4247469902038574
6558.04585407126	2.4622256755828857
6558.104089738259	2.49715256690979
6558.162325405259	2.527247190475464
6558.220561072259	2.561826229095459
6558.27879673926	2.604039192199707
6558.33703240626	2.648618459701538
6558.395268073259	2.6940524578094482
6558.453503740259	2.7393875122070312
6558.5117394072595	2.7835259437561035
6558.56997507426	2.8288803100585938
6558.62821074126	2.8765745162963867
6558.686446408259	2.9235711097717285
6558.744682075259	2.9693429470062256
6558.8029177422595	3.017219305038452
6558.86115340926	3.066437005996704
6558.91938907626	3.1154184341430664
6558.977624743259	3.163867950439453
6559.035860410259	3.212048292160034
6559.09409607726	3.2587413787841797
6559.15233174426	3.309443473815918
6559.21056741126	3.3662354946136475
6559.268803078259	3.4222254753112793
6559.327038745259	3.476684808731079
6559.38527441226	3.5290915966033936
6559.44351007926	3.5775091648101807
6559.501745746259	3.6215779781341553
6559.559981413259	3.6620945930480957
6559.6182170802595	3.7069246768951416
6559.67645274726	3.7589786052703857
6559.73468841426	3.808788776397705
6559.792924081259	3.8544554710388184
6559.851159748259	3.8962228298187256
6559.9093954152595	3.9324965476989746
6559.96763108226	3.9651989936828613
6560.02586674926	3.9920034408569336
6560.084102416259	4.021422386169434
6560.142338083259	4.062602519989014
6560.2005737502595	4.098069190979004
6560.25880941726	4.119349002838135
6560.31704508426	4.140270233154297
6560.375280751259	4.159532070159912
6560.433516418259	4.18507194519043
6560.49175208526	4.226143836975098
6560.54998775226	4.2681779861450195
6560.60822341926	4.309106826782227
6560.666459086259	4.349638938903809
6560.724694753259	4.387641906738281
6560.78293042026	4.4309983253479
6560.84116608726	4.482668876647949
6560.899401754259	4.53344202041626
6560.957637421259	4.581150531768799
6561.0158730882595	4.6287360191345215
6561.07410875526	4.675770282745361
6561.13234442226	4.727507591247559
6561.190580089259	4.791966438293457
6561.248815756259	4.854156494140625
6561.3070514232595	4.906763076782227
6561.36528709026	4.962924003601074
6561.42352275726	5.024483680725098
6561.481758424259	5.078711032867432
6561.539994091259	5.117509841918945
6561.59822975826	5.151648044586182
6561.65646542526	5.185569763183594
6561.71470109226	5.215826034545898
6561.772936759259	5.240242004394531
6561.831172426259	5.25460147857666
6561.88940809326	5.255369186401367
6561.94764376026	5.252697467803955
6562.005879427259	5.250336647033691
6562.064115094259	5.2491068840026855
6562.122350761259	5.258817672729492
6562.18058642826	5.261733055114746
6562.23882209526	5.242281436920166
6562.297057762259	5.227769374847412
6562.355293429259	5.221685886383057
6562.4135290962595	5.215697288513184
6562.47176476326	5.2171950340271
6562.53000043026	5.218270778656006
6562.588236097259	5.214200496673584
6562.646471764259	5.214942455291748
6562.7047074312595	5.2222723960876465
6562.76294309826	5.232780933380127
6562.82117876526	5.2494893074035645
6562.879414432259	5.257496356964111
6562.937650099259	5.244792461395264
6562.99588576626	5.236831188201904
6563.05412143326	5.239745616912842
6563.11235710026	5.236249923706055
6563.170592767259	5.221704483032227
6563.228828434259	5.210637092590332
6563.28706410126	5.210035800933838
6563.34529976826	5.202183246612549
6563.403535435259	5.180781364440918
6563.461771102259	5.155480861663818
6563.520006769259	5.128537654876709
6563.57824243626	5.107156276702881
6563.63647810326	5.1036200523376465
6563.694713770259	5.089088439941406
6563.752949437259	5.04836368560791
6563.8111851042595	4.998682498931885
6563.86942077126	4.941134452819824
6563.92765643826	4.874204635620117
6563.985892105259	4.793149471282959
6564.044127772259	4.712790489196777
6564.1023634392595	4.640577793121338
6564.16059910626	4.575711250305176
6564.21883477326	4.531458377838135
6564.277070440259	4.5004730224609375
6564.335306107259	4.476498603820801
6564.39354177426	4.456429481506348
6564.45177744126	4.437193870544434
6564.51001310826	4.416849136352539
6564.568248775259	4.392350196838379
6564.626484442259	4.369104385375977
6564.68472010926	4.345931529998779
6564.74295577626	4.321854114532471
6564.801191443259	4.296168327331543
6564.859427110259	4.271768093109131
6564.9176627772595	4.249724388122559
6564.97589844426	4.227900505065918
6565.03413411126	4.203317642211914
6565.092369778259	4.179779052734375
6565.150605445259	4.164221286773682
6565.2088411122595	4.14397668838501
6565.26707677926	4.115456581115723
6565.32531244626	4.085200309753418
6565.383548113259	4.052858352661133
6565.441783780259	4.016659736633301
6565.50001944726	3.9756808280944824
6565.55825511426	3.932058811187744
6565.61649078126	3.886958360671997
6565.674726448259	3.8425309658050537
6565.732962115259	3.799114465713501
6565.79119778226	3.7536187171936035
6565.84943344926	3.70910382270813
6565.907669116259	3.6589598655700684
6565.965904783259	3.598155975341797
6566.024140450259	3.5407629013061523
6566.08237611726	3.488861083984375
6566.14061178426	3.437851905822754
6566.198847451259	3.390831708908081
6566.257083118259	3.34147047996521
6566.3153187852595	3.2877414226531982
6566.37355445226	3.230321168899536
6566.43179011926	3.164109706878662
6566.490025786259	3.1084766387939453
6566.548261453259	3.0733649730682373
6566.6064971202595	3.0324127674102783
6566.66473278726	2.9798595905303955
6566.72296845426	2.9348464012145996
6566.781204121259	2.9030327796936035
6566.839439788259	2.865171432495117
6566.89767545526	2.813030242919922
6566.95591112226	2.7640085220336914
6567.01414678926	2.721999168395996
6567.072382456259	2.680163621902466
6567.130618123259	2.6392252445220947
6567.18885379026	2.601006031036377
6567.24708945726	2.5656814575195312
6567.305325124259	2.5295233726501465
6567.363560791259	2.4939610958099365
6567.421796458259	2.45733904838562
6567.48003212526	2.4190521240234375
6567.53826779226	2.3838536739349365
6567.596503459259	2.350909948348999
6567.654739126259	2.3210506439208984
6567.7129747932595	2.295740842819214
6567.77121046026	2.2661101818084717
6567.82944612726	2.2285075187683105
6567.887681794259	2.192645311355591
6567.945917461259	2.160094976425171
6568.0041531282595	2.1308937072753906
6568.06238879526	2.105926990509033
6568.12062446226	2.082486629486084
6568.178860129259	2.0629053115844727
6568.237095796259	2.040256977081299
6568.29533146326	2.007887840270996
6568.35356713026	1.9829087257385254
6568.41180279726	1.9704269170761108
6568.470038464259	1.9507120847702026
6568.528274131259	1.9202187061309814
6568.58650979826	1.8952730894088745
6568.64474546526	1.8799513578414917
6568.702981132259	1.8579555749893188
6568.761216799259	1.827355146408081
6568.8194524662595	1.8055486679077148
6568.87768813326	1.794130802154541
6568.93592380026	1.7808908224105835
6568.994159467259	1.7646087408065796
6569.052395134259	1.752233624458313
6569.1106308012595	1.7449437379837036
6569.16886646826	1.7333977222442627
6569.22710213526	1.7139604091644287
6569.285337802259	1.6991841793060303
6569.343573469259	1.6922240257263184
6569.4018091362595	1.680924654006958
6569.46004480326	1.6655051708221436
6569.51828047026	1.6524431705474854
6569.576516137259	1.6404778957366943
6569.634751804259	1.6325734853744507
6569.69298747126	1.6289949417114258
6569.75122313826	1.6201552152633667
6569.809458805259	1.6061702966690063
6569.867694472259	1.5913468599319458
6569.925930139259	1.5748447179794312
6569.98416580626	1.5632859468460083
6570.04240147326	1.5585567951202393
6570.100637140259	1.5505398511886597
6570.158872807259	1.5396509170532227
6570.2171084742595	1.5311225652694702
6570.27534414126	1.522709608078003
6570.33357980826	1.5153089761734009
6570.391815475259	1.5096302032470703
6570.450051142259	1.5005857944488525
6570.5082868092595	1.487939476966858
6570.56652247626	1.4777134656906128
6570.62475814326	1.4695814847946167
6570.682993810259	1.4629504680633545
6570.741229477259	1.4588344097137451
6570.79946514426	1.4511141777038574
6570.85770081126	1.4390625953674316
6570.91593647826	1.4330263137817383
6570.974172145259	1.4326741695404053
6571.032407812259	1.4275239706039429
6571.09064347926	1.4179452657699585
6571.14887914626	1.411924123764038
6571.207114813259	1.4094079732894897
6571.265350480259	1.4049162864685059
6571.323586147259	1.3981208801269531
6571.38182181426	1.3920542001724243
6571.44005748126	1.386292576789856
6571.498293148259	1.3797956705093384
6571.556528815259	1.3722467422485352
6571.6147644822595	1.3642348051071167
6571.67300014926	1.3559930324554443
6571.73123581626	1.3483556509017944
6571.789471483259	1.3408650159835815
6571.847707150259	1.329376220703125
6571.9059428172595	1.3165135383605957
6571.96417848426	1.3031492233276367
6572.02241415126	1.2885608673095703
6572.080649818259	1.2808624505996704
6572.138885485259	1.2788012027740479
6572.19712115226	1.2811970710754395
6572.25535681926	1.2880357503890991
6572.31359248626	1.2943153381347656
6572.371828153259	1.299877405166626
6572.430063820259	1.3028404712677002
6572.48829948726	1.3021725416183472
6572.54653515426	1.3014596700668335
6572.604770821259	1.3005706071853638
6572.663006488259	1.297674536705017
6572.7212421552595	1.293365240097046
6572.77947782226	1.2894375324249268
6572.83771348926	1.286976933479309
6572.895949156259	1.280710220336914
6572.954184823259	1.2718132734298706
6573.0124204902595	1.27254056930542
6573.07065615726	1.2787951231002808
6573.12889182426	1.2729002237319946
6573.187127491259	1.2605663537979126
6573.245363158259	1.2555739879608154
6573.3035988252595	1.2539610862731934
6573.36183449226	1.2506181001663208
6573.42007015926	1.2473654747009277
6573.478305826259	1.241394281387329
6573.536541493259	1.2342852354049683
6573.59477716026	1.2340824604034424
6573.65301282726	1.2361971139907837
6573.711248494259	1.2339202165603638
6573.769484161259	1.2298965454101562
6573.827719828259	1.228452205657959
6573.88595549526	1.2271472215652466
6573.94419116226	1.2248772382736206
6574.002426829259	1.2220550775527954
6574.060662496259	1.2198529243469238
6574.1188981632595	1.2183499336242676
6574.17713383026	1.2152674198150635
6574.23536949726	1.2118064165115356
6574.293605164259	1.2116793394088745
6574.351840831259	1.2123020887374878
6574.4100764982595	1.2099169492721558
6574.46831216526	1.2047666311264038
6574.52654783226	1.1958684921264648
6574.584783499259	1.1860647201538086
6574.643019166259	1.1755993366241455
6574.70125483326	1.1638801097869873
6574.75949050026	1.1476197242736816
6574.81772616726	1.131837248802185
6574.875961834259	1.1299076080322266
6574.934197501259	1.137115240097046
6574.99243316826	1.146977424621582
6575.05066883526	1.1574409008026123
6575.108904502259	1.1692569255828857
6575.167140169259	1.1799622774124146
6575.225375836259	1.1819710731506348
6575.28361150326	1.1806995868682861
6575.34184717026	1.1798073053359985
6575.400082837259	1.1777948141098022
6575.458318504259	1.1784154176712036
6575.5165541712595	1.1791164875030518
6575.57478983826	1.1761263608932495
6575.63302550526	1.1722420454025269
6575.691261172259	1.1740154027938843
6575.749496839259	1.1765128374099731
6575.8077325062595	1.171990156173706
6575.86596817326	1.1672673225402832
6575.92420384026	1.1650499105453491
6575.982439507259	1.1635653972625732
6576.040675174259	1.1641243696212769
6576.09891084126	1.164812684059143
6576.15714650826	1.163132667541504
6576.21538217526	1.160534143447876
6576.273617842259	1.1573607921600342
6576.331853509259	1.1543831825256348
6576.39008917626	1.1545885801315308
6576.44832484326	1.1548852920532227
6576.506560510259	1.1499489545822144
6576.564796177259	1.1458102464675903
6576.6230318442595	1.147957444190979
6576.68126751126	1.1503113508224487
6576.73950317826	1.1528618335723877
6576.797738845259	1.1537388563156128
6576.855974512259	1.1491234302520752
6576.9142101792595	1.1445063352584839
6576.97244584626	1.1434043645858765
6577.03068151326	1.1429325342178345
6577.088917180259	1.1427173614501953
6577.147152847259	1.1412876844406128
6577.2053885142595	1.137823224067688
6577.26362418126	1.136009693145752
6577.32185984826	1.1380672454833984
6577.380095515259	1.1391746997833252
6577.438331182259	1.1376409530639648
6577.49656684926	1.1359349489212036
6577.55480251626	1.1345102787017822
6577.613038183259	1.1318821907043457
6577.671273850259	1.126531958580017
6577.729509517259	1.1225733757019043
6577.78774518426	1.1228082180023193
6577.84598085126	1.1235922574996948
6577.904216518259	1.1256561279296875
6577.962452185259	1.1263216733932495
6578.0206878522595	1.1222872734069824
6578.07892351926	1.1185652017593384
6578.13715918626	1.114105463027954
6578.195394853259	1.1122605800628662
6578.253630520259	1.1184152364730835
6578.3118661872595	1.1211481094360352
6578.37010185426	1.1185499429702759
6578.42833752126	1.1170309782028198
6578.486573188259	1.1150517463684082
6578.544808855259	1.1143066883087158
6578.60304452226	1.119083285331726
6578.66128018926	1.1179282665252686
6578.71951585626	1.1065558195114136
6578.777751523259	1.1008014678955078
6578.835987190259	1.1030550003051758
6578.89422285726	1.1059889793395996
6578.95245852426	1.109997034072876
6579.010694191259	1.1114202737808228
6579.068929858259	1.1073830127716064
6579.127165525259	1.1053861379623413
6579.18540119226	1.1056199073791504
6579.24363685926	1.1043750047683716
6579.301872526259	1.1030981540679932
6579.360108193259	1.1025723218917847
6579.4183438602595	1.1021685600280762
6579.47657952726	1.1021476984024048
6579.53481519426	1.1037980318069458
6579.593050861259	1.1041063070297241
6579.651286528259	1.1020476818084717
6579.7095221952595	1.0997430086135864
6579.76775786226	1.0970395803451538
6579.82599352926	1.0960232019424438
6579.884229196259	1.0972050428390503
6579.942464863259	1.097737431526184
6580.00070053026	1.0974068641662598
6580.05893619726	1.0958774089813232
6580.11717186426	1.092564344406128
6580.175407531259	1.0928270816802979
6580.233643198259	1.0971179008483887
6580.29187886526	1.0967646837234497
6580.35011453226	1.0921684503555298
6580.408350199259	1.0901553630828857
6580.466585866259	1.0899587869644165
6580.5248215332595	1.0872883796691895
6580.58305720026	1.0831784009933472
6580.64129286726	1.0780670642852783
6580.699528534259	1.0722568035125732
6580.757764201259	1.0707870721817017
6580.8159998682595	1.0719393491744995
6580.87423553526	1.0742638111114502
6580.93247120226	1.0778087377548218
6580.990706869259	1.0804319381713867
6581.048942536259	1.0825568437576294
6581.1071782032595	1.0869628190994263
6581.16541387026	1.092148780822754
6581.22364953726	1.0905102491378784
6581.281885204259	1.0855653285980225
6581.340120871259	1.085131049156189
6581.39835653826	1.0864378213882446
6581.45659220526	1.0835824012756348
6581.514827872259	1.079569697380066
6581.573063539259	1.0802674293518066
6581.631299206259	1.0830048322677612
6581.68953487326	1.0842511653900146
6581.74777054026	1.0851951837539673
6581.806006207259	1.0850677490234375
6581.864241874259	1.0839365720748901
6581.9224775412595	1.0827784538269043
6581.98071320826	1.0811768770217896
6582.03894887526	1.0800951719284058
6582.097184542259	1.0794861316680908
6582.155420209259	1.0796244144439697
6582.2136558762595	1.0803098678588867
6582.27189154326	1.0751510858535767
6582.33012721026	1.0686506032943726
6582.388362877259	1.0720652341842651
6582.446598544259	1.0767526626586914
6582.50483421126	1.0745213031768799
6582.56306987826	1.0708565711975098
6582.62130554526	1.0738674402236938
6582.679541212259	1.0776846408843994
6582.737776879259	1.0746209621429443
6582.79601254626	1.0716123580932617
6582.85424821326	1.0728214979171753
6582.912483880259	1.0742977857589722
6582.970719547259	1.0756912231445312
6583.028955214259	1.0771008729934692
6583.08719088126	1.0763124227523804
6583.14542654826	1.0746792554855347
6583.203662215259	1.0724934339523315
6583.261897882259	1.0701218843460083
6583.3201335492595	1.0702511072158813
6583.37836921626	1.070421814918518
6583.43660488326	1.0674365758895874
6583.494840550259	1.0660475492477417
6583.553076217259	1.0702930688858032
6583.6113118842595	1.0732475519180298
6583.66954755126	1.0728802680969238
6583.72778321826	1.0727685689926147
6583.786018885259	1.0731916427612305
6583.844254552259	1.0739505290985107
6583.90249021926	1.074873924255371
6583.96072588626	1.0759116411209106
6584.01896155326	1.078258991241455
6584.077197220259	1.0785200595855713
6584.135432887259	1.0705647468566895
6584.19366855426	1.065934181213379
6584.25190422126	1.0722726583480835
6584.310139888259	1.0756380558013916
6584.368375555259	1.074497938156128
6584.426611222259	1.0741803646087646
6584.48484688926	1.074206829071045
6584.54308255626	1.0743789672851562
6584.601318223259	1.0752313137054443
6584.659553890259	1.0741260051727295
6584.7177895572595	1.0688505172729492
6584.77602522426	1.0663022994995117
6584.83426089126	1.0685560703277588
6584.892496558259	1.0704801082611084
6584.950732225259	1.0725553035736084
6585.0089678922595	1.0723192691802979
6585.06720355926	1.0682907104492188
6585.12543922626	1.0663148164749146
6585.183674893259	1.0667282342910767
6585.241910560259	1.0667001008987427
6585.30014622726	1.0674958229064941
6585.35838189426	1.0664730072021484
6585.416617561259	1.0625996589660645
6585.474853228259	1.0612999200820923
6585.533088895259	1.0620616674423218
6585.59132456226	1.0609915256500244
6585.64956022926	1.0588750839233398
6585.707795896259	1.0574688911437988
6585.766031563259	1.0563303232192993
6585.8242672302595	1.0588538646697998
6585.88250289726	1.0644738674163818
6585.94073856426	1.0645477771759033
6585.998974231259	1.0606635808944702
6586.057209898259	1.057225227355957
6586.1154455652595	1.052895188331604
6586.17368123226	1.0510618686676025
6586.23191689926	1.0508919954299927
6586.290152566259	1.048189401626587
6586.348388233259	1.0453392267227173
6586.40662390026	1.0402934551239014
6586.46485956726	1.034151315689087
6586.52309523426	1.0329614877700806
6586.581330901259	1.0337872505187988
6586.639566568259	1.0357327461242676
6586.69780223526	1.038872241973877
6586.75603790226	1.0405595302581787
6586.814273569259	1.041369915008545
6586.872509236259	1.0444120168685913
6586.930744903259	1.0486253499984741
6586.98898057026	1.049377202987671
6587.04721623726	1.0494009256362915
6587.105451904259	1.0520206689834595
6587.163687571259	1.0554826259613037
6587.2219232382595	1.0574907064437866
6587.28015890526	1.0572634935379028
6587.33839457226	1.0547399520874023
6587.396630239259	1.0523544549942017
6587.454865906259	1.0504494905471802
6587.5131015732595	1.0490988492965698
6587.57133724026	1.0533108711242676
6587.62957290726	1.0588691234588623
6587.687808574259	1.05521559715271
6587.746044241259	1.0498179197311401
6587.80427990826	1.0516138076782227
6587.86251557526	1.054052472114563
6587.92075124226	1.0544708967208862
6587.978986909259	1.0554358959197998
6588.037222576259	1.0549498796463013
6588.09545824326	1.0552868843078613
6588.15369391026	1.0591310262680054
6588.211929577259	1.061428427696228
6588.270165244259	1.0601422786712646
6588.328400911259	1.0576092004776
6588.38663657826	1.0539318323135376
6588.44487224526	1.0518627166748047
6588.503107912259	1.053969144821167
6588.561343579259	1.0556604862213135
6588.6195792462595	1.0555107593536377
6588.67781491326	1.0558606386184692
6588.73605058026	1.0565053224563599
6588.794286247259	1.0569819211959839
6588.852521914259	1.0563145875930786
6588.9107575812595	1.055306315422058
6588.96899324826	1.053873062133789
6589.02722891526	1.053485631942749
6589.085464582259	1.0560519695281982
6589.143700249259	1.0564543008804321
6589.20193591626	1.0534162521362305
6589.26017158326	1.0515238046646118
6589.318407250259	1.0515316724777222
6589.376642917259	1.051681637763977
6589.434878584259	1.0500009059906006
6589.49311425126	1.0510600805282593
6589.55134991826	1.057763695716858
6589.609585585259	1.0589679479599
6589.667821252259	1.0522165298461914
6589.7260569192595	1.0483739376068115
6589.78429258626	1.047876238822937
6589.84252825326	1.048343300819397
6589.900763920259	1.0501365661621094
6589.958999587259	1.049898386001587
6590.0172352542595	1.0471290349960327
6590.07547092126	1.045190453529358
6590.13370658826	1.0439467430114746
6590.191942255259	1.0435363054275513
6590.250177922259	1.0432183742523193
6590.3084135892595	1.0443196296691895
6590.36664925626	1.0471599102020264
6590.424884923259	1.0460580587387085
6590.483120590259	1.0416619777679443
6590.541356257259	1.040454626083374
6590.59959192426	1.0416524410247803
6590.65782759126	1.040448784828186
6590.716063258259	1.037949800491333
6590.774298925259	1.0391449928283691
6590.832534592259	1.0419217348098755
6590.89077025926	1.0406750440597534
6590.94900592626	1.0377756357192993
6591.007241593259	1.03647780418396
6591.065477260259	1.0357378721237183
6591.1237129272595	1.0376163721084595
6591.18194859426	1.0419327020645142
6591.24018426126	1.040126919746399
6591.298419928259	1.0355823040008545
6591.356655595259	1.0361442565917969
6591.4148912622595	1.0384901762008667
6591.47312692926	1.0383304357528687
6591.53136259626	1.0373406410217285
6591.589598263259	1.0375827550888062
6591.647833930259	1.0374215841293335
6591.70606959726	1.0359528064727783
6591.76430526426	1.0352239608764648
6591.82254093126	1.031906008720398
6591.880776598259	1.029060959815979
6591.939012265259	1.0336713790893555
6591.99724793226	1.0385648012161255
6592.05548359926	1.0370948314666748
6592.113719266259	1.034151315689087
6592.171954933259	1.0310537815093994
6592.230190600259	1.0281003713607788
6592.28842626726	1.0294052362442017
6592.34666193426	1.0305960178375244
6592.404897601259	1.0289164781570435
6592.463133268259	1.028308629989624
6592.5213689352595	1.029273271560669
6592.57960460226	1.0297414064407349
6592.63784026926	1.0281429290771484
6592.696075936259	1.0267540216445923
6592.754311603259	1.0266731977462769
6592.8125472702595	1.0268476009368896
6592.87078293726	1.0273876190185547
6592.92901860426	1.0282855033874512
6592.987254271259	1.0282530784606934
6593.045489938259	1.0272856950759888
6593.10372560526	1.0266190767288208
6593.16196127226	1.0243676900863647
6593.220196939259	1.0177794694900513
6593.278432606259	1.0164779424667358
6593.336668273259	1.024373173713684
6593.39490394026	1.0274978876113892
6593.45313960726	1.0241881608963013
6593.511375274259	1.0241731405258179
6593.569610941259	1.027108907699585
6593.6278466082595	1.0312480926513672
6593.68608227526	1.0377756357192993
6593.74431794226	1.0391387939453125
6593.802553609259	1.0332282781600952
6593.860789276259	1.0311836004257202
6593.9190249432595	1.0338785648345947
6593.97726061026	1.0314743518829346
6594.03549627726	1.0251851081848145
6594.093731944259	1.0229214429855347
6594.151967611259	1.0223647356033325
6594.2102032782595	1.0236995220184326
6594.26843894526	1.0278252363204956
6594.326674612259	1.0267318487167358
6594.384910279259	1.0223115682601929
6594.443145946259	1.0206716060638428
6594.50138161326	1.0199079513549805
6594.55961728026	1.0235930681228638
6594.617852947259	1.0310114622116089
6594.676088614259	1.0330275297164917
6594.734324281259	1.0325998067855835
6594.79255994826	1.032064437866211
6594.85079561526	1.030029535293579
6594.909031282259	1.028681993484497
6594.967266949259	1.0278044939041138
6595.0255026162595	1.0315390825271606
6595.08373828326	1.0363744497299194
6595.14197395026	1.0338613986968994
6595.200209617259	1.0295106172561646
6595.258445284259	1.0297517776489258
6595.3166809512595	1.0307517051696777
6595.37491661826	1.0297520160675049
6595.43315228526	1.0280054807662964
6595.491387952259	1.0323750972747803
6595.549623619259	1.0365740060806274
6595.60785928626	1.0319864749908447
6595.66609495326	1.0271731615066528
6595.724330620259	1.0289331674575806
6595.782566287259	1.0315346717834473
6595.840801954259	1.0323008298873901
6595.89903762126	1.0332640409469604
6595.95727328826	1.032526969909668
6596.015508955259	1.0313124656677246
6596.073744622259	1.0294535160064697
6596.131980289259	1.0276445150375366
6596.19021595626	1.0268899202346802
6596.24845162326	1.026525855064392
6596.306687290259	1.0273154973983765
6596.364922957259	1.0274521112442017
6596.4231586242595	1.0239737033843994
6596.48139429126	1.0229092836380005
6596.53962995826	1.029821753501892
6596.597865625259	1.0332294702529907
6596.656101292259	1.027506709098816
6596.7143369592595	1.023293137550354
6596.77257262626	1.0220956802368164
6596.83080829326	1.0200039148330688
6596.889043960259	1.017274260520935
6596.947279627259	1.0170717239379883
6597.00551529426	1.021765947341919
6597.06375096126	1.0247106552124023
6597.121986628259	1.0260934829711914
6597.180222295259	1.0262495279312134
6597.238457962259	1.021723985671997
6597.29669362926	1.0235992670059204
6597.35492929626	1.032516360282898
6597.413164963259	1.034886360168457
6597.471400630259	1.0320178270339966
6597.5296362972595	1.0273666381835938
6597.58787196426	1.0203577280044556
6597.64610763126	1.0206109285354614
6597.704343298259	1.0268332958221436
6597.762578965259	1.028418779373169
6597.8208146322595	1.0273420810699463
6597.87905029926	1.0250625610351562
6597.93728596626	1.021333932876587
6597.995521633259	1.019506573677063
6598.053757300259	1.0196610689163208
6598.1119929672595	1.0214368104934692
6598.17022863426	1.023195743560791
6598.228464301259	1.0272438526153564
6598.286699968259	1.032598614692688
6598.344935635259	1.029152512550354
6598.40317130226	1.0231969356536865
6598.46140696926	1.021209955215454
6598.519642636259	1.0199668407440186
6598.577878303259	1.0210288763046265
6598.636113970259	1.0232861042022705
6598.69434963726	1.023163080215454
6598.75258530426	1.023054599761963
6598.810820971259	1.0238945484161377
6598.869056638259	1.024337649345398
6598.9272923052595	1.0254007577896118
6598.98552797226	1.0248117446899414
6599.04376363926	1.0203527212142944
6599.101999306259	1.0163841247558594
6599.160234973259	1.0150302648544312
6599.2184706402595	1.014073133468628
6599.27670630726	1.0141063928604126
6599.33494197426	1.0152719020843506
6599.393177641259	1.014119029045105
6599.451413308259	1.0148342847824097
6599.50964897526	1.0222198963165283
6599.56788464226	1.0266298055648804
6599.626120309259	1.023111343383789
6599.684355976259	1.0205039978027344
6599.742591643259	1.0204687118530273
6599.80082731026	1.0211052894592285
6599.85906297726	1.0231767892837524
6599.917298644259	1.0256277322769165
6599.975534311259	1.0271462202072144
6600.033769978259	1.025661587715149
6600.09200564526	1.020690679550171
6600.15024131226	1.0184037685394287
6600.208476979259	1.0187393426895142
6600.266712646259	1.0206751823425293
6600.3249483132595	1.0253986120224
6600.38318398026	1.0280485153198242
6600.44141964726	1.0278644561767578
6600.499655314259	1.0267754793167114
6600.557890981259	1.0242785215377808
6600.6161266482595	1.024739384651184
6600.67436231526	1.0281546115875244
6600.73259798226	1.0277353525161743
6600.790833649259	1.025145173072815
6600.849069316259	1.0250340700149536
6600.90730498326	1.0265436172485352
6600.96554065026	1.0255450010299683
6601.023776317259	1.022634744644165
6601.082011984259	1.0225633382797241
6601.140247651259	1.023531436920166
6601.19848331826	1.0230729579925537
6601.25671898526	1.022549033164978
6601.314954652259	1.0209611654281616
6601.373190319259	1.0184029340744019
6601.4314259862595	1.0227910280227661
6601.48966165326	1.0295244455337524
6601.54789732026	1.0275622606277466
6601.606132987259	1.023048758506775
6601.664368654259	1.0220400094985962
6601.7226043212595	1.0217764377593994
6601.78083998826	1.0178990364074707
6601.83907565526	1.0135778188705444
6601.897311322259	1.0130248069763184
6601.955546989259	1.0133320093154907
6602.0137826562595	1.0140844583511353
6602.07201832326	1.0146543979644775
6602.130253990259	1.0134915113449097
6602.188489657259	1.0130735635757446
6602.246725324259	1.0153428316116333
6602.30496099126	1.0173885822296143
6602.36319665826	1.017731785774231
6602.421432325259	1.0181336402893066
6602.479667992259	1.0190027952194214
6602.537903659259	1.019321084022522
6602.59613932626	1.0183780193328857
6602.65437499326	1.017817735671997
6602.712610660259	1.0180840492248535
6602.770846327259	1.0195343494415283
6602.8290819942595	1.0234746932983398
6602.88731766126	1.025161623954773
6602.94555332826	1.0216288566589355
6603.003788995259	1.0204025506973267
6603.062024662259	1.0238174200057983
6603.1202603292595	1.0255295038223267
6603.17849599626	1.0246973037719727
6603.23673166326	1.0229861736297607
6603.294967330259	1.0199463367462158
6603.353202997259	1.0178463459014893
6603.41143866426	1.0170717239379883
6603.46967433126	1.0180011987686157
6603.527909998259	1.0198578834533691
6603.586145665259	1.0211312770843506
6603.644381332259	1.0223662853240967
6603.70261699926	1.0200170278549194
6603.76085266626	1.0142561197280884
6603.819088333259	1.0158530473709106
6603.877324000259	1.0238947868347168
6603.935559667259	1.0223901271820068
6603.99379533426	1.0166014432907104
6604.05203100126	1.0187309980392456
6604.110266668259	1.021942138671875
6604.168502335259	1.0244700908660889
6604.2267380022595	1.0269285440444946
6604.28497366926	1.0243316888809204
6604.34320933626	1.0200741291046143
6604.401445003259	1.0175855159759521
6604.459680670259	1.0152804851531982
6604.5179163372595	1.0134751796722412
6604.57615200426	1.0133787393569946
6604.63438767126	1.0170981884002686
6604.692623338259	1.020861268043518
6604.750859005259	1.0155349969863892
6604.80909467226	1.0100762844085693
6604.86733033926	1.015612006187439
6604.925566006259	1.0207144021987915
6604.983801673259	1.0196059942245483
6605.042037340259	1.0184736251831055
6605.10027300726	1.017572045326233
6605.15850867426	1.016594409942627
6605.216744341259	1.0182706117630005
6605.274980008259	1.0192668437957764
6605.333215675259	1.0180362462997437
6605.39145134226	1.0169248580932617
6605.44968700926	1.0181411504745483
6605.507922676259	1.0177608728408813
6605.566158343259	1.0131999254226685
6605.6243940102595	1.0109367370605469
6605.68262967726	1.013810634613037
6605.74086534426	1.0157208442687988
6605.799101011259	1.0155514478683472
6605.857336678259	1.0150353908538818
6605.9155723452595	1.0131776332855225
6605.97380801226	1.012740135192871
6606.032043679259	1.0137444734573364
6606.090279346259	1.015688180923462
6606.148515013259	1.0187044143676758
6606.20675068026	1.020527720451355
6606.26498634726	1.0210273265838623
6606.323222014259	1.0185511112213135
6606.381457681259	1.0135159492492676
6606.439693348259	1.0116474628448486
6606.49792901526	1.0130517482757568
6606.55616468226	1.0096213817596436
6606.614400349259	1.0050389766693115
6606.672636016259	1.0072907209396362
6606.7308716832595	1.0123920440673828
6606.78910735026	1.0143492221832275
6606.84734301726	1.0146311521530151
6606.905578684259	1.0135637521743774
6606.963814351259	1.0106661319732666
6607.0220500182595	1.0121912956237793
6607.08028568526	1.0144795179367065
6607.13852135226	1.012495517730713
6607.196757019259	1.0101083517074585
6607.254992686259	1.0096385478973389
6607.31322835326	1.009369134902954
6607.37146402026	1.0111690759658813
6607.429699687259	1.0139460563659668
6607.487935354259	1.0169014930725098
6607.546171021259	1.0181337594985962
6607.60440668826	1.010895848274231
6607.66264235526	1.0052556991577148
6607.720878022259	1.0093388557434082
6607.779113689259	1.0126398801803589
6607.837349356259	1.013476014137268
6607.89558502326	1.0138895511627197
6607.95382069026	1.0099650621414185
6608.012056357259	1.0088720321655273
6608.070292024259	1.0126948356628418
6608.1285276912595	1.0160974264144897
6608.18676335826	1.0187907218933105
6608.24499902526	1.019794225692749
6608.303234692259	1.017830729484558
6608.361470359259	1.0170321464538574
6608.4197060262595	1.0187023878097534
6608.47794169326	1.01863431930542
6608.53617736026	1.0167992115020752
6608.594413027259	1.0131754875183105
6608.652648694259	1.007564663887024
6608.71088436126	1.0059086084365845
6608.76912002826	1.0074577331542969
6608.827355695259	1.0101261138916016
6608.885591362259	1.0140032768249512
6608.943827029259	1.0130553245544434
6609.00206269626	1.008638858795166
6609.06029836326	1.0086305141448975
6609.118534030259	1.0116486549377441
6609.176769697259	1.0129079818725586
6609.235005364259	1.0133113861083984
6609.29324103126	1.0146434307098389
6609.35147669826	1.0160411596298218
6609.409712365259	1.0147268772125244
6609.467948032259	1.0123558044433594
6609.5261836992595	1.0101526975631714
6609.58441936626	1.0081353187561035
6609.64265503326	1.0090197324752808
6609.700890700259	1.01054048538208
6609.759126367259	1.0113613605499268
6609.8173620342595	1.0128071308135986
6609.87559770126	1.0097798109054565
6609.933833368259	1.006829023361206
6609.992069035259	1.0129703283309937
6610.050304702259	1.0172187089920044
6610.10854036926	1.010921597480774
6610.16677603626	1.005944848060608
6610.225011703259	1.0086075067520142
6610.283247370259	1.0104007720947266
6610.341483037259	1.0099058151245117
6610.39971870426	1.0088006258010864
6610.45795437126	1.010135293006897
6610.516190038259	1.0107309818267822
6610.574425705259	1.0064600706100464
6610.6326613722595	1.006929636001587
6610.69089703926	1.0144691467285156
6610.74913270626	1.0180368423461914
6610.807368373259	1.0166711807250977
6610.865604040259	1.0157325267791748
6610.9238397072595	1.0140583515167236
6610.98207537426	1.0126374959945679
6611.04031104126	1.0125751495361328
6611.098546708259	1.012438416481018
6611.156782375259	1.012861728668213
6611.2150180422595	1.0110647678375244
6611.27325370926	1.0064395666122437
6611.331489376259	1.0067285299301147
6611.389725043259	1.0100270509719849
6611.447960710259	1.0088331699371338
6611.50619637726	1.0061472654342651
6611.56443204426	1.006146788597107
6611.622667711259	1.007704734802246
6611.680903378259	1.0092287063598633
6611.739139045259	1.0104424953460693
6611.79737471226	1.0080753564834595
6611.85561037926	1.0045937299728394
6611.913846046259	1.0045336484909058
6611.972081713259	1.0056819915771484
6612.0303173802595	1.0071707963943481
6612.08855304726	1.0087493658065796
6612.14678871426	1.0073190927505493
6612.205024381259	1.0050709247589111
6612.263260048259	1.003831148147583
6612.3214957152595	1.0030207633972168
6612.37973138226	1.0020300149917603
6612.43796704926	1.0018333196640015
6612.496202716259	1.0027291774749756
6612.554438383259	1.0041561126708984
6612.61267405026	1.0078043937683105
6612.67090971726	1.0107132196426392
6612.729145384259	1.0108788013458252
6612.787381051259	1.0118101835250854
6612.845616718259	1.0154449939727783
6612.90385238526	1.0153359174728394
6612.96208805226	1.007820725440979
6613.020323719259	1.0054482221603394
6613.078559386259	1.0111850500106812
6613.136795053259	1.0105489492416382
6613.19503072026	1.0036038160324097
6613.25326638726	1.001633644104004
6613.311502054259	1.0040740966796875
6613.369737721259	1.002712368965149
6613.4279733882595	0.997848629951477
6613.48620905526	0.9995063543319702
6613.54444472226	1.0050984621047974
6613.602680389259	1.006662368774414
6613.660916056259	1.0067940950393677
6613.7191517232595	1.0030730962753296
6613.77738739026	0.9978931546211243
6613.835623057259	0.994991660118103
6613.893858724259	0.993346095085144
6613.952094391259	0.998896062374115
6614.01033005826	1.0057841539382935
6614.06856572526	1.0047980546951294
6614.126801392259	1.001434326171875
6614.185037059259	1.0018634796142578
6614.243272726259	1.002739429473877
6614.30150839326	1.0028817653656006
6614.35974406026	1.003326416015625
6614.417979727259	1.001552939414978
6614.476215394259	1.0008816719055176
6614.5344510612595	1.0028923749923706
6614.59268672826	1.0033795833587646
6614.65092239526	1.000840187072754
6614.709158062259	0.9997142553329468
6614.767393729259	1.0010218620300293
6614.8256293962595	1.0009613037109375
6614.88386506326	0.9997848868370056
6614.94210073026	0.9989569187164307
6615.000336397259	1.0003693103790283
6615.058572064259	1.0037094354629517
6615.1168077312595	1.0076732635498047
6615.17504339826	1.0085245370864868
6615.233279065259	1.0063620805740356
6615.291514732259	1.0046563148498535
6615.349750399259	1.0017294883728027
6615.40798606626	1.0014830827713013
6615.46622173326	1.004853367805481
6615.524457400259	1.0046091079711914
6615.582693067259	1.0014134645462036
6615.640928734259	1.001230001449585
6615.69916440126	1.0036447048187256
6615.75740006826	1.003904104232788
6615.815635735259	1.002885103225708
6615.873871402259	1.0042206048965454
6615.9321070692595	1.0066652297973633
6615.99034273626	1.0047448873519897
6616.04857840326	1.0017075538635254
6616.106814070259	1.0030450820922852
6616.165049737259	1.0054535865783691
6616.2232854042595	1.0076780319213867
6616.28152107126	1.0090255737304688
6616.33975673826	1.0076344013214111
6616.397992405259	1.0055967569351196
6616.456228072259	1.0037962198257446
6616.51446373926	1.0030440092086792
6616.57269940626	1.0060904026031494
6616.630935073259	1.0091346502304077
6616.689170740259	1.0090280771255493
6616.747406407259	1.0085546970367432
6616.80564207426	1.0060827732086182
6616.86387774126	1.0036793947219849
6616.922113408259	1.001774787902832
6616.980349075259	1.0001295804977417
6617.038584742259	1.0015852451324463
6617.09682040926	1.0016995668411255
6617.15505607626	0.9985253810882568
6617.213291743259	0.9977580904960632
6617.271527410259	0.9996669292449951
6617.3297630772595	1.0010082721710205
6617.38799874426	1.0042895078659058
6617.44623441126	1.0041532516479492
6617.504470078259	0.999772310256958
6617.562705745259	0.9989892244338989
6617.6209414122595	0.9994009137153625
6617.67917707926	1.0012061595916748
6617.737412746259	1.004733681678772
6617.795648413259	1.0058882236480713
6617.853884080259	1.00565767288208
6617.91211974726	1.006576418876648
6617.97035541426	1.0078264474868774
6618.028591081259	1.0085963010787964
6618.086826748259	1.0089045763015747
6618.145062415259	1.0071181058883667
6618.20329808226	1.0059990882873535
6618.26153374926	1.0102990865707397
6618.319769416259	1.015599250793457
6618.378005083259	1.0127687454223633
6618.4362407502595	1.0090616941452026
6618.49447641726	1.008993148803711
6618.55271208426	1.00930655002594
6618.610947751259	1.010781168937683
6618.669183418259	1.0119136571884155
6618.7274190852595	1.0109316110610962
6618.78565475226	1.0095101594924927
6618.84389041926	1.0079668760299683
6618.902126086259	1.0069472789764404
6618.960361753259	1.008366346359253
6619.0185974202595	1.0071064233779907
6619.07683308726	1.0004043579101562
6619.135068754259	0.9975389838218689
6619.193304421259	1.002807855606079
6619.251540088259	1.0052129030227661
6619.30977575526	1.0039688348770142
6619.36801142226	1.0046138763427734
6619.426247089259	1.0066133737564087
6619.484482756259	1.0074735879898071
6619.542718423259	1.0073444843292236
6619.60095409026	1.0059027671813965
6619.65918975726	1.0036523342132568
6619.717425424259	1.0036864280700684
6619.775661091259	1.0055965185165405
6619.8338967582595	1.0084902048110962
6619.89213242526	1.0117857456207275
6619.95036809226	1.0101011991500854
6620.008603759259	1.0060781240463257
6620.066839426259	1.0062847137451172
6620.1250750932595	1.007926344871521
6620.18331076026	1.0078092813491821
6620.24154642726	1.006323218345642
6620.299782094259	1.0047342777252197
6620.358017761259	1.0043296813964844
6620.41625342826	1.003041386604309
6620.47448909526	1.002856731414795
6620.532724762259	1.0086580514907837
6620.590960429259	1.0137056112289429
6620.649196096259	1.0103802680969238
6620.70743176326	1.0069085359573364
6620.76566743026	1.0029630661010742
6620.823903097259	1.0000404119491577
6620.882138764259	1.0033212900161743
6620.940374431259	1.0057927370071411
6620.99861009826	1.0074689388275146
6621.05684576526	1.0066195726394653
6621.115081432259	1.0001567602157593
6621.173317099259	0.997604250907898
6621.2315527662595	1.0013823509216309
6621.28978843326	1.0021148920059204
6621.34802410026	0.9999562501907349
6621.406259767259	1.0017813444137573
6621.464495434259	1.0067875385284424
6621.5227311012595	1.0082767009735107
6621.58096676826	1.0062495470046997
6621.639202435259	1.0052529573440552
6621.697438102259	1.0046848058700562
6621.755673769259	1.0032272338867188
6621.81390943626	1.0033208131790161
6621.87214510326	1.00448739528656
6621.930380770259	1.0061814785003662
6621.988616437259	1.011702299118042
6622.046852104259	1.0183931589126587
6622.10508777126	1.0109763145446777
6622.16332343826	0.9999533295631409
6622.221559105259	1.0031543970108032
6622.279794772259	1.0073827505111694
6622.3380304392595	1.0074278116226196
6622.39626610626	1.0076895952224731
6622.45450177326	1.0094834566116333
6622.512737440259	1.010186791419983
6622.570973107259	1.0063555240631104
6622.6292087742595	1.0030715465545654
6622.68744444126	1.004981279373169
6622.74568010826	1.005588412284851
6622.803915775259	1.0022201538085938
6622.862151442259	1.0010204315185547
6622.9203871092595	1.002853274345398
6622.97862277626	1.0034658908843994
6623.036858443259	1.0020290613174438
6623.095094110259	1.0036017894744873
6623.153329777259	1.0094094276428223
6623.21156544426	1.0104176998138428
6623.26980111126	1.0062150955200195
6623.328036778259	1.0040308237075806
6623.386272445259	1.0038896799087524
6623.444508112259	1.0028107166290283
6623.50274377926	1.0013726949691772
6623.56097944626	1.0040556192398071
6623.619215113259	1.0089845657348633
6623.677450780259	1.0068204402923584
6623.7356864472595	1.0014121532440186
6623.79392211426	1.0017017126083374
6623.85215778126	1.0035899877548218
6623.910393448259	1.005143642425537
6623.968629115259	1.006667137145996
6624.0268647822595	1.0062596797943115
6624.08510044926	1.0048211812973022
6624.14333611626	1.0045157670974731
6624.201571783259	1.0050033330917358
6624.259807450259	1.006216049194336
6624.31804311726	1.0066877603530884
6624.37627878426	1.0040180683135986
6624.434514451259	1.0013009309768677
6624.492750118259	1.0001583099365234
6624.550985785259	0.9991548657417297
6624.60922145226	0.9973689913749695
6624.66745711926	0.9987065196037292
6624.725692786259	1.003943920135498
6624.783928453259	1.0052826404571533
6624.842164120259	1.0013924837112427
6624.90039978726	0.9990952610969543
6624.95863545426	0.9985948801040649
6625.016871121259	1.0001813173294067
6625.075106788259	1.0053937435150146
6625.1333424552595	1.0060282945632935
6625.19157812226	1.0023703575134277
6625.24981378926	1.0012335777282715
6625.308049456259	1.0005710124969482
6625.366285123259	1.0009082555770874
6625.4245207902595	1.002116322517395
6625.48275645726	1.0018832683563232
6625.540992124259	1.0011730194091797
6625.599227791259	1.002970814704895
6625.657463458259	1.005342721939087
6625.71569912526	1.002387285232544
6625.77393479226	0.9990159273147583
6625.832170459259	1.00059175491333
6625.890406126259	1.003533124923706
6625.948641793259	1.0033612251281738
6626.00687746026	1.001587152481079
6626.06511312726	0.9978475570678711
6626.123348794259	0.9947985410690308
6626.181584461259	0.9949190616607666
6626.239820128259	0.9957544207572937
6626.29805579526	0.9982178211212158
6626.35629146226	1.0000152587890625
6626.414527129259	0.999298095703125
6626.472762796259	0.9998233318328857
6626.5309984632595	1.001907467842102
6626.58923413026	0.9997850060462952
6626.64746979726	0.9901520013809204
6626.705705464259	0.9858105778694153
6626.763941131259	0.9885734915733337
6626.8221767982595	0.987855076789856
6626.88041246526	0.9851741194725037
6626.938648132259	0.9860695600509644
6626.996883799259	0.9892079830169678
6627.055119466259	0.9909234046936035
6627.11335513326	0.9923465847969055
6627.17159080026	0.994274914264679
6627.229826467259	0.9962844252586365
6627.288062134259	0.9968273639678955
6627.346297801259	0.997146725654602
6627.40453346826	0.9925835132598877
6627.46276913526	0.9864416122436523
6627.521004802259	0.9915375709533691
6627.579240469259	0.9981433153152466
6627.6374761362595	0.9959074258804321
6627.69571180326	0.9928355813026428
6627.75394747026	0.9920122027397156
6627.812183137259	0.99144047498703
6627.870418804259	0.9941939115524292
6627.9286544712595	0.9959477782249451
6627.98689013826	0.9930809736251831
6628.04512580526	0.9913908243179321
6628.103361472259	0.9938023686408997
6628.161597139259	0.9941730499267578
6628.21983280626	0.9921912550926208
6628.27806847326	0.9922289848327637
6628.336304140259	0.9947894215583801
6628.394539807259	0.9953247308731079
6628.452775474259	0.9924243092536926
6628.51101114126	0.9932905435562134
6628.56924680826	0.9980846643447876
6628.627482475259	0.9989066123962402
6628.685718142259	0.9964828491210938
6628.743953809259	0.9945921897888184
6628.80218947626	0.9929787516593933
6628.86042514326	0.9899290800094604
6628.918660810259	0.9859728217124939
6628.976896477259	0.9859915375709534
6629.0351321442595	0.9896844625473022
6629.09336781126	0.9929514527320862
6629.15160347826	0.9957996010780334
6629.209839145259	0.9973106980323792
6629.268074812259	0.9983407258987427
6629.3263104792595	0.9969764351844788
6629.38454614626	0.9942169189453125
6629.442781813259	0.9950534105300903
6629.501017480259	0.9956608414649963
6629.559253147259	0.99876868724823
6629.61748881426	0.9998687505722046
6629.67572448126	0.9958204030990601
6629.733960148259	0.9922081232070923
6629.792195815259	0.9897571802139282
6629.850431482259	0.9887709021568298
6629.90866714926	0.9912481904029846
6629.96690281626	0.9921586513519287
6630.025138483259	0.9900155067443848
6630.083374150259	0.9904425740242004
6630.141609817259	0.9929110407829285
6630.19984548426	0.9928711652755737
6630.25808115126	0.9903287887573242
6630.316316818259	0.9896214604377747
6630.374552485259	0.9906073808670044
6630.4327881522595	0.9913644194602966
6630.49102381926	0.9922911524772644
6630.54925948626	0.9930142164230347
6630.607495153259	0.9945775866508484
6630.665730820259	0.992061197757721
6630.7239664872595	0.9877257347106934
6630.78220215426	0.991386353969574
6630.840437821259	0.996095597743988
6630.898673488259	0.9959354996681213
6630.956909155259	0.9950206875801086
6631.01514482226	0.9937666654586792
6631.07338048926	0.9917922616004944
6631.131616156259	0.9904856085777283
6631.189851823259	0.9899589419364929
6631.248087490259	0.9901169538497925
6631.30632315726	0.9915642142295837
6631.36455882426	0.9949065446853638
6631.422794491259	0.9970322251319885
6631.481030158259	0.9955331683158875
6631.5392658252595	0.994135320186615
6631.59750149226	0.9957038164138794
6631.65573715926	0.9949434995651245
6631.713972826259	0.9896790981292725
6631.772208493259	0.9873668551445007
6631.8304441602595	0.9890180826187134
6631.88867982726	0.9903015494346619
6631.94691549426	0.9910121560096741
6632.005151161259	0.9914471507072449
6632.063386828259	0.9914371371269226
6632.1216224952595	0.9915717840194702
6632.17985816226	0.9916245341300964
6632.238093829259	0.9880561828613281
6632.296329496259	0.9834591150283813
6632.354565163259	0.9846845269203186
6632.41280083026	0.9877899289131165
6632.47103649726	0.988501787185669
6632.529272164259	0.9886425733566284
6632.587507831259	0.9864094853401184
6632.645743498259	0.9847009778022766
6632.70397916526	0.9877275228500366
6632.76221483226	0.9899058938026428
6632.820450499259	0.9865723252296448
6632.878686166259	0.9845367074012756
6632.9369218332595	0.98734450340271
6632.99515750026	0.9885982275009155
6633.05339316726	0.986933708190918
6633.111628834259	0.9876704812049866
6633.169864501259	0.9923571348190308
6633.2281001682595	0.9944275617599487
6633.28633583526	0.9936075806617737
6633.344571502259	0.9930511713027954
6633.402807169259	0.992348313331604
6633.461042836259	0.992805004119873
6633.51927850326	0.9943302273750305
6633.57751417026	0.9934958815574646
6633.635749837259	0.9908448457717896
6633.693985504259	0.9904951453208923
6633.752221171259	0.9917783141136169
6633.81045683826	0.9912980794906616
6633.86869250526	0.9899006485939026
6633.926928172259	0.9912242889404297
6633.985163839259	0.992954671382904
6634.043399506259	0.9877934455871582
6634.10163517326	0.9821270108222961
6634.15987084026	0.9869847297668457
6634.218106507259	0.9920839667320251
6634.276342174259	0.9925176501274109
6634.3345778412595	0.9928514957427979
6634.39281350826	0.9924413561820984
6634.451049175259	0.9906625747680664
6634.509284842259	0.9859844446182251
6634.567520509259	0.982234537601471
6634.6257561762595	0.9793396592140198
6634.68399184326	0.9804012775421143
6634.742227510259	0.9875683784484863
6634.800463177259	0.991645097732544
6634.858698844259	0.9902081489562988
6634.91693451126	0.9875864386558533
6634.97517017826	0.9846022129058838
6635.033405845259	0.9797045588493347
6635.091641512259	0.9743760824203491
6635.149877179259	0.9786213040351868
6635.20811284626	0.9874037504196167
6635.26634851326	0.9913608431816101
6635.324584180259	0.9918621182441711
6635.382819847259	0.9862421154975891
6635.4410555142595	0.9787108898162842
6635.49929118126	0.9748009443283081
6635.55752684826	0.9730634093284607
6635.615762515259	0.9744047522544861
6635.673998182259	0.9774658679962158
6635.7322338492595	0.9796074628829956
6635.79046951626	0.9818952083587646
6635.84870518326	0.9838429093360901
6635.906940850259	0.9852508902549744
6635.965176517259	0.9857693910598755
6636.0234121842595	0.9849131107330322
6636.08164785126	0.9836888909339905
6636.139883518259	0.9830198884010315
6636.198119185259	0.982643723487854
6636.256354852259	0.9824332594871521
6636.31459051926	0.982525646686554
6636.37282618626	0.9816097617149353
6636.431061853259	0.9801796674728394
6636.489297520259	0.9764230847358704
6636.547533187259	0.9702427387237549
6636.60576885426	0.9719256162643433
6636.66400452126	0.9791610836982727
6636.722240188259	0.9789101481437683
6636.780475855259	0.9754794239997864
6636.8387115222595	0.9771804809570312
6636.89694718926	0.9805939793586731
6636.95518285626	0.9802749752998352
6637.013418523259	0.9789404273033142
6637.071654190259	0.9811344742774963
6637.1298898572595	0.9838202595710754
6637.18812552426	0.9812676906585693
6637.246361191259	0.9785349369049072
6637.304596858259	0.9804724454879761
6637.362832525259	0.9810941219329834
6637.42106819226	0.978479266166687
6637.47930385926	0.9760830402374268
6637.537539526259	0.9744638204574585
6637.595775193259	0.9738630056381226
6637.654010860259	0.9753666520118713
6637.71224652726	0.9783755540847778
6637.77048219426	0.982488751411438
6637.828717861259	0.9834188222885132
6637.886953528259	0.9808840155601501
6637.945189195259	0.9789520502090454
6638.00342486226	0.9772797226905823
6638.06166052926	0.9810255169868469
6638.119896196259	0.9898842573165894
6638.178131863259	0.988346517086029
6638.2363675302595	0.980827271938324
6638.29460319726	0.9793931245803833
6638.352838864259	0.9787171483039856
6638.411074531259	0.9778269529342651
6638.469310198259	0.9777203798294067
6638.5275458652595	0.9767047762870789
6638.58578153226	0.976382315158844
6638.644017199259	0.9797620177268982
6638.702252866259	0.9817483425140381
6638.760488533259	0.9767263531684875
6638.81872420026	0.9731156826019287
6638.87695986726	0.9764082431793213
6638.935195534259	0.9789609909057617
6638.993431201259	0.9809735417366028
6639.051666868259	0.9824894070625305
6639.10990253526	0.9827168583869934
6639.16813820226	0.9825612306594849
6639.226373869259	0.9820992946624756
6639.284609536259	0.9839721918106079
6639.3428452032595	0.9882341027259827
6639.40108087026	0.9889000058174133
6639.45931653726	0.9862427115440369
6639.517552204259	0.9859897494316101
6639.575787871259	0.9870796203613281
6639.6340235382595	0.9877945780754089
6639.69225920526	0.9881166219711304
6639.75049487226	0.9831060767173767
6639.808730539259	0.9767515659332275
6639.866966206259	0.9762266278266907
6639.9252018732595	0.9774824976921082
6639.98343754026	0.9802903532981873
6640.041673207259	0.9828429222106934
6640.099908874259	0.9794142842292786
6640.158144541259	0.9770153760910034
6640.21638020826	0.9820246696472168
6640.27461587526	0.9853209257125854
6640.332851542259	0.9818001985549927
6640.391087209259	0.9795838594436646
6640.449322876259	0.9792612195014954
6640.50755854326	0.9812414050102234
6640.56579421026	0.9875344038009644
6640.624029877259	0.9890341758728027
6640.682265544259	0.9841637015342712
6640.7405012112595	0.9817863702774048
6640.79873687826	0.9823290109634399
6640.85697254526	0.9820848703384399
6640.915208212259	0.9814907908439636
6640.973443879259	0.9808377623558044
6641.0316795462595	0.9799825549125671
6641.08991521326	0.9808301329612732
6641.148150880259	0.9822697043418884
6641.206386547259	0.9828702211380005
6641.264622214259	0.9831840395927429
6641.32285788126	0.9831552505493164
6641.38109354826	0.9837871789932251
6641.439329215259	0.9870172142982483
6641.497564882259	0.9893544912338257
6641.555800549259	0.9854598641395569
6641.61403621626	0.9811452627182007
6641.67227188326	0.9788699746131897
6641.730507550259	0.9766814708709717
6641.788743217259	0.9769452810287476
6641.846978884259	0.9762477278709412
6641.90521455126	0.9722628593444824
6641.96345021826	0.9711040258407593
6642.021685885259	0.973993718624115
6642.079921552259	0.9766283631324768
6642.1381572192595	0.9784115552902222
6642.19639288626	0.9788191914558411
6642.254628553259	0.9789243340492249
6642.312864220259	0.976824164390564
6642.371099887259	0.9732006192207336
6642.4293355542595	0.9743415117263794
6642.48757122126	0.9780335426330566
6642.545806888259	0.980298638343811
6642.604042555259	0.9814402461051941
6642.662278222259	0.981411874294281
6642.72051388926	0.9807706475257874
6642.77874955626	0.9761470556259155
6642.836985223259	0.971234917640686
6642.895220890259	0.9743016362190247
6642.953456557259	0.978215217590332
6643.01169222426	0.9765942096710205
6643.06992789126	0.9747823476791382
6643.128163558259	0.9736052751541138
6643.186399225259	0.9750550389289856
6643.2446348922595	0.9789777994155884
6643.30287055926	0.9808116555213928
6643.36110622626	0.9793348908424377
6643.419341893259	0.9780731201171875
6643.477577560259	0.9770273566246033
6643.5358132272595	0.978341817855835
6643.59404889426	0.9829842448234558
6643.65228456126	0.9809378385543823
6643.710520228259	0.973044753074646
6643.768755895259	0.9714565873146057
6643.8269915622595	0.9736288189888
6643.88522722926	0.9741953015327454
6643.943462896259	0.9741585850715637
6644.001698563259	0.973875105381012
6644.059934230259	0.9732325077056885
6644.11816989726	0.9756449460983276
6644.17640556426	0.9794144630432129
6644.234641231259	0.9822125434875488
6644.292876898259	0.9833167195320129
6644.351112565259	0.9806579947471619
6644.40934823226	0.9783098101615906
6644.46758389926	0.9781893491744995
6644.525819566259	0.9774048328399658
6644.584055233259	0.9760826826095581
6644.6422909002595	0.9740101099014282
6644.70052656726	0.9700934886932373
6644.75876223426	0.9711379408836365
6644.816997901259	0.9774451851844788
6644.875233568259	0.9795964360237122
6644.9334692352595	0.9781385660171509
6644.99170490226	0.9783658981323242
6645.049940569259	0.9785703420639038
6645.108176236259	0.9813850522041321
6645.166411903259	0.9861177206039429
6645.22464757026	0.9836130738258362
6645.28288323726	0.9789686799049377
6645.341118904259	0.9800757765769958
6645.399354571259	0.9821589589118958
6645.457590238259	0.981852650642395
6645.51582590526	0.9812971353530884
6645.57406157226	0.9796768426895142
6645.632297239259	0.9787331819534302
6645.690532906259	0.9815311431884766
6645.748768573259	0.9834158420562744
6645.80700424026	0.9826271533966064
6645.86523990726	0.9818204045295715
6645.923475574259	0.9800240993499756
6645.981711241259	0.9786007404327393
6646.0399469082595	0.9781664609909058
6646.09818257526	0.9782335162162781
6646.156418242259	0.9787435531616211
6646.214653909259	0.9795377850532532
6646.272889576259	0.9805268049240112
6646.3311252432595	0.9780517220497131
6646.38936091026	0.9730222225189209
6646.447596577259	0.9756326675415039
6646.505832244259	0.9825921654701233
6646.564067911259	0.9784016013145447
6646.62230357826	0.971376359462738
6646.68053924526	0.9761490225791931
6646.738774912259	0.9819665551185608
6646.797010579259	0.9820297956466675
6646.855246246259	0.9819391965866089
6646.91348191326	0.9827492237091064
6646.97171758026	0.9813041090965271
6647.029953247259	0.9774079322814941
6647.088188914259	0.9754627346992493
6647.146424581259	0.976813554763794
6647.20466024826	0.9773727655410767
6647.26289591526	0.9779658913612366
6647.321131582259	0.977607250213623
6647.379367249259	0.974155604839325
6647.4376029162595	0.9737161993980408
6647.49583858326	0.9757851362228394
6647.55407425026	0.9766324162483215
6647.612309917259	0.9777522087097168
6647.670545584259	0.9775611758232117
6647.7287812512595	0.9754709005355835
6647.78701691826	0.9752265214920044
6647.845252585259	0.9758430123329163
6647.903488252259	0.9767792224884033
6647.961723919259	0.9770147204399109
6648.01995958626	0.9767917990684509
6648.07819525326	0.9780386686325073
6648.136430920259	0.9809736609458923
6648.194666587259	0.9825652837753296
6648.252902254259	0.9766267538070679
6648.31113792126	0.9730377793312073
6648.36937358826	0.9776005148887634
6648.427609255259	0.9789634943008423
6648.485844922259	0.9750321507453918
6648.5440805892595	0.9722621440887451
6648.60231625626	0.9699882864952087
6648.66055192326	0.9691689014434814
6648.718787590259	0.9726700186729431
6648.777023257259	0.9712246656417847
6648.8352589242595	0.9645513296127319
6648.89349459126	0.9674208760261536
6648.951730258259	0.9759399890899658
6649.009965925259	0.9740346670150757
6649.068201592259	0.9681265354156494
6649.12643725926	0.9646589159965515
6649.18467292626	0.9620095491409302
6649.242908593259	0.9661808013916016
6649.301144260259	0.973186194896698
6649.359379927259	0.9725762009620667
6649.41761559426	0.97188401222229
6649.47585126126	0.974321186542511
6649.534086928259	0.976207435131073
6649.592322595259	0.9775134921073914
6649.650558262259	0.9771032333374023
6649.70879392926	0.9717221856117249
6649.76702959626	0.9693461060523987
6649.825265263259	0.9733642339706421
6649.883500930259	0.9753862619400024
6649.9417365972595	0.975023090839386
6649.99997226426	0.9736099243164062
6650.058207931259	0.970909595489502
6650.116443598259	0.9706372022628784
6650.174679265259	0.9707829356193542
6650.2329149322595	0.96938556432724
6650.29115059926	0.9682813882827759
6650.349386266259	0.9639947414398193
6650.407621933259	0.9601205587387085
6650.465857600259	0.9631993770599365
6650.52409326726	0.9679571390151978
6650.58232893426	0.9676399827003479
6650.640564601259	0.9668232798576355
6650.698800268259	0.9688459038734436
6650.757035935259	0.9692684412002563
6650.81527160226	0.9653051495552063
6650.87350726926	0.963059663772583
6650.931742936259	0.9665887951850891
6650.989978603259	0.9681892395019531
6651.048214270259	0.9670618176460266
6651.10644993726	0.9670329093933105
6651.16468560426	0.9669051766395569
6651.222921271259	0.9682653546333313
6651.281156938259	0.9718350768089294
6651.3393926052595	0.9683120250701904
6651.39762827226	0.9601178169250488
6651.45586393926	0.9641836285591125
6651.514099606259	0.9739210605621338
6651.572335273259	0.9770214557647705
6651.6305709402595	0.9771231412887573
6651.68880660726	0.9739351272583008
6651.747042274259	0.9699785113334656
6651.805277941259	0.9696810841560364
6651.863513608259	0.9690679907798767
6651.92174927526	0.9642841815948486
6651.97998494226	0.9621963500976562
6652.038220609259	0.965771496295929
6652.096456276259	0.9692263007164001
6652.154691943259	0.9721256494522095
6652.21292761026	0.9736871719360352
6652.27116327726	0.9716609716415405
6652.329398944259	0.9689939022064209
6652.387634611259	0.9669158458709717
6652.4458702782595	0.9659000635147095
6652.50410594526	0.9661540389060974
6652.56234161226	0.967741847038269
6652.620577279259	0.9705387949943542
6652.678812946259	0.9715908765792847
6652.7370486132595	0.9721007347106934
6652.79528428026	0.9721141457557678
6652.853519947259	0.9718931317329407
6652.911755614259	0.9687426686286926
6652.969991281259	0.9671415090560913
6653.0282269482595	0.9737337231636047
6653.08646261526	0.9802767634391785
6653.144698282259	0.9818097949028015
6653.202933949259	0.9818581342697144
6653.261169616259	0.9797378778457642
6653.31940528326	0.97866290807724
6653.37764095026	0.9804420471191406
6653.435876617259	0.9814527630805969
6653.494112284259	0.981276273727417
6653.552347951259	0.9798925518989563
6653.61058361826	0.9767261743545532
6653.66881928526	0.9751628637313843
6653.727054952259	0.9754354357719421
6653.785290619259	0.9772781133651733
6653.8435262862595	0.9798186421394348
6653.90176195326	0.979715883731842
6653.959997620259	0.9785654544830322
6654.018233287259	0.9762739539146423
6654.076468954259	0.9734941124916077
6654.1347046212595	0.9778967499732971
6654.19294028826	0.984331488609314
6654.251175955259	0.9830668568611145
6654.309411622259	0.981391966342926
6654.367647289259	0.9826545119285583
6654.42588295626	0.983020007610321
6654.48411862326	0.9826083779335022
6654.542354290259	0.9829067587852478
6654.600589957259	0.9822614192962646
6654.658825624259	0.9827575087547302
6654.71706129126	0.9851030111312866
6654.77529695826	0.9854626059532166
6654.833532625259	0.9828558564186096
6654.891768292259	0.9803511500358582
6654.950003959259	0.9784482717514038
6655.00823962626	0.9811087250709534
6655.06647529326	0.9862500429153442
6655.124710960259	0.9883120059967041
6655.182946627259	0.98902827501297
6655.2411822942595	0.990212082862854
6655.29941796126	0.9921731352806091
6655.35765362826	0.9936902523040771
6655.415889295259	0.9942001104354858
6655.474124962259	0.9920552968978882
6655.5323606292595	0.9907378554344177
6655.59059629626	0.9912439584732056
6655.648831963259	0.9937640428543091
6655.707067630259	1.0003184080123901
6655.765303297259	1.0029810667037964
6655.82353896426	0.9976023435592651
6655.88177463126	0.99454665184021
6655.940010298259	0.9942949414253235
6655.998245965259	0.9909166097640991
6656.056481632259	0.9868513345718384
6656.11471729926	0.9866437911987305
6656.17295296626	0.9887626767158508
6656.231188633259	0.9919787049293518
6656.289424300259	0.9953310489654541
6656.3476599672595	0.9970922470092773
6656.40589563426	0.9976407885551453
6656.46413130126	0.997043788433075
6656.522366968259	0.9958153963088989
6656.580602635259	0.993265688419342
6656.6388383022595	0.9914720058441162
6656.69707396926	0.993869423866272
6656.755309636259	0.9967769980430603
6656.813545303259	1.0002655982971191
6656.871780970259	1.0036695003509521
6656.9300166372595	1.0046340227127075
6656.98825230426	1.0046817064285278
6657.046487971259	1.0031578540802002
6657.104723638259	1.0032331943511963
6657.162959305259	1.0056867599487305
6657.22119497226	1.0070828199386597
6657.27943063926	1.007383942604065
6657.337666306259	1.008077621459961
6657.395901973259	1.009744644165039
6657.454137640259	1.0102509260177612
6657.51237330726	1.0098464488983154
6657.57060897426	1.0171000957489014
6657.628844641259	1.024739146232605
6657.687080308259	1.0209980010986328
6657.7453159752595	1.0172656774520874
6657.80355164226	1.0214958190917969
6657.861787309259	1.026762843132019
6657.920022976259	1.0304375886917114
6657.978258643259	1.034000277519226
6658.0364943102595	1.0362253189086914
6658.09472997726	1.0378284454345703
6658.152965644259	1.0305898189544678
6658.211201311259	1.0411983728408813
6658.269436978259	1.0103139877319336
6658.32767264526	1.0103139877319336
6658.38590831226	1.0103139877319336
6658.444143979259	1.0103139877319336
6658.502379646259	1.0103139877319336
