6485.52497247	0.100505
6485.52497247196	1.1063008308410645
6485.62547747196	1.1036665439605713
6485.7259824719595	1.1033111810684204
6485.82648747196	1.106751561164856
6485.92699247196	1.114700198173523
6486.02749747196	1.1220533847808838
6486.12800247196	1.1285778284072876
6486.228507471959	1.1308313608169556
6486.32901247196	1.126091718673706
6486.42951747196	1.1185696125030518
6486.5300224719595	1.1056528091430664
6486.63052747196	1.0950558185577393
6486.73103247196	1.089832067489624
6486.83153747196	1.0867112874984741
6486.93204247196	1.0894910097122192
6487.032547471959	1.0935508012771606
6487.13305247196	1.1020433902740479
6487.23355747196	1.110229253768921
6487.334062471959	1.1170668601989746
6487.43456747196	1.1229429244995117
6487.53507247196	1.123227834701538
6487.63557747196	1.123284935951233
6487.73608247196	1.121461033821106
6487.836587471959	1.119704008102417
6487.93709247196	1.1188305616378784
6488.03759747196	1.1181551218032837
6488.138102471959	1.1235771179199219
6488.23860747196	1.1289992332458496
6488.33911247196	1.1337902545928955
6488.4396174719595	1.1385769844055176
6488.54012247196	1.1423561573028564
6488.640627471959	1.1460877656936646
6488.74113247196	1.1417264938354492
6488.84163747196	1.1366283893585205
6488.942142471959	1.127978801727295
6489.04264747196	1.1188380718231201
6489.14315247196	1.1210341453552246
6489.2436574719595	1.1253868341445923
6489.34416247196	1.1308374404907227
6489.444667471959	1.136559009552002
6489.54517247196	1.1424930095672607
6489.64567747196	1.1484928131103516
6489.746182471959	1.1502355337142944
6489.84668747196	1.1503734588623047
6489.94719247196	1.1512316465377808
6490.0476974719595	1.1524162292480469
6490.14820247196	1.147944450378418
6490.248707471959	1.1404337882995605
6490.34921247196	1.126260757446289
6490.44971747196	1.1078768968582153
6490.550222471959	1.0848283767700195
6490.65072747196	1.0583324432373047
6490.75123247196	1.0469162464141846
6490.8517374719595	1.0484833717346191
6490.95224247196	1.0560646057128906
6491.052747471959	1.069665551185608
6491.15325247196	1.0871527194976807
6491.25375747196	1.109161376953125
6491.354262471959	1.1251256465911865
6491.45476747196	1.132903814315796
6491.55527247196	1.1382148265838623
6491.6557774719595	1.1396232843399048
6491.75628247196	1.1416960954666138
6491.856787471959	1.1450029611587524
6491.95729247196	1.1473292112350464
6492.05779747196	1.1474993228912354
6492.158302471959	1.1474436521530151
6492.25880747196	1.146793246269226
6492.35931247196	1.1433227062225342
6492.4598174719595	1.1308337450027466
6492.56032247196	1.115972638130188
6492.660827471959	1.091686487197876
6492.76133247196	1.0690934658050537
6492.86183747196	1.0551241636276245
6492.962342471959	1.043766975402832
6493.06284747196	1.0503572225570679
6493.16335247196	1.0577261447906494
6493.263857471959	1.0729588270187378
6493.36436247196	1.0883216857910156
6493.46486747196	1.1059975624084473
6493.56537247196	1.1235313415527344
6493.66587747196	1.1325215101242065
6493.766382471959	1.1415119171142578
6493.86688747196	1.1437455415725708
6493.96739247196	1.145838737487793
6494.067897471959	1.142425537109375
6494.16840247196	1.1386791467666626
6494.26890747196	1.1352530717849731
6494.36941247196	1.1318604946136475
6494.46991747196	1.1340385675430298
6494.570422471959	1.137052059173584
6494.67092747196	1.1413630247116089
6494.77143247196	1.1459341049194336
6494.871937471959	1.148678183555603
6494.97244247196	1.1509560346603394
6495.07294747196	1.150192379951477
6495.1734524719595	1.1484695672988892
6495.27395747196	1.1416833400726318
6495.374462471959	1.1329652070999146
6495.47496747196	1.1135295629501343
6495.57547247196	1.0892225503921509
6495.675977471959	1.0683467388153076
6495.77648247196	1.0493085384368896
6495.87698747196	1.0447413921356201
6495.9774924719595	1.0492310523986816
6496.07799747196	1.0601824522018433
6496.178502471959	1.075833797454834
6496.27900747196	1.0910416841506958
6496.37951247196	1.105876088142395
6496.480017471959	1.1175587177276611
6496.58052247196	1.1261746883392334
6496.68102747196	1.132432222366333
6496.7815324719595	1.1360394954681396
6496.88203747196	1.1375069618225098
6496.982542471959	1.1361948251724243
6497.08304747196	1.131529688835144
6497.18355247196	1.1218171119689941
6497.284057471959	1.1110578775405884
6497.38456247196	1.0984644889831543
6497.48506747196	1.0901482105255127
6497.5855724719595	1.09060800075531
6497.68607747196	1.0931464433670044
6497.786582471959	1.100724697113037
6497.88708747196	1.1075870990753174
6497.98759247196	1.1123723983764648
6498.088097471959	1.1167510747909546
6498.18860247196	1.1196945905685425
6498.28910747196	1.1222316026687622
6498.3896124719595	1.122981309890747
6498.49011747196	1.1232267618179321
6498.590622471959	1.1206111907958984
6498.69112747196	1.1185740232467651
6498.79163247196	1.1210051774978638
6498.892137471959	1.1232256889343262
6498.99264247196	1.1229969263076782
6499.09314747196	1.1226378679275513
6499.1936524719595	1.119443655014038
6499.29415747196	1.1162950992584229
6499.394662471959	1.118251085281372
6499.49516747196	1.12020742893219
6499.59567247196	1.119564414024353
6499.696177471959	1.1188514232635498
6499.79668247196	1.1170073747634888
6499.89718747196	1.1150896549224854
6499.997692471959	1.1151591539382935
6500.09819747196	1.115441083908081
6500.198702471959	1.1132041215896606
6500.29920747196	1.110586404800415
6500.39971247196	1.1105127334594727
6500.500217471959	1.110946536064148
6500.60072247196	1.1086241006851196
6500.70122747196	1.1056078672409058
6500.801732471959	1.1075183153152466
6500.90223747196	1.110949993133545
6501.00274247196	1.112059473991394
6501.10324747196	1.1123074293136597
6501.20375247196	1.1107879877090454
6501.304257471959	1.108492136001587
6501.40476247196	1.1087646484375
6501.50526747196	1.1103599071502686
6501.605772471959	1.107466459274292
6501.70627747196	1.1018863916397095
6501.80678247196	1.1014355421066284
6501.9072874719595	1.104533314704895
6502.00779247196	1.106392741203308
6502.108297471959	1.1072659492492676
6502.20880247196	1.10728919506073
6502.30930747196	1.1065350770950317
6502.409812471959	1.1076370477676392
6502.51031747196	1.1106865406036377
6502.61082247196	1.110453486442566
6502.7113274719595	1.1062681674957275
6502.81183247196	1.103805422782898
6502.912337471959	1.1037259101867676
6503.01284247196	1.1056904792785645
6503.11334747196	1.1109145879745483
6503.213852471959	1.1130143404006958
6503.31435747196	1.1093451976776123
6503.41486247196	1.1060253381729126
6503.5153674719595	1.1034568548202515
6503.61587247196	1.1020318269729614
6503.716377471959	1.103498101234436
6503.81688247196	1.1037620306015015
6503.91738747196	1.1004077196121216
6504.017892471959	1.0980733633041382
6504.11839747196	1.0994499921798706
6504.21890247196	1.101703405380249
6504.3194074719595	1.1079010963439941
6504.41991247196	1.1131818294525146
6504.520417471959	1.1131870746612549
6504.62092247196	1.113777756690979
6504.72142747196	1.118896722793579
6504.821932471959	1.1236211061477661
6504.92243747196	1.1238579750061035
6505.02294247196	1.1242022514343262
6505.1234474719595	1.1267025470733643
6505.22395247196	1.1291909217834473
6505.324457471959	1.130804419517517
6505.42496247196	1.132418155670166
6505.52546747196	1.1308728456497192
6505.625972471959	1.1292643547058105
6505.72647747196	1.1245683431625366
6505.82698247196	1.1196995973587036
6505.9274874719595	1.1216453313827515
6506.02799247196	1.124234676361084
6506.128497471959	1.1250425577163696
6506.22900247196	1.1256089210510254
6506.32950747196	1.1251944303512573
6506.430012471959	1.1246033906936646
6506.53051747196	1.1267348527908325
6506.63102247196	1.1294878721237183
6506.731527471959	1.13019597530365
6506.83203247196	1.1303309202194214
6506.932537471959	1.1277822256088257
6507.03304247196	1.1243295669555664
6507.13354747196	1.1242581605911255
6507.234052471959	1.1255338191986084
6507.33455747196	1.1225847005844116
6507.43506247196	1.1176677942276
6507.535567471959	1.1153762340545654
6507.63607247196	1.1145020723342896
6507.736577471959	1.1147912740707397
6507.83708247196	1.1158039569854736
6507.93758747196	1.1171209812164307
6508.038092471959	1.1186552047729492
6508.13859747196	1.115066409111023
6508.23910247196	1.1073065996170044
6508.339607471959	1.0961471796035767
6508.44011247196	1.0818320512771606
6508.54061747196	1.0742156505584717
6508.6411224719595	1.0736817121505737
6508.74162747196	1.076796293258667
6508.842132471959	1.084306001663208
6508.94263747196	1.0925726890563965
6509.04314247196	1.1018794775009155
6509.143647471959	1.1095181703567505
6509.24415247196	1.114534616470337
6509.34465747196	1.118394374847412
6509.4451624719595	1.1201657056808472
6509.54566747196	1.1214725971221924
6509.646172471959	1.1218112707138062
6509.74667747196	1.1223812103271484
6509.84718247196	1.1235113143920898
6509.947687471959	1.1244380474090576
6510.04819247196	1.12478506565094
6510.14869747196	1.124548316001892
6510.2492024719595	1.1223329305648804
6510.34970747196	1.1203744411468506
6510.450212471959	1.1194710731506348
6510.55071747196	1.118699312210083
6510.65122247196	1.1185989379882812
6510.751727471959	1.1184990406036377
6510.85223247196	1.1184011697769165
6510.95273747196	1.118308424949646
6511.0532424719595	1.1182613372802734
6511.15374747196	1.1181721687316895
6511.254252471959	1.1175076961517334
6511.35475747196	1.116905689239502
6511.45526247196	1.117938756942749
6511.555767471959	1.1189295053482056
6511.65627247196	1.1116290092468262
6511.75677747196	1.1043281555175781
6511.8572824719595	1.0905848741531372
6511.95778747196	1.0766655206680298
6512.058292471959	1.0728145837783813
6512.15879747196	1.0695840120315552
6512.25930247196	1.0768134593963623
6512.359807471959	1.0850719213485718
6512.46031247196	1.099931001663208
6512.56081747196	1.1156989336013794
6512.6613224719595	1.127241611480713
6512.76182747196	1.1380257606506348
6512.862332471959	1.144560694694519
6512.96283747196	1.1501402854919434
6513.06334247196	1.1547391414642334
6513.163847471959	1.1590700149536133
6513.26435247196	1.156716227531433
6513.36485747196	1.1521812677383423
6513.465362471959	1.1536638736724854
6513.56586747196	1.1574537754058838
6513.666372471959	1.1577714681625366
6513.76687747196	1.156542420387268
6513.86738247196	1.1541446447372437
6513.967887471959	1.1511468887329102
6514.06839247196	1.1443332433700562
6514.16889747196	1.1352767944335938
6514.269402471959	1.119388461112976
6514.36990747196	1.0989254713058472
6514.470412471959	1.075014591217041
6514.57091747196	1.0484825372695923
6514.67142247196	1.0349098443984985
6514.771927471959	1.0324941873550415
6514.87243247196	1.0414170026779175
6514.97293747196	1.0613800287246704
6515.073442471959	1.0827659368515015
6515.17394747196	1.1057178974151611
6515.274452471959	1.1208218336105347
6515.3749574719595	1.1261547803878784
6515.47546247196	1.1264472007751465
6515.575967471959	1.1196311712265015
6515.67647247196	1.111295223236084
6515.77697747196	1.1005257368087769
6515.877482471959	1.092051386833191
6515.97798747196	1.087764859199524
6516.078492471959	1.0791537761688232
6516.1789974719595	1.0615074634552002
6516.27950247196	1.0368059873580933
6516.380007471959	0.9951145648956299
6516.48051247196	0.9609094262123108
6516.58101747196	0.9476686120033264
6516.681522471959	0.9423490762710571
6516.78202747196	0.9631068706512451
6516.88253247196	0.985848605632782
6516.9830374719595	1.0163813829421997
6517.08354247196	1.0453987121582031
6517.184047471959	1.0671566724777222
6517.28455247196	1.0884602069854736
6517.38505747196	1.1070315837860107
6517.485562471959	1.1242907047271729
6517.58606747196	1.131234049797058
6517.68657247196	1.137000322341919
6517.7870774719595	1.1297647953033447
6517.88758247196	1.122754454612732
6517.988087471959	1.1197559833526611
6518.08859247196	1.116976022720337
6518.18909747196	1.1232945919036865
6518.289602471959	1.1296136379241943
6518.39010747196	1.1382768154144287
6518.49061247196	1.1469550132751465
6518.5911174719595	1.1476824283599854
6518.69162247196	1.1481142044067383
6518.792127471959	1.1447361707687378
6518.89263247196	1.141091227531433
6518.99313747196	1.130096197128296
6519.093642471959	1.1183295249938965
6519.19414747196	1.0962941646575928
6519.29465247196	1.0727986097335815
6519.3951574719595	1.0645421743392944
6519.49566247196	1.0590553283691406
6519.596167471959	1.0689854621887207
6519.69667247196	1.082372784614563
6519.79717747196	1.0967538356781006
6519.897682471959	1.1114035844802856
6519.99818747196	1.1191421747207642
6520.09869247196	1.1246788501739502
6520.199197471959	1.1271917819976807
6520.29970247196	1.1285817623138428
6520.400207471959	1.1286265850067139
6520.50071247196	1.1280951499938965
6520.60121747196	1.1298811435699463
6520.701722471959	1.132803201675415
6520.80222747196	1.132689356803894
6520.90273247196	1.1308833360671997
6521.003237471959	1.1309651136398315
6521.10374247196	1.1322380304336548
6521.204247471959	1.1290220022201538
6521.30475247196	1.1226118803024292
6521.40525747196	1.1189451217651367
6521.505762471959	1.1174739599227905
6521.60626747196	1.1156967878341675
6521.70677247196	1.1136448383331299
6521.807277471959	1.1093794107437134
6521.90778247196	1.102883219718933
6522.008287471959	1.0986533164978027
6522.1087924719595	1.096985101699829
6522.20929747196	1.0975638628005981
6522.309802471959	1.1009926795959473
6522.41030747196	1.1055008172988892
6522.51081247196	1.1115471124649048
6522.611317471959	1.1139158010482788
6522.71182247196	1.1103826761245728
6522.812327471959	1.1083223819732666
6522.9128324719595	1.1089317798614502
6523.01333747196	1.106454610824585
6523.113842471959	1.0976306200027466
6523.21434747196	1.0904643535614014
6523.31485247196	1.0871859788894653
6523.415357471959	1.0801811218261719
6523.51586247196	1.0631392002105713
6523.616367471959	1.046846628189087
6523.7168724719595	1.0328954458236694
6523.81737747196	1.0238384008407593
6523.917882471959	1.03270423412323
6524.01838747196	1.0433647632598877
6524.11889247196	1.0618528127670288
6524.219397471959	1.0792039632797241
6524.31990247196	1.0905158519744873
6524.42040747196	1.1011009216308594
6524.5209124719595	1.1068450212478638
6524.62141747196	1.1119515895843506
6524.721922471959	1.111489176750183
6524.82242747196	1.1112183332443237
6524.92293247196	1.11331045627594
6525.023437471959	1.1154695749282837
6525.12394247196	1.1189771890640259
6525.22444747196	1.122353196144104
6525.3249524719595	1.1191368103027344
6525.42545747196	1.1159201860427856
6525.525962471959	1.1146397590637207
6525.62646747196	1.1133748292922974
6525.72697247196	1.1111384630203247
6525.827477471959	1.1088662147521973
6525.92798247196	1.1091065406799316
6526.02848747196	1.1095160245895386
6526.1289924719595	1.1109257936477661
6526.22949747196	1.112435221672058
6526.330002471959	1.1139429807662964
6526.43050747196	1.1154505014419556
6526.53101247196	1.1153831481933594
6526.631517471959	1.1150484085083008
6526.73202247196	1.1180917024612427
6526.83252747196	1.121838927268982
6526.933032471959	1.120312213897705
6527.03353747196	1.117470145225525
6527.134042471959	1.116032361984253
6527.23454747196	1.115006446838379
6527.33505247196	1.113332748413086
6527.435557471959	1.111438512802124
6527.53606247196	1.11142897605896
6527.63656747196	1.1121551990509033
6527.737072471959	1.1119840145111084
6527.83757747196	1.111413598060608
6527.938082471959	1.1137689352035522
6528.0385874719595	1.1175960302352905
6528.13909247196	1.120161533355713
6528.239597471959	1.122012972831726
6528.34010247196	1.1226112842559814
6528.44060747196	1.1224143505096436
6528.541112471959	1.1235404014587402
6528.64161747196	1.1256051063537598
6528.742122471959	1.1251568794250488
6528.8426274719595	1.1227209568023682
6528.94313247196	1.1211144924163818
6529.043637471959	1.120238184928894
6529.14414247196	1.1207122802734375
6529.24464747196	1.1225087642669678
6529.345152471959	1.1227242946624756
6529.44565747196	1.1212185621261597
6529.546162471959	1.1200737953186035
6529.6466674719595	1.1193660497665405
6529.74717247196	1.1185390949249268
6529.847677471959	1.1175514459609985
6529.94818247196	1.1176670789718628
6530.04868747196	1.119439959526062
6530.149192471959	1.1202466487884521
6530.24969747196	1.1194325685501099
6530.350202471959	1.115695595741272
6530.4507074719595	1.106465220451355
6530.55121247196	1.1007754802703857
6530.651717471959	1.1025694608688354
6530.75222247196	1.1050851345062256
6530.85272747196	1.1093248128890991
6530.953232471959	1.1141300201416016
6531.05373747196	1.1204707622528076
6531.154242471959	1.1247398853302002
6531.2547474719595	1.1225616931915283
6531.35525247196	1.1218457221984863
6531.455757471959	1.1263957023620605
6531.55626247196	1.1292136907577515
6531.65676747196	1.1247200965881348
6531.757272471959	1.120296835899353
6531.85777747196	1.1162283420562744
6531.95828247196	1.1095396280288696
6532.0587874719595	1.086766242980957
6532.15929247196	1.064361333847046
6532.259797471959	1.0448158979415894
6532.36030247196	1.027908444404602
6532.46080747196	1.0380516052246094
6532.561312471959	1.0490307807922363
6532.66181747196	1.0723627805709839
6532.76232247196	1.0952775478363037
6532.8628274719595	1.1075818538665771
6532.96333247196	1.1197547912597656
6533.063837471959	1.1215211153030396
6533.16434247196	1.123287320137024
6533.26484747196	1.1276030540466309
6533.365352471959	1.131951928138733
6533.46585747196	1.1285077333450317
6533.56636247196	1.1247546672821045
6533.666867471959	1.115149736404419
6533.76737247196	1.1051487922668457
6533.867877471959	1.0933247804641724
6533.96838247196	1.081323266029358
6534.06888747196	1.0803579092025757
6534.169392471959	1.0808058977127075
6534.26989747196	1.0913028717041016
6534.37040247196	1.1034166812896729
6534.470907471959	1.109283208847046
6534.57141247196	1.113928198814392
6534.671917471959	1.1156398057937622
6534.7724224719595	1.1166701316833496
6534.87292747196	1.1176683902740479
6534.973432471959	1.1186578273773193
6535.07393747196	1.1238478422164917
6535.17444247196	1.1303507089614868
6535.274947471959	1.1334584951400757
6535.37545247196	1.1353555917739868
6535.475957471959	1.1395213603973389
6535.5764624719595	1.14460289478302
6535.67696747196	1.1432548761367798
6535.777472471959	1.1389893293380737
6535.87797747196	1.1372109651565552
6535.97848247196	1.1366950273513794
6536.078987471959	1.137188196182251
6536.17949247196	1.1382519006729126
6536.279997471959	1.136677622795105
6536.3805024719595	1.1334477663040161
6536.48100747196	1.1274104118347168
6536.581512471959	1.1194219589233398
6536.68201747196	1.115521788597107
6536.78252247196	1.1147598028182983
6536.883027471959	1.1169707775115967
6536.98353247196	1.121699333190918
6537.084037471959	1.126890778541565
6537.1845424719595	1.1325139999389648
6537.28504747196	1.1378982067108154
6537.385552471959	1.1430367231369019
6537.48605747196	1.1457841396331787
6537.58656247196	1.1458251476287842
6537.687067471959	1.1471009254455566
6537.78757247196	1.149916172027588
6537.888077471959	1.1517184972763062
6537.9885824719595	1.1521283388137817
6538.08908747196	1.150536298751831
6538.189592471959	1.1459065675735474
6538.29009747196	1.1459403038024902
6538.39060247196	1.1537998914718628
6538.491107471959	1.1579639911651611
6538.59161247196	1.1552538871765137
6538.692117471959	1.1543558835983276
6538.7926224719595	1.157205581665039
6538.89312747196	1.1581450700759888
6538.993632471959	1.1546748876571655
6539.09413747196	1.1535316705703735
6539.19464247196	1.158410906791687
6539.295147471959	1.1608505249023438
6539.39565247196	1.1561685800552368
6539.49615747196	1.1532734632492065
6539.5966624719595	1.1563032865524292
6539.69716747196	1.1599195003509521
6539.797672471959	1.1657636165618896
6539.89817747196	1.1700263023376465
6539.99868247196	1.1673195362091064
6540.099187471959	1.16524076461792
6540.19969247196	1.1664202213287354
6540.30019747196	1.1670312881469727
6540.400702471959	1.164106845855713
6540.50120747196	1.1617101430892944
6540.601712471959	1.163366436958313
6540.70221747196	1.1651281118392944
6540.80272247196	1.1679264307022095
6540.903227471959	1.170783519744873
6541.00373247196	1.1744307279586792
6541.10423747196	1.1779954433441162
6541.204742471959	1.1798536777496338
6541.30524747196	1.1816426515579224
6541.405752471959	1.180513620376587
6541.5062574719595	1.1793851852416992
6541.60676247196	1.1802070140838623
6541.707267471959	1.1810287237167358
6541.80777247196	1.1786789894104004
6541.90827747196	1.1762560606002808
6542.008782471959	1.158883810043335
6542.10928747196	1.1408030986785889
6542.209792471959	1.1352994441986084
6542.3102974719595	1.1307114362716675
6542.41080247196	1.137616515159607
6542.511307471959	1.1456655263900757
6542.61181247196	1.1588860750198364
6542.71231747196	1.1727662086486816
6542.812822471959	1.175400972366333
6542.91332747196	1.1762722730636597
6543.013832471959	1.1756484508514404
6543.1143374719595	1.1747440099716187
6543.21484247196	1.1744757890701294
6543.315347471959	1.1743475198745728
6543.41585247196	1.1703468561172485
6543.51635747196	1.1653614044189453
6543.616862471959	1.1325098276138306
6543.71736747196	1.0915685892105103
6543.817872471959	1.0690546035766602
6543.9183774719595	1.052590250968933
6544.01888247196	1.067291021347046
6544.119387471959	1.0934785604476929
6544.21989247196	1.1248867511749268
6544.32039747196	1.1584422588348389
6544.420902471959	1.1775875091552734
6544.52140747196	1.1901551485061646
6544.621912471959	1.1981409788131714
6544.7224174719595	1.20381498336792
6544.82292247196	1.2086912393569946
6544.923427471959	1.2131242752075195
6545.02393247196	1.214311122894287
6545.12443747196	1.2135159969329834
6545.224942471959	1.213563323020935
6545.32544747196	1.2141742706298828
6545.425952471959	1.2108455896377563
6545.5264574719595	1.2046338319778442
6545.62696247196	1.2019881010055542
6545.727467471959	1.202192783355713
6545.82797247196	1.2036364078521729
6545.92847747196	1.2061606645584106
6546.028982471959	1.2099422216415405
6546.12948747196	1.2149192094802856
6546.229992471959	1.2201402187347412
6546.3304974719595	1.2256138324737549
6546.43100247196	1.2321051359176636
6546.531507471959	1.239745020866394
6546.63201247196	1.2432276010513306
6546.73251747196	1.24159574508667
6546.833022471959	1.2402946949005127
6546.93352747196	1.239437222480774
6547.03403247196	1.238836407661438
6547.134537471959	1.2386113405227661
6547.23504247196	1.235604166984558
6547.335547471959	1.2281478643417358
6547.43605247196	1.2170569896697998
6547.53655747196	1.199604868888855
6547.637062471959	1.1893534660339355
6547.73756747196	1.192922830581665
6547.83807247196	1.1994290351867676
6547.938577471959	1.2121316194534302
6548.03908247196	1.2238339185714722
6548.139587471959	1.2332086563110352
6548.2400924719595	1.2339012622833252
6548.34059747196	1.2122424840927124
6548.441102471959	1.1910676956176758
6548.54160747196	1.1712790727615356
6548.64211247196	1.1599233150482178
6548.742617471959	1.175535798072815
6548.84312247196	1.1933716535568237
6548.943627471959	1.2192051410675049
6549.0441324719595	1.2431204319000244
6549.14463747196	1.2592114210128784
6549.245142471959	1.2735072374343872
6549.34564747196	1.2794185876846313
6549.44615247196	1.2857730388641357
6549.546657471959	1.2945269346237183
6549.64716247196	1.302640676498413
6549.747667471959	1.3066656589508057
6549.8481724719595	1.310992956161499
6549.94867747196	1.3176475763320923
6550.049182471959	1.3240642547607422
6550.14968747196	1.3282052278518677
6550.25019247196	1.3321514129638672
6550.350697471959	1.3336750268936157
6550.45120247196	1.3354896306991577
6550.551707471959	1.3423781394958496
6550.6522124719595	1.3490668535232544
6550.75271747196	1.3500996828079224
6550.853222471959	1.3512041568756104
6550.95372747196	1.3573447465896606
6551.05423247196	1.3634854555130005
6551.154737471959	1.3652676343917847
6551.25524247196	1.3670234680175781
6551.355747471959	1.3720124959945679
6551.4562524719595	1.3770875930786133
6551.55675747196	1.3799711465835571
6551.657262471959	1.382749319076538
6551.75776747196	1.3825111389160156
6551.85827247196	1.3820607662200928
6551.958777471959	1.3812389373779297
6552.05928247196	1.3803824186325073
6552.159787471959	1.378777265548706
6552.2602924719595	1.3770841360092163
6552.36079747196	1.348448395729065
6552.461302471959	1.315969467163086
6552.56180747196	1.296440839767456
6552.66231247196	1.2790977954864502
6552.762817471959	1.30733060836792
6552.86332247196	1.3445007801055908
6552.963827471959	1.383466124534607
6553.0643324719595	1.422835111618042
6553.16483747196	1.4493829011917114
6553.265342471959	1.472669005393982
6553.36584747196	1.483140230178833
6553.46635247196	1.489951491355896
6553.566857471959	1.4850149154663086
6553.66736247196	1.4763386249542236
6553.767867471959	1.477384090423584
6553.868372471959	1.481857419013977
6553.96887747196	1.5007753372192383
6554.069382471959	1.5253067016601562
6554.16988747196	1.5507553815841675
6554.27039247196	1.576595664024353
6554.370897471959	1.5943735837936401
6554.47140247196	1.608392357826233
6554.57190747196	1.621403455734253
6554.672412471959	1.6339025497436523
6554.77291747196	1.6468422412872314
6554.873422471959	1.6600252389907837
6554.9739274719595	1.67814040184021
6555.07443247196	1.699211597442627
6555.174937471959	1.7177484035491943
6555.27544247196	1.73464035987854
6555.37594747196	1.753159523010254
6555.476452471959	1.7728204727172852
6555.57695747196	1.792651653289795
6555.677462471959	1.8126121759414673
6555.7779674719595	1.8364663124084473
6555.87847247196	1.863500952720642
6555.978977471959	1.890547752380371
6556.07948247196	1.9176054000854492
6556.17998747196	1.946913480758667
6556.280492471959	1.9783549308776855
6556.38099747196	2.011324644088745
6556.481502471959	2.045854091644287
6556.5820074719595	2.0792174339294434
6556.68251247196	2.111299753189087
6556.783017471959	2.1330811977386475
6556.88352247196	2.142683506011963
6556.98402747196	2.149014949798584
6557.084532471959	2.1511831283569336
6557.18503747196	2.178905725479126
6557.285542471959	2.2416603565216064
6557.3860474719595	2.316380500793457
6557.48655247196	2.4087772369384766
6557.587057471959	2.4912338256835938
6557.68756247196	2.5578503608703613
6557.78806747196	2.617426872253418
6557.888572471959	2.6648905277252197
6557.98907747196	2.717641830444336
6558.089582471959	2.780228853225708
6558.1900874719595	2.8528335094451904
6558.29059247196	2.9456164836883545
6558.391097471959	3.0429089069366455
6558.49160247196	3.150055408477783
6558.59210747196	3.254128932952881
6558.692612471959	3.3508965969085693
6558.79311747196	3.45058274269104
6558.893622471959	3.557828903198242
6558.9941274719595	3.66693115234375
6559.09463247196	3.7812907695770264
6559.195137471959	3.894991636276245
6559.29564247196	4.006640911102295
6559.39614747196	4.117488384246826
6559.496652471959	4.225582599639893
6559.59715747196	4.331492900848389
6559.697662471959	4.429096221923828
6559.7981674719595	4.524472236633301
6559.89867247196	4.610400199890137
6559.999177471959	4.688950061798096
6560.09968247196	4.732353210449219
6560.20018747196	4.7683563232421875
6560.300692471959	4.764395713806152
6560.40119747196	4.7647857666015625
6560.501702471959	4.792117118835449
6560.602207471959	4.827287197113037
6560.70271247196	4.918927192687988
6560.803217471959	5.010921955108643
6560.90372247196	5.105946063995361
6561.00422747196	5.20310115814209
6561.104732471959	5.322402000427246
6561.20523747196	5.444311141967773
6561.305742471959	5.600438594818115
6561.406247471959	5.754699230194092
6561.50675247196	5.876159191131592
6561.607257471959	5.995210647583008
6561.7077624719595	6.0516037940979
6561.80826747196	6.107067108154297
6561.908772471959	6.117520332336426
6562.00927747196	6.127908229827881
6562.10978247196	6.119837760925293
6562.210287471959	6.111767292022705
6562.31079247196	6.088437080383301
6562.411297471959	6.0649027824401855
6562.5118024719595	6.0599517822265625
6562.61230747196	6.055570125579834
6562.712812471959	6.062758922576904
6562.81331747196	6.070509433746338
6562.91382247196	6.0684494972229
6563.014327471959	6.065732002258301
6563.11483247196	6.038419723510742
6563.215337471959	6.008993148803711
6563.3158424719595	5.947874069213867
6563.41634747196	5.883406639099121
6563.516852471959	5.815291404724121
6563.61735747196	5.746716499328613
6563.71786247196	5.654886245727539
6563.818367471959	5.5596394538879395
6563.91887247196	5.377291202545166
6564.019377471959	5.180259704589844
6564.1198824719595	5.020185947418213
6564.22038747196	4.867168426513672
6564.320892471959	4.832508087158203
6564.42139747196	4.823198318481445
6564.52190247196	4.836307525634766
6564.622407471959	4.854757785797119
6564.72291247196	4.834219932556152
6564.823417471959	4.803422451019287
6564.9239224719595	4.773494243621826
6565.02442747196	4.74381685256958
6565.124932471959	4.691873550415039
6565.22543747196	4.632898330688477
6565.32594247196	4.569673538208008
6565.426447471959	4.504988670349121
6565.52695247196	4.429476737976074
6565.627457471959	4.349931240081787
6565.7279624719595	4.271334171295166
6565.82846747196	4.193118095397949
6565.928972471959	4.107300758361816
6566.02947747196	4.018184661865234
6566.12998247196	3.916774272918701
6566.230487471959	3.8096272945404053
6566.33099247196	3.707672119140625
6566.431497471959	3.6083152294158936
6566.5320024719595	3.511561155319214
6566.63250747196	3.41620135307312
6566.733012471959	3.3297762870788574
6566.83351747196	3.248469114303589
6566.93402247196	3.1659343242645264
6567.034527471959	3.082648515701294
6567.13503247196	3.001235008239746
6567.235537471959	2.921041965484619
6567.336042471959	2.843289375305176
6567.43654747196	2.767230987548828
6567.537052471959	2.6959927082061768
6567.63755747196	2.6283156871795654
6567.73806247196	2.5665435791015625
6567.838567471959	2.509408950805664
6567.93907247196	2.45503568649292
6568.039577471959	2.402965784072876
6568.140082471959	2.3529622554779053
6568.24058747196	2.3047893047332764
6568.341092471959	2.2552199363708496
6568.4415974719595	2.2043375968933105
6568.54210247196	2.1521880626678467
6568.642607471959	2.0987746715545654
6568.74311247196	2.05165958404541
6568.843617471959	2.0112063884735107
6568.944122471959	1.978445291519165
6569.04462747196	1.9543113708496094
6569.145132471959	1.9317597150802612
6569.2456374719595	1.9110896587371826
6569.34614247196	1.888522744178772
6569.446647471959	1.8635635375976562
6569.54715247196	1.8413265943527222
6569.64765747196	1.8227311372756958
6569.748162471959	1.803868293762207
6569.84866747196	1.7846258878707886
6569.949172471959	1.765916347503662
6570.0496774719595	1.7480090856552124
6570.15018247196	1.7297559976577759
6570.250687471959	1.7109500169754028
6570.35119247196	1.6926448345184326
6570.45169747196	1.6751899719238281
6570.552202471959	1.6560345888137817
6570.65270747196	1.6338094472885132
6570.753212471959	1.6163700819015503
6570.8537174719595	1.6081238985061646
6570.95422247196	1.5984609127044678
6571.054727471959	1.5858994722366333
6571.15523247196	1.5737826824188232
6571.25573747196	1.5626357793807983
6571.356242471959	1.551257610321045
6571.45674747196	1.5393410921096802
6571.557252471959	1.5247118473052979
6571.6577574719595	1.503331184387207
6571.75826247196	1.4769467115402222
6571.858767471959	1.4372270107269287
6571.95927247196	1.4015904664993286
6572.05977747196	1.3776283264160156
6572.160282471959	1.3628418445587158
6572.26078747196	1.3762593269348145
6572.361292471959	1.3909845352172852
6572.4617974719595	1.4100415706634521
6572.56230247196	1.425426959991455
6572.662807471959	1.4276676177978516
6572.76331247196	1.4282217025756836
6572.86381747196	1.4222301244735718
6572.964322471959	1.4158086776733398
6573.06482747196	1.4075723886489868
6573.165332471959	1.3998701572418213
6573.2658374719595	1.3946319818496704
6573.36634247196	1.3887298107147217
6573.466847471959	1.3794636726379395
6573.56735247196	1.3704988956451416
6573.66785747196	1.3632205724716187
6573.768362471959	1.3576664924621582
6573.86886747196	1.3628416061401367
6573.969372471959	1.3664193153381348
6574.069877471959	1.3588504791259766
6574.17038247196	1.3512790203094482
6574.270887471959	1.3436871767044067
6574.37139247196	1.3344109058380127
6574.47189747196	1.3098633289337158
6574.572402471959	1.283421516418457
6574.67290747196	1.236958622932434
6574.773412471959	1.1934785842895508
6574.873917471959	1.1875672340393066
6574.97442247196	1.1840736865997314
6575.074927471959	1.2179481983184814
6575.1754324719595	1.251135230064392
6575.27593747196	1.2706915140151978
6575.376442471959	1.2897177934646606
6575.47694747196	1.2942832708358765
6575.577452471959	1.2986921072006226
6575.677957471959	1.2963755130767822
6575.77846247196	1.2940255403518677
6575.878967471959	1.2884254455566406
6575.9794724719595	1.282825231552124
6576.07997747196	1.2760136127471924
6576.180482471959	1.269199252128601
6576.28098747196	1.2678141593933105
6576.381492471959	1.266510009765625
6576.481997471959	1.2671208381652832
6576.58250247196	1.2677849531173706
6576.683007471959	1.266829252243042
6576.7835124719595	1.2658072710037231
6576.88401747196	1.261880874633789
6576.984522471959	1.2577966451644897
6577.08502747196	1.257001519203186
6577.18553247196	1.2564303874969482
6577.286037471959	1.2519437074661255
6577.38654247196	1.2471355199813843
6577.487047471959	1.2433098554611206
6577.5875524719595	1.2395787239074707
6577.68805747196	1.24079167842865
6577.788562471959	1.242553472518921
6577.88906747196	1.2379719018936157
6577.98957247196	1.2325917482376099
6578.090077471959	1.2317684888839722
6578.19058247196	1.23158860206604
6578.291087471959	1.2295693159103394
6578.3915924719595	1.2272615432739258
6578.49209747196	1.2234337329864502
6578.592602471959	1.2193433046340942
6578.69310747196	1.2207030057907104
6578.79361247196	1.2230925559997559
6578.894117471959	1.2206652164459229
6578.99462247196	1.2172476053237915
6579.095127471959	1.2160190343856812
6579.1956324719595	1.215278148651123
6579.29613747196	1.2109440565109253
6579.396642471959	1.2057470083236694
6579.49714747196	1.2073067426681519
6579.59765247196	1.2106091976165771
6579.698157471959	1.2084518671035767
6579.79866247196	1.2047865390777588
6579.899167471959	1.2015714645385742
6579.9996724719595	1.1984890699386597
6580.10017747196	1.1985359191894531
6580.200682471959	1.1995656490325928
6580.30118747196	1.1948835849761963
6580.40169247196	1.1882960796356201
6580.502197471959	1.178073763847351
6580.60270247196	1.1665656566619873
6580.703207471959	1.1614083051681519
6580.803712471959	1.1586278676986694
6580.90421747196	1.1578285694122314
6581.004722471959	1.157812476158142
6581.10522747196	1.1666733026504517
6581.20573247196	1.1792359352111816
6581.306237471959	1.1846075057983398
6581.40674247196	1.1868212223052979
6581.507247471959	1.1872726678848267
6581.607752471959	1.1869102716445923
6581.70825747196	1.1848505735397339
6581.808762471959	1.1819671392440796
6581.9092674719595	1.1805018186569214
6582.00977247196	1.1797586679458618
6582.110277471959	1.1778055429458618
6582.21078247196	1.1752064228057861
6582.311287471959	1.1741302013397217
6582.411792471959	1.173905372619629
6582.51229747196	1.1728347539901733
6582.612802471959	1.1712690591812134
6582.7133074719595	1.169999599456787
6582.81381247196	1.1689112186431885
6582.914317471959	1.1694293022155762
6583.01482247196	1.1709742546081543
6583.115327471959	1.1673756837844849
6583.215832471959	1.1603444814682007
6583.31633747196	1.153067708015442
6583.416842471959	1.1456197500228882
6583.5173474719595	1.1467490196228027
6583.61785247196	1.1541072130203247
6583.718357471959	1.1592122316360474
6583.81886247196	1.1626116037368774
6583.919367471959	1.1663191318511963
6584.019872471959	1.1702696084976196
6584.12037747196	1.1737185716629028
6584.220882471959	1.176755666732788
6584.3213874719595	1.175678014755249
6584.42189247196	1.1710830926895142
6584.522397471959	1.1698561906814575
6584.62290247196	1.1716248989105225
6584.72340747196	1.1729345321655273
6584.823912471959	1.1738194227218628
6584.92441747196	1.1724932193756104
6585.024922471959	1.1690398454666138
6585.1254274719595	1.1651856899261475
6585.22593247196	1.1609306335449219
6585.326437471959	1.1592398881912231
6585.42694247196	1.1602144241333008
6585.52744747196	1.1579043865203857
6585.627952471959	1.1520469188690186
6585.72845747196	1.1470879316329956
6585.828962471959	1.1431372165679932
6585.9294674719595	1.1412569284439087
6586.02997247196	1.1417897939682007
6586.130477471959	1.1381574869155884
6586.23098247196	1.1294840574264526
6586.33148747196	1.1180111169815063
6586.431992471959	1.1030197143554688
6586.53249747196	1.0939147472381592
6586.633002471959	1.0924919843673706
6586.7335074719595	1.097977638244629
6586.83401247196	1.1128242015838623
6586.934517471959	1.1240183115005493
6587.03502247196	1.1300736665725708
6587.13552747196	1.1361349821090698
6587.236032471959	1.1422048807144165
6587.33653747196	1.1463521718978882
6587.437042471959	1.1475836038589478
6587.537547471959	1.1474330425262451
6587.63805247196	1.1451064348220825
6587.738557471959	1.143070936203003
6587.83906247196	1.1415114402770996
6587.93956747196	1.1415401697158813
6588.040072471959	1.144264578819275
6588.14057747196	1.1454646587371826
6588.241082471959	1.1439776420593262
6588.341587471959	1.1419533491134644
6588.44209247196	1.1389455795288086
6588.542597471959	1.1370737552642822
6588.6431024719595	1.1373623609542847
6588.74360747196	1.1382195949554443
6588.844112471959	1.1402003765106201
6588.94461747196	1.1425484418869019
6589.045122471959	1.1456505060195923
6589.145627471959	1.1459155082702637
6589.24613247196	1.1401252746582031
6589.346637471959	1.1371347904205322
6589.4471424719595	1.140356183052063
6589.54764747196	1.1428583860397339
6589.648152471959	1.1437008380889893
6589.74865747196	1.1426270008087158
6589.849162471959	1.1369532346725464
6589.949667471959	1.1329584121704102
6590.05017247196	1.1331578493118286
6590.150677471959	1.13319993019104
6590.2511824719595	1.1328325271606445
6590.35168747196	1.1325994729995728
6590.452192471959	1.1327298879623413
6590.55269747196	1.1324462890625
6590.653202471959	1.1309938430786133
6590.753707471959	1.1292589902877808
6590.85421247196	1.1266930103302002
6590.954717471959	1.1243610382080078
6591.0552224719595	1.1227465867996216
6591.15572747196	1.120652198791504
6591.256232471959	1.1170209646224976
6591.35673747196	1.1143306493759155
6591.457242471959	1.1147867441177368
6591.557747471959	1.115116000175476
6591.65825247196	1.1150017976760864
6591.758757471959	1.1151171922683716
6591.8592624719595	1.116071343421936
6591.95976747196	1.1166348457336426
6592.060272471959	1.1157032251358032
6592.16077747196	1.1148128509521484
6592.26128247196	1.114087700843811
6592.361787471959	1.1134051084518433
6592.46229247196	1.112900972366333
6592.562797471959	1.1126105785369873
6592.6633024719595	1.1132618188858032
6592.76380747196	1.112716555595398
6592.864312471959	1.1066280603408813
6592.96481747196	1.1014419794082642
6593.06532247196	1.1006525754928589
6593.165827471959	1.100157380104065
6593.26633247196	1.101171612739563
6593.366837471959	1.1023674011230469
6593.4673424719595	1.1045445203781128
6593.56784747196	1.1063084602355957
6593.668352471959	1.1057074069976807
6593.76885747196	1.1048729419708252
6593.86936247196	1.1026268005371094
6593.969867471959	1.100438117980957
6594.07037247196	1.098617672920227
6594.170877471959	1.0965213775634766
6594.271382471959	1.0925453901290894
6594.37188747196	1.0891612768173218
6594.472392471959	1.090070366859436
6594.57289747196	1.0911728143692017
6594.67340247196	1.0937714576721191
6594.773907471959	1.0966302156448364
6594.87441247196	1.101641058921814
6594.974917471959	1.1063326597213745
6595.075422471959	1.1081804037094116
6595.17592747196	1.1098743677139282
6595.276432471959	1.1100913286209106
6595.3769374719595	1.1102392673492432
6595.47744247196	1.1096688508987427
6595.577947471959	1.1093512773513794
6595.67845247196	1.111882209777832
6595.778957471959	1.1138957738876343
6595.879462471959	1.1095304489135742
6595.97996747196	1.105574369430542
6596.080472471959	1.1071633100509644
6596.1809774719595	1.108506679534912
6596.28148247196	1.1061574220657349
6596.381987471959	1.1038919687271118
6596.48249247196	1.1030306816101074
6596.582997471959	1.1020992994308472
6596.683502471959	1.0998353958129883
6596.78400747196	1.0976307392120361
6596.884512471959	1.0967158079147339
6596.9850174719595	1.0957703590393066
6597.08552247196	1.0940500497817993
6597.186027471959	1.0925073623657227
6597.28653247196	1.0963258743286133
6597.387037471959	1.1000065803527832
6597.487542471959	1.0985345840454102
6597.58804747196	1.097122311592102
6597.688552471959	1.0985815525054932
6597.7890574719595	1.0999908447265625
6597.88956247196	1.0979914665222168
6597.990067471959	1.0959972143173218
6598.09057247196	1.09456467628479
6598.191077471959	1.0931504964828491
6598.291582471959	1.0974153280258179
6598.39208747196	1.1016806364059448
6598.492592471959	1.0978484153747559
6598.5930974719595	1.093996524810791
6598.69360247196	1.0957603454589844
6598.794107471959	1.097569227218628
6598.89461247196	1.094299554824829
6598.995117471959	1.09096097946167
6599.095622471959	1.0785397291183472
6599.19612747196	1.0659440755844116
6599.296632471959	1.064909815788269
6599.3971374719595	1.0641608238220215
6599.49764247196	1.0668072700500488
6599.598147471959	1.0695568323135376
6599.69865247196	1.0757205486297607
6599.79915747196	1.0820071697235107
6599.899662471959	1.0871161222457886
6600.00016747196	1.0921770334243774
6600.100672471959	1.0942262411117554
6600.201177471959	1.0961345434188843
6600.30168247196	1.093254566192627
6600.402187471959	1.0901236534118652
6600.50269247196	1.0905711650848389
6600.60319747196	1.0912262201309204
6600.703702471959	1.0912526845932007
6600.80420747196	1.0912392139434814
6600.904712471959	1.0894360542297363
6601.005217471959	1.0875096321105957
6601.10572247196	1.0885792970657349
6601.206227471959	1.0898723602294922
6601.30673247196	1.0893040895462036
6601.40723747196	1.0885874032974243
6601.507742471959	1.0868996381759644
6601.60824747196	1.0851290225982666
6601.708752471959	1.0826125144958496
6601.809257471959	1.0800282955169678
6601.90976247196	1.0750572681427002
6602.010267471959	1.0698566436767578
6602.1107724719595	1.0687377452850342
6602.21127747196	1.0680334568023682
6602.311782471959	1.0708045959472656
6602.41228747196	1.0739476680755615
6602.512792471959	1.077107310295105
6602.613297471959	1.08026921749115
6602.71380247196	1.0825049877166748
6602.814307471959	1.084632396697998
6602.9148124719595	1.0870018005371094
6603.01531747196	1.0894012451171875
6603.115822471959	1.088963270187378
6603.21632747196	1.0881623029708862
6603.316832471959	1.0863183736801147
6603.417337471959	1.0843355655670166
6603.51784247196	1.0827195644378662
6603.618347471959	1.0811545848846436
6603.7188524719595	1.0809435844421387
6603.81935747196	1.0809272527694702
6603.919862471959	1.0787147283554077
6604.02036747196	1.0761756896972656
6604.120872471959	1.0793384313583374
6604.221377471959	1.0833781957626343
6604.32188247196	1.0829824209213257
6604.422387471959	1.0818825960159302
6604.5228924719595	1.0806020498275757
6604.62339747196	1.0792919397354126
6604.723902471959	1.0754125118255615
6604.82440747196	1.0710995197296143
6604.924912471959	1.071887493133545
6605.025417471959	1.0735613107681274
6605.12592247196	1.073922038078308
6605.226427471959	1.0740485191345215
6605.3269324719595	1.0704333782196045
6605.42743747196	1.0661324262619019
6605.527942471959	1.064994215965271
6605.62844747196	1.064450979232788
6605.728952471959	1.0671417713165283
6605.829457471959	1.0704562664031982
6605.92996247196	1.0714360475540161
6606.030467471959	1.0719552040100098
6606.1309724719595	1.0724942684173584
6606.23147747196	1.0730377435684204
6606.331982471959	1.075674295425415
6606.43248747196	1.078743815422058
6606.532992471959	1.0792834758758545
6606.633497471959	1.0792895555496216
6606.73400247196	1.073225736618042
6606.834507471959	1.0658537149429321
6606.935012471959	1.0678777694702148
6607.03551747196	1.0719678401947021
6607.136022471959	1.070562481880188
6607.23652747196	1.0679253339767456
6607.33703247196	1.0683828592300415
6607.437537471959	1.069547414779663
6607.53804247196	1.0725769996643066
6607.638547471959	1.0760409832000732
6607.739052471959	1.0755434036254883
6607.83955747196	1.0741084814071655
6607.940062471959	1.073401689529419
6608.04056747196	1.072870135307312
6608.14107247196	1.0739645957946777
6608.241577471959	1.0754570960998535
6608.34208247196	1.0756152868270874
6608.442587471959	1.0754420757293701
6608.543092471959	1.0749452114105225
6608.64359747196	1.074366807937622
6608.744102471959	1.071908950805664
6608.8446074719595	1.0689698457717896
6608.94511247196	1.0699145793914795
6609.045617471959	1.071868658065796
6609.14612247196	1.0686156749725342
6609.246627471959	1.0639913082122803
6609.347132471959	1.0630050897598267
6609.44763747196	1.0629899501800537
6609.548142471959	1.0661218166351318
6609.6486474719595	1.070104718208313
6609.74915247196	1.069049596786499
6609.849657471959	1.066616177558899
6609.95016247196	1.0657753944396973
6610.050667471959	1.065375566482544
6610.151172471959	1.0655766725540161
6610.25167747196	1.065946340560913
6610.352182471959	1.0648678541183472
6610.4526874719595	1.0633795261383057
6610.55319247196	1.064980387687683
6610.653697471959	1.0674655437469482
6610.75420247196	1.0658056735992432
6610.854707471959	1.0629481077194214
6610.955212471959	1.0605958700180054
6611.05571747196	1.0583909749984741
6611.156222471959	1.0596022605895996
6611.2567274719595	1.0618200302124023
6611.35723247196	1.0618350505828857
6611.457737471959	1.0611958503723145
6611.55824247196	1.0619319677352905
6611.658747471959	1.0630805492401123
6611.759252471959	1.059799075126648
6611.85975747196	1.0551793575286865
6611.960262471959	1.0553022623062134
6612.0607674719595	1.0568692684173584
6612.16127247196	1.058367133140564
6612.261777471959	1.0598442554473877
6612.36228247196	1.0560903549194336
6612.462787471959	1.0507210493087769
6612.563292471959	1.048589825630188
6612.66379747196	1.0474650859832764
6612.764302471959	1.0512816905975342
6612.8648074719595	1.056644082069397
6612.96531247196	1.0570580959320068
6613.065817471959	1.0559159517288208
6613.16632247196	1.0580930709838867
6613.266827471959	1.061320185661316
6613.367332471959	1.059665322303772
6613.46783747196	1.056458830833435
6613.568342471959	1.055005431175232
6613.668847471959	1.0541118383407593
6613.76935247196	1.0534029006958008
6613.869857471959	1.0527534484863281
6613.97036247196	1.053570032119751
6614.070867471959	1.054858922958374
6614.171372471959	1.0571532249450684
6614.27187747196	1.0597728490829468
6614.372382471959	1.057900309562683
6614.472887471959	1.0545710325241089
6614.57339247196	1.0514222383499146
6614.673897471959	1.0483319759368896
6614.77440247196	1.052276849746704
6614.87490747196	1.0585163831710815
6614.975412471959	1.0570584535598755
6615.07591747196	1.0530846118927002
6615.176422471959	1.0511772632598877
6615.276927471959	1.049946665763855
6615.37743247196	1.0530670881271362
6615.477937471959	1.0576151609420776
6615.5784424719595	1.0576560497283936
6615.678947471959	1.056216835975647
6615.779452471959	1.0570459365844727
6615.87995747196	1.0586210489273071
6615.980462471959	1.058005452156067
6616.080967471959	1.0566695928573608
6616.18147247196	1.0551743507385254
6616.281977471959	1.0536266565322876
6616.3824824719595	1.052159070968628
6616.48298747196	1.0507179498672485
6616.583492471959	1.0513190031051636
6616.68399747196	1.0525919198989868
6616.784502471959	1.0558913946151733
6616.885007471959	1.0598571300506592
6616.98551247196	1.0591001510620117
6617.086017471959	1.0567935705184937
6617.1865224719595	1.0558656454086304
6617.28702747196	1.055389404296875
6617.387532471959	1.0541412830352783
6617.48803747196	1.0526409149169922
6617.588542471959	1.0542618036270142
6617.689047471959	1.0569019317626953
6617.78955247196	1.0572565793991089
6617.890057471959	1.056867241859436
6617.9905624719595	1.0579135417938232
6618.09106747196	1.0594260692596436
6618.191572471959	1.0594871044158936
6618.29207747196	1.0590788125991821
6618.392582471959	1.0577493906021118
6618.493087471959	1.0561230182647705
6618.59359247196	1.0554659366607666
6618.694097471959	1.0551202297210693
6618.7946024719595	1.0535671710968018
6618.89510747196	1.0516279935836792
6618.995612471959	1.0518522262573242
6619.09611747196	1.0527654886245728
6619.196622471959	1.0508372783660889
6619.297127471959	1.0480091571807861
6619.39763247196	1.0492753982543945
6619.498137471959	1.0518319606781006
6619.5986424719595	1.0497833490371704
6619.69914747196	1.0462920665740967
6619.799652471959	1.048205018043518
6619.90015747196	1.0518012046813965
6620.000662471959	1.0526140928268433
6620.101167471959	1.0525662899017334
6620.20167247196	1.054429531097412
6620.302177471959	1.0568803548812866
6620.402682471959	1.054159164428711
6620.50318747196	1.0498601198196411
6620.603692471959	1.048832893371582
6620.70419747196	1.04879629611969
6620.804702471959	1.0478544235229492
6620.905207471959	1.0466408729553223
6621.00571247196	1.0467379093170166
6621.106217471959	1.0472255945205688
6621.206722471959	1.048443078994751
6621.30722747196	1.0498764514923096
6621.407732471959	1.0501164197921753
6621.50823747196	1.0500073432922363
6621.608742471959	1.0475068092346191
6621.709247471959	1.0443130731582642
6621.80975247196	1.044891595840454
6621.910257471959	1.0465526580810547
6622.010762471959	1.0476807355880737
6622.11126747196	1.0486576557159424
6622.211772471959	1.0487890243530273
6622.3122774719595	1.0486831665039062
6622.41278247196	1.0465973615646362
6622.513287471959	1.043961763381958
6622.61379247196	1.0474002361297607
6622.714297471959	1.0525065660476685
6622.814802471959	1.0514386892318726
6622.91530747196	1.0486966371536255
6623.015812471959	1.049358606338501
6623.1163174719595	1.0509322881698608
6623.216822471959	1.0504601001739502
6623.317327471959	1.0494475364685059
6623.41783247196	1.0479826927185059
6623.518337471959	1.0463999509811401
6623.618842471959	1.0421360731124878
6623.71934747196	1.0371825695037842
6623.819852471959	1.0394755601882935
6623.9203574719595	1.0436042547225952
6624.02086247196	1.043448805809021
6624.121367471959	1.0422247648239136
6624.22187247196	1.041433572769165
6624.322377471959	1.0407488346099854
6624.422882471959	1.0399644374847412
6624.52338747196	1.039156198501587
6624.623892471959	1.0405397415161133
6624.7243974719595	1.0424444675445557
6624.82490247196	1.0413638353347778
6624.925407471959	1.0395864248275757
6625.02591247196	1.0410053730010986
6625.126417471959	1.043157935142517
6625.226922471959	1.0421411991119385
6625.32742747196	1.040411353111267
6625.427932471959	1.039048671722412
6625.5284374719595	1.0377670526504517
6625.62894247196	1.0396474599838257
6625.729447471959	1.0422128438949585
6625.82995247196	1.0413633584976196
6625.930457471959	1.039790391921997
6626.030962471959	1.0386760234832764
6626.13146747196	1.0376567840576172
6626.231972471959	1.0349254608154297
6626.3324774719595	1.031846523284912
6626.43298247196	1.0319896936416626
6626.533487471959	1.0327719449996948
6626.63399247196	1.0349817276000977
6626.734497471959	1.0374683141708374
6626.835002471959	1.036124348640442
6626.93550747196	1.0340567827224731
6627.036012471959	1.03382408618927
6627.136517471959	1.0339293479919434
6627.23702247196	1.0357788801193237
6627.337527471959	1.0379416942596436
6627.43803247196	1.0377410650253296
6627.538537471959	1.0371283292770386
6627.639042471959	1.0368765592575073
6627.73954747196	1.0366861820220947
6627.840052471959	1.0332753658294678
6627.940557471959	1.029334306716919
6628.04106247196	1.02937650680542
6628.141567471959	1.0300544500350952
6628.24207247196	1.0285632610321045
6628.342577471959	1.0267369747161865
6628.443082471959	1.0301644802093506
6628.54358747196	1.034377932548523
6628.644092471959	1.0327732563018799
6628.744597471959	1.0303293466567993
6628.84510247196	1.0303666591644287
6628.945607471959	1.0307494401931763
6629.0461124719595	1.0293620824813843
6629.146617471959	1.0277377367019653
6629.247122471959	1.027251958847046
6629.34762747196	1.026912808418274
6629.448132471959	1.0309945344924927
6629.548637471959	1.0356229543685913
6629.64914247196	1.0352787971496582
6629.749647471959	1.0343477725982666
6629.8501524719595	1.0343899726867676
6629.95065747196	1.0345423221588135
6630.051162471959	1.0328364372253418
6630.15166747196	1.030930995941162
6630.252172471959	1.0309600830078125
6630.352677471959	1.031186819076538
6630.45318247196	1.0305988788604736
6630.553687471959	1.0299324989318848
6630.6541924719595	1.0312737226486206
6630.754697471959	1.0327985286712646
6630.855202471959	1.0320663452148438
6630.95570747196	1.031140685081482
6631.056212471959	1.028257131576538
6631.156717471959	1.0252162218093872
6631.25722247196	1.0246913433074951
6631.357727471959	1.0243546962738037
6631.4582324719595	1.0257264375686646
6631.55873747196	1.027216911315918
6631.659242471959	1.0244777202606201
6631.75974747196	1.0214687585830688
6631.860252471959	1.02291738986969
6631.960757471959	1.0246260166168213
6632.06126247196	1.0260361433029175
6632.161767471959	1.0274311304092407
6632.2622724719595	1.0262095928192139
6632.36277747196	1.0248650312423706
6632.463282471959	1.0237209796905518
6632.56378747196	1.022585153579712
6632.664292471959	1.021356225013733
6632.764797471959	1.020123839378357
6632.86530247196	1.0230194330215454
6632.965807471959	1.0260409116744995
6633.0663124719595	1.0241485834121704
6633.16681747196	1.0221349000930786
6633.267322471959	1.021443247795105
6633.36782747196	1.0207769870758057
6633.468332471959	1.0219851732254028
6633.568837471959	1.0232189893722534
6633.66934247196	1.0231777429580688
6633.769847471959	1.0231266021728516
6633.870352471959	1.024334192276001
6633.97085747196	1.0255379676818848
6634.071362471959	1.0246373414993286
6634.17186747196	1.023760199546814
6634.272372471959	1.0254290103912354
6634.372877471959	1.0270386934280396
6634.47338247196	1.0246882438659668
6634.573887471959	1.0223355293273926
6634.674392471959	1.019889235496521
6634.77489747196	1.0175625085830688
6634.875402471959	1.0196254253387451
6634.9759074719595	1.0216277837753296
6635.076412471959	1.0218009948730469
6635.176917471959	1.0218616724014282
6635.27742247196	1.0191031694412231
6635.377927471959	1.016603946685791
6635.478432471959	1.0196709632873535
6635.57893747196	1.022553563117981
6635.679442471959	1.0219643115997314
6635.7799474719595	1.0212526321411133
6635.880452471959	1.0185102224349976
6635.980957471959	1.0160492658615112
6636.08146247196	1.0177652835845947
6636.181967471959	1.0192848443984985
6636.282472471959	1.0181652307510376
6636.38297747196	1.0173914432525635
6636.483482471959	1.020826816558838
6636.5839874719595	1.0237247943878174
6636.684492471959	1.020625114440918
6636.784997471959	1.0178037881851196
6636.88550247196	1.017838478088379
6636.986007471959	1.0177851915359497
6637.086512471959	1.016896367073059
6637.18701747196	1.0159701108932495
6637.287522471959	1.0147161483764648
6637.3880274719595	1.0134719610214233
6637.48853247196	1.0123074054718018
6637.589037471959	1.011770486831665
6637.68954247196	1.016033411026001
6637.790047471959	1.0195013284683228
6637.890552471959	1.0172650814056396
6637.99105747196	1.0149245262145996
6638.091562471959	1.011884331703186
6638.1920674719595	1.0093241930007935
6638.292572471959	1.0098083019256592
6638.393077471959	1.010224461555481
6638.49358247196	1.0102307796478271
6638.594087471959	1.0103437900543213
6638.694592471959	1.011056900024414
6638.79509747196	1.0122871398925781
6638.895602471959	1.0162774324417114
6638.9961074719595	1.0190229415893555
6639.09661247196	1.015458106994629
6639.197117471959	1.0133055448532104
6639.29762247196	1.017946720123291
6639.398127471959	1.0212969779968262
6639.498632471959	1.0187413692474365
6639.59913747196	1.0165971517562866
6639.699642471959	1.0162429809570312
6639.8001474719595	1.0154871940612793
6639.90065247196	1.0130664110183716
6640.001157471959	1.0116238594055176
6640.10166247196	1.0140478610992432
6640.202167471959	1.0157582759857178
6640.302672471959	1.0147749185562134
6640.40317747196	1.014103889465332
6640.503682471959	1.01455819606781
6640.604187471959	1.0145294666290283
6640.70469247196	1.0128358602523804
6640.805197471959	1.0115615129470825
6640.90570247196	1.0116691589355469
6641.006207471959	1.0113471746444702
6641.106712471959	1.009669303894043
6641.20721747196	1.0086843967437744
6641.307722471959	1.0097942352294922
6641.408227471959	1.0109591484069824
6641.50873247196	1.0122817754745483
6641.609237471959	1.0121177434921265
6641.7097424719595	1.007822871208191
6641.810247471959	1.0055077075958252
6641.910752471959	1.0084716081619263
6642.01125747196	1.0103726387023926
6642.111762471959	1.0095527172088623
6642.212267471959	1.0082077980041504
6642.31277247196	1.00557279586792
6642.413277471959	1.0036648511886597
6642.5137824719595	1.0034737586975098
6642.614287471959	1.0034198760986328
6642.714792471959	1.0036768913269043
6642.81529747196	1.0042043924331665
6642.915802471959	1.0053215026855469
6643.016307471959	1.005587100982666
6643.11681247196	1.0040667057037354
6643.217317471959	1.004089593887329
6643.3178224719595	1.007224440574646
6643.418327471959	1.0089917182922363
6643.518832471959	1.0081044435501099
6643.61933747196	1.007993459701538
6643.719842471959	1.0093319416046143
6643.820347471959	1.0098692178726196
6643.92085247196	1.0089669227600098
6644.021357471959	1.0076959133148193
6644.1218624719595	1.0057868957519531
6644.222367471959	1.005074381828308
6644.322872471959	1.0063532590866089
6644.42337747196	1.0071947574615479
6644.523882471959	1.0073353052139282
6644.624387471959	1.007932186126709
6644.72489247196	1.0092328786849976
6644.825397471959	1.0100982189178467
6644.9259024719595	1.0103168487548828
6645.02640747196	1.0097980499267578
6645.126912471959	1.0082252025604248
6645.22741747196	1.005868911743164
6645.327922471959	1.0024347305297852
6645.428427471959	1.0030198097229004
6645.52893247196	1.0089305639266968
6645.629437471959	1.0113929510116577
6645.7299424719595	1.0094560384750366
6645.830447471959	1.0084319114685059
6645.930952471959	1.008528470993042
6646.03145747196	1.0078126192092896
6646.131962471959	1.006136417388916
6646.232467471959	1.0054314136505127
6646.33297247196	1.0058307647705078
6646.433477471959	1.0068937540054321
6646.5339824719595	1.0086828470230103
6646.63448747196	1.0078624486923218
6646.734992471959	1.0042952299118042
6646.83549747196	1.0053443908691406
6646.936002471959	1.011067271232605
6647.036507471959	1.01078462600708
6647.13701247196	1.0046557188034058
6647.237517471959	1.0046330690383911
6647.338022471959	1.010324478149414
6647.43852747196	1.0117460489273071
6647.539032471959	1.009328007698059
6647.63953747196	1.007317304611206
6647.740042471959	1.005658507347107
6647.840547471959	1.003319263458252
6647.94105247196	1.0004156827926636
6648.041557471959	1.0023324489593506
6648.142062471959	1.0080877542495728
6648.24256747196	1.0107275247573853
6648.343072471959	1.0109872817993164
6648.4435774719595	1.0089161396026611
6648.544082471959	1.0051370859146118
6648.644587471959	1.0028835535049438
6648.74509247196	1.0017011165618896
6648.845597471959	1.0015356540679932
6648.946102471959	1.0020543336868286
6649.04660747196	1.002005934715271
6649.147112471959	1.0015923976898193
6649.2476174719595	1.0026800632476807
6649.348122471959	1.004692554473877
6649.448627471959	1.0066161155700684
6649.54913247196	1.0084877014160156
6649.649637471959	1.0099451541900635
6649.750142471959	1.0111700296401978
6649.85064747196	1.0078397989273071
6649.951152471959	1.0020647048950195
6650.0516574719595	1.0009845495224
6650.152162471959	1.002306342124939
6650.252667471959	1.004188060760498
6650.35317247196	1.006343126296997
6650.453677471959	1.007766604423523
6650.554182471959	1.008851408958435
6650.65468747196	1.0078608989715576
6650.755192471959	1.0059562921524048
6650.8556974719595	1.0042262077331543
6650.956202471959	1.0025688409805298
6651.056707471959	1.0046740770339966
6651.15721247196	1.0082695484161377
6651.257717471959	1.0090231895446777
6651.358222471959	1.0087131261825562
6651.45872747196	1.0094318389892578
6651.559232471959	1.010514497756958
6651.6597374719595	1.0087389945983887
6651.760242471959	1.0060107707977295
6651.860747471959	1.0052766799926758
6651.96125247196	1.0051672458648682
6652.061757471959	1.0037562847137451
6652.162262471959	1.0019625425338745
6652.26276747196	1.0023850202560425
6652.363272471959	1.0034172534942627
6652.4637774719595	1.0033029317855835
6652.56428247196	1.0028947591781616
6652.664787471959	1.003362774848938
6652.76529247196	1.0040398836135864
6652.865797471959	1.0014965534210205
6652.966302471959	0.9982419013977051
6653.06680747196	0.9981235265731812
6653.167312471959	0.9986433386802673
6653.2678174719595	0.9990975260734558
6653.368322471959	0.9995397329330444
6653.468827471959	0.9987415671348572
6653.56933247196	0.9977322220802307
6653.669837471959	0.9968831539154053
6653.770342471959	0.9960587024688721
6653.87084747196	0.9972354173660278
6653.971352471959	0.9986892342567444
6654.071857471959	1.004828929901123
6654.17236247196	1.011546015739441
6654.272867471959	1.0099581480026245
6654.37337247196	1.0074758529663086
6654.473877471959	1.004678726196289
6654.574382471959	1.0018515586853027
6654.67488747196	1.0009068250656128
6654.775392471959	1.0001095533370972
6654.875897471959	0.9994102120399475
6654.97640247196	0.9987169504165649
6655.076907471959	0.9985247254371643
6655.1774124719595	0.998357892036438
6655.277917471959	0.9985374212265015
6655.378422471959	0.9987298846244812
6655.47892747196	0.999618649482727
6655.579432471959	1.0005242824554443
6655.679937471959	0.998735249042511
6655.78044247196	0.9969239830970764
6655.880947471959	0.9980255365371704
6655.9814524719595	0.9991438984870911
6656.081957471959	1.0013269186019897
6656.182462471959	1.0033845901489258
6656.28296747196	1.0010182857513428
6656.383472471959	0.9986798167228699
6656.483977471959	0.9970176219940186
6656.58448247196	0.995622456073761
6656.684987471959	0.9989562034606934
6656.7854924719595	1.0019104480743408
6656.885997471959	0.999515950679779
6656.986502471959	0.9971485733985901
6657.08700747196	0.99510258436203
6657.187512471959	0.9933530688285828
6657.288017471959	0.9945122599601746
6657.38852247196	0.9954723119735718
6657.489027471959	0.9947454929351807
6657.5895324719595	0.9941439032554626
6657.690037471959	0.9944704174995422
6657.790542471959	0.9947081208229065
6657.89104747196	0.9943622946739197
6657.991552471959	0.9943518042564392
6658.092057471959	0.9963071346282959
6658.19256247196	0.9983913898468018
6658.293067471959	1.0011534690856934
6658.3935724719595	1.0030617713928223
6658.494077471959	1.0008740425109863
6658.594582471959	0.9988865256309509
6658.69508747196	0.9977765083312988
6658.795592471959	0.9975543022155762
6658.896097471959	1.000888466835022
6658.99660247196	1.003391146659851
6659.097107471959	1.002826452255249
6659.1976124719595	1.0020028352737427
6659.298117471959	1.0002987384796143
6659.398622471959	0.9995933771133423
6659.49912747196	1.0020338296890259
6659.599632471959	1.0036972761154175
6659.700137471959	1.0030876398086548
6659.80064247196	1.002334713935852
6659.901147471959	1.0011922121047974
6660.0016524719595	0.9997743964195251
6660.10215747196	0.9976593255996704
6660.202662471959	0.9961658716201782
6660.30316747196	0.9961450099945068
6660.403672471959	0.9952888488769531
6660.504177471959	0.992583155632019
6660.60468247196	0.9926084280014038
6660.705187471959	0.9982982277870178
6660.805692471959	1.0025101900100708
6660.906197471959	1.0038464069366455
6661.006702471959	1.004774570465088
6661.10720747196	1.0049573183059692
6661.207712471959	1.0045056343078613
6661.308217471959	1.0029654502868652
6661.40872247196	1.0006943941116333
6661.509227471959	0.9972456097602844
6661.609732471959	0.9945401549339294
6661.71023747196	0.9929625988006592
6661.810742471959	0.9929707050323486
6661.9112474719595	0.9952425956726074
6662.011752471959	0.9971953630447388
6662.112257471959	0.9987187385559082
6662.21276247196	0.9992793798446655
6662.313267471959	0.9986211061477661
6662.413772471959	0.9984739422798157
6662.51427747196	0.998936116695404
6662.614782471959	0.999359667301178
6662.7152874719595	0.9997397065162659
6662.815792471959	1.0020899772644043
6662.916297471959	1.006524920463562
6663.01680247196	1.0065371990203857
6663.117307471959	1.0021429061889648
6663.217812471959	0.9991639256477356
6663.31831747196	0.9975127577781677
6663.418822471959	0.9984984397888184
6663.5193274719595	1.0018123388290405
6663.619832471959	1.002267837524414
6663.720337471959	1.0003494024276733
6663.82084247196	0.9995573163032532
6663.921347471959	0.9996448159217834
6664.021852471959	0.9977365136146545
6664.12235747196	0.9943640232086182
6664.222862471959	0.9935252070426941
6664.3233674719595	0.9944307208061218
6664.423872471959	0.9969779253005981
6664.524377471959	1.0005851984024048
6664.62488247196	0.9999001026153564
6664.725387471959	0.9966197609901428
6664.825892471959	0.9944527745246887
6664.92639747196	0.9929149746894836
6665.026902471959	0.9930302500724792
6665.1274074719595	0.9940184354782104
6665.227912471959	0.9922561049461365
6665.328417471959	0.9891396760940552
6665.42892247196	0.9904722571372986
6665.529427471959	0.9938421249389648
6665.629932471959	0.9962227940559387
6665.73043747196	0.9981836676597595
6665.830942471959	0.9975296854972839
6665.9314474719595	0.9958469271659851
6666.031952471959	0.9981422424316406
6666.132457471959	1.0018823146820068
6666.23296247196	1.0005372762680054
6666.333467471959	0.9974942207336426
6666.433972471959	0.9974139332771301
6666.53447747196	0.9982396960258484
6666.634982471959	0.9973124861717224
6666.7354874719595	0.9958964586257935
6666.835992471959	0.99481600522995
6666.936497471959	0.993820071220398
6667.03700247196	0.9935434460639954
6667.137507471959	0.9934305548667908
6667.238012471959	0.9957687258720398
6667.33851747196	0.9986064434051514
6667.439022471959	1.001895785331726
6667.539527471959	1.0052677392959595
6667.64003247196	1.0031315088272095
6667.740537471959	1.0001262426376343
6667.84104247196	0.9998996257781982
6667.941547471959	1.0000503063201904
6668.042052471959	0.9988057613372803
6668.14255747196	0.99740070104599
6668.243062471959	0.9967097043991089
6668.343567471959	0.9960857629776001
6668.444072471959	0.9966446757316589
6668.544577471959	0.9972921013832092
6668.6450824719595	0.9972581267356873
6668.745587471959	0.9971862435340881
6668.846092471959	0.9968042969703674
6668.94659747196	0.9964108467102051
6669.047102471959	0.9998235106468201
6669.147607471959	1.0033105611801147
6669.24811247196	1.0035887956619263
6669.348617471959	1.0038328170776367
6669.4491224719595	1.002228021621704
6669.549627471959	1.0007232427597046
6669.650132471959	1.0022186040878296
6669.75063747196	1.0034204721450806
6669.851142471959	0.998997151851654
6669.951647471959	0.9950178265571594
6670.05215247196	0.9972480535507202
6670.152657471959	0.999134361743927
6670.2531624719595	0.9972754120826721
6670.353667471959	0.9957760572433472
6670.454172471959	0.997459888458252
6670.55467747196	0.998827338218689
6670.655182471959	0.9978517293930054
6670.755687471959	0.9970038533210754
6670.85619247196	0.9969639778137207
6670.956697471959	0.9963259100914001
6671.0572024719595	0.9924092292785645
6671.157707471959	0.9893748760223389
6671.258212471959	0.9905945062637329
6671.35871747196	0.9908716678619385
6671.459222471959	0.9871221780776978
6671.559727471959	0.9838871955871582
6671.66023247196	0.9826213717460632
6671.760737471959	0.9821081161499023
6671.8612424719595	0.9841828346252441
6671.961747471959	0.9850078821182251
6672.062252471959	0.9819446802139282
6672.16275747196	0.9793502688407898
6672.263262471959	0.9780834913253784
6672.363767471959	0.9779752492904663
6672.46427247196	0.9808565974235535
6672.564777471959	0.9822046160697937
6672.6652824719595	0.97993004322052
6672.765787471959	0.9782445430755615
6672.866292471959	0.9778367280960083
6672.96679747196	0.9773924350738525
6673.067302471959	0.9768756628036499
6673.167807471959	0.9779884815216064
6673.26831247196	0.9820979237556458
6673.368817471959	0.9843331575393677
6673.4693224719595	0.9833847880363464
6673.569827471959	0.9839282631874084
6673.670332471959	0.9868142604827881
6673.77083747196	0.9886394143104553
6673.871342471959	0.9889224171638489
6673.971847471959	0.990586519241333
6674.07235247196	0.9941097497940063
6674.172857471959	0.9967784285545349
6674.273362471959	0.9983804225921631
6674.373867471959	1.0005302429199219
6674.474372471959	1.003313660621643
6674.57487747196	1.0057674646377563
6674.675382471959	1.0078675746917725
6674.775887471959	1.010133981704712
6674.87639247196	1.0125662088394165
6674.976897471959	1.0145695209503174
6675.077402471959	1.0161771774291992
6675.17790747196	1.0177279710769653
6675.278412471959	1.0192302465438843
6675.3789174719595	1.0222070217132568
6675.479422471959	1.0263514518737793
6675.579927471959	1.0258584022521973
6675.68043247196	1.0219696760177612
6675.780937471959	1.0191469192504883
6675.881442471959	1.0170445442199707
6675.981947471959	1.017943263053894
6676.082452471959	1.0207151174545288
6676.1829574719595	1.0201549530029297
6676.283462471959	1.0176796913146973
6676.383967471959	1.014955759048462
6676.48447247196	1.0120999813079834
6676.584977471959	1.0107169151306152
6676.685482471959	1.0100462436676025
6676.78598747196	1.0078846216201782
6676.886492471959	1.0050631761550903
6676.9869974719595	1.0041407346725464
6677.087502471959	1.003982663154602
6677.188007471959	1.0007104873657227
6677.28851247196	0.9963008165359497
6677.389017471959	0.9945461750030518
6677.489522471959	0.9936650991439819
6677.59002747196	0.989085853099823
6677.690532471959	0.9834135174751282
6677.7910374719595	0.984976589679718
6677.891542471959	0.9884406924247742
6677.992047471959	0.9895343780517578
6678.09255247196	0.9900789260864258
6678.193057471959	0.9896295666694641
6678.293562471959	0.9889789819717407
6678.39406747196	0.9883657693862915
6678.494572471959	0.9877587556838989
6678.5950774719595	0.988675594329834
6678.695582471959	0.9898162484169006
6678.796087471959	0.9927334189414978
6678.89659247196	0.9958662390708923
6678.997097471959	0.9943801760673523
6679.097602471959	0.9924501776695251
6679.19810747196	0.9961628913879395
6679.298612471959	1.0002837181091309
6679.3991174719595	1.0018017292022705
6679.499622471959	1.0031923055648804
6679.600127471959	1.0077847242355347
6679.70063247196	1.0124658346176147
6679.801137471959	1.0134395360946655
6679.901642471959	1.0143953561782837
6680.00214747196	1.015631079673767
6680.102652471959	1.0168522596359253
6680.2031574719595	1.0176708698272705
6680.303662471959	1.0185527801513672
6680.404167471959	1.0205024480819702
6680.50467247196	1.0224248170852661
6680.605177471959	1.0240126848220825
6680.705682471959	1.025098204612732
6680.80618747196	1.0215306282043457
6680.906692471959	1.0182652473449707
6681.007197471959	1.0172595977783203
6681.107702471959	1.0164636373519897
6681.208207471959	1.016965627670288
6681.30871247196	1.0171321630477905
6681.409217471959	1.015542984008789
6681.509722471959	1.0130555629730225
6681.61022747196	1.006519079208374
6681.710732471959	1.0007517337799072
6681.811237471959	0.9980191588401794
6681.911742471959	0.9957155585289001
6682.012247471959	0.994902491569519
6682.1127524719595	0.993413507938385
6682.213257471959	0.9898444414138794
6682.313762471959	0.9865761995315552
6682.41426747196	0.9841389656066895
6682.514772471959	0.9825873374938965
6682.615277471959	0.9832284450531006
6682.715782471959	0.9844505190849304
6682.816287471959	0.9869693517684937
6682.9167924719595	0.9875528812408447
6683.017297471959	0.9842223525047302
6683.117802471959	0.9822105169296265
6683.21830747196	0.9826221466064453
6683.318812471959	0.9821943640708923
6683.419317471959	0.9803630113601685
6683.519822471959	0.9794846773147583
6683.620327471959	0.9800606369972229
6683.7208324719595	0.9817485809326172
6683.821337471959	0.9849861860275269
6683.921842471959	0.9874505996704102
6684.02234747196	0.988929271697998
6684.122852471959	0.9897586703300476
6684.223357471959	0.989830493927002
6684.32386247196	0.9900546669960022
6684.424367471959	0.9904415011405945
6684.5248724719595	0.991459846496582
6684.625377471959	0.9930956959724426
6684.725882471959	0.9958473443984985
6684.82638747196	0.9995973706245422
6684.926892471959	0.99846351146698
6685.027397471959	0.9933336973190308
6685.12790247196	0.993818461894989
6685.228407471959	0.9984995722770691
6685.3289124719595	1.0018041133880615
6685.429417471959	1.004170536994934
6685.529922471959	1.0039207935333252
6685.63042747196	1.0020471811294556
6685.730932471959	1.0034735202789307
6685.831437471959	1.0067598819732666
6685.93194247196	1.0078095197677612
6686.032447471959	1.007717490196228
6686.1329524719595	1.008009672164917
6686.233457471959	1.0084786415100098
6686.333962471959	1.005587100982666
6686.43446747196	1.0013046264648438
6686.534972471959	1.001662254333496
6686.635477471959	1.0037351846694946
6686.73598247196	1.0057661533355713
6686.836487471959	1.0077836513519287
6686.9369924719595	1.007043719291687
6687.037497471959	1.0055066347122192
6687.138002471959	1.0065433979034424
6687.23850747196	1.0082286596298218
6687.339012471959	1.0042667388916016
6687.439517471959	0.9990785717964172
6687.54002247196	1.0026874542236328
6687.640527471959	1.007912516593933
6687.741032471959	1.0056589841842651
6687.841537471959	1.0022672414779663
6687.942042471959	1.0047061443328857
6688.04254747196	1.007857322692871
6688.143052471959	1.0087857246398926
6688.243557471959	1.0095062255859375
6688.34406247196	1.005178689956665
6688.444567471959	1.0005148649215698
6688.545072471959	1.0035526752471924
6688.645577471959	1.006901502609253
6688.746082471959	1.0038588047027588
6688.8465874719595	1.0007340908050537
6688.947092471959	0.9998242259025574
6689.047597471959	0.9990447163581848
6689.14810247196	1.0022461414337158
6689.248607471959	1.0052251815795898
6689.349112471959	1.0044130086898804
6689.449617471959	1.0037797689437866
6689.550122471959	1.0052341222763062
6689.6506274719595	1.0065501928329468
6689.751132471959	1.0066629648208618
6689.851637471959	1.0061744451522827
6689.95214247196	1.001551628112793
6690.052647471959	0.9980382323265076
6690.153152471959	1.0007787942886353
6690.253657471959	1.0028716325759888
6690.354162471959	1.0019056797027588
6690.4546674719595	1.0014952421188354
6690.555172471959	1.0033249855041504
6690.655677471959	1.0049686431884766
6690.75618247196	1.0059646368026733
6690.856687471959	1.006718635559082
6690.957192471959	1.006736397743225
6691.057697471959	1.0072506666183472
6691.158202471959	1.0090981721878052
6691.2587074719595	1.009656310081482
6691.359212471959	1.007144570350647
