6498.23709731	0.0570227165508
6498.23709731356	0.6879473328590393
6498.294120030111	0.6881866455078125
6498.351142746662	0.6873825192451477
6498.408165463213	0.6865136623382568
6498.465188179764	0.6879624128341675
6498.522210896314	0.6900372505187988
6498.579233612865	0.6902707815170288
6498.636256329416	0.6907147169113159
6498.693279045967	0.6919440031051636
6498.750301762518	0.6933708190917969
6498.8073244790685	0.6943139433860779
6498.864347195619	0.6936507821083069
6498.92136991217	0.6931934952735901
6498.978392628721	0.6936255693435669
6499.035415345272	0.6939799189567566
6499.092438061823	0.6945450901985168
6499.149460778373	0.6955897808074951
6499.206483494924	0.6963638067245483
6499.263506211475	0.6968192458152771
6499.320528928026	0.6971219182014465
6499.377551644577	0.697231113910675
6499.4345743611275	0.696445643901825
6499.491597077678	0.6949163675308228
6499.548619794229	0.6938847303390503
6499.60564251078	0.6929312944412231
6499.662665227331	0.6920910477638245
6499.719687943882	0.6923456192016602
6499.776710660432	0.6936420798301697
6499.833733376983	0.695252001285553
6499.890756093534	0.6964436769485474
6499.947778810085	0.697048008441925
6500.004801526636	0.6971508264541626
6500.0618242431865	0.6968572735786438
6500.118846959737	0.6968516707420349
6500.175869676288	0.6979939937591553
6500.232892392839	0.6998882293701172
6500.28991510939	0.7013162970542908
6500.346937825941	0.7019909024238586
6500.403960542491	0.702431857585907
6500.460983259042	0.7026171684265137
6500.518005975593	0.702427864074707
6500.575028692144	0.7021138072013855
6500.632051408695	0.7016315460205078
6500.6890741252455	0.7012542486190796
6500.746096841796	0.7009437680244446
6500.803119558347	0.7009373307228088
6500.860142274898	0.7012394070625305
6500.917164991449	0.7021503448486328
6500.974187708	0.7023234367370605
6501.03121042455	0.7008170485496521
6501.088233141101	0.6991719603538513
6501.145255857652	0.6987351775169373
6501.202278574203	0.6986359357833862
6501.259301290754	0.6978622078895569
6501.3163240073045	0.6979258060455322
6501.373346723855	0.6993260979652405
6501.430369440406	0.7008275985717773
6501.487392156957	0.7026501893997192
6501.544414873508	0.7043384909629822
6501.601437590059	0.7053685784339905
6501.658460306609	0.7058756351470947
6501.71548302316	0.706602156162262
6501.772505739711	0.7080044746398926
6501.829528456262	0.7093433141708374
6501.886551172813	0.710466206073761
6501.9435738893635	0.7114870548248291
6502.000596605914	0.7119749784469604
6502.057619322465	0.7116349935531616
6502.114642039016	0.7106688022613525
6502.171664755567	0.7089217305183411
6502.228687472118	0.7066473364830017
6502.285710188668	0.703729510307312
6502.342732905219	0.7009135484695435
6502.39975562177	0.7000352144241333
6502.456778338321	0.6992969512939453
6502.513801054872	0.6984320282936096
6502.5708237714225	0.7001662850379944
6502.627846487973	0.7031105756759644
6502.684869204524	0.7042959928512573
6502.741891921075	0.7048183679580688
6502.798914637626	0.7065808773040771
6502.855937354177	0.7088302373886108
6502.912960070727	0.7102454900741577
6502.969982787278	0.7111848592758179
6503.027005503829	0.7119467854499817
6503.08402822038	0.7107921242713928
6503.141050936931	0.7073655724525452
6503.1980736534815	0.7034382820129395
6503.255096370032	0.6991468071937561
6503.312119086583	0.6946267485618591
6503.369141803134	0.691735029220581
6503.426164519685	0.691368818283081
6503.483187236236	0.6923731565475464
6503.540209952786	0.6937304735183716
6503.597232669337	0.6960369944572449
6503.654255385888	0.6990134119987488
6503.711278102439	0.6999443769454956
6503.76830081899	0.6975137591362
6503.8253235355405	0.6926676630973816
6503.882346252091	0.6877684593200684
6503.939368968642	0.685967743396759
6503.996391685193	0.6853240728378296
6504.053414401744	0.6846622824668884
6504.110437118295	0.6857897639274597
6504.167459834845	0.6893132925033569
6504.224482551396	0.6956847310066223
6504.281505267947	0.7033824324607849
6504.338527984498	0.7102850079536438
6504.395550701049	0.71379554271698
6504.4525734175995	0.7143526673316956
6504.50959613415	0.7149971723556519
6504.566618850701	0.7147692441940308
6504.623641567252	0.7136183381080627
6504.680664283803	0.7132947444915771
6504.737687000354	0.713416576385498
6504.794709716904	0.7136449813842773
6504.851732433455	0.7145759463310242
6504.908755150006	0.71510910987854
6504.965777866557	0.7145097255706787
6505.022800583108	0.7136713862419128
6505.0798232996585	0.7135689854621887
6505.136846016209	0.7130953669548035
6505.19386873276	0.711887538433075
6505.250891449311	0.7114269733428955
6505.307914165862	0.7121012806892395
6505.364936882413	0.712938666343689
6505.421959598963	0.7139139175415039
6505.478982315514	0.7138705253601074
6505.536005032065	0.7123215198516846
6505.593027748616	0.711118757724762
6505.650050465167	0.7109870910644531
6505.7070731817175	0.7110660076141357
6505.764095898268	0.7106428742408752
6505.821118614819	0.7103344798088074
6505.87814133137	0.7107787132263184
6505.935164047921	0.7111977338790894
6505.992186764472	0.7112070322036743
6506.049209481022	0.7117587327957153
6506.106232197573	0.7132208347320557
6506.163254914124	0.7141596078872681
6506.220277630675	0.7140783667564392
6506.277300347226	0.7144296169281006
6506.3343230637765	0.7156268358230591
6506.391345780327	0.7163327932357788
6506.448368496878	0.716137707233429
6506.505391213429	0.7157058715820312
6506.56241392998	0.7156571745872498
6506.619436646531	0.7158370018005371
6506.676459363081	0.7159462571144104
6506.733482079632	0.716103196144104
6506.790504796183	0.7168205976486206
6506.847527512734	0.7177569270133972
6506.904550229285	0.7176080346107483
6506.9615729458355	0.7162459492683411
6507.018595662386	0.7153265476226807
6507.075618378937	0.7145676016807556
6507.132641095488	0.7130446434020996
6507.189663812039	0.7107239961624146
6507.24668652859	0.708829939365387
6507.30370924514	0.7074310183525085
6507.360731961691	0.7055109143257141
6507.417754678242	0.7030617594718933
6507.474777394793	0.7005102634429932
6507.531800111344	0.6993091106414795
6507.588822827895	0.6996281743049622
6507.645845544445	0.7011961340904236
6507.702868260996	0.7038095593452454
6507.759890977547	0.7074300050735474
6507.816913694098	0.7095324397087097
6507.873936410649	0.7093319892883301
6507.9309591271995	0.7090217471122742
6507.98798184375	0.7085713148117065
6508.045004560301	0.7061136960983276
6508.102027276852	0.7002221345901489
6508.159049993403	0.6920145153999329
6508.216072709954	0.682075560092926
6508.273095426504	0.6717250347137451
6508.330118143055	0.6633719205856323
6508.387140859606	0.6577870845794678
6508.444163576157	0.6558670997619629
6508.501186292708	0.6569269895553589
6508.5582090092585	0.6638121604919434
6508.615231725809	0.675726056098938
6508.67225444236	0.6879321932792664
6508.729277158911	0.6996362209320068
6508.786299875462	0.7070485949516296
6508.843322592013	0.7100667953491211
6508.900345308563	0.7119811773300171
6508.957368025114	0.7119031548500061
6509.014390741665	0.7106052041053772
6509.071413458216	0.7103424668312073
6509.128436174767	0.7118691205978394
6509.1854588913175	0.7134629487991333
6509.242481607868	0.7140856385231018
6509.299504324419	0.7135716080665588
6509.35652704097	0.713156521320343
6509.413549757521	0.7138828635215759
6509.470572474072	0.7145055532455444
6509.527595190622	0.7146279811859131
6509.584617907173	0.714815080165863
6509.641640623724	0.7145071029663086
6509.698663340275	0.7140415906906128
6509.755686056826	0.7141791582107544
6509.8127087733765	0.7149110436439514
6509.869731489927	0.7154450416564941
6509.926754206478	0.7150134444236755
6509.983776923029	0.7134729027748108
6510.04079963958	0.7120816111564636
6510.097822356131	0.712151288986206
6510.154845072681	0.7127279043197632
6510.211867789232	0.7126044034957886
6510.268890505783	0.7127012014389038
6510.325913222334	0.7134323120117188
6510.382935938885	0.7140988707542419
6510.4399586554355	0.7148697376251221
6510.496981371986	0.7151277661323547
6510.554004088537	0.714401125907898
6510.611026805088	0.7133291363716125
6510.668049521639	0.7135094404220581
6510.72507223819	0.7147964239120483
6510.78209495474	0.7158730626106262
6510.839117671291	0.7156577110290527
6510.896140387842	0.7148687839508057
6510.953163104393	0.7141176462173462
6511.010185820944	0.7129988670349121
6511.0672085374945	0.7119320631027222
6511.124231254045	0.7118691205978394
6511.181253970596	0.7125515937805176
6511.238276687147	0.7127597332000732
6511.295299403698	0.712419331073761
6511.352322120249	0.7123817801475525
6511.409344836799	0.7124152183532715
6511.46636755335	0.7112274765968323
6511.523390269901	0.7077345848083496
6511.580412986452	0.7012101411819458
6511.637435703003	0.6918460130691528
6511.6944584195535	0.6824867725372314
6511.751481136104	0.6757717132568359
6511.808503852655	0.6705870628356934
6511.865526569206	0.6657190918922424
6511.922549285757	0.662568211555481
6511.979572002308	0.6637730598449707
6512.036594718858	0.6694244146347046
6512.093617435409	0.676594078540802
6512.15064015196	0.6847490668296814
6512.207662868511	0.6934516429901123
6512.264685585062	0.7031528949737549
6512.3217083016125	0.713189423084259
6512.378731018163	0.722965657711029
6512.435753734714	0.7292792797088623
6512.492776451265	0.7310227155685425
6512.549799167816	0.7324692010879517
6512.606821884367	0.7335171103477478
6512.663844600917	0.7335978746414185
6512.720867317468	0.7341277003288269
6512.777890034019	0.7355760335922241
6512.83491275057	0.7367652654647827
6512.891935467121	0.7386845946311951
6512.9489581836715	0.7412821054458618
6513.005980900222	0.7409115433692932
6513.063003616773	0.7382091879844666
6513.120026333324	0.7367257475852966
6513.177049049875	0.7337883114814758
6513.234071766426	0.7294250130653381
6513.291094482976	0.7263455986976624
6513.348117199527	0.7233572006225586
6513.405139916078	0.7202420830726624
6513.462162632629	0.717947244644165
6513.51918534918	0.7174254059791565
6513.5762080657305	0.7184466123580933
6513.633230782281	0.7198159694671631
6513.690253498832	0.7211344838142395
6513.747276215383	0.7226889133453369
6513.804298931934	0.7234557867050171
6513.861321648485	0.7206287384033203
6513.918344365035	0.7160330414772034
6513.975367081586	0.7113949656486511
6514.032389798137	0.7057834267616272
6514.089412514688	0.6983896493911743
6514.146435231239	0.6898977756500244
6514.2034579477895	0.6815013885498047
6514.26048066434	0.6730555295944214
6514.317503380891	0.6615098714828491
6514.374526097442	0.6451500654220581
6514.431548813993	0.6267708539962769
6514.488571530544	0.6098772287368774
6514.545594247094	0.5982375144958496
6514.602616963645	0.5932673811912537
6514.659639680196	0.597588837146759
6514.716662396747	0.6143735647201538
6514.773685113298	0.6390789747238159
6514.8307078298485	0.667045533657074
6514.887730546399	0.6906456351280212
6514.94475326295	0.7050251960754395
6515.001775979501	0.7128923535346985
6515.058798696052	0.7159001231193542
6515.115821412603	0.7159823179244995
6515.172844129153	0.7149286270141602
6515.229866845704	0.7127856612205505
6515.286889562255	0.7101543545722961
6515.343912278806	0.7069582343101501
6515.400934995357	0.7012636661529541
6515.4579577119075	0.6930333375930786
6515.514980428458	0.6836351752281189
6515.572003145009	0.673936128616333
6515.62902586156	0.6658063530921936
6515.686048578111	0.6607000231742859
6515.743071294662	0.6600849032402039
6515.800094011212	0.6637560129165649
6515.857116727763	0.6690285801887512
6515.914139444314	0.6745883226394653
6515.971162160865	0.6762229204177856
6516.028184877416	0.6719775199890137
6516.0852075939665	0.6600522994995117
6516.142230310517	0.6384874582290649
6516.199253027068	0.6111863851547241
6516.256275743619	0.5803658366203308
6516.31329846017	0.5512101650238037
6516.370321176721	0.5271167159080505
6516.427343893271	0.5122836828231812
6516.484366609822	0.5130627155303955
6516.541389326373	0.5271576642990112
6516.598412042924	0.5552403926849365
6516.655434759475	0.5887249112129211
6516.7124574760255	0.617669939994812
6516.769480192576	0.6387205719947815
6516.826502909127	0.6483909487724304
6516.883525625678	0.6521057486534119
6516.940548342229	0.6547143459320068
6516.99757105878	0.6574369668960571
6517.05459377533	0.6636980175971985
6517.111616491881	0.674475908279419
6517.168639208432	0.689641535282135
6517.225661924983	0.7050654888153076
6517.282684641534	0.7151244878768921
6517.3397073580845	0.7211259007453918
6517.396730074635	0.7237375378608704
6517.453752791186	0.722853422164917
6517.510775507737	0.7214885354042053
6517.567798224288	0.7188282012939453
6517.624820940839	0.7145366668701172
6517.681843657389	0.7082027196884155
6517.73886637394	0.7004643082618713
6517.795889090491	0.6919245719909668
6517.852911807042	0.685492992401123
6517.909934523593	0.6833027601242065
6517.9669572401435	0.6841983795166016
6518.023979956694	0.6896806359291077
6518.081002673245	0.6981066465377808
6518.138025389796	0.7089047431945801
6518.195048106347	0.7167838215827942
6518.252070822898	0.7208001613616943
6518.309093539448	0.7226776480674744
6518.366116255999	0.7212679386138916
6518.42313897255	0.7197039127349854
6518.480161689101	0.7188236713409424
6518.537184405652	0.7172597646713257
6518.5942071222025	0.7142835855484009
6518.651229838753	0.7107229828834534
6518.708252555304	0.707284152507782
6518.765275271855	0.7036808729171753
6518.822297988406	0.700127899646759
6518.879320704957	0.695534348487854
6518.936343421507	0.6881811022758484
6518.993366138058	0.6802752017974854
6519.050388854609	0.6709997057914734
6519.10741157116	0.659808874130249
6519.164434287711	0.6484460830688477
6519.2214570042615	0.6384454369544983
6519.278479720812	0.6316086053848267
6519.335502437363	0.6282510161399841
6519.392525153914	0.6300719380378723
6519.449547870465	0.6368447542190552
6519.506570587016	0.6497045755386353
6519.563593303566	0.667281985282898
6519.620616020117	0.6837294101715088
6519.677638736668	0.6960631012916565
6519.734661453219	0.7037606239318848
6519.79168416977	0.707510769367218
6519.8487068863205	0.7089272737503052
6519.905729602871	0.709643542766571
6519.962752319422	0.7103309035301208
6520.019775035973	0.7103495001792908
6520.076797752524	0.7105538845062256
6520.133820469075	0.712314248085022
6520.190843185625	0.7141929864883423
6520.247865902176	0.7143707871437073
6520.304888618727	0.7135797142982483
6520.361911335278	0.7124139070510864
6520.418934051829	0.7109450697898865
6520.47595676838	0.7097882628440857
6520.53297948493	0.7096163034439087
6520.590002201481	0.7107337117195129
6520.647024918032	0.7120703458786011
6520.704047634583	0.7124475836753845
6520.761070351134	0.7126330137252808
6520.8180930676845	0.7132706046104431
6520.875115784235	0.7138398885726929
6520.932138500786	0.7135913372039795
6520.989161217337	0.7119112610816956
6521.046183933888	0.7094966769218445
6521.103206650439	0.7083961367607117
6521.160229366989	0.7089306116104126
6521.21725208354	0.7093736529350281
6521.274274800091	0.7089138031005859
6521.331297516642	0.708570122718811
6521.388320233193	0.7083890438079834
6521.4453429497435	0.7079868316650391
6521.502365666294	0.7073269486427307
6521.559388382845	0.7058306932449341
6521.616411099396	0.7035210728645325
6521.673433815947	0.7003715634346008
6521.730456532498	0.697452962398529
6521.787479249048	0.6957563161849976
6521.844501965599	0.6955283284187317
6521.90152468215	0.6957101821899414
6521.958547398701	0.6946636438369751
6522.015570115252	0.6924854516983032
6522.0725928318025	0.6909264326095581
6522.129615548353	0.6912868022918701
6522.186638264904	0.6930439472198486
6522.243660981455	0.6952841877937317
6522.300683698006	0.6975559592247009
6522.357706414557	0.7005478143692017
6522.414729131107	0.7035990357398987
6522.471751847658	0.7047203779220581
6522.528774564209	0.7045114040374756
6522.58579728076	0.7046263813972473
6522.642819997311	0.705049991607666
6522.6998427138615	0.7047868967056274
6522.756865430412	0.7037898898124695
6522.813888146963	0.7016488909721375
6522.870910863514	0.6983695030212402
6522.927933580065	0.6956543326377869
6522.984956296616	0.6932321786880493
6523.041979013166	0.6902164816856384
6523.099001729717	0.6867073178291321
6523.156024446268	0.6826053261756897
6523.213047162819	0.6771861910820007
6523.27006987937	0.6715807914733887
6523.3270925959205	0.6673569679260254
6523.384115312471	0.6639505624771118
6523.441138029022	0.6596879959106445
6523.498160745573	0.6516174077987671
6523.555183462124	0.6389323472976685
6523.612206178675	0.6278748512268066
6523.669228895225	0.6196997761726379
6523.726251611776	0.6142182350158691
6523.783274328327	0.6159549951553345
6523.840297044878	0.623506486415863
6523.897319761429	0.6383078098297119
6523.9543424779795	0.6547380685806274
6524.01136519453	0.6722496151924133
6524.068387911081	0.686434268951416
6524.125410627632	0.6927684545516968
6524.182433344183	0.6959264874458313
6524.239456060734	0.6973690986633301
6524.296478777284	0.6988487839698792
6524.353501493835	0.7003380060195923
6524.410524210386	0.7021936774253845
6524.467546926937	0.7038871645927429
6524.524569643488	0.7053593993186951
6524.5815923600385	0.705869197845459
6524.638615076589	0.704845130443573
6524.69563779314	0.7036886215209961
6524.752660509691	0.7029035687446594
6524.809683226242	0.7028561234474182
6524.866705942793	0.7035572528839111
6524.923728659343	0.7039748430252075
6524.980751375894	0.704426109790802
6525.037774092445	0.7053481340408325
6525.094796808996	0.7054214477539062
6525.151819525547	0.7041425108909607
6525.2088422420975	0.7031664848327637
6525.265864958648	0.7035161256790161
6525.322887675199	0.7037971019744873
6525.37991039175	0.702562689781189
6525.436933108301	0.7006521821022034
6525.493955824852	0.6987830400466919
6525.550978541402	0.6964645385742188
6525.608001257953	0.6945347189903259
6525.665023974504	0.6936095952987671
6525.722046691055	0.6930537223815918
6525.779069407606	0.6930648684501648
6525.8360921241565	0.6944773197174072
6525.893114840707	0.6977108120918274
6525.950137557258	0.700700044631958
6526.007160273809	0.701328694820404
6526.06418299036	0.7013494372367859
6526.121205706911	0.7027332186698914
6526.178228423461	0.7044265866279602
6526.235251140012	0.7050379514694214
6526.292273856563	0.7047936916351318
6526.349296573114	0.7039647102355957
6526.406319289665	0.7035022974014282
6526.4633420062155	0.704397976398468
6526.520364722766	0.7052984237670898
6526.577387439317	0.7050265073776245
6526.634410155868	0.7042912244796753
6526.691432872419	0.7043077945709229
6526.74845558897	0.7054456472396851
6526.80547830552	0.706252932548523
6526.862501022071	0.7055638432502747
6526.919523738622	0.7045888304710388
6526.976546455173	0.7042676210403442
6527.033569171724	0.7040953040122986
6527.0905918882745	0.7037200331687927
6527.147614604825	0.7028372287750244
6527.204637321376	0.7013933062553406
6527.261660037927	0.6998001337051392
6527.318682754478	0.6983270049095154
6527.375705471029	0.6975196599960327
6527.432728187579	0.697566568851471
6527.48975090413	0.6977487802505493
6527.546773620681	0.6976768374443054
6527.603796337232	0.6979930996894836
6527.660819053783	0.6991599798202515
6527.7178417703335	0.7005698680877686
6527.774864486884	0.7019804120063782
6527.831887203435	0.7036230564117432
6527.888909919986	0.7049086093902588
6527.945932636537	0.7053162455558777
6528.002955353088	0.705673336982727
6528.059978069638	0.706225574016571
6528.117000786189	0.7060590386390686
6528.17402350274	0.7058156728744507
6528.231046219291	0.7063264846801758
6528.288068935842	0.7061424851417542
6528.3450916523925	0.7046695947647095
6528.402114368943	0.7037218809127808
6528.459137085494	0.7042068839073181
6528.516159802045	0.7051125764846802
6528.573182518596	0.7057569622993469
6528.630205235147	0.7061157822608948
6528.687227951697	0.7060278058052063
6528.744250668248	0.7058356404304504
6528.801273384799	0.7054895758628845
6528.85829610135	0.7042767405509949
6528.915318817901	0.7028562426567078
6528.9723415344515	0.7028860449790955
6529.029364251002	0.7045243978500366
6529.086386967553	0.7062515020370483
6529.143409684104	0.7064316272735596
6529.200432400655	0.7054333090782166
6529.257455117206	0.7051477432250977
6529.314477833756	0.7055894732475281
6529.371500550307	0.7049371004104614
6529.428523266858	0.7030589580535889
6529.485545983409	0.7010565400123596
6529.54256869996	0.700174868106842
6529.5995914165105	0.7008312940597534
6529.656614133061	0.701833963394165
6529.713636849612	0.7015578746795654
6529.770659566163	0.7009367346763611
6529.827682282714	0.7010701894760132
6529.884704999265	0.7015156149864197
6529.941727715815	0.7020673155784607
6529.998750432366	0.7026776075363159
6530.055773148917	0.7021390795707703
6530.112795865468	0.7003000378608704
6530.169818582019	0.6985597014427185
6530.2268412985695	0.6969735622406006
6530.28386401512	0.6947261691093445
6530.340886731671	0.6908010244369507
6530.397909448222	0.6868311166763306
6530.454932164773	0.6843855977058411
6530.511954881324	0.6824546456336975
6530.568977597874	0.6817238330841064
6530.626000314425	0.6832194328308105
6530.683023030976	0.6864681839942932
6530.740045747527	0.689965546131134
6530.797068464078	0.6938849091529846
6530.8540911806285	0.6977450847625732
6530.911113897179	0.6994232535362244
6530.96813661373	0.6998413801193237
6531.025159330281	0.7009267807006836
6531.082182046832	0.7023413777351379
6531.139204763383	0.7029114365577698
6531.196227479933	0.70260089635849
6531.253250196484	0.7028111815452576
6531.310272913035	0.703504204750061
6531.367295629586	0.7036365866661072
6531.424318346137	0.7039631605148315
6531.4813410626875	0.7044565677642822
6531.538363779238	0.7041579484939575
6531.595386495789	0.7039507627487183
6531.65240921234	0.7034748196601868
6531.709431928891	0.7011881470680237
6531.766454645442	0.6975795030593872
6531.823477361992	0.6936171650886536
6531.880500078543	0.6885794401168823
6531.937522795094	0.6817259192466736
6531.994545511645	0.6717138290405273
6532.051568228196	0.6594952940940857
6532.1085909447465	0.6457102298736572
6532.165613661297	0.6333240270614624
6532.222636377848	0.622309684753418
6532.279659094399	0.6139706373214722
6532.33668181095	0.6137596368789673
6532.393704527501	0.6183900833129883
6532.450727244051	0.6318922638893127
6532.507749960602	0.6489040851593018
6532.564772677153	0.6678819060325623
6532.621795393704	0.683836042881012
6532.678818110255	0.691643476486206
6532.7358408268055	0.6967601180076599
6532.792863543356	0.7005884647369385
6532.849886259907	0.7025730609893799
6532.906908976458	0.70219486951828
6532.963931693009	0.7022855281829834
6533.02095440956	0.7035030722618103
6533.07797712611	0.7038649320602417
6533.134999842661	0.7030045986175537
6533.192022559212	0.7028766870498657
6533.249045275763	0.7043581008911133
6533.306067992314	0.7055928707122803
6533.363090708865	0.705075204372406
6533.420113425415	0.7040115594863892
6533.477136141966	0.7021761536598206
6533.534158858517	0.6994491219520569
6533.591181575068	0.696777880191803
6533.648204291619	0.6934791207313538
6533.7052270081695	0.6869173645973206
6533.76224972472	0.6776038408279419
6533.819272441271	0.6676005721092224
6533.876295157822	0.6588030457496643
6533.933317874373	0.6539285778999329
6533.990340590924	0.6517860293388367
6534.047363307474	0.6520131230354309
6534.104386024025	0.6562319993972778
6534.161408740576	0.6634212732315063
6534.218431457127	0.6722342371940613
6534.275454173678	0.6804600358009338
6534.3324768902285	0.6866480112075806
6534.389499606779	0.6896104216575623
6534.44652232333	0.6900858283042908
6534.503545039881	0.6904244422912598
6534.560567756432	0.6900386810302734
6534.617590472983	0.6892781257629395
6534.674613189533	0.6893438696861267
6534.731635906084	0.6897022724151611
6534.788658622635	0.6898313164710999
6534.845681339186	0.6902022957801819
6534.902704055737	0.6906530261039734
6534.9597267722875	0.6912176012992859
6535.016749488838	0.6926910877227783
6535.073772205389	0.695124626159668
6535.13079492194	0.697529137134552
6535.187817638491	0.6996679902076721
6535.244840355042	0.7015366554260254
6535.301863071592	0.7025525569915771
6535.358885788143	0.7041152715682983
6535.415908504694	0.7065248489379883
6535.472931221245	0.7071628570556641
6535.529953937796	0.7062946557998657
6535.5869766543465	0.7055015563964844
6535.643999370897	0.7048418521881104
6535.701022087448	0.7037739157676697
6535.758044803999	0.7027251124382019
6535.81506752055	0.7020409107208252
6535.872090237101	0.701177716255188
6535.929112953651	0.6997654438018799
6535.986135670202	0.6988832354545593
6536.043158386753	0.6988820433616638
6536.100181103304	0.6987327337265015
6536.157203819855	0.6986421942710876
6536.2142265364055	0.6990267038345337
6536.271249252956	0.6992200016975403
6536.328271969507	0.698543906211853
6536.385294686058	0.6955158710479736
6536.442317402609	0.6908481121063232
6536.49934011916	0.6863928437232971
6536.55636283571	0.6818024516105652
6536.613385552261	0.6767345070838928
6536.670408268812	0.6724145412445068
6536.727430985363	0.6710690855979919
6536.784453701914	0.6731348037719727
6536.8414764184645	0.6778978109359741
6536.898499135015	0.6844238638877869
6536.955521851566	0.6904293894767761
6537.012544568117	0.6948656439781189
6537.069567284668	0.6979641914367676
6537.126590001219	0.699897825717926
6537.183612717769	0.7008641362190247
6537.24063543432	0.7008178234100342
6537.297658150871	0.7001777291297913
6537.354680867422	0.6995430588722229
6537.411703583973	0.6998214721679688
6537.4687263005235	0.7012355923652649
6537.525749017074	0.7028037905693054
6537.582771733625	0.704309344291687
6537.639794450176	0.7059083580970764
6537.696817166727	0.7070352435112
6537.753839883278	0.7074068784713745
6537.810862599828	0.7073653936386108
6537.867885316379	0.7071648836135864
6537.92490803293	0.7063096165657043
6537.981930749481	0.7056540846824646
6538.038953466032	0.7061129808425903
6538.0959761825825	0.7064751982688904
6538.152998899133	0.7058058381080627
6538.210021615684	0.7047393321990967
6538.267044332235	0.7040395736694336
6538.324067048786	0.7046032547950745
6538.381089765337	0.7064807415008545
6538.438112481887	0.7080596089363098
6538.495135198438	0.7082996368408203
6538.552157914989	0.7077152729034424
6538.60918063154	0.7066793441772461
6538.666203348091	0.7055730223655701
6538.7232260646415	0.7053602933883667
6538.780248781192	0.7062460780143738
6538.837271497743	0.7068179845809937
6538.894294214294	0.7063242197036743
6538.951316930845	0.705841064453125
6539.008339647396	0.7061511278152466
6539.065362363946	0.7072795629501343
6539.122385080497	0.7079232931137085
6539.179407797048	0.7072089910507202
6539.236430513599	0.70616614818573
6539.29345323015	0.7052573561668396
6539.3504759467005	0.7041835188865662
6539.407498663251	0.7037999629974365
6539.464521379802	0.7042523622512817
6539.521544096353	0.7046825289726257
6539.578566812904	0.705254077911377
6539.635589529455	0.7059421539306641
6539.692612246005	0.7059455513954163
6539.749634962556	0.7057957649230957
6539.806657679107	0.7068770527839661
6539.863680395658	0.708895742893219
6539.920703112209	0.7108248472213745
6539.9777258287595	0.7120420336723328
6540.03474854531	0.7121933102607727
6540.091771261861	0.7112905383110046
6540.148793978412	0.7096149921417236
6540.205816694963	0.7081523537635803
6540.262839411514	0.7071149349212646
6540.319862128064	0.705967903137207
6540.376884844615	0.704894483089447
6540.433907561166	0.7046396732330322
6540.490930277717	0.7054890990257263
6540.547952994268	0.7070564031600952
6540.6049757108185	0.7084434032440186
6540.661998427369	0.7097964882850647
6540.71902114392	0.7120611667633057
6540.776043860471	0.7142152190208435
6540.833066577022	0.7150655388832092
6540.890089293573	0.7152830362319946
6540.947112010123	0.7155065536499023
6541.004134726674	0.7152037620544434
6541.061157443225	0.7140679359436035
6541.118180159776	0.7131507396697998
6541.175202876327	0.71305251121521
6541.2322255928775	0.7130832076072693
6541.289248309428	0.7124565243721008
6541.346271025979	0.7114627957344055
6541.40329374253	0.7111111879348755
6541.460316459081	0.7116251587867737
6541.517339175632	0.7116972804069519
6541.574361892182	0.7105993032455444
6541.631384608733	0.7100698351860046
6541.688407325284	0.7113349437713623
6541.745430041835	0.7116343379020691
6541.802452758386	0.7088444232940674
6541.8594754749365	0.7051127552986145
6541.916498191487	0.701574981212616
6541.973520908038	0.6974269151687622
6542.030543624589	0.6922281980514526
6542.08756634114	0.6853013038635254
6542.144589057691	0.6765514016151428
6542.201611774241	0.6687138080596924
6542.258634490792	0.664331316947937
6542.315657207343	0.6643717885017395
6542.372679923894	0.6684002876281738
6542.429702640445	0.6748305559158325
6542.4867253569955	0.6829137802124023
6542.543748073546	0.6919398903846741
6542.600770790097	0.700913667678833
6542.657793506648	0.7075456976890564
6542.714816223199	0.7102755308151245
6542.77183893975	0.7108424305915833
6542.8288616563	0.7104887366294861
6542.885884372851	0.709247887134552
6542.942907089402	0.7084524631500244
6542.999929805953	0.7090823650360107
6543.056952522504	0.7101811170578003
6543.1139752390545	0.7109997868537903
6543.170997955605	0.7117595672607422
6543.228020672156	0.7119372487068176
6543.285043388707	0.7113552093505859
6543.342066105258	0.7105109691619873
6543.399088821809	0.7088640928268433
6543.456111538359	0.705438494682312
6543.51313425491	0.6995663642883301
6543.570156971461	0.6899787783622742
6543.627179688012	0.6748530268669128
6543.684202404563	0.6551938056945801
6543.7412251211135	0.6340230703353882
6543.798247837664	0.6138907670974731
6543.855270554215	0.5998058319091797
6543.912293270766	0.5945362448692322
6543.969315987317	0.59964919090271
6544.026338703868	0.6145133972167969
6544.083361420418	0.6360532641410828
6544.140384136969	0.6614204049110413
6544.19740685352	0.6839960813522339
6544.254429570071	0.7013863921165466
6544.311452286622	0.7121819853782654
6544.3684750031725	0.716890275478363
6544.425497719723	0.7199071645736694
6544.482520436274	0.7228541374206543
6544.539543152825	0.7248602509498596
6544.596565869376	0.7256699800491333
6544.653588585927	0.7265099287033081
6544.710611302477	0.726865291595459
6544.767634019028	0.7259339690208435
6544.824656735579	0.7251880764961243
6544.88167945213	0.7261828184127808
6544.938702168681	0.7274085879325867
6544.9957248852315	0.7273760437965393
6545.052747601782	0.726917564868927
6545.109770318333	0.727192759513855
6545.166793034884	0.7286413908004761
6545.223815751435	0.7303000688552856
6545.280838467986	0.7307278513908386
6545.337861184536	0.7304164171218872
6545.394883901087	0.7301657795906067
6545.451906617638	0.7289866209030151
6545.508929334189	0.7266502976417542
6545.56595205074	0.7239817380905151
6545.6229747672905	0.7208765149116516
6545.679997483841	0.7180137038230896
6545.737020200392	0.7163443565368652
6545.794042916943	0.7157415747642517
6545.851065633494	0.7164600491523743
6545.908088350045	0.7193289995193481
6545.9651110665955	0.7242870330810547
6546.022133783146	0.7294339537620544
6546.079156499697	0.7333449721336365
6546.136179216248	0.7366100549697876
6546.193201932799	0.7394068837165833
6546.25022464935	0.740942120552063
6546.3072473659	0.7417766451835632
6546.364270082451	0.7433938384056091
6546.421292799002	0.7450554966926575
6546.478315515553	0.7456986904144287
6546.535338232104	0.7464802861213684
6546.5923609486545	0.7475754618644714
6546.649383665205	0.7481065392494202
6546.706406381756	0.7481454610824585
6546.763429098307	0.7472814321517944
6546.820451814858	0.7459770441055298
6546.877474531409	0.746006965637207
6546.934497247959	0.7471874952316284
6546.99151996451	0.7486808896064758
6547.048542681061	0.7500104904174805
6547.105565397612	0.7504085898399353
6547.162588114163	0.7498899102210999
6547.2196108307135	0.7485836148262024
6547.276633547264	0.7465780973434448
6547.333656263815	0.7433655261993408
6547.390678980366	0.7384306192398071
6547.447701696917	0.7320148944854736
6547.504724413468	0.7237001061439514
6547.561747130018	0.7137251496315002
6547.618769846569	0.7044525146484375
6547.67579256312	0.6993099451065063
6547.732815279671	0.69883131980896
6547.789837996222	0.7026045322418213
6547.8468607127725	0.7104828357696533
6547.903883429323	0.7212685942649841
6547.960906145874	0.7322564721107483
6548.017928862425	0.7408946752548218
6548.074951578976	0.7476943731307983
6548.131974295527	0.7513651251792908
6548.188997012077	0.7510227560997009
6548.246019728628	0.7471749186515808
6548.303042445179	0.7395073771476746
6548.36006516173	0.727393388748169
6548.417087878281	0.7114202976226807
6548.4741105948315	0.6939864158630371
6548.531133311382	0.677518367767334
6548.588156027933	0.6666840314865112
6548.645178744484	0.6638020873069763
6548.702201461035	0.6691866517066956
6548.759224177586	0.6822001934051514
6548.816246894136	0.7001128196716309
6548.873269610687	0.7203532457351685
6548.930292327238	0.738277018070221
6548.987315043789	0.7507677674293518
6549.04433776034	0.7583122253417969
6549.1013604768905	0.7621991634368896
6549.158383193441	0.7644538283348083
6549.215405909992	0.7664617896080017
6549.272428626543	0.7689138054847717
6549.329451343094	0.7723717093467712
6549.386474059645	0.7763750553131104
6549.443496776195	0.7801662683486938
6549.500519492746	0.7834169864654541
6549.557542209297	0.7858633995056152
6549.614564925848	0.7875794768333435
6549.671587642399	0.7890244722366333
6549.7286103589495	0.7903825044631958
6549.7856330755	0.7919232845306396
6549.842655792051	0.7934812307357788
6549.899678508602	0.7943233847618103
6549.956701225153	0.794475793838501
6550.013723941704	0.7941359877586365
6550.070746658254	0.794151782989502
6550.127769374805	0.795031726360321
6550.184792091356	0.7958396077156067
6550.241814807907	0.7969766855239868
6550.298837524458	0.7986508011817932
6550.3558602410085	0.8001048564910889
6550.412882957559	0.8017457127571106
6550.46990567411	0.803836464881897
6550.526928390661	0.8058361411094666
6550.583951107212	0.8072954416275024
6550.640973823763	0.8085174560546875
6550.697996540313	0.8101034164428711
6550.755019256864	0.8114896416664124
6550.812041973415	0.8123968839645386
6550.869064689966	0.8138120770454407
6550.926087406517	0.8157522082328796
6550.9831101230675	0.8174894452095032
6551.040132839618	0.818474531173706
6551.097155556169	0.8191072344779968
6551.15417827272	0.8205493688583374
6551.211200989271	0.822399914264679
6551.268223705822	0.8239526748657227
6551.325246422372	0.8255809545516968
6551.382269138923	0.8275091648101807
6551.439291855474	0.8290453553199768
6551.496314572025	0.8294599056243896
6551.553337288576	0.8292193412780762
6551.6103600051265	0.8287385106086731
6551.667382721677	0.8286072015762329
6551.724405438228	0.8287475109100342
6551.781428154779	0.8282182812690735
6551.83845087133	0.8268436193466187
6551.895473587881	0.8254011869430542
6551.952496304431	0.8245725631713867
6552.009519020982	0.8239239454269409
6552.066541737533	0.8231328129768372
6552.123564454084	0.8226004242897034
6552.180587170635	0.8219826221466064
6552.2376098871855	0.820613443851471
6552.294632603736	0.8162121772766113
6552.351655320287	0.8072860240936279
6552.408678036838	0.7927888631820679
6552.465700753389	0.7740513682365417
6552.52272346994	0.7548992037773132
6552.57974618649	0.7379919290542603
6552.636768903041	0.7295117974281311
6552.693791619592	0.7320246696472168
6552.750814336143	0.7447102665901184
6552.807837052694	0.76680588722229
6552.8648597692445	0.7949528098106384
6552.921882485795	0.8261407017707825
6552.978905202346	0.8528399467468262
6553.035927918897	0.8708600401878357
6553.092950635448	0.8821190595626831
6553.149973351999	0.8875880837440491
6553.206996068549	0.8908846378326416
6553.2640187851	0.8945004940032959
6553.321041501651	0.896838903427124
6553.378064218202	0.897279679775238
6553.435086934753	0.8975217938423157
6553.4921096513035	0.8960024118423462
6553.549132367854	0.891933262348175
6553.606155084405	0.8859851956367493
6553.663177800956	0.8801003694534302
6553.720200517507	0.8764278888702393
6553.777223234058	0.8760999441146851
6553.834245950608	0.8792224526405334
6553.891268667159	0.8856598138809204
6553.94829138371	0.8968380689620972
6554.005314100261	0.9097797870635986
6554.062336816812	0.9234922528266907
6554.1193595333625	0.9360431432723999
6554.176382249913	0.9451785683631897
6554.233404966464	0.95194011926651
6554.290427683015	0.9570402503013611
6554.347450399566	0.9622938632965088
6554.404473116117	0.9677522778511047
6554.461495832667	0.9725866317749023
6554.518518549218	0.97772216796875
6554.575541265769	0.9836502075195312
6554.63256398232	0.9889070391654968
6554.689586698871	0.9936054944992065
6554.7466094154215	0.9980548024177551
6554.803632131972	1.0021919012069702
6554.860654848523	1.0077903270721436
6554.917677565074	1.0152887105941772
6554.974700281625	1.0231518745422363
6555.031722998176	1.030327558517456
6555.088745714726	1.037739634513855
6555.145768431277	1.0451834201812744
6555.202791147828	1.05168616771698
6555.259813864379	1.0580508708953857
6555.31683658093	1.0656263828277588
6555.3738592974805	1.0739749670028687
6555.430882014031	1.0831438302993774
6555.487904730582	1.0933767557144165
6555.544927447133	1.104504942893982
6555.601950163684	1.1155966520309448
6555.658972880235	1.1250683069229126
6555.715995596785	1.1331534385681152
6555.773018313336	1.141383171081543
6555.830041029887	1.1496180295944214
6555.887063746438	1.1589657068252563
6555.944086462989	1.170541524887085
6556.0011091795395	1.1818629503250122
6556.05813189609	1.1919479370117188
6556.115154612641	1.2030036449432373
6556.172177329192	1.215124487876892
6556.229200045743	1.2273271083831787
6556.286222762294	1.239395260810852
6556.343245478844	1.2517122030258179
6556.400268195395	1.2661771774291992
6556.457290911946	1.282090425491333
6556.514313628497	1.2949392795562744
6556.571336345048	1.3058035373687744
6556.6283590615985	1.3188364505767822
6556.685381778149	1.3315653800964355
6556.7424044947	1.3427948951721191
6556.799427211251	1.3523585796356201
6556.856449927802	1.3583182096481323
6556.913472644353	1.360692024230957
6556.970495360903	1.3583226203918457
6557.027518077454	1.3530526161193848
6557.084540794005	1.347193717956543
6557.141563510556	1.3486381769180298
6557.198586227107	1.3613313436508179
6557.2556089436575	1.3845558166503906
6557.312631660208	1.4197629690170288
6557.369654376759	1.4611842632293701
6557.42667709331	1.5112887620925903
6557.483699809861	1.5577502250671387
6557.540722526412	1.5962872505187988
6557.597745242962	1.6299911737442017
6557.654767959513	1.6573874950408936
6557.711790676064	1.6813241243362427
6557.768813392615	1.7012313604354858
6557.825836109166	1.7188886404037476
6557.8828588257165	1.7339116334915161
6557.939881542267	1.7488670349121094
6557.996904258818	1.763079285621643
6558.053926975369	1.7785958051681519
6558.11094969192	1.7981743812561035
6558.167972408471	1.8238614797592163
6558.224995125021	1.859493374824524
6558.282017841572	1.8987207412719727
6558.339040558123	1.9428173303604126
6558.396063274674	1.9888660907745361
6558.453085991225	2.0324113368988037
6558.5101087077755	2.0717124938964844
6558.567131424326	2.1062684059143066
6558.624154140877	2.139662742614746
6558.681176857428	2.173750162124634
6558.738199573979	2.208758592605591
6558.79522229053	2.2449090480804443
6558.8522450070805	2.282600164413452
6558.909267723631	2.3220150470733643
6558.966290440182	2.360352039337158
6559.023313156733	2.3949222564697266
6559.080335873284	2.4271607398986816
6559.137358589835	2.4583051204681396
6559.194381306385	2.489290475845337
6559.251404022936	2.5203752517700195
6559.308426739487	2.5511772632598877
6559.365449456038	2.5811381340026855
6559.422472172589	2.609639883041382
6559.4794948891395	2.6359474658966064
6559.53651760569	2.6607778072357178
6559.593540322241	2.6848325729370117
6559.650563038792	2.706861734390259
6559.707585755343	2.7239484786987305
6559.764608471894	2.738621473312378
6559.821631188444	2.7542972564697266
6559.878653904995	2.769409656524658
6559.935676621546	2.7816734313964844
6559.992699338097	2.7917706966400146
6560.049722054648	2.801201820373535
6560.1067447711985	2.809213876724243
6560.163767487749	2.81396222114563
6560.2207902043	2.8155667781829834
6560.277812920851	2.813751459121704
6560.334835637402	2.809380054473877
6560.391858353953	2.806302070617676
6560.448881070503	2.8093838691711426
6560.505903787054	2.8245320320129395
6560.562926503605	2.8530285358428955
6560.619949220156	2.891493320465088
6560.676971936707	2.935750961303711
6560.7339946532575	2.98502254486084
6560.791017369808	3.0376009941101074
6560.848040086359	3.0839128494262695
6560.90506280291	3.119396686553955
6560.962085519461	3.145740270614624
6561.019108236012	3.1690871715545654
6561.076130952562	3.1951770782470703
6561.133153669113	3.2252299785614014
6561.190176385664	3.260735511779785
6561.247199102215	3.3001863956451416
6561.304221818766	3.3409035205841064
6561.3612445353165	3.381640672683716
6561.418267251867	3.4191770553588867
6561.475289968418	3.449261426925659
6561.532312684969	3.468106985092163
6561.58933540152	3.4785258769989014
6561.646358118071	3.485553503036499
6561.703380834621	3.4902639389038086
6561.760403551172	3.490403413772583
6561.817426267723	3.4870049953460693
6561.874448984274	3.4831631183624268
6561.931471700825	3.4773919582366943
6561.9884944173755	3.46832013130188
6562.045517133926	3.4604833126068115
6562.102539850477	3.455793619155884
6562.159562567028	3.449652671813965
6562.216585283579	3.440584421157837
6562.27360800013	3.429701805114746
6562.33063071668	3.41586971282959
6562.387653433231	3.40211820602417
6562.444676149782	3.3955769538879395
6562.501698866333	3.395413875579834
6562.558721582884	3.3991940021514893
6562.6157442994345	3.4073970317840576
6562.672767015985	3.4208011627197266
6562.729789732536	3.4348509311676025
6562.786812449087	3.4446752071380615
6562.843835165638	3.4498178958892822
6562.900857882189	3.451019048690796
6562.957880598739	3.449058771133423
6563.01490331529	3.4404735565185547
6563.071926031841	3.426426410675049
6563.128948748392	3.4060606956481934
6563.185971464943	3.3805904388427734
6563.2429941814935	3.3478167057037354
6563.300016898044	3.3086841106414795
6563.357039614595	3.2628774642944336
6563.414062331146	3.213970184326172
6563.471085047697	3.168205976486206
6563.528107764248	3.1274304389953613
6563.585130480798	3.0924606323242188
6563.642153197349	3.060368061065674
6563.6991759139	3.0343334674835205
6563.756198630451	3.0126149654388428
6563.813221347002	2.9812533855438232
6563.8702440635525	2.9368021488189697
6563.927266780103	2.8740978240966797
6563.984289496654	2.797712802886963
6564.041312213205	2.7175357341766357
6564.098334929756	2.641300678253174
6564.155357646307	2.588665008544922
6564.212380362857	2.5635926723480225
6564.269403079408	2.5696334838867188
6564.326425795959	2.59586763381958
6564.38344851251	2.632077693939209
6564.440471229061	2.674978256225586
6564.4974939456115	2.7092959880828857
6564.554516662162	2.7337489128112793
6564.611539378713	2.742198944091797
6564.668562095264	2.7333478927612305
6564.725584811815	2.7159106731414795
6564.782607528366	2.6943843364715576
6564.839630244916	2.6741085052490234
6564.896652961467	2.6532511711120605
6564.953675678018	2.6318559646606445
6565.010698394569	2.610525369644165
6565.06772111112	2.5877420902252197
6565.1247438276705	2.561398506164551
6565.181766544221	2.531362295150757
6565.238789260772	2.4987754821777344
6565.295811977323	2.4664416313171387
6565.352834693874	2.4340715408325195
6565.409857410425	2.400639533996582
6565.466880126975	2.364797592163086
6565.523902843526	2.3292739391326904
6565.580925560077	2.2965822219848633
6565.637948276628	2.2659718990325928
6565.694970993179	2.2356550693511963
6565.7519937097295	2.2036290168762207
6565.80901642628	2.171443223953247
6565.866039142831	2.14127779006958
6565.923061859382	2.1112217903137207
6565.980084575933	2.079622983932495
6566.037107292484	2.0479190349578857
6566.094130009034	2.0167930126190186
6566.151152725585	1.9860780239105225
6566.208175442136	1.955678939819336
6566.265198158687	1.9250038862228394
6566.322220875238	1.892495036125183
6566.3792435917885	1.8578598499298096
6566.436266308339	1.8253170251846313
6566.49328902489	1.7968512773513794
6566.550311741441	1.769753336906433
6566.607334457992	1.743939757347107
6566.664357174543	1.719228982925415
6566.721379891093	1.696053147315979
6566.778402607644	1.6754608154296875
6566.835425324195	1.6563347578048706
6566.892448040746	1.6355907917022705
6566.949470757297	1.6136250495910645
6567.0064934738475	1.5913937091827393
6567.063516190398	1.569286823272705
6567.120538906949	1.5479058027267456
6567.1775616235	1.5276246070861816
6567.234584340051	1.5069239139556885
6567.291607056602	1.484775424003601
6567.348629773152	1.4640973806381226
6567.405652489703	1.4459837675094604
6567.462675206254	1.4279429912567139
6567.519697922805	1.409334421157837
6567.576720639356	1.390524983406067
6567.6337433559065	1.3715198040008545
6567.690766072457	1.3528467416763306
6567.747788789008	1.335555076599121
6567.804811505559	1.3202154636383057
6567.86183422211	1.3064279556274414
6567.918856938661	1.2935289144515991
6567.975879655211	1.28058922290802
6568.032902371762	1.2677160501480103
6568.089925088313	1.255331039428711
6568.146947804864	1.2423161268234253
6568.203970521415	1.2291362285614014
6568.2609932379655	1.216415524482727
6568.318015954516	1.203256368637085
6568.375038671067	1.189255714416504
6568.432061387618	1.1743597984313965
6568.489084104169	1.1582353115081787
6568.54610682072	1.140494465827942
6568.60312953727	1.1208587884902954
6568.660152253821	1.1015260219573975
6568.717174970372	1.0850931406021118
6568.774197686923	1.0712929964065552
6568.831220403474	1.0616881847381592
6568.8882431200245	1.055746078491211
6568.945265836575	1.0523781776428223
6569.002288553126	1.0520219802856445
6569.059311269677	1.0519108772277832
6569.116333986228	1.0493463277816772
6569.173356702779	1.0452947616577148
6569.230379419329	1.0414100885391235
6569.28740213588	1.035668969154358
6569.344424852431	1.0274754762649536
6569.401447568982	1.020459771156311
6569.458470285533	1.0151337385177612
6569.5154930020835	1.010518193244934
6569.572515718634	1.007209062576294
6569.629538435185	1.0040678977966309
6569.686561151736	0.9997233748435974
6569.743583868287	0.9947645664215088
6569.800606584838	0.9894902110099792
6569.857629301388	0.9832046031951904
6569.914652017939	0.9768922924995422
6569.97167473449	0.971686601638794
6570.028697451041	0.9663354158401489
6570.085720167592	0.9604395627975464
6570.1427428841425	0.9550707936286926
6570.199765600693	0.9505012631416321
6570.256788317244	0.9466677308082581
6570.313811033795	0.9430517554283142
6570.370833750346	0.9382479786872864
6570.427856466897	0.931460440158844
6570.484879183447	0.9237398505210876
6570.541901899998	0.9173573851585388
6570.598924616549	0.9126520156860352
6570.6559473331	0.9071286916732788
6570.712970049651	0.9009357690811157
6570.7699927662015	0.8971019387245178
6570.827015482752	0.8949323296546936
6570.884038199303	0.8928589224815369
6570.941060915854	0.8920173048973083
6570.998083632405	0.890592098236084
6571.055106348956	0.8874248266220093
6571.112129065506	0.8840478658676147
6571.169151782057	0.8821552991867065
6571.226174498608	0.8803790211677551
6571.283197215159	0.8769153356552124
6571.34021993171	0.8735950589179993
6571.3972426482605	0.8708972334861755
6571.454265364811	0.867591917514801
6571.511288081362	0.8637361526489258
6571.568310797913	0.8587244153022766
6571.625333514464	0.8517162203788757
6571.682356231015	0.8435651063919067
6571.7393789475655	0.833727240562439
6571.796401664116	0.8212376236915588
6571.853424380668	0.8050366044044495
6571.910447097218	0.7873044013977051
6571.96746981377	0.768812358379364
6572.02449253032	0.7534959316253662
6572.081515246871	0.745015561580658
6572.138537963421	0.7439620494842529
6572.195560679973	0.7514467835426331
6572.252583396523	0.7639188170433044
6572.309606113075	0.7797245383262634
6572.3666288296245	0.7945274114608765
6572.423651546176	0.8057019114494324
6572.480674262726	0.8123225569725037
6572.537696979278	0.8162277340888977
6572.594719695828	0.8190381526947021
6572.6517424123795	0.818968653678894
6572.708765128929	0.8164249062538147
6572.765787845481	0.8138672709465027
6572.822810562031	0.8132027983665466
6572.879833278583	0.8126941323280334
6572.936855995133	0.8103277683258057
6572.993878711684	0.8071447610855103
6573.050901428234	0.8047230243682861
6573.107924144786	0.8027682900428772
6573.164946861336	0.800626814365387
6573.221969577888	0.7982971668243408
6573.278992294438	0.7959109544754028
6573.336015010989	0.7937014102935791
6573.393037727539	0.7913991808891296
6573.450060444091	0.7887195348739624
6573.507083160641	0.7868639826774597
6573.564105877193	0.7864234447479248
6573.6211285937425	0.7862246036529541
6573.678151310294	0.7853764891624451
6573.735174026844	0.7841848134994507
6573.792196743396	0.7830190658569336
6573.849219459946	0.7821900844573975
6573.9062421764975	0.7816746234893799
6573.963264893047	0.781399130821228
6574.020287609599	0.7809688448905945
6574.077310326149	0.7798898220062256
6574.134333042701	0.7785798907279968
6574.191355759252	0.7766578793525696
6574.248378475802	0.7739640474319458
6574.305401192353	0.7711825966835022
6574.362423908904	0.7680279016494751
6574.419446625455	0.7611696720123291
6574.476469342006	0.7503677010536194
6574.5334920585565	0.7353142499923706
6574.590514775107	0.7171130776405334
6574.647537491658	0.6959426999092102
6574.704560208209	0.673737108707428
6574.76158292476	0.6556992530822754
6574.818605641311	0.6433083415031433
6574.875628357861	0.6425133347511292
6574.932651074412	0.6510517001152039
6574.989673790963	0.6665906310081482
6575.046696507514	0.6868166327476501
6575.103719224065	0.7077233791351318
6575.1607419406155	0.7272470593452454
6575.217764657166	0.7401551008224487
6575.274787373717	0.7482467293739319
6575.331810090268	0.7533624768257141
6575.388832806819	0.7542173266410828
6575.44585552337	0.7526609301567078
6575.50287823992	0.7517393231391907
6575.559900956471	0.7519097924232483
6575.616923673022	0.7517759799957275
6575.673946389573	0.751230776309967
6575.730969106124	0.7503952980041504
6575.7879918226745	0.7493151426315308
6575.845014539225	0.7482671141624451
6575.902037255776	0.7469245791435242
6575.959059972327	0.7447428107261658
6576.016082688878	0.7429926991462708
6576.073105405429	0.7416039705276489
6576.130128121979	0.7387796640396118
6576.18715083853	0.7355799674987793
6576.244173555081	0.7341508865356445
6576.301196271632	0.7345324754714966
6576.358218988183	0.7353650331497192
6576.4152417047335	0.73553866147995
6576.472264421284	0.7357478141784668
6576.529287137835	0.7360193729400635
6576.586309854386	0.735461950302124
6576.643332570937	0.7348186373710632
6576.700355287488	0.7344919443130493
6576.757378004038	0.7346032857894897
6576.814400720589	0.7353010773658752
6576.87142343714	0.7358163595199585
6576.928446153691	0.7351111173629761
6576.985468870242	0.73305743932724
6577.0424915867925	0.7313698530197144
6577.099514303343	0.7312467694282532
6577.156537019894	0.7320168018341064
6577.213559736445	0.7324842810630798
6577.270582452996	0.7318934202194214
6577.327605169547	0.7308810353279114
6577.384627886097	0.7303701043128967
6577.441650602648	0.7302309274673462
6577.498673319199	0.7301405072212219
6577.55569603575	0.7296316623687744
6577.612718752301	0.7279685139656067
6577.6697414688515	0.7263779044151306
6577.726764185402	0.726123034954071
6577.783786901953	0.7257500290870667
6577.840809618504	0.7248041033744812
6577.897832335055	0.7237029075622559
6577.954855051606	0.7225211262702942
6578.011877768156	0.722454845905304
6578.068900484707	0.7232569456100464
6578.125923201258	0.7230456471443176
6578.182945917809	0.7211741805076599
6578.23996863436	0.7194845080375671
6578.2969913509105	0.7203210592269897
6578.354014067461	0.7219612002372742
6578.411036784012	0.7218447923660278
6578.468059500563	0.720767617225647
6578.525082217114	0.719342052936554
6578.582104933665	0.7178332805633545
6578.639127650215	0.7166979908943176
6578.696150366766	0.7154906988143921
6578.753173083317	0.7147177457809448
6578.810195799868	0.7144703269004822
6578.867218516419	0.7125527858734131
6578.9242412329695	0.7094600796699524
6578.98126394952	0.7076191306114197
6579.038286666071	0.706969678401947
6579.095309382622	0.7065379023551941
6579.152332099173	0.7064125537872314
6579.209354815724	0.7070185542106628
6579.266377532274	0.7071832418441772
6579.323400248825	0.7076939344406128
6579.380422965376	0.7092615962028503
6579.437445681927	0.710525393486023
6579.494468398478	0.7106629610061646
6579.5514911150285	0.7095438241958618
6579.608513831579	0.7084531784057617
6579.66553654813	0.7082650661468506
6579.722559264681	0.7082076072692871
6579.779581981232	0.707669198513031
6579.836604697783	0.7068281769752502
6579.893627414333	0.7061963677406311
6579.950650130884	0.7057617902755737
6580.007672847435	0.7051289081573486
6580.064695563986	0.703996479511261
6580.121718280537	0.7026808261871338
6580.1787409970875	0.7016347646713257
6580.235763713638	0.7002073526382446
6580.292786430189	0.6987575888633728
6580.34980914674	0.6972658038139343
6580.406831863291	0.6942934989929199
6580.463854579842	0.6895861625671387
6580.520877296392	0.6837237477302551
6580.577900012943	0.6771567463874817
6580.634922729494	0.6716310381889343
6580.691945446045	0.6671243906021118
6580.748968162596	0.6645792722702026
6580.8059908791465	0.6655685901641846
6580.863013595697	0.6692693829536438
6580.920036312248	0.6743871569633484
6580.977059028799	0.679902195930481
6581.03408174535	0.6859073042869568
6581.091104461901	0.6911857724189758
6581.148127178451	0.6954217553138733
6581.205149895002	0.6982695460319519
6581.262172611553	0.6990888714790344
6581.319195328104	0.6993470191955566
6581.376218044655	0.7000892758369446
6581.4332407612055	0.7010677456855774
6581.490263477756	0.7015411853790283
6581.547286194307	0.7004945278167725
6581.604308910858	0.6988958120346069
6581.661331627409	0.6981585621833801
6581.71835434396	0.6979219317436218
6581.77537706051	0.6971125602722168
6581.832399777061	0.6959208250045776
6581.889422493612	0.6947544813156128
6581.946445210163	0.6936269402503967
6582.003467926714	0.6937182545661926
6582.0604906432645	0.6944152116775513
6582.117513359815	0.6934183835983276
6582.174536076366	0.6916967034339905
6582.231558792917	0.6906939148902893
6582.288581509468	0.6895394921302795
6582.345604226019	0.6887689828872681
6582.402626942569	0.6892780661582947
6582.45964965912	0.6906390190124512
6582.516672375671	0.6918905377388
6582.573695092222	0.6923758387565613
6582.630717808773	0.6920557618141174
6582.6877405253235	0.6914587616920471
6582.744763241874	0.6912626624107361
6582.801785958425	0.691059947013855
6582.858808674976	0.6910795569419861
6582.915831391527	0.6908004283905029
6582.972854108078	0.6888687014579773
6583.029876824628	0.6854351758956909
6583.086899541179	0.6817063689231873
6583.14392225773	0.6787065267562866
6583.200944974281	0.6766334176063538
6583.257967690832	0.6738178730010986
6583.3149904073825	0.6709799766540527
6583.372013123933	0.6710540056228638
6583.429035840484	0.6726042628288269
6583.486058557035	0.6738325357437134
6583.543081273586	0.6757683753967285
6583.600103990137	0.6795649528503418
6583.657126706687	0.6836193203926086
6583.714149423238	0.6862723231315613
6583.771172139789	0.6881376504898071
6583.82819485634	0.6898197531700134
6583.885217572891	0.6911954283714294
6583.9422402894415	0.6921323537826538
6583.999263005992	0.6925931572914124
6584.056285722543	0.6927616000175476
6584.113308439094	0.6928281188011169
6584.170331155645	0.6929718852043152
6584.227353872196	0.6929275989532471
6584.284376588746	0.6921133995056152
6584.341399305297	0.6911539435386658
6584.398422021848	0.6904455423355103
6584.455444738399	0.6901100277900696
6584.51246745495	0.6902016401290894
6584.569490171501	0.6898802518844604
6584.626512888051	0.6891157031059265
6584.683535604602	0.6883556842803955
6584.740558321153	0.6884161829948425
6584.797581037704	0.6892157196998596
6584.854603754255	0.6884547472000122
6584.9116264708055	0.686491072177887
6584.968649187356	0.6855224967002869
6585.025671903907	0.6844778656959534
6585.082694620458	0.6824377775192261
6585.139717337009	0.6806002259254456
6585.19674005356	0.6795608401298523
6585.25376277011	0.6789485812187195
6585.310785486661	0.6778351068496704
6585.367808203212	0.6766632199287415
6585.424830919763	0.6762754917144775
6585.481853636314	0.675546407699585
6585.5388763528645	0.6742358207702637
6585.595899069415	0.6726559400558472
6585.652921785966	0.6708852052688599
6585.709944502517	0.670250654220581
6585.766967219068	0.6709991693496704
6585.823989935619	0.6728287935256958
6585.881012652169	0.6744529008865356
6585.93803536872	0.67423015832901
6585.995058085271	0.6730437874794006
6586.052080801822	0.6711143255233765
6586.109103518373	0.6674122214317322
6586.1661262349235	0.6599766612052917
6586.223148951474	0.6501981019973755
6586.280171668025	0.6406936645507812
6586.337194384576	0.6330071687698364
6586.394217101127	0.6288033723831177
6586.451239817678	0.6266921758651733
6586.508262534228	0.6266006231307983
6586.565285250779	0.6296834349632263
6586.62230796733	0.637328565120697
6586.679330683881	0.6468474268913269
6586.736353400432	0.653913140296936
6586.7933761169825	0.6593798398971558
6586.850398833533	0.6645097136497498
6586.907421550084	0.6685925126075745
6586.964444266635	0.6715207695960999
6587.021466983186	0.6740122437477112
6587.078489699737	0.6753610372543335
6587.135512416287	0.6756666898727417
6587.192535132838	0.6758079528808594
6587.249557849389	0.6762135028839111
6587.30658056594	0.6772596836090088
6587.363603282491	0.6781660914421082
6587.4206259990415	0.6785342693328857
6587.477648715592	0.6783472895622253
6587.534671432143	0.677511990070343
6587.591694148694	0.6768094301223755
6587.648716865245	0.6763538122177124
6587.705739581796	0.6757000684738159
6587.762762298346	0.6752563714981079
6587.819785014897	0.6755955219268799
6587.876807731448	0.6763480305671692
6587.933830447999	0.6764568090438843
6587.99085316455	0.6761162281036377
6588.0478758811005	0.6763387322425842
6588.104898597651	0.6767208576202393
6588.161921314202	0.6762442588806152
6588.218944030753	0.6752797961235046
6588.275966747304	0.6737233996391296
6588.332989463855	0.6706112623214722
6588.390012180405	0.6678376197814941
6588.447034896956	0.6675163507461548
6588.504057613507	0.6687294244766235
6588.561080330058	0.6699731349945068
6588.618103046609	0.6710201501846313
6588.6751257631595	0.6720503568649292
6588.73214847971	0.6727002263069153
6588.789171196261	0.6730237007141113
6588.846193912812	0.6728651523590088
6588.903216629363	0.672267496585846
6588.960239345914	0.6718010902404785
6589.017262062464	0.6714208722114563
6589.074284779015	0.6712520718574524
6589.131307495566	0.6714164018630981
6589.188330212117	0.671751856803894
6589.245352928668	0.6718372702598572
6589.3023756452185	0.671985924243927
6589.359398361769	0.6723944544792175
6589.41642107832	0.6717434525489807
6589.473443794871	0.6705563068389893
6589.530466511422	0.6700627207756042
6589.587489227973	0.6693517565727234
6589.644511944523	0.6678028702735901
6589.701534661074	0.6667583584785461
6589.758557377625	0.6669499278068542
6589.815580094176	0.6669132113456726
6589.872602810727	0.6664027571678162
6589.9296255272775	0.666627049446106
6589.986648243828	0.6678411960601807
6590.043670960379	0.6682941913604736
6590.10069367693	0.6673721671104431
6590.157716393481	0.667003333568573
6590.214739110032	0.667770504951477
6590.271761826582	0.6682523488998413
6590.328784543133	0.6680918335914612
6590.385807259684	0.6684130430221558
6590.442829976235	0.6687418818473816
6590.499852692786	0.6685054898262024
6590.5568754093365	0.6680921316146851
6590.613898125887	0.6671398878097534
6590.670920842438	0.666256844997406
6590.727943558989	0.6661155223846436
6590.78496627554	0.666074275970459
6590.841988992091	0.6664556860923767
6590.899011708641	0.6669117212295532
6590.956034425192	0.6669145822525024
6591.013057141743	0.6667128801345825
6591.070079858294	0.6659294962882996
6591.127102574845	0.6649913787841797
6591.1841252913955	0.6645317077636719
6591.241148007946	0.664478600025177
6591.298170724497	0.6650101542472839
6591.355193441048	0.6660034656524658
6591.412216157599	0.6673772931098938
6591.46923887415	0.6686251163482666
6591.5262615907	0.6687586903572083
6591.583284307251	0.6679896712303162
6591.640307023802	0.6670330762863159
6591.697329740353	0.6667803525924683
6591.754352456904	0.6668566465377808
6591.8113751734545	0.6668689250946045
6591.868397890005	0.6668750047683716
6591.925420606556	0.6656269431114197
6591.982443323107	0.6646247506141663
6592.039466039658	0.665863573551178
6592.096488756209	0.6676444411277771
6592.153511472759	0.6682231426239014
6592.21053418931	0.6674593091011047
6592.267556905861	0.6666582822799683
6592.324579622412	0.6666035652160645
6592.381602338963	0.6661707758903503
6592.4386250555135	0.6657233834266663
6592.495647772064	0.6664174199104309
6592.552670488615	0.667823076248169
6592.609693205166	0.6680848002433777
6592.666715921717	0.66642826795578
6592.723738638268	0.6644898653030396
6592.780761354818	0.6632574200630188
6592.837784071369	0.6624830961227417
6592.89480678792	0.6620545387268066
6592.951829504471	0.6620360016822815
6593.008852221022	0.6622468829154968
6593.0658749375725	0.6626197099685669
6593.122897654123	0.6639700531959534
6593.179920370674	0.6662124395370483
6593.236943087225	0.6679273247718811
6593.293965803776	0.6687763333320618
6593.350988520327	0.6690419912338257
6593.408011236877	0.6686484813690186
6593.465033953428	0.6684114336967468
6593.522056669979	0.6687596440315247
6593.57907938653	0.6690733432769775
6593.636102103081	0.6696596145629883
6593.6931248196315	0.6709457039833069
6593.750147536182	0.6713273525238037
6593.807170252733	0.6698609590530396
6593.864192969284	0.6671959757804871
6593.921215685835	0.6640859246253967
6593.978238402386	0.6605060696601868
6594.035261118936	0.6565016508102417
6594.092283835487	0.6534902453422546
6594.149306552038	0.651795506477356
6594.206329268589	0.6517779231071472
6594.26335198514	0.6531628370285034
6594.3203747016905	0.6554832458496094
6594.377397418241	0.6587903499603271
6594.434420134792	0.6626367568969727
6594.491442851343	0.6661319136619568
6594.548465567894	0.6687977313995361
6594.605488284445	0.6707268953323364
6594.662511000995	0.6714750528335571
6594.719533717546	0.6715657114982605
6594.776556434097	0.6715256571769714
6594.833579150648	0.6717208027839661
6594.890601867199	0.6721126437187195
6594.9476245837495	0.6721104979515076
6595.0046473003	0.671769380569458
6595.061670016851	0.6709359884262085
6595.118692733402	0.6696985363960266
6595.175715449953	0.6690201163291931
6595.232738166504	0.6693384647369385
6595.289760883054	0.6701401472091675
6595.346783599605	0.6704434752464294
6595.403806316156	0.6701080799102783
6595.460829032707	0.6701078414916992
6595.517851749258	0.6707851886749268
6595.5748744658085	0.6714950203895569
6595.631897182359	0.671862781047821
6595.68891989891	0.671640157699585
6595.745942615461	0.6703667640686035
6595.802965332012	0.6692860722541809
6595.859988048563	0.6691516637802124
6595.917010765113	0.6689029932022095
6595.974033481664	0.6688389182090759
6596.031056198215	0.6688981652259827
6596.088078914766	0.6686806082725525
6596.145101631317	0.6683233380317688
6596.2021243478675	0.6680474281311035
6596.259147064418	0.6682121157646179
6596.316169780969	0.6678516268730164
6596.37319249752	0.6670812964439392
6596.430215214071	0.6668093800544739
6596.487237930622	0.6660679578781128
6596.544260647172	0.6651215553283691
6596.601283363723	0.6652973890304565
6596.658306080274	0.6657420992851257
6596.715328796825	0.6654989719390869
6596.772351513376	0.6656044125556946
6596.8293742299265	0.6669703125953674
6596.886396946477	0.6691650152206421
6596.943419663028	0.6700853109359741
6597.000442379579	0.6692773103713989
6597.05746509613	0.6696383953094482
6597.114487812681	0.6712417006492615
6597.171510529231	0.6722226142883301
6597.228533245782	0.6732673048973083
6597.285555962333	0.6740564703941345
6597.342578678884	0.6746142506599426
6597.399601395435	0.6754941940307617
6597.456624111986	0.6768617630004883
6597.513646828536	0.6775343418121338
6597.570669545087	0.6763246655464172
6597.627692261638	0.6743954420089722
6597.684714978189	0.6727765202522278
6597.74173769474	0.6720783114433289
6597.7987604112905	0.6721506714820862
6597.855783127841	0.6723087430000305
6597.912805844392	0.6731495261192322
6597.969828560943	0.6744682192802429
6598.026851277494	0.6746005415916443
6598.083873994045	0.6730473041534424
6598.140896710595	0.67145836353302
6598.197919427146	0.6710907220840454
6598.254942143697	0.6716505289077759
6598.311964860248	0.6721570491790771
6598.368987576799	0.6718451976776123
6598.4260102933495	0.6715084314346313
6598.4830330099	0.6725372672080994
6598.540055726451	0.672749400138855
6598.597078443002	0.6707713007926941
6598.654101159553	0.6684857606887817
6598.711123876104	0.6657036542892456
6598.768146592654	0.6607279777526855
6598.825169309205	0.6547258496284485
6598.882192025756	0.6505507230758667
6598.939214742307	0.6481820940971375
6598.996237458858	0.6460399031639099
6599.0532601754085	0.6445909738540649
6599.110282891959	0.6459189057350159
6599.16730560851	0.6475889682769775
6599.224328325061	0.6503430604934692
6599.281351041612	0.654676616191864
6599.338373758163	0.6592671275138855
6599.395396474713	0.6629246473312378
6599.452419191264	0.6653701663017273
6599.509441907815	0.6668448448181152
6599.566464624366	0.6679096221923828
6599.623487340917	0.6697158813476562
6599.6805100574675	0.6706483960151672
6599.737532774018	0.6710255742073059
6599.794555490569	0.6715865135192871
6599.85157820712	0.6713413596153259
6599.908600923671	0.6712409853935242
6599.965623640222	0.6717334389686584
6600.022646356772	0.6719095706939697
6600.079669073323	0.6720236539840698
6600.136691789874	0.6716836094856262
6600.193714506425	0.6711009740829468
6600.250737222976	0.6703283190727234
6600.3077599395265	0.6695191264152527
6600.364782656077	0.6699760556221008
6600.421805372628	0.6707614660263062
6600.478828089179	0.6713653206825256
6600.53585080573	0.6721838712692261
6600.592873522281	0.672581136226654
6600.649896238831	0.6721957325935364
6600.706918955382	0.6714596748352051
6600.763941671933	0.6709659695625305
6600.820964388484	0.6714932918548584
6600.877987105035	0.6724463701248169
6600.9350098215855	0.6722372174263
6600.992032538136	0.6716139912605286
6601.049055254687	0.6721933484077454
6601.106077971238	0.672542929649353
6601.163100687789	0.6713445782661438
6601.22012340434	0.6694502234458923
6601.27714612089	0.6677429676055908
6601.334168837441	0.6663467884063721
6601.391191553992	0.6649731397628784
6601.448214270543	0.6632209420204163
6601.505236987094	0.6614741086959839
6601.5622597036445	0.6585389375686646
6601.619282420195	0.6545169949531555
6601.676305136746	0.6520362496376038
6601.733327853297	0.6519416570663452
6601.790350569848	0.6528494954109192
6601.847373286399	0.6539222598075867
6601.904396002949	0.6561916470527649
6601.9614187195	0.659537672996521
6602.018441436051	0.6636046171188354
6602.075464152602	0.6668272614479065
6602.132486869153	0.6684128046035767
6602.1895095857035	0.6691577434539795
6602.246532302254	0.6699466705322266
6602.303555018805	0.670190155506134
6602.360577735356	0.6696515679359436
6602.417600451907	0.6701058745384216
6602.474623168458	0.671476423740387
6602.531645885008	0.6725031137466431
6602.588668601559	0.6730230450630188
6602.64569131811	0.6720607280731201
6602.702714034661	0.6700933575630188
6602.759736751212	0.6691471338272095
6602.8167594677625	0.6688538193702698
6602.873782184313	0.6680523157119751
6602.930804900864	0.6675293445587158
6602.987827617415	0.6676914095878601
6603.044850333966	0.6672550439834595
6603.101873050517	0.6660912036895752
6603.158895767067	0.6658332943916321
6603.215918483618	0.6664965748786926
6603.272941200169	0.6666135787963867
6603.32996391672	0.6666525602340698
6603.386986633271	0.6675300598144531
6603.4440093498215	0.6682081818580627
6603.501032066372	0.6683514714241028
6603.558054782923	0.6688261032104492
6603.615077499474	0.669404923915863
6603.672100216025	0.6695078015327454
6603.729122932576	0.6694207191467285
6603.786145649126	0.670068621635437
6603.843168365677	0.6701080799102783
6603.900191082228	0.6694865226745605
6603.957213798779	0.6699633598327637
6604.01423651533	0.6704080104827881
6604.0712592318805	0.669235348701477
6604.128281948431	0.6676136255264282
6604.185304664982	0.6662655472755432
6604.242327381533	0.6648439168930054
6604.299350098084	0.6648337841033936
6604.356372814635	0.6656613349914551
6604.413395531185	0.6647951602935791
6604.470418247736	0.6638917326927185
6604.527440964287	0.6647940278053284
6604.584463680838	0.6656997799873352
6604.641486397389	0.6655728220939636
6604.6985091139395	0.6646501421928406
6604.75553183049	0.6630946397781372
6604.812554547041	0.6619786024093628
6604.869577263592	0.6623346209526062
6604.926599980143	0.6622822880744934
6604.983622696694	0.6599105000495911
6605.040645413244	0.6578013300895691
6605.097668129795	0.6575741767883301
6605.154690846346	0.6576865911483765
6605.211713562897	0.6584452986717224
6605.268736279448	0.6609740853309631
6605.3257589959985	0.6636906862258911
6605.382781712549	0.666499137878418
6605.4398044291	0.6689192652702332
6605.496827145651	0.6687648296356201
6605.553849862202	0.6678737998008728
6605.610872578753	0.6666556596755981
6605.667895295303	0.6655642986297607
6605.724918011854	0.6664473414421082
6605.781940728405	0.6667072772979736
6605.838963444956	0.6662749648094177
6605.895986161507	0.6670956015586853
6605.9530088780575	0.667914092540741
6606.010031594608	0.6678304076194763
6606.067054311159	0.6674849987030029
6606.12407702771	0.6671537160873413
6606.181099744261	0.6669875383377075
6606.238122460812	0.6671938896179199
6606.295145177362	0.66761314868927
6606.352167893913	0.6680986881256104
6606.409190610464	0.6677871942520142
6606.466213327015	0.6670166254043579
6606.523236043566	0.6666715741157532
6606.5802587601165	0.6666325330734253
6606.637281476667	0.6667113900184631
6606.694304193218	0.6676708459854126
6606.751326909769	0.6687198281288147
6606.80834962632	0.6681238412857056
6606.865372342871	0.666965126991272
6606.922395059421	0.6668197512626648
6606.979417775972	0.666149377822876
6607.036440492523	0.6647642850875854
6607.093463209074	0.6640159487724304
6607.150485925625	0.663327157497406
6607.2075086421755	0.6626877188682556
6607.264531358726	0.6635478734970093
6607.321554075277	0.6653510928153992
6607.378576791828	0.6660245656967163
6607.435599508379	0.6650874614715576
6607.49262222493	0.6639354825019836
6607.54964494148	0.6641077995300293
6607.606667658031	0.6651065349578857
6607.663690374582	0.6649414896965027
6607.720713091133	0.6645158529281616
6607.777735807684	0.6641497015953064
6607.8347585242345	0.6637832522392273
6607.891781240785	0.6649612784385681
6607.948803957336	0.6657665371894836
6608.005826673887	0.6652262806892395
6608.062849390438	0.6646228432655334
6608.119872106989	0.6641339063644409
6608.176894823539	0.6639435291290283
6608.23391754009	0.6640886068344116
6608.290940256641	0.6639851927757263
6608.347962973192	0.6637408137321472
6608.404985689743	0.6643524765968323
6608.4620084062935	0.6656976342201233
6608.519031122844	0.6661503314971924
6608.576053839395	0.6655243039131165
6608.633076555946	0.6654208302497864
6608.690099272497	0.6652552485466003
6608.747121989048	0.6632247567176819
6608.804144705598	0.6608543992042542
6608.861167422149	0.6606102585792542
6608.9181901387	0.6615059971809387
6608.975212855251	0.6616223454475403
6609.032235571802	0.6612179279327393
6609.0892582883525	0.6610896587371826
6609.146281004903	0.6612719893455505
6609.203303721454	0.6608221530914307
6609.260326438005	0.6598058938980103
6609.317349154556	0.6597262620925903
6609.374371871107	0.6598554253578186
6609.431394587657	0.6594526767730713
6609.488417304208	0.6598560810089111
6609.545440020759	0.6611852645874023
6609.60246273731	0.6622835993766785
6609.659485453861	0.663546085357666
6609.7165081704115	0.6651419997215271
6609.773530886962	0.6653719544410706
6609.830553603513	0.6656648516654968
6609.887576320064	0.6678628921508789
6609.944599036615	0.6691451072692871
6610.001621753166	0.6685093641281128
6610.0586444697165	0.6675170063972473
6610.115667186267	0.6667237281799316
6610.172689902818	0.6667523980140686
6610.229712619369	0.6676405668258667
6610.28673533592	0.6677168607711792
6610.343758052471	0.6659981608390808
6610.400780769021	0.6642535328865051
6610.457803485572	0.6644233465194702
6610.514826202123	0.6647262573242188
6610.571848918674	0.6643902659416199
6610.628871635225	0.6649391055107117
6610.6858943517755	0.6657165288925171
6610.742917068326	0.6651459336280823
6610.799939784877	0.6646753549575806
6610.856962501428	0.6647763252258301
6610.913985217979	0.6645183563232422
6610.97100793453	0.6630741357803345
6611.02803065108	0.6607635021209717
6611.085053367631	0.6597540378570557
6611.142076084182	0.6602347493171692
6611.199098800733	0.6597865223884583
6611.256121517284	0.658431887626648
6611.3131442338345	0.6579610705375671
6611.370166950385	0.6586891412734985
6611.427189666936	0.6597581505775452
6611.484212383487	0.6602492332458496
6611.541235100038	0.6608306169509888
6611.598257816589	0.66038578748703
6611.655280533139	0.6580824851989746
6611.71230324969	0.6565993428230286
6611.769325966241	0.6559545993804932
6611.826348682792	0.6542136669158936
6611.883371399343	0.6522879004478455
6611.9403941158935	0.651695966720581
6611.997416832444	0.652362048625946
6612.054439548995	0.653928816318512
6612.111462265546	0.6561927795410156
6612.168484982097	0.6581772565841675
6612.225507698648	0.6597400307655334
6612.282530415198	0.6605088114738464
6612.339553131749	0.6605720520019531
6612.3965758483	0.6611051559448242
6612.453598564851	0.6619666814804077
6612.510621281402	0.6627451181411743
6612.5676439979525	0.6633055210113525
6612.624666714503	0.6628813743591309
6612.681689431054	0.6624592542648315
6612.738712147605	0.663220226764679
6612.795734864156	0.664078414440155
6612.852757580707	0.6644237637519836
6612.909780297257	0.6639459133148193
6612.966803013808	0.6631127595901489
6613.023825730359	0.6639942526817322
6613.08084844691	0.6654760241508484
6613.137871163461	0.6658540964126587
6613.1948938800115	0.6661331653594971
6613.251916596562	0.6658710241317749
6613.308939313113	0.6650612354278564
6613.365962029664	0.6652315855026245
6613.422984746215	0.6662485599517822
6613.480007462766	0.6659628748893738
6613.537030179316	0.6643722057342529
6613.594052895867	0.6640505194664001
6613.651075612418	0.6645298004150391
6613.708098328969	0.6639269590377808
6613.76512104552	0.6639221906661987
6613.8221437620705	0.6662050485610962
6613.879166478621	0.668424665927887
6613.936189195172	0.6692919135093689
6613.993211911723	0.6695679426193237
6614.050234628274	0.6700966358184814
6614.107257344825	0.6702094078063965
6614.164280061375	0.6690899133682251
6614.221302777926	0.668834388256073
6614.278325494477	0.6698286533355713
6614.335348211028	0.6691107153892517
6614.392370927579	0.666807234287262
6614.4493936441295	0.6655646562576294
6614.50641636068	0.6655071973800659
6614.563439077231	0.66511470079422
6614.620461793782	0.6644324064254761
6614.677484510333	0.6640333533287048
6614.734507226884	0.6631982326507568
6614.791529943434	0.6622704863548279
6614.848552659985	0.6620955467224121
6614.905575376536	0.6618499159812927
6614.962598093087	0.6627261638641357
6615.019620809638	0.6647878885269165
6615.0766435261885	0.6654132008552551
6615.133666242739	0.6654577255249023
6615.19068895929	0.6663289666175842
6615.247711675841	0.667375922203064
6615.304734392392	0.6681776642799377
6615.361757108943	0.6681402325630188
6615.418779825493	0.6678275465965271
6615.475802542044	0.668056070804596
6615.532825258595	0.6675929427146912
6615.589847975146	0.6662696003913879
6615.646870691697	0.6656727194786072
6615.7038934082475	0.6659005880355835
6615.760916124798	0.6660845279693604
6615.817938841349	0.6663951873779297
6615.8749615579	0.6666263937950134
6615.931984274451	0.6661692261695862
6615.989006991002	0.6658474802970886
6616.046029707552	0.6658307909965515
6616.103052424103	0.6651536226272583
6616.160075140654	0.6643844246864319
6616.217097857205	0.6645519137382507
6616.274120573756	0.6652721762657166
6616.3311432903065	0.665956437587738
6616.388166006857	0.6656551361083984
6616.445188723408	0.6649672985076904
6616.502211439959	0.6646730899810791
6616.55923415651	0.6641626954078674
6616.616256873061	0.6634474992752075
6616.673279589611	0.6631013751029968
6616.730302306162	0.6634552478790283
6616.787325022713	0.6640356779098511
6616.844347739264	0.6657726764678955
6616.901370455815	0.6673246622085571
6616.9583931723655	0.6676208972930908
6617.015415888916	0.667341947555542
6617.072438605467	0.6658972501754761
6617.129461322018	0.6649315357208252
6617.186484038569	0.6646917462348938
6617.24350675512	0.6642540097236633
6617.30052947167	0.6639934778213501
6617.357552188221	0.6635638475418091
6617.414574904772	0.6631700992584229
6617.471597621323	0.6635763049125671
6617.528620337874	0.6641265749931335
6617.5856430544245	0.6642045378684998
6617.642665770975	0.6642563939094543
6617.699688487526	0.6639999151229858
6617.756711204077	0.6636938452720642
6617.813733920628	0.664380669593811
6617.870756637179	0.6651010513305664
6617.927779353729	0.6647909283638
6617.98480207028	0.6644262671470642
6618.041824786831	0.6640704870223999
6618.098847503382	0.6628878712654114
6618.155870219933	0.6619331240653992
6618.2128929364835	0.662138819694519
6618.269915653034	0.6623930931091309
6618.326938369585	0.6623910069465637
6618.383961086136	0.6629436612129211
6618.440983802687	0.6633320450782776
6618.498006519238	0.6628783941268921
6618.555029235788	0.6618247628211975
6618.612051952339	0.6607880592346191
6618.66907466889	0.6603318452835083
6618.726097385441	0.6601664423942566
6618.783120101992	0.6606676578521729
6618.8401428185425	0.6622348427772522
6618.897165535093	0.6638161540031433
6618.954188251644	0.6643356084823608
6619.011210968195	0.6645349264144897
6619.068233684746	0.6644174456596375
6619.125256401297	0.6639548540115356
6619.182279117847	0.6636266112327576
6619.239301834398	0.6638773083686829
6619.296324550949	0.6642294526100159
6619.3533472675	0.6641337871551514
6619.410369984051	0.664128303527832
6619.4673927006015	0.6641905307769775
6619.524415417152	0.6636613607406616
6619.581438133703	0.6636356115341187
6619.638460850254	0.6633032560348511
6619.695483566805	0.6618660092353821
6619.752506283356	0.6618775725364685
6619.809528999906	0.6638951301574707
6619.866551716457	0.6649909019470215
6619.923574433008	0.6643036007881165
6619.980597149559	0.6638126373291016
6620.03761986611	0.6638808846473694
6620.0946425826605	0.6628881096839905
6620.151665299211	0.6612867116928101
6620.208688015762	0.6599738001823425
6620.265710732313	0.6587274670600891
6620.322733448864	0.6570168733596802
6620.379756165415	0.6562919020652771
6620.436778881965	0.6567661762237549
6620.493801598516	0.6568248867988586
6620.550824315067	0.6566569209098816
6620.607847031618	0.6574946641921997
6620.664869748169	0.6584822535514832
6620.7218924647195	0.6577881574630737
6620.77891518127	0.6565691828727722
6620.835937897821	0.6569386124610901
6620.892960614372	0.6575880646705627
6620.949983330923	0.6573134064674377
6621.007006047474	0.6578489542007446
6621.064028764024	0.6592669486999512
6621.121051480575	0.6599990725517273
6621.178074197126	0.6602981686592102
6621.235096913677	0.6603648066520691
6621.292119630228	0.6597866415977478
6621.3491423467785	0.6591238975524902
6621.406165063329	0.6589929461479187
6621.46318777988	0.6591874957084656
6621.520210496431	0.6590551733970642
6621.577233212982	0.6580966114997864
6621.634255929533	0.6571098566055298
6621.691278646083	0.6559631824493408
6621.748301362634	0.6551955938339233
6621.805324079185	0.6551863551139832
6621.862346795736	0.6553654670715332
6621.919369512287	0.656180202960968
6621.9763922288375	0.6562846899032593
6622.033414945388	0.6568118929862976
6622.090437661939	0.6581671833992004
6622.14746037849	0.658854067325592
6622.204483095041	0.659119725227356
6622.261505811592	0.6582435369491577
6622.318528528142	0.6569837331771851
6622.375551244693	0.6563028693199158
6622.432573961244	0.6566068530082703
6622.489596677795	0.6569578051567078
6622.546619394346	0.6569056510925293
6622.6036421108965	0.6570240259170532
6622.660664827447	0.6564672589302063
6622.717687543998	0.6562677025794983
6622.774710260549	0.6581003665924072
6622.8317329771	0.6595261693000793
6622.888755693651	0.6594416499137878
6622.9457784102015	0.6590597033500671
6623.002801126752	0.6588475108146667
6623.059823843303	0.6593225002288818
6623.116846559854	0.6597229242324829
6623.173869276405	0.6587251424789429
6623.230891992956	0.6569430828094482
6623.287914709506	0.6562517285346985
6623.344937426057	0.6561511158943176
6623.401960142608	0.6550344824790955
6623.458982859159	0.653999924659729
6623.51600557571	0.6537359356880188
6623.5730282922605	0.6540535092353821
6623.630051008811	0.6546968817710876
6623.687073725362	0.654904842376709
6623.744096441913	0.6549890041351318
6623.801119158464	0.6554838418960571
6623.858141875015	0.6558287143707275
6623.915164591565	0.6563426852226257
6623.972187308116	0.6568132638931274
6624.029210024667	0.656683087348938
6624.086232741218	0.6565483808517456
6624.143255457769	0.656654417514801
6624.2002781743195	0.6563230156898499
6624.25730089087	0.6547149419784546
6624.314323607421	0.6534456610679626
6624.371346323972	0.6536860466003418
6624.428369040523	0.6539504528045654
6624.485391757074	0.6536183953285217
6624.542414473624	0.6532056927680969
6624.599437190175	0.6534551978111267
6624.656459906726	0.6543453335762024
6624.713482623277	0.6551093459129333
6624.770505339828	0.6544420719146729
6624.8275280563785	0.6528702974319458
6624.884550772929	0.6524105668067932
6624.94157348948	0.6523889899253845
6624.998596206031	0.6518514752388
6625.055618922582	0.6502875685691833
6625.112641639133	0.6483748555183411
6625.169664355683	0.6473034024238586
6625.226687072234	0.6465944051742554
6625.283709788785	0.6464681029319763
6625.340732505336	0.6469736099243164
6625.397755221887	0.6469801664352417
6625.4547779384375	0.6474889516830444
6625.511800654988	0.6490287780761719
6625.568823371539	0.6513113379478455
6625.62584608809	0.6526241302490234
6625.682868804641	0.6521067023277283
6625.739891521192	0.6526543498039246
6625.796914237742	0.6538331508636475
6625.853936954293	0.6530001163482666
6625.910959670844	0.6518225073814392
6625.967982387395	0.651634693145752
6626.025005103946	0.6515939235687256
6626.0820278204965	0.6523098945617676
6626.139050537047	0.6531382203102112
6626.196073253598	0.6529030799865723
6626.253095970149	0.6528220772743225
6626.3101186867	0.6522942781448364
6626.367141403251	0.6521365642547607
6626.424164119801	0.6533952951431274
6626.481186836352	0.6542675495147705
6626.538209552903	0.6543502807617188
6626.595232269454	0.6539185643196106
6626.652254986005	0.6522776484489441
6626.7092777025555	0.6496463418006897
6626.766300419106	0.6476017236709595
6626.823323135657	0.6478320360183716
6626.880345852208	0.6483018398284912
6626.937368568759	0.6471160650253296
6626.99439128531	0.6463888883590698
6627.05141400186	0.6473393440246582
6627.108436718411	0.6482974290847778
6627.165459434962	0.648046612739563
6627.222482151513	0.6475517749786377
6627.279504868064	0.6483358144760132
6627.3365275846145	0.6492027640342712
6627.393550301165	0.6487242579460144
6627.450573017716	0.6484582424163818
6627.507595734267	0.6490294933319092
6627.564618450818	0.6497262716293335
6627.621641167369	0.6504860520362854
6627.678663883919	0.6506190299987793
6627.73568660047	0.6499486565589905
6627.792709317021	0.6484261155128479
6627.849732033572	0.6479716897010803
6627.906754750123	0.6486048102378845
6627.9637774666735	0.649088442325592
6628.020800183224	0.6495518088340759
6628.077822899775	0.6492022275924683
6628.134845616326	0.649372935295105
6628.191868332877	0.6506599187850952
6628.248891049428	0.6519114971160889
6628.305913765978	0.6522891521453857
6628.362936482529	0.6519035696983337
6628.41995919908	0.6522176861763
6628.476981915631	0.6528964638710022
6628.534004632182	0.6524031758308411
6628.5910273487325	0.6516559720039368
6628.648050065283	0.6516330242156982
6628.705072781834	0.6517013907432556
6628.762095498385	0.6520510911941528
6628.819118214936	0.6522092223167419
6628.876140931487	0.65092933177948
6628.933163648037	0.6495551466941833
6628.990186364588	0.6495394110679626
6629.047209081139	0.6501142382621765
6629.10423179769	0.6502444744110107
6629.161254514241	0.6501549482345581
6629.2182772307915	0.6505959630012512
6629.275299947342	0.6513584852218628
6629.332322663893	0.6516492366790771
6629.389345380444	0.650638997554779
6629.446368096995	0.6500471234321594
6629.503390813546	0.6503037214279175
6629.560413530096	0.6498469114303589
6629.617436246647	0.6490587592124939
6629.674458963198	0.6488098502159119
6629.731481679749	0.6487593650817871
6629.7885043963	0.6486544013023376
6629.8455271128505	0.6490342617034912
6629.902549829401	0.6495263576507568
6629.959572545952	0.6493463516235352
6630.016595262503	0.647895097732544
6630.073617979054	0.6462953090667725
6630.130640695605	0.6470962166786194
6630.187663412155	0.6493936777114868
6630.244686128706	0.6503211855888367
6630.301708845257	0.6504199504852295
6630.358731561808	0.6501083970069885
6630.415754278359	0.6492100954055786
6630.4727769949095	0.6488680243492126
6630.52979971146	0.648393988609314
6630.586822428011	0.6470120549201965
6630.643845144562	0.6466619372367859
6630.700867861113	0.6470556855201721
6630.757890577664	0.6462458372116089
6630.814913294214	0.6441563367843628
6630.871936010765	0.6428218483924866
6630.928958727316	0.6427455544471741
6630.985981443867	0.6418878436088562
6631.043004160418	0.6415130496025085
6631.1000268769685	0.642758846282959
6631.157049593519	0.6437467932701111
6631.21407231007	0.6438765525817871
6631.271095026621	0.6439969539642334
6631.328117743172	0.6434305906295776
6631.385140459723	0.6429812908172607
6631.442163176273	0.643710196018219
6631.499185892824	0.6444674134254456
6631.556208609375	0.6445507407188416
6631.613231325926	0.6445128321647644
6631.670254042477	0.6451725363731384
6631.7272767590275	0.6452288031578064
6631.784299475578	0.643751859664917
6631.841322192129	0.6434531807899475
6631.89834490868	0.6446011066436768
6631.955367625231	0.646233856678009
6632.012390341782	0.647865891456604
6632.069413058332	0.6470297574996948
6632.126435774883	0.6453595161437988
6632.183458491434	0.6450779438018799
6632.240481207985	0.6455770134925842
6632.297503924536	0.6465221047401428
6632.3545266410865	0.647290050983429
6632.411549357637	0.648012638092041
6632.468572074188	0.6485904455184937
6632.525594790739	0.6481017470359802
6632.58261750729	0.6464633941650391
6632.639640223841	0.6445629000663757
6632.696662940391	0.6441850066184998
6632.753685656942	0.6449728012084961
6632.810708373493	0.6452155709266663
6632.867731090044	0.6450225114822388
6632.924753806595	0.6442450881004333
6632.9817765231455	0.6431373357772827
6633.038799239696	0.6429256796836853
6633.095821956247	0.6429601311683655
6633.152844672798	0.6426476240158081
6633.209867389349	0.6425649523735046
6633.2668901059	0.6418258547782898
6633.32391282245	0.6403995156288147
6633.380935539001	0.6398943066596985
6633.437958255552	0.6394942402839661
6633.494980972103	0.6385993957519531
6633.552003688654	0.6384900808334351
6633.6090264052045	0.6392059326171875
6633.666049121755	0.6393651962280273
6633.723071838306	0.6398612260818481
6633.780094554857	0.6410768032073975
6633.837117271408	0.6406956911087036
6633.894139987959	0.6390998959541321
6633.951162704509	0.6385949850082397
6634.00818542106	0.6388176083564758
6634.065208137611	0.6390407681465149
6634.122230854162	0.6395437121391296
6634.179253570713	0.6400908827781677
6634.2362762872635	0.6397222280502319
6634.293299003814	0.6381979584693909
6634.350321720365	0.6371875405311584
6634.407344436916	0.6376564502716064
6634.464367153467	0.6380243301391602
6634.521389870018	0.637711763381958
6634.578412586568	0.6372572183609009
6634.635435303119	0.6367180943489075
6634.69245801967	0.6363899111747742
6634.749480736221	0.6354670524597168
6634.806503452772	0.6351253986358643
6634.8635261693225	0.6364591121673584
6634.920548885873	0.6364752054214478
6634.977571602424	0.6348521709442139
6635.034594318975	0.6339409947395325
6635.091617035526	0.6332966685295105
6635.148639752077	0.6323555707931519
6635.205662468627	0.6312780976295471
6635.262685185178	0.6305369138717651
6635.319707901729	0.6308267116546631
6635.37673061828	0.6307259798049927
6635.433753334831	0.6299232840538025
6635.4907760513815	0.6303102970123291
6635.547798767932	0.6311856508255005
6635.604821484483	0.6301370859146118
6635.661844201034	0.6280193328857422
6635.718866917585	0.6275730729103088
6635.775889634136	0.6282756328582764
6635.8329123506865	0.6290984749794006
6635.889935067237	0.6299023032188416
6635.946957783788	0.6294920444488525
6636.003980500339	0.6293383240699768
6636.06100321689	0.6308010220527649
6636.118025933441	0.6317451596260071
6636.175048649991	0.631985068321228
6636.232071366542	0.6323210000991821
6636.289094083093	0.6315847635269165
6636.346116799644	0.6306279897689819
6636.403139516195	0.6299853920936584
6636.4601622327455	0.6289226412773132
6636.517184949296	0.6287361979484558
6636.574207665847	0.6299117207527161
6636.631230382398	0.6308093667030334
6636.688253098949	0.6307342052459717
6636.7452758155	0.6305047869682312
6636.80229853205	0.630529522895813
6636.859321248601	0.6301381587982178
6636.916343965152	0.6297158598899841
6636.973366681703	0.6289876103401184
6637.030389398254	0.6280649900436401
6637.0874121148045	0.6280500888824463
6637.144434831355	0.6280544400215149
6637.201457547906	0.6277444362640381
6637.258480264457	0.6275855898857117
6637.315502981008	0.6277245879173279
6637.372525697559	0.6273905038833618
6637.429548414109	0.625683069229126
6637.48657113066	0.6237138509750366
6637.543593847211	0.623254120349884
6637.600616563762	0.6234658360481262
6637.657639280313	0.6242057681083679
6637.7146619968635	0.624258816242218
6637.771684713414	0.6243630647659302
6637.828707429965	0.6249127984046936
6637.885730146516	0.6246581673622131
6637.942752863067	0.6245850920677185
6637.999775579618	0.6250212788581848
6638.056798296168	0.6242354512214661
6638.113821012719	0.6229106187820435
6638.17084372927	0.6223593354225159
6638.227866445821	0.6224883794784546
6638.284889162372	0.6221175789833069
6638.3419118789225	0.6218701601028442
6638.398934595473	0.6226699948310852
6638.455957312024	0.6228159070014954
6638.512980028575	0.6223233342170715
6638.570002745126	0.6219494342803955
6638.627025461677	0.6209090948104858
6638.684048178227	0.6201611757278442
6638.741070894778	0.6202747821807861
6638.798093611329	0.6200008988380432
6638.85511632788	0.6190900802612305
6638.912139044431	0.6183239221572876
6638.9691617609815	0.6175206899642944
6639.026184477532	0.6168376207351685
6639.083207194083	0.6173081398010254
6639.140229910634	0.6188682913780212
6639.197252627185	0.6199824213981628
6639.254275343736	0.6201543211936951
6639.311298060286	0.6186302304267883
6639.368320776837	0.6164932250976562
6639.425343493388	0.6156806945800781
6639.482366209939	0.616365909576416
6639.53938892649	0.6179618239402771
6639.5964116430405	0.6174860596656799
6639.653434359591	0.6143406629562378
6639.710457076142	0.6121076941490173
6639.767479792693	0.6125543713569641
6639.824502509244	0.6136906743049622
6639.881525225795	0.6135843396186829
6639.938547942345	0.6131699085235596
6639.995570658896	0.6129170656204224
6640.052593375447	0.6126484870910645
6640.109616091998	0.6128014326095581
6640.166638808549	0.6127378344535828
6640.2236615250995	0.6113901734352112
6640.28068424165	0.6091944575309753
6640.337706958201	0.6066813468933105
6640.394729674752	0.6051365733146667
6640.451752391303	0.605444073677063
6640.508775107854	0.6057394742965698
6640.565797824404	0.6054955124855042
6640.622820540955	0.6061311960220337
6640.679843257506	0.6074474453926086
6640.736865974057	0.6084069609642029
6640.793888690608	0.6089434027671814
6640.8509114071585	0.6085878610610962
6640.907934123709	0.607519805431366
6640.96495684026	0.6076233386993408
6641.021979556811	0.6083518266677856
6641.079002273362	0.6072701811790466
6641.136024989913	0.605510413646698
6641.193047706463	0.6064673662185669
6641.250070423014	0.6088075041770935
6641.307093139565	0.6100825071334839
6641.364115856116	0.6094622015953064
6641.421138572667	0.6083502769470215
6641.4781612892175	0.6082266569137573
6641.535184005768	0.6073827147483826
6641.592206722319	0.6065983772277832
6641.64922943887	0.6067582368850708
6641.706252155421	0.6073185801506042
6641.763274871972	0.6077451705932617
6641.820297588522	0.6073301434516907
6641.877320305073	0.6069873571395874
6641.934343021624	0.6073098182678223
6641.991365738175	0.6075997948646545
6642.048388454726	0.6072771549224854
6642.1054111712765	0.6066653728485107
6642.162433887827	0.6062995195388794
6642.219456604378	0.6064180731773376
6642.276479320929	0.6062992811203003
6642.33350203748	0.6046977043151855
6642.390524754031	0.6038212776184082
6642.447547470581	0.6048194169998169
6642.504570187132	0.6054980754852295
6642.561592903683	0.6048258543014526
6642.618615620234	0.604270875453949
6642.675638336785	0.6037858724594116
6642.7326610533355	0.6025962829589844
6642.789683769886	0.6013501882553101
6642.846706486437	0.6011130213737488
6642.903729202988	0.601622998714447
6642.960751919539	0.6019949913024902
6643.01777463609	0.6017809510231018
6643.07479735264	0.600594162940979
6643.131820069191	0.5990762114524841
6643.188842785742	0.5978463888168335
6643.245865502293	0.5956919193267822
6643.302888218844	0.5931980013847351
6643.3599109353945	0.5926814675331116
6643.416933651945	0.5931867957115173
6643.473956368496	0.5935102105140686
6643.530979085047	0.5937732458114624
6643.588001801598	0.5937524437904358
6643.645024518149	0.5929304361343384
6643.702047234699	0.5918248295783997
6643.75906995125	0.5919459462165833
6643.816092667801	0.5921545624732971
6643.873115384352	0.5904787182807922
6643.930138100903	0.5880712270736694
6643.9871608174535	0.5866842865943909
6644.044183534004	0.5860746502876282
6644.101206250555	0.5856374502182007
6644.158228967106	0.5850555896759033
6644.215251683657	0.5840222835540771
6644.272274400208	0.5833646059036255
6644.329297116758	0.5841264128684998
6644.386319833309	0.585041344165802
6644.44334254986	0.5850193500518799
6644.500365266411	0.5830850005149841
6644.557387982962	0.5804460644721985
6644.6144106995125	0.5796958208084106
6644.671433416063	0.5802596211433411
6644.728456132614	0.5797625780105591
6644.785478849165	0.5785112977027893
6644.842501565716	0.5781553387641907
6644.899524282267	0.5775797963142395
6644.956546998817	0.5774497985839844
6645.013569715368	0.5785115957260132
6645.070592431919	0.578483521938324
6645.12761514847	0.5781069397926331
6645.184637865021	0.5785864591598511
6645.2416605815715	0.5792447924613953
6645.298683298122	0.5793219804763794
6645.355706014673	0.5784719586372375
6645.412728731224	0.5778365731239319
6645.469751447775	0.577375054359436
6645.526774164326	0.5769501328468323
6645.583796880876	0.5776185989379883
6645.640819597427	0.5778271555900574
6645.697842313978	0.5775187015533447
6645.754865030529	0.5780154466629028
6645.81188774708	0.5779350996017456
6645.8689104636305	0.5769944787025452
6645.925933180181	0.5761735439300537
6645.982955896732	0.5751680731773376
6646.039978613283	0.5737110376358032
6646.097001329834	0.5718083381652832
6646.154024046385	0.5705122947692871
6646.211046762935	0.5698834657669067
6646.268069479486	0.5697441101074219
6646.325092196037	0.569712221622467
6646.382114912588	0.5696444511413574
6646.439137629139	0.570492148399353
6646.4961603456895	0.5716843008995056
6646.55318306224	0.5715785026550293
6646.610205778791	0.5711440443992615
6646.667228495342	0.5721610188484192
6646.724251211893	0.5739070177078247
6646.781273928444	0.5762560963630676
6646.838296644994	0.5711942315101624
6646.895319361545	0.5235908627510071
6646.952342078096	0.46051526069641113
6647.009364794647	0.3949505090713501
6647.066387511198	0.3270871937274933
6647.1234102277485	0.24322174489498138
