6503.52539757	0.058364222
6503.52539757252	0.9667432308197021
6503.58376179452	0.9631741642951965
6503.64212601652	0.9585683345794678
6503.70049023852	0.9522668123245239
6503.75885446052	0.9497071504592896
6503.8172186825195	0.9491645693778992
6503.87558290452	0.9491063952445984
6503.93394712652	0.9517544507980347
6503.99231134852	0.9472259283065796
6504.05067557052	0.9405163526535034
6504.10903979252	0.9351773858070374
6504.16740401452	0.931404173374176
6504.22576823652	0.9268766641616821
6504.28413245852	0.9213404655456543
6504.34249668052	0.9188951253890991
6504.4008609025195	0.919901430606842
6504.45922512452	0.9254483580589294
6504.51758934652	0.9334223866462708
6504.57595356852	0.9422351121902466
6504.63431779052	0.9519737362861633
6504.69268201252	0.9597991108894348
6504.75104623452	0.9661263227462769
6504.80941045652	0.9688114523887634
6504.86777467852	0.9677990078926086
6504.92613890052	0.9677862524986267
6504.9845031225195	0.9685711860656738
6505.04286734452	0.9690266251564026
6505.10123156652	0.9708678722381592
6505.15959578852	0.971827507019043
6505.21796001052	0.9693710803985596
6505.27632423252	0.9670791625976562
6505.33468845452	0.964928925037384
6505.39305267652	0.9647534489631653
6505.45141689852	0.9714725613594055
6505.50978112052	0.9759005904197693
6505.5681453425195	0.972752571105957
6505.62650956452	0.9696137309074402
6505.68487378652	0.9666013121604919
6505.74323800852	0.9641002416610718
6505.80160223052	0.9663199186325073
6505.85996645252	0.9692585468292236
6505.91833067452	0.967669665813446
6505.97669489652	0.9651390314102173
6506.03505911852	0.9629946351051331
6506.09342334052	0.9624972939491272
6506.1517875625195	0.9669496417045593
6506.21015178452	0.971993625164032
6506.26851600652	0.9768996834754944
6506.32688022852	0.9816150069236755
6506.38524445052	0.9848113059997559
6506.44360867252	0.9866489171981812
6506.50197289452	0.9853784441947937
6506.56033711652	0.981727659702301
6506.61870133852	0.9849029183387756
6506.67706556052	0.9905627369880676
6506.7354297825195	0.9915359020233154
6506.79379400452	0.9885764718055725
6506.85215822652	0.9879546165466309
6506.91052244852	0.9859911203384399
6506.96888667052	0.9865087270736694
6507.02725089252	0.9882159233093262
6507.08561511452	0.9879088401794434
6507.14397933652	0.9858413338661194
6507.20234355852	0.9846950769424438
6507.26070778052	0.9834916591644287
6507.3190720025195	0.982422411441803
6507.37743622452	0.982815682888031
6507.43580044652	0.9809754490852356
6507.49416466852	0.9765693545341492
6507.55252889052	0.9732267260551453
6507.61089311252	0.9695809483528137
6507.66925733452	0.9691158533096313
6507.72762155652	0.972944974899292
6507.78598577852	0.9742536544799805
6507.84435000052	0.9722763299942017
6507.9027142225195	0.9737594723701477
6507.96107844452	0.9764182567596436
6508.01944266652	0.979705274105072
6508.07780688852	0.9863055348396301
6508.13617111052	0.9896047115325928
6508.19453533252	0.9879945516586304
6508.25289955452	0.9837515950202942
6508.31126377652	0.9767205715179443
6508.36962799852	0.9633108973503113
6508.42799222052	0.9452932476997375
6508.4863564425195	0.9275998473167419
6508.54472066452	0.9109379053115845
6508.60308488652	0.8959283828735352
6508.66144910852	0.8879924416542053
6508.71981333052	0.8908253312110901
6508.77817755252	0.9019879102706909
6508.83654177452	0.9143303632736206
6508.89490599652	0.924642026424408
6508.95327021852	0.9356979131698608
6509.01163444052	0.9530707597732544
6509.0699986625195	0.9706109166145325
6509.12836288452	0.9811028242111206
6509.18672710652	0.989033579826355
6509.24509132852	0.9961026906967163
6509.30345555052	1.0020887851715088
6509.36181977252	1.000530481338501
6509.42018399452	0.9947777390480042
6509.47854821652	0.9958125948905945
6509.53691243852	0.9966721534729004
6509.59527666052	0.9966195225715637
6509.6536408825195	0.996197521686554
6509.71200510452	0.9933196902275085
6509.77036932652	0.989305853843689
6509.82873354852	0.993109941482544
6509.88709777052	1.0001015663146973
6509.94546199252	0.9993279576301575
6510.00382621452	0.995050311088562
6510.06219043652	0.9967808723449707
6510.12055465852	1.001481533050537
6510.17891888052	1.0001620054244995
6510.2372831025195	0.995938777923584
6510.29564732452	0.9963822960853577
6510.35401154652	1.000307559967041
6510.41237576852	0.9984891414642334
6510.47073999052	0.9900930523872375
6510.52910421252	0.9906417727470398
6510.58746843452	0.9962400794029236
6510.64583265652	0.9981274008750916
6510.70419687852	0.9972363710403442
6510.76256110052	0.9988250136375427
6510.8209253225195	1.003336787223816
6510.87928954452	1.0030381679534912
6510.93765376652	0.9967228174209595
6510.99601798852	0.9949445128440857
6511.05438221052	0.9949865937232971
6511.11274643252	0.9958145618438721
6511.17111065452	1.0018038749694824
6511.22947487652	1.003967046737671
6511.28783909852	1.00174081325531
6511.34620332052	1.0008180141448975
6511.4045675425195	1.00274658203125
6511.46293176452	1.0033764839172363
6511.52129598652	1.0036280155181885
6511.57966020852	1.0030298233032227
6511.63802443052	1.0033342838287354
6511.69638865252	1.0016027688980103
6511.75475287452	0.994491696357727
6511.81311709652	0.9836766719818115
6511.87148131852	0.9682654142379761
6511.92984554052	0.9529422521591187
6511.98820976252	0.9405762553215027
6512.04657398452	0.928040087223053
6512.10493820652	0.912051796913147
6512.16330242852	0.9006234407424927
6512.22166665052	0.8971449732780457
6512.28003087252	0.9011080861091614
6512.33839509452	0.9148766994476318
6512.39675931652	0.9317993521690369
6512.45512353852	0.9501703381538391
6512.51348776052	0.967884361743927
6512.57185198252	0.9853427410125732
6512.63021620452	1.0021264553070068
6512.68858042652	1.009609580039978
6512.74694464852	1.0148591995239258
6512.80530887052	1.0228822231292725
6512.86367309252	1.0308107137680054
6512.92203731452	1.0352433919906616
6512.98040153652	1.0371779203414917
6513.03876575852	1.0401571989059448
6513.09712998052	1.0405733585357666
6513.15549420252	1.0389947891235352
6513.21385842452	1.0353600978851318
6513.27222264652	1.0344467163085938
6513.33058686852	1.03449547290802
6513.38895109052	1.0316931009292603
6513.44731531252	1.0279477834701538
6513.50567953452	1.0228396654129028
6513.56404375652	1.0151158571243286
6513.62240797852	1.0109091997146606
6513.68077220052	1.0093755722045898
6513.73913642252	1.0084869861602783
6513.79750064452	1.0070421695709229
6513.85586486652	1.008018970489502
6513.91422908852	1.0094397068023682
6513.97259331052	1.0110845565795898
6514.03095753252	1.0136038064956665
6514.08932175452	1.0071526765823364
6514.14768597652	0.9957325458526611
6514.20605019852	0.9869602918624878
6514.26441442052	0.9807577729225159
6514.32277864252	0.9720604419708252
6514.38114286452	0.960625946521759
6514.43950708652	0.9432060718536377
6514.49787130852	0.9174168109893799
6514.55623553052	0.8901003003120422
6514.61459975252	0.8549715280532837
6514.67296397452	0.8301209211349487
6514.73132819652	0.8176623582839966
6514.78969241852	0.8085696697235107
6514.84805664052	0.8004888892173767
6514.90642086252	0.8027875423431396
6514.96478508452	0.8238933682441711
6515.02314930652	0.8578156232833862
6515.08151352852	0.9030259847640991
6515.13987775052	0.9422714710235596
6515.19824197252	0.9734870791435242
6515.25660619452	0.9916826486587524
6515.31497041652	1.0012065172195435
6515.37333463852	1.0058916807174683
6515.43169886052	1.0061399936676025
6515.49006308252	1.0023694038391113
6515.54842730452	0.996009349822998
6515.60679152652	0.9848122000694275
6515.66515574852	0.9670230150222778
6515.72351997052	0.9499018788337708
6515.78188419252	0.9342805743217468
6515.84024841452	0.9193528294563293
6515.89861263652	0.9077547192573547
6515.95697685852	0.9039708971977234
6516.01534108052	0.911169171333313
6516.07370530252	0.9208781719207764
6516.13206952452	0.9292563199996948
6516.19043374652	0.9362834692001343
6516.24879796852	0.9316295981407166
6516.30716219052	0.9048588275909424
6516.36552641252	0.8579006791114807
6516.42389063452	0.8051554560661316
6516.48225485652	0.7518790364265442
6516.54061907852	0.7000121474266052
6516.59898330052	0.6650257110595703
6516.65734752252	0.6530649662017822
6516.71571174452	0.6584627628326416
6516.77407596652	0.6826199293136597
6516.83244018852	0.7247467041015625
6516.89080441052	0.7693381905555725
6516.94916863252	0.8020360469818115
6517.00753285452	0.831174373626709
6517.06589707652	0.8557723164558411
6517.12426129852	0.876227617263794
6517.18262552052	0.8888003826141357
6517.24098974252	0.8938132524490356
6517.29935396452	0.911203920841217
6517.35771818652	0.9330207705497742
6517.41608240852	0.9554214477539062
6517.47444663052	0.9785398244857788
6517.53281085252	0.9964259266853333
6517.59117507452	1.0077924728393555
6517.64953929652	1.0120570659637451
6517.70790351852	1.0119991302490234
6517.76626774052	1.0041676759719849
6517.82463196252	0.9913265705108643
6517.88299618452	0.9743462204933167
6517.94136040652	0.9503806829452515
6517.99972462852	0.9416007399559021
6518.05808885052	0.9439342021942139
6518.11645307252	0.9457564353942871
6518.17481729452	0.946717381477356
6518.23318151652	0.9554719924926758
6518.29154573852	0.9787954688072205
6518.34990996052	0.9929673075675964
6518.40827418252	1.0019831657409668
6518.46663840452	1.0080417394638062
6518.52500262652	1.0138192176818848
6518.58336684852	1.0127415657043457
6518.64173107052	1.0061057806015015
6518.70009529252	1.0018244981765747
6518.75845951452	1.0010141134262085
6518.81682373652	0.9969422221183777
6518.87518795852	0.9901281595230103
6518.93355218052	0.9825175404548645
6518.99191640252	0.9730489253997803
6519.05028062452	0.963911235332489
6519.10864484652	0.9610051512718201
6519.16700906852	0.9502626657485962
6519.22537329052	0.9235849976539612
6519.28373751252	0.8961505889892578
6519.34210173452	0.8689123392105103
6519.40046595652	0.8486060500144958
6519.45883017852	0.8400405049324036
6519.51719440052	0.8392922282218933
6519.57555862252	0.8428463935852051
6519.6339228445195	0.853446900844574
6519.69228706652	0.8749775886535645
6519.75065128852	0.9011854529380798
6519.80901551052	0.9344306588172913
6519.86737973252	0.9621036052703857
6519.92574395452	0.9769813418388367
6519.98410817652	0.9879809021949768
6520.04247239852	0.9983364343643188
6520.10083662052	1.0056126117706299
6520.15920084252	1.006195306777954
6520.2175650645195	1.0045658349990845
6520.27592928652	1.0048155784606934
6520.33429350852	1.004831075668335
6520.39265773052	1.003247618675232
6520.45102195252	1.0014969110488892
6520.50938617452	1.0015610456466675
6520.56775039652	1.002521276473999
6520.62611461852	1.0030713081359863
6520.68447884052	1.0043171644210815
6520.74284306252	1.0078622102737427
6520.8012072845195	1.0107824802398682
6520.85957150652	1.005641222000122
6520.91793572852	0.9985587000846863
6520.97629995052	1.0025250911712646
6521.03466417252	1.0083297491073608
6521.09302839452	1.0095553398132324
6521.15139261652	1.0089200735092163
6521.20975683852	1.0054124593734741
6521.26812106052	0.9977328777313232
6521.32648528252	0.9978758692741394
6521.3848495045195	1.0003284215927124
6521.44321372652	1.002644419670105
6521.50157794852	1.00569748878479
6521.55994217052	1.0044116973876953
6521.61830639252	1.0015480518341064
6521.67667061452	0.9986672401428223
6521.73503483652	0.9956487417221069
6521.79339905852	0.9919235706329346
6521.85176328052	0.987963855266571
6521.91012750252	0.982014000415802
6521.9684917245195	0.9743973612785339
6522.02685594652	0.9689543843269348
6522.08522016852	0.9633501768112183
6522.14358439052	0.9617308974266052
6522.20194861252	0.9598963856697083
6522.26031283452	0.9627941846847534
6522.31867705652	0.969845712184906
6522.37704127852	0.9748323559761047
6522.43540550052	0.9792628288269043
6522.49376972252	0.9825817942619324
6522.5521339445195	0.9858188033103943
6522.61049816652	0.9914076924324036
6522.66886238852	0.999075174331665
6522.72722661052	1.0015360116958618
6522.78559083252	0.996974527835846
6522.84395505452	0.9963114261627197
6522.90231927652	0.999397337436676
6522.96068349852	0.9961720705032349
6523.01904772052	0.9838420748710632
6523.07741194252	0.9762254953384399
6523.1357761645195	0.9723405838012695
6523.19414038652	0.9663867354393005
6523.25250460852	0.9582828879356384
6523.31086883052	0.95200514793396
6523.36923305252	0.9513030648231506
6523.42759727452	0.9453025460243225
6523.48596149652	0.9337007999420166
6523.54432571852	0.9214698672294617
6523.60268994052	0.911309003829956
6523.66105416252	0.8960954546928406
6523.7194183845195	0.8652514815330505
6523.77778260652	0.8431166410446167
6523.83614682852	0.8370171785354614
6523.89451105052	0.8373371362686157
6523.95287527252	0.8399364352226257
6524.01123949452	0.851357102394104
6524.06960371652	0.8721416592597961
6524.12796793852	0.8965197205543518
6524.18633216052	0.9266626834869385
6524.24469638252	0.9537672996520996
6524.3030606045195	0.976068913936615
6524.36142482652	0.9881662130355835
6524.41978904852	0.9900993704795837
6524.47815327052	0.990351676940918
6524.53651749252	0.9909867644309998
6524.59488171452	0.9911487102508545
6524.65324593652	0.9898511171340942
6524.71161015852	0.9899429082870483
6524.76997438052	0.9961808919906616
6524.82833860252	1.0015392303466797
6524.8867028245195	0.9981265664100647
6524.94506704652	0.994892418384552
6525.00343126852	0.9979639053344727
6525.06179549052	1.001126766204834
6525.12015971252	1.0022644996643066
6525.17852393452	1.00385582447052
6525.23688815652	1.00746488571167
6525.29525237852	1.0104703903198242
6525.35361660052	1.0078916549682617
6525.41198082252	1.003989577293396
6525.4703450445195	1.005379557609558
6525.52870926652	1.0060280561447144
6525.58707348852	0.9978465437889099
6525.64543771052	0.9878360629081726
6525.70380193252	0.9844213128089905
6525.76216615452	0.9835042953491211
6525.82053037652	0.9815120100975037
6525.87889459852	0.9802588820457458
6525.93725882052	0.9823039770126343
6525.99562304252	0.9852253198623657
6526.0539872645195	0.9891644716262817
6526.11235148652	0.9942635297775269
6526.17071570852	0.996293306350708
6526.22907993052	0.9970415234565735
6526.28744415252	0.9988179802894592
6526.34580837452	1.0012121200561523
6526.40417259652	1.007297158241272
6526.46253681852	1.0151762962341309
6526.52090104052	1.0120017528533936
6526.57926526252	1.0048884153366089
6526.6376294845195	1.0035507678985596
6526.69599370652	1.003948450088501
6526.75435792852	1.0012315511703491
6526.81272215052	0.9996845722198486
6526.87108637252	0.9989426732063293
6526.92945059452	0.9983640909194946
6526.98781481652	1.000749111175537
6527.04617903852	1.004917025566101
6527.10454326052	1.005314588546753
6527.16290748252	1.0036311149597168
6527.2212717045195	1.0023763179779053
6527.27963592652	1.0015913248062134
6527.33800014852	0.9986026287078857
6527.39636437052	0.9948239326477051
6527.45472859252	0.9919117093086243
6527.51309281452	0.9896958470344543
6527.57145703652	0.9868857264518738
6527.62982125852	0.9835906624794006
6527.68818548052	0.9834710955619812
6527.74654970252	0.9885159730911255
6527.8049139245195	0.9909000992774963
6527.86327814652	0.9911887049674988
6527.92164236852	0.9946571588516235
6527.98000659052	1.0029079914093018
6528.03837081252	1.0053074359893799
6528.09673503452	1.0017931461334229
6528.15509925652	1.0026535987854004
6528.21346347852	1.0064738988876343
6528.27182770052	1.0092850923538208
6528.33019192252	1.0124117136001587
6528.3885561445195	1.0129936933517456
6528.44692036652	1.0111645460128784
6528.50528458852	1.0094335079193115
6528.56364881052	1.0084054470062256
6528.62201303252	1.0075072050094604
6528.68037725452	1.0061219930648804
6528.73874147652	1.0060489177703857
6528.79710569852	1.0060261487960815
6528.85546992052	1.0069067478179932
6528.91383414252	1.0100497007369995
6528.9721983645195	1.010464072227478
6529.03056258652	1.0064842700958252
6529.08892680852	1.005920171737671
6529.14729103052	1.0134811401367188
6529.20565525252	1.0155388116836548
6529.26401947452	1.0083454847335815
6529.32238369652	1.004825472831726
6529.38074791852	1.007099986076355
6529.43911214052	1.0082865953445435
6529.49747636252	1.0072720050811768
6529.5558405845195	1.0061062574386597
6529.61420480652	1.005083680152893
6529.67256902852	1.0045121908187866
6529.73093325052	1.0035393238067627
6529.78929747252	1.0034161806106567
6529.84766169452	1.0073022842407227
6529.90602591652	1.0095683336257935
6529.96439013852	1.0044513940811157
6530.02275436052	1.0020395517349243
6530.08111858252	1.0078768730163574
6530.1394828045195	1.0107587575912476
6530.19784702652	1.0058945417404175
6530.25621124852	1.0003509521484375
6530.31457547052	1.0026150941848755
6530.37293969252	1.0006295442581177
6530.43130391452	0.9854271411895752
6530.48966813652	0.9738762974739075
6530.54803235852	0.9674509763717651
6530.60639658052	0.9637914896011353
6530.66476080252	0.965319037437439
6530.7231250245195	0.9682857990264893
6530.78148924652	0.9714959263801575
6530.83985346852	0.9764634370803833
6530.89821769052	0.987038254737854
6530.95658191252	0.9974744915962219
6531.01494613452	1.0039774179458618
6531.07331035652	1.0079610347747803
6531.13167457852	1.0062192678451538
6531.19003880052	1.0037471055984497
6531.24840302252	1.0073655843734741
6531.3067672445195	1.0112510919570923
6531.36513146652	1.0121511220932007
6531.42349568852	1.0125930309295654
6531.48185991052	1.0106523036956787
6531.54022413252	1.0092203617095947
6531.59858835452	1.0119097232818604
6531.65695257652	1.0144788026809692
6531.71531679852	1.0128768682479858
6531.77368102052	1.01011061668396
6531.83204524252	1.0077357292175293
6531.8904094645195	1.0040844678878784
6531.94877368652	1.001710057258606
6532.00713790852	0.9976583123207092
6532.06550213052	0.984277606010437
6532.12386635252	0.9602339267730713
6532.18223057452	0.9253111481666565
6532.24059479652	0.8876306414604187
6532.29895901852	0.8622432947158813
6532.35732324052	0.8425949811935425
6532.41568746252	0.8296666145324707
6532.4740516845195	0.8310152888298035
6532.53241590652	0.8514559864997864
6532.59078012852	0.8833006024360657
6532.64914435052	0.9201973080635071
6532.70750857252	0.9576629996299744
6532.76587279452	0.982133150100708
6532.82423701652	0.9972658753395081
6532.88260123852	1.0047369003295898
6532.94096546052	1.0093443393707275
6532.99932968252	1.0143224000930786
6533.0576939045195	1.0187960863113403
6533.11605812652	1.0204535722732544
6533.17442234852	1.0206295251846313
6533.23278657052	1.0191309452056885
6533.29115079252	1.0159553289413452
6533.34951501452	1.0161019563674927
6533.40787923652	1.0185686349868774
6533.46624345852	1.0177068710327148
6533.52460768052	1.0153645277023315
6533.58297190252	1.0122311115264893
6533.6413361245195	1.0070116519927979
6533.69970034652	1.000292420387268
6533.75806456852	0.9915403127670288
6533.81642879052	0.9748073816299438
6533.87479301252	0.9524616599082947
6533.93315723452	0.9360612630844116
6533.99152145652	0.9198091626167297
6534.04988567852	0.9109869003295898
6534.10824990052	0.9077967405319214
6534.16661412252	0.909493088722229
6534.2249783445195	0.9178135395050049
6534.28334256652	0.9339698553085327
6534.34170678852	0.9582804441452026
6534.40007101052	0.9689733386039734
6534.45843523252	0.9773021936416626
6534.51679945452	0.9832471013069153
6534.57516367652	0.9838393330574036
6534.63352789852	0.9851794242858887
6534.69189212052	0.9850893020629883
6534.75025634252	0.9863153100013733
6534.8086205645195	0.9894811511039734
6534.86698478652	0.9941244721412659
6534.92534900852	1.0011541843414307
6534.98371323052	1.0029972791671753
6535.04207745252	1.0010236501693726
6535.10044167452	1.0018597841262817
6535.15880589652	1.002842903137207
6535.21717011852	1.006497859954834
6535.27553434052	1.0116994380950928
6535.33389856252	1.014018177986145
6535.3922627845195	1.0133293867111206
6535.450627006519	1.0157030820846558
6535.50899122852	1.0213265419006348
6535.56735545052	1.0247400999069214
6535.62571967252	1.0263235569000244
6535.68408389452	1.0267373323440552
6535.74244811652	1.023177146911621
6535.80081233852	1.0204867124557495
6535.85917656052	1.0176093578338623
6535.91754078252	1.0160104036331177
6535.9759050045195	1.0144010782241821
6536.034269226519	1.0139564275741577
6536.09263344852	1.0166746377944946
6536.15099767052	1.0173314809799194
6536.20936189252	1.0143249034881592
6536.26772611452	1.0138005018234253
6536.32609033652	1.0154691934585571
6536.38445455852	1.016552209854126
6536.44281878052	1.017917275428772
6536.50118300252	1.0100551843643188
6536.5595472245195	0.9890177845954895
6536.617911446519	0.9740881323814392
6536.67627566852	0.9614461064338684
6536.73463989052	0.9540560245513916
6536.79300411252	0.9529858231544495
6536.85136833452	0.9593741297721863
6536.90973255652	0.970341145992279
6536.96809677852	0.9824497699737549
6537.02646100052	0.9997930526733398
6537.08482522252	1.0135047435760498
6537.1431894445195	1.022440791130066
6537.201553666519	1.0277329683303833
6537.25991788852	1.0244557857513428
6537.31828211052	1.0228750705718994
6537.37664633252	1.0198116302490234
6537.43501055452	1.019389033317566
6537.49337477652	1.0221127271652222
6537.55173899852	1.0258828401565552
6537.61010322052	1.029978632926941
6537.66846744252	1.0338412523269653
6537.7268316645195	1.038602352142334
6537.785195886519	1.0408546924591064
6537.84356010852	1.0426729917526245
6537.90192433052	1.0425758361816406
6537.96028855252	1.041440725326538
6538.01865277452	1.0398788452148438
6538.07701699652	1.038016676902771
6538.13538121852	1.0360599756240845
6538.19374544052	1.0372878313064575
6538.25210966252	1.038252592086792
6538.3104738845195	1.03587007522583
6538.368838106519	1.033837914466858
6538.42720232852	1.0330451726913452
6538.48556655052	1.0326181650161743
6538.54393077252	1.035237193107605
6538.60229499452	1.0374000072479248
6538.66065921652	1.0390093326568604
6538.71902343852	1.0395783185958862
6538.77738766052	1.0354735851287842
6538.83575188252	1.0336618423461914
6538.8941161045195	1.038696527481079
6538.952480326519	1.0431002378463745
6539.01084454852	1.0439940690994263
6539.06920877052	1.0430349111557007
6539.12757299252	1.0364540815353394
6539.18593721452	1.0319781303405762
6539.24430143652	1.0363315343856812
6539.30266565852	1.0394480228424072
6539.36102988052	1.039625644683838
6539.41939410252	1.0389899015426636
6539.4777583245195	1.0338846445083618
6539.536122546519	1.0303655862808228
6539.59448676852	1.0327578783035278
6539.65285099052	1.0351804494857788
6539.71121521252	1.033658504486084
6539.76957943452	1.0338010787963867
6539.82794365652	1.0341523885726929
6539.88630787852	1.0346800088882446
6539.94467210052	1.0385680198669434
6540.00303632252	1.042832374572754
6540.0614005445195	1.048099160194397
6540.119764766519	1.0520429611206055
6540.17812898852	1.0502586364746094
6540.23649321052	1.0470473766326904
6540.29485743252	1.0454994440078735
6540.35322165452	1.0433428287506104
6540.41158587652	1.0380985736846924
6540.46995009852	1.0348920822143555
6540.52831432052	1.0379815101623535
6540.58667854252	1.0424811840057373
6540.6450427645195	1.0469632148742676
6540.703406986519	1.0512735843658447
6540.76177120852	1.0518903732299805
6540.82013543052	1.0525341033935547
6540.87849965252	1.051131010055542
6540.93686387452	1.049503207206726
6540.99522809652	1.0573067665100098
6541.05359231852	1.0639108419418335
6541.11195654052	1.0626204013824463
6541.17032076252	1.060276746749878
6541.2286849845195	1.0580264329910278
6541.287049206519	1.055742621421814
6541.34541342852	1.052910566329956
6541.40377765052	1.050855278968811
6541.46214187252	1.0536423921585083
6541.52050609452	1.0572843551635742
6541.57887031652	1.058095932006836
6541.63723453852	1.0587334632873535
6541.69559876052	1.0597307682037354
6541.75396298252	1.0601035356521606
6541.8123272045195	1.0580432415008545
6541.870691426519	1.053209900856018
6541.92905564852	1.0460180044174194
6541.98741987052	1.036680817604065
6542.04578409252	1.0272613763809204
6542.10414831452	1.016250729560852
6542.16251253652	0.9947063326835632
6542.22087675852	0.9714637398719788
6542.27924098052	0.9584259390830994
6542.33760520252	0.9518265724182129
6542.3959694245195	0.9528170824050903
6542.454333646519	0.9632288813591003
6542.51269786852	0.9845373630523682
6542.57106209052	1.008467674255371
6542.62942631252	1.0275436639785767
6542.68779053452	1.041709542274475
6542.74615475652	1.0472772121429443
6542.80451897852	1.0470625162124634
6542.86288320052	1.0428059101104736
6542.92124742252	1.0384496450424194
6542.9796116445195	1.0383551120758057
6543.037975866519	1.040642499923706
6543.09634008852	1.0468921661376953
6543.15470431052	1.0544204711914062
6543.21306853252	1.0584030151367188
6543.27143275452	1.0617324113845825
6543.32979697652	1.0627063512802124
6543.38816119852	1.060694694519043
6543.44652542052	1.05886709690094
6543.50488964252	1.0543105602264404
6543.5632538645195	1.0432647466659546
6543.621618086519	1.0233993530273438
6543.67998230852	0.9785785675048828
6543.73834653052	0.9205174446105957
6543.79671075252	0.8766575455665588
6543.85507497452	0.8380101919174194
6543.91343919652	0.8113669753074646
6543.97180341852	0.8042789101600647
6544.03016764052	0.8177468180656433
6544.08853186252	0.8532581329345703
6544.1468960845195	0.9110602140426636
6544.205260306519	0.9745942950248718
6544.26362452852	1.0135492086410522
6544.32198875052	1.0396826267242432
6544.38035297252	1.0520297288894653
6544.43871719452	1.0598666667938232
6544.49708141652	1.065811038017273
6544.55544563852	1.0698511600494385
6544.61380986052	1.0727918148040771
6544.67217408252	1.0739330053329468
6544.7305383045195	1.0774260759353638
6544.788902526519	1.080623984336853
6544.84726674852	1.0805798768997192
6544.90563097052	1.0780948400497437
6544.96399519252	1.0775573253631592
6545.02235941452	1.0780220031738281
6545.08072363652	1.082802653312683
6545.13908785852	1.0910662412643433
6545.19745208052	1.0893545150756836
6545.25581630252	1.0838967561721802
6545.3141805245195	1.085240364074707
6545.372544746519	1.08562171459198
6545.43090896852	1.0846737623214722
6545.48927319052	1.081841230392456
6545.54763741252	1.0728472471237183
6545.60600163452	1.0594972372055054
6545.66436585652	1.0519812107086182
6545.72273007852	1.0466690063476562
6545.78109430052	1.041482925415039
6545.83945852252	1.036633849143982
6545.8978227445195	1.0381832122802734
6545.956186966519	1.0443445444107056
6546.01455118852	1.0611824989318848
6546.07291541052	1.082790493965149
6546.13127963252	1.0928446054458618
6546.18964385452	1.099988341331482
6546.24800807652	1.1026198863983154
6546.30637229852	1.1017721891403198
6546.36473652052	1.1038522720336914
6546.42310074252	1.1069027185440063
6546.48146496452	1.1102267503738403
6546.5398291865195	1.11427903175354
6546.59819340852	1.116512417793274
6546.65655763052	1.1185526847839355
6546.71492185252	1.1189594268798828
6546.77328607452	1.1179859638214111
6546.83165029652	1.1188139915466309
6546.89001451852	1.1199438571929932
6546.94837874052	1.117567777633667
6547.00674296252	1.1129709482192993
6547.06510718452	1.116039514541626
6547.1234714065195	1.1219704151153564
6547.18183562852	1.120251178741455
6547.24019985052	1.115516185760498
6547.29856407252	1.1136645078659058
6547.35692829452	1.1110039949417114
6547.41529251652	1.0993436574935913
6547.47365673852	1.0810977220535278
6547.53202096052	1.0535038709640503
6547.59038518252	1.0185105800628662
6547.64874940452	0.9978863596916199
6547.7071136265195	0.9879041314125061
6547.76547784852	0.9887712597846985
6547.82384207052	0.9997804164886475
6547.88220629252	1.0238285064697266
6547.94057051452	1.054891586303711
6547.99893473652	1.0798853635787964
6548.05729895852	1.1030497550964355
6548.11566318052	1.114294409751892
6548.17402740252	1.1178309917449951
6548.23239162452	1.1202671527862549
6548.2907558465195	1.1147406101226807
6548.34912006852	1.09196937084198
6548.40748429052	1.0546010732650757
6548.46584851252	1.0091462135314941
6548.52421273452	0.9580561518669128
6548.58257695652	0.9211046099662781
6548.64094117852	0.9023028016090393
6548.69930540052	0.9049472808837891
6548.75766962252	0.9309643507003784
6548.81603384452	0.9785233736038208
6548.8743980665195	1.0341442823410034
6548.93276228852	1.0711023807525635
6548.99112651052	1.0984067916870117
6549.04949073252	1.1109439134597778
6549.10785495452	1.1174479722976685
6549.16621917652	1.1221610307693481
6549.22458339852	1.121727705001831
6549.28294762052	1.1307481527328491
6549.34131184252	1.1432316303253174
6549.39967606452	1.1534919738769531
6549.4580402865195	1.1635600328445435
6549.51640450852	1.1680063009262085
6549.57476873052	1.1683323383331299
6549.63313295252	1.1716207265853882
6549.69149717452	1.1757017374038696
6549.74986139652	1.1768091917037964
6549.80822561852	1.179037094116211
6549.86658984052	1.1776803731918335
6549.92495406252	1.1740992069244385
6549.98331828452	1.1769007444381714
6550.0416825065195	1.182493805885315
6550.10004672852	1.184269666671753
6550.15841095052	1.1843266487121582
6550.21677517252	1.1854116916656494
6550.27513939452	1.1871802806854248
6550.33350361652	1.1892552375793457
6550.39186783852	1.191931962966919
6550.45023206052	1.1960762739181519
6550.50859628252	1.2007521390914917
6550.56696050452	1.206881046295166
6550.6253247265195	1.213470458984375
6550.68368894852	1.2137365341186523
6550.74205317052	1.2096278667449951
6550.80041739252	1.2153226137161255
6550.85878161452	1.2256275415420532
6550.91714583652	1.2260180711746216
6550.97551005852	1.2230385541915894
6551.03387428052	1.2221190929412842
6551.09223850252	1.2220720052719116
6551.15060272452	1.2234512567520142
6551.2089669465195	1.2255547046661377
6551.267331168519	1.2305394411087036
6551.32569539052	1.2361643314361572
6551.38405961252	1.2391948699951172
6551.44242383452	1.2408709526062012
6551.50078805652	1.2423795461654663
6551.55915227852	1.2427377700805664
6551.61751650052	1.2400267124176025
6551.67588072252	1.2345796823501587
6551.73424494452	1.233998417854309
6551.7926091665195	1.236507773399353
6551.850973388519	1.2293109893798828
6551.90933761052	1.2170417308807373
6551.96770183252	1.2156420946121216
6552.02606605452	1.2175250053405762
6552.08443027652	1.2130863666534424
6552.14279449852	1.2051373720169067
6552.20115872052	1.211046814918518
6552.25952294252	1.227325439453125
6552.31788716452	1.2200745344161987
6552.3762513865195	1.1919538974761963
6552.434615608519	1.1386010646820068
6552.49297983052	1.0708116292953491
6552.55134405252	1.0289119482040405
6552.60970827452	1.0001740455627441
6552.66807249652	0.9813794493675232
6552.72643671852	0.9893494844436646
6552.78480094052	1.0397924184799194
6552.84316516252	1.1031181812286377
6552.90152938452	1.1715316772460938
6552.9598936065195	1.2387322187423706
6553.018257828519	1.279030442237854
6553.07662205052	1.2997921705245972
6553.13498627252	1.311450719833374
6553.19335049452	1.319951057434082
6553.25171471652	1.3312073945999146
6553.31007893852	1.3406176567077637
6553.36844316052	1.3437767028808594
6553.42680738252	1.3437495231628418
6553.48517160452	1.3397250175476074
6553.5435358265195	1.3283523321151733
6553.601900048519	1.3036952018737793
6553.66026427052	1.2692229747772217
6553.71862849252	1.257338285446167
6553.77699271452	1.255413293838501
6553.83535693652	1.2613718509674072
6553.89372115852	1.2750974893569946
6553.95208538052	1.3003278970718384
6554.01044960252	1.3316298723220825
6554.06881382452	1.3609544038772583
6554.1271780465195	1.3875583410263062
6554.185542268519	1.4002406597137451
6554.24390649052	1.4070038795471191
6554.30227071252	1.414368748664856
6554.36063493452	1.4219892024993896
6554.41899915652	1.4341504573822021
6554.47736337852	1.447906732559204
6554.53572760052	1.4539949893951416
6554.59409182252	1.4585254192352295
6554.65245604452	1.4636411666870117
6554.7108202665195	1.4688701629638672
6554.769184488519	1.4778494834899902
6554.82754871052	1.490281581878662
6554.88591293252	1.499650239944458
6554.94427715452	1.509198546409607
6555.00264137652	1.5192294120788574
6555.06100559852	1.5289475917816162
6555.11936982052	1.5408086776733398
6555.17773404252	1.5528110265731812
6555.23609826452	1.5604150295257568
6555.2944624865195	1.5673201084136963
6555.352826708519	1.5764766931533813
6555.41119093052	1.5877268314361572
6555.46955515252	1.601920485496521
6555.52791937452	1.6189336776733398
6555.58628359652	1.6399974822998047
6555.64464781852	1.6622939109802246
6555.70301204052	1.6757423877716064
6555.76137626252	1.6884351968765259
6555.81974048452	1.70220148563385
6555.8781047065195	1.7159661054611206
6555.936468928519	1.7383874654769897
6555.99483315052	1.7618870735168457
6556.05319737252	1.7781085968017578
6556.11156159452	1.7939918041229248
6556.16992581652	1.8107959032058716
6556.22829003852	1.828116536140442
6556.28665426052	1.8437706232070923
6556.34501848252	1.8603166341781616
6556.40338270452	1.8809715509414673
6556.4617469265195	1.9028617143630981
6556.520111148519	1.9207698106765747
6556.57847537052	1.937941312789917
6556.63683959252	1.9591364860534668
6556.69520381452	1.9818121194839478
6556.75356803652	2.004009485244751
6556.81193225852	2.023284435272217
6556.87029648052	2.0262045860290527
6556.92866070252	2.0072309970855713
6556.98702492452	1.962584376335144
6557.0453891465195	1.913897156715393
6557.103753368519	1.8880887031555176
6557.16211759052	1.8765677213668823
6557.22048181252	1.8849276304244995
6557.27884603452	1.9371362924575806
6557.33721025652	2.0325098037719727
6557.39557447852	2.1351094245910645
6557.45393870052	2.2374143600463867
6557.51230292252	2.3339426517486572
6557.57066714452	2.3960015773773193
6557.6290313665195	2.43084454536438
6557.687395588519	2.463332414627075
6557.74575981052	2.4936482906341553
6557.80412403252	2.518815279006958
6557.86248825452	2.535522699356079
6557.92085247652	2.533585548400879
6557.97921669852	2.528506278991699
6558.03758092052	2.5349133014678955
6558.09594514252	2.5503389835357666
6558.15430936452	2.5849032402038574
6558.2126735865195	2.639024257659912
6558.271037808519	2.7140748500823975
6558.32940203052	2.796891689300537
6558.38776625252	2.883147716522217
6558.44613047452	2.9631447792053223
6558.50449469652	3.0110585689544678
6558.56285891852	3.052701950073242
6558.62122314052	3.1047513484954834
6558.67958736252	3.1594398021698
6558.73795158452	3.22148060798645
6558.7963158065195	3.28667950630188
6558.854680028519	3.3579583168029785
6558.91304425052	3.4283013343811035
6558.97140847252	3.49540376663208
6559.02977269452	3.555177927017212
6559.08813691652	3.6035046577453613
6559.14650113852	3.650733470916748
6559.20486536052	3.704519271850586
6559.26322958252	3.7562644481658936
6559.32159380452	3.8008201122283936
6559.3799580265195	3.8417916297912598
6559.438322248519	3.8776111602783203
6559.49668647052	3.9141035079956055
6559.55505069252	3.9615581035614014
6559.61341491452	4.003687858581543
6559.67177913652	4.032555103302002
6559.73014335852	4.057862281799316
6559.78850758052	4.0813493728637695
6559.84687180252	4.105206489562988
6559.90523602452	4.13301420211792
6559.9636002465195	4.158310890197754
6560.021964468519	4.178806781768799
6560.08032869052	4.196637153625488
6560.13869291252	4.210294723510742
6560.19705713452	4.2088541984558105
6560.25542135652	4.1884307861328125
6560.31378557852	4.157440662384033
6560.37214980052	4.104076385498047
6560.43051402252	4.0607476234436035
6560.48887824452	4.066188335418701
6560.5472424665195	4.1112213134765625
6560.605606688519	4.18169641494751
6560.66397091052	4.272739887237549
6560.72233513252	4.402551651000977
6560.78069935452	4.504760265350342
6560.83906357652	4.563419342041016
6560.89742779852	4.591531276702881
6560.95579202052	4.5999579429626465
6561.01415624252	4.613830089569092
6561.07252046452	4.634638786315918
6561.1308846865195	4.660876750946045
6561.189248908519	4.713352203369141
6561.24761313052	4.789680004119873
6561.30597735252	4.912142276763916
6561.36434157452	5.009160995483398
6561.42270579652	5.079049587249756
6561.48107001852	5.134065628051758
6561.53943424052	5.172667503356934
6561.59779846252	5.187950611114502
6561.65616268452	5.186581134796143
6561.7145269065195	5.177727699279785
6561.772891128519	5.161289691925049
6561.83125535052	5.14818811416626
6561.88961957252	5.1376776695251465
6561.94798379452	5.131337642669678
6562.00634801652	5.1396002769470215
6562.06471223852	5.134005069732666
6562.12307646052	5.104757308959961
6562.18144068252	5.078911304473877
6562.23980490452	5.054532051086426
6562.2981691265195	5.033143997192383
6562.356533348519	5.013327121734619
6562.41489757052	4.99833869934082
6562.47326179252	4.98893404006958
6562.53162601452	4.996675968170166
6562.58999023652	5.026265621185303
6562.64835445852	5.066240310668945
6562.70671868052	5.126888751983643
6562.76508290252	5.161665916442871
6562.82344712452	5.17083215713501
6562.8818113465195	5.17802619934082
6562.940175568519	5.187875747680664
6562.99853979052	5.185567855834961
6563.05690401252	5.16724157333374
6563.11526823452	5.142873764038086
6563.17363245652	5.108040809631348
6563.23199667852	5.042224407196045
6563.29036090052	4.942571640014648
6563.34872512252	4.829473495483398
6563.40708934452	4.704000949859619
6563.4654535665195	4.599929332733154
6563.523817788519	4.527973651885986
6563.58218201052	4.489750385284424
6563.64054623252	4.473545074462891
6563.69891045452	4.467586994171143
6563.75727467652	4.480359077453613
6563.81563889852	4.4578776359558105
6563.87400312052	4.357219696044922
6563.93236734252	4.179591178894043
6563.99073156452	3.9681622982025146
6564.0490957865195	3.773627996444702
6564.107460008519	3.5990238189697266
6564.16582423052	3.479159355163574
6564.22418845252	3.4752819538116455
6564.28255267452	3.5405521392822266
6564.34091689652	3.6402673721313477
6564.39928111852	3.78121280670166
6564.45764534052	3.954188346862793
6564.51600956252	4.051687717437744
6564.57437378452	4.08497428894043
6564.6327380065195	4.076141834259033
6564.691102228519	4.058675289154053
6564.74946645052	4.037524223327637
6564.80783067252	4.013458728790283
6564.86619489452	3.988748788833618
6564.92455911652	3.9634361267089844
6564.98292333852	3.9357845783233643
6565.04128756052	3.9083075523376465
6565.09965178252	3.8727495670318604
6565.15801600452	3.8320112228393555
6565.2163802265195	3.7870731353759766
6565.274744448519	3.735759735107422
6565.33310867052	3.6860861778259277
6565.39147289252	3.632643699645996
6565.44983711452	3.578220844268799
6565.50820133652	3.519719362258911
6565.56656555852	3.4740147590637207
6565.62492978052	3.435333728790283
6565.68329400252	3.3874473571777344
6565.74165822452	3.3390145301818848
6565.8000224465195	3.286874294281006
6565.858386668519	3.2320127487182617
6565.91675089052	3.1842453479766846
6565.97511511252	3.1369705200195312
6566.03347933452	3.0878262519836426
6566.09184355652	3.039628505706787
6566.15020777852	2.9873647689819336
6566.20857200052	2.9351425170898438
6566.26693622252	2.887336492538452
6566.32530044452	2.8410494327545166
6566.3836646665195	2.7874770164489746
6566.442028888519	2.7336132526397705
6566.50039311052	2.6874148845672607
6566.55875733252	2.6442301273345947
6566.61712155452	2.597358465194702
6566.67548577652	2.556331157684326
6566.73384999852	2.5340020656585693
6566.79221422052	2.5140483379364014
6566.85057844252	2.483607053756714
6566.90894266452	2.451451063156128
6566.9673068865195	2.4206466674804688
6567.025671108519	2.38989520072937
6567.084035330519	2.3577346801757812
6567.14239955252	2.3259854316711426
6567.20076377452	2.297053575515747
6567.25912799652	2.2680909633636475
6567.31749221852	2.2358131408691406
6567.37585644052	2.203378200531006
6567.43422066252	2.179675340652466
6567.49258488452	2.1554436683654785
6567.5509491065195	2.120518445968628
6567.609313328519	2.0871307849884033
6567.66767755052	2.0609514713287354
6567.72604177252	2.037144184112549
6567.78440599452	2.015226364135742
6567.84277021652	1.9924559593200684
6567.90113443852	1.9670419692993164
6567.95949866052	1.9442001581192017
6568.01786288252	1.9293568134307861
6568.07622710452	1.9149055480957031
6568.1345913265195	1.8955755233764648
6568.192955548519	1.8751282691955566
6568.251319770519	1.8526116609573364
6568.30968399252	1.8296877145767212
6568.36804821452	1.8078280687332153
6568.42641243652	1.782386302947998
6568.48477665852	1.752305030822754
6568.54314088052	1.7200908660888672
6568.60150510252	1.6758180856704712
6568.65986932452	1.635653018951416
6568.7182335465195	1.6010260581970215
6568.776597768519	1.5705747604370117
6568.834961990519	1.5517282485961914
6568.89332621252	1.5418421030044556
6568.95169043452	1.5429710149765015
6569.01005465652	1.5526067018508911
6569.06841887852	1.5797086954116821
6569.12678310052	1.5938618183135986
6569.18514732252	1.5845450162887573
6569.24351154452	1.5705150365829468
6569.3018757665195	1.5559191703796387
6569.360239988519	1.5424319505691528
6569.418604210519	1.530991792678833
6569.47696843252	1.5229655504226685
6569.53533265452	1.5200656652450562
6569.59369687652	1.5184341669082642
6569.65206109852	1.519386649131775
6569.71042532052	1.5176807641983032
6569.76878954252	1.5066449642181396
6569.82715376452	1.4954594373703003
6569.8855179865195	1.4843112230300903
6569.943882208519	1.47344172000885
6570.002246430519	1.4658015966415405
6570.06061065252	1.4560905694961548
6570.11897487452	1.4474248886108398
6570.17733909652	1.440192461013794
6570.23570331852	1.4366077184677124
6570.29406754052	1.4297263622283936
6570.35243176252	1.4226793050765991
6570.41079598452	1.411792516708374
6570.4691602065195	1.3985919952392578
6570.527524428519	1.3876973390579224
6570.585888650519	1.3756459951400757
6570.64425287252	1.367451548576355
6570.70261709452	1.3615795373916626
6570.76098131652	1.3545771837234497
6570.81934553852	1.3465564250946045
6570.87770976052	1.3438358306884766
6570.93607398252	1.350707769393921
6570.99443820452	1.3493927717208862
6571.0528024265195	1.3450993299484253
6571.111166648519	1.3449561595916748
6571.169530870519	1.3481119871139526
6571.22789509252	1.3456019163131714
6571.28625931452	1.3373908996582031
6571.34462353652	1.3305251598358154
6571.40298775852	1.3209787607192993
6571.46135198052	1.3172487020492554
6571.51971620252	1.316605567932129
6571.57808042452	1.3100595474243164
6571.6364446465195	1.298892855644226
6571.694808868519	1.2918120622634888
6571.753173090519	1.2851507663726807
6571.81153731252	1.2541933059692383
6571.86990153452	1.1983290910720825
6571.92826575652	1.1401317119598389
6571.98662997852	1.076773762702942
6572.04499420052	1.0337845087051392
6572.10335842252	1.0222586393356323
6572.16172264452	1.0345213413238525
6572.2200868665195	1.0661026239395142
6572.278451088519	1.121610403060913
6572.336815310519	1.1846164464950562
6572.39517953252	1.2145764827728271
6572.45354375452	1.2320213317871094
6572.51190797652	1.2383859157562256
6572.57027219852	1.240811824798584
6572.62863642052	1.24685537815094
6572.68700064252	1.2511329650878906
6572.74536486452	1.2466020584106445
6572.8037290865195	1.2400339841842651
6572.862093308519	1.2374759912490845
6572.920457530519	1.2353659868240356
6572.97882175252	1.233206868171692
6573.03718597452	1.2317335605621338
6573.09555019652	1.228591799736023
6573.15391441852	1.2256669998168945
6573.21227864052	1.2282012701034546
6573.27064286252	1.231400728225708
6573.32900708452	1.222039818763733
6573.3873713065195	1.210951566696167
6573.445735528519	1.2042334079742432
6573.504099750519	1.197310209274292
6573.56246397252	1.1920063495635986
6573.62082819452	1.18943190574646
6573.67919241652	1.1952210664749146
6573.73755663852	1.1985301971435547
6573.79592086052	1.1981556415557861
6573.85428508252	1.1986886262893677
6573.91264930452	1.194854736328125
6573.9710135265195	1.1915409564971924
6574.029377748519	1.1934000253677368
6574.087741970519	1.1933398246765137
6574.14610619252	1.1911702156066895
6574.20447041452	1.1880030632019043
6574.26283463652	1.1810786724090576
6574.32119885852	1.1740041971206665
6574.37956308052	1.1688172817230225
6574.43792730252	1.1634516716003418
6574.49629152452	1.1568892002105713
6574.5546557465195	1.137050986289978
6574.613019968519	1.0827223062515259
6574.671384190519	1.0189626216888428
6574.72974841252	0.9524651169776917
6574.78811263452	0.8943173289299011
6574.84647685652	0.8685163855552673
6574.90484107852	0.8666452169418335
6574.96320530052	0.8874296545982361
6575.02156952252	0.9360173940658569
6575.07993374452	1.0204062461853027
6575.1382979665195	1.0811532735824585
6575.196662188519	1.117706298828125
6575.255026410519	1.1349295377731323
6575.31339063252	1.1441844701766968
6575.37175485452	1.1500177383422852
6575.43011907652	1.1527351140975952
6575.48848329852	1.1527996063232422
6575.54684752052	1.1474789381027222
6575.60521174252	1.1453280448913574
6575.66357596452	1.1473963260650635
6575.7219401865195	1.1469597816467285
6575.780304408519	1.145440697669983
6575.838668630519	1.1437698602676392
6575.89703285252	1.1405853033065796
6575.95539707452	1.1379896402359009
6576.01376129652	1.134289264678955
6576.07212551852	1.1312298774719238
6576.13048974052	1.1283210515975952
6576.18885396252	1.125623106956482
6576.24721818452	1.1245125532150269
6576.3055824065195	1.119932770729065
6576.363946628519	1.1114720106124878
6576.422310850519	1.1111230850219727
6576.48067507252	1.1171135902404785
6576.53903929452	1.1183823347091675
6576.59740351652	1.1167935132980347
6576.65576773852	1.118675708770752
6576.71413196052	1.1242201328277588
6576.77249618252	1.124432921409607
6576.83086040452	1.1227517127990723
6576.8892246265195	1.1211990118026733
6576.947588848519	1.1195776462554932
6577.005953070519	1.1204792261123657
6577.06431729252	1.122676134109497
6577.12268151452	1.1268930435180664
6577.18104573652	1.1327224969863892
6577.23940995852	1.1336337327957153
6577.29777418052	1.1314430236816406
6577.35613840252	1.1274192333221436
6577.41450262452	1.1217354536056519
6577.4728668465195	1.1202806234359741
6577.531231068519	1.1199076175689697
6577.589595290519	1.1215898990631104
6577.64795951252	1.1254767179489136
6577.70632373452	1.1236547231674194
6577.76468795652	1.1200369596481323
6577.82305217852	1.121573805809021
6577.88141640052	1.1226818561553955
6577.93978062252	1.115922212600708
6577.99814484452	1.1082221269607544
6578.0565090665195	1.1095263957977295
6578.114873288519	1.1125476360321045
6578.173237510519	1.1097736358642578
6578.23160173252	1.1075702905654907
6578.28996595452	1.1108752489089966
6578.34833017652	1.1139236688613892
6578.40669439852	1.1116187572479248
6578.46505862052	1.1088584661483765
6578.52342284252	1.1078847646713257
6578.58178706452	1.10641610622406
6578.6401512865195	1.1086426973342896
6578.698515508519	1.1092456579208374
6578.756879730519	1.1051545143127441
6578.81524395252	1.1009048223495483
6578.87360817452	1.090080976486206
6578.93197239652	1.081822156906128
6578.99033661852	1.0814199447631836
6579.04870084052	1.0809390544891357
6579.10706506252	1.0778623819351196
6579.16542928452	1.0769374370574951
6579.2237935065195	1.0800228118896484
6579.282157728519	1.0830888748168945
6579.340521950519	1.087158441543579
6579.39888617252	1.090113878250122
6579.45725039452	1.0917463302612305
6579.51561461652	1.093187689781189
6579.57397883852	1.0914233922958374
6579.63234306052	1.0900378227233887
6579.69070728252	1.0849090814590454
6579.74907150452	1.0824860334396362
6579.8074357265195	1.08280611038208
6579.865799948519	1.0832403898239136
6579.924164170519	1.0835121870040894
6579.98252839252	1.0834299325942993
6580.04089261452	1.0862354040145874
6580.09925683652	1.086936116218567
6580.15762105852	1.0851445198059082
6580.21598528052	1.083398461341858
6580.27434950252	1.0804660320281982
6580.33271372452	1.0785787105560303
6580.3910779465195	1.0788549184799194
6580.449442168519	1.0733834505081177
6580.507806390519	1.0654535293579102
6580.56617061252	1.0476192235946655
6580.62453483452	1.0157521963119507
6580.68289905652	0.999726414680481
6580.74126327852	0.9912880063056946
6580.79962750052	0.9843889474868774
6580.85799172252	0.9803383946418762
6580.91635594452	0.9885475635528564
6580.97472016652	1.0102952718734741
6581.0330843885195	1.0309925079345703
6581.091448610519	1.053672194480896
6581.14981283252	1.0676137208938599
6581.20817705452	1.0765347480773926
6581.26654127652	1.0782841444015503
6581.32490549852	1.0763003826141357
6581.38326972052	1.074792504310608
6581.44163394252	1.0727355480194092
6581.49999816452	1.075060486793518
6581.55836238652	1.0796711444854736
6581.6167266085195	1.0797208547592163
6581.675090830519	1.079717993736267
6581.733455052519	1.0765953063964844
6581.79181927452	1.0736981630325317
6581.85018349652	1.0692604780197144
6581.90854771852	1.0654199123382568
6581.96691194052	1.066999077796936
6582.02527616252	1.0695792436599731
6582.08364038452	1.0713365077972412
6582.14200460652	1.0717889070510864
6582.2003688285195	1.067214846611023
6582.258733050519	1.0620334148406982
6582.31709727252	1.0591585636138916
6582.37546149452	1.0570861101150513
6582.43382571652	1.0578227043151855
6582.49218993852	1.059840440750122
6582.55055416052	1.0663353204727173
6582.60891838252	1.0717793703079224
6582.66728260452	1.0730969905853271
6582.72564682652	1.0734648704528809
6582.7840110485195	1.0677555799484253
6582.842375270519	1.0637812614440918
6582.900739492519	1.064746618270874
6582.95910371452	1.065698504447937
6583.01746793652	1.0671383142471313
6583.07583215852	1.0648294687271118
6583.13419638052	1.0541565418243408
6583.19256060252	1.0413843393325806
6583.25092482452	1.0278058052062988
6583.30928904652	1.0157349109649658
6583.3676532685195	1.0060969591140747
6583.426017490519	1.0016745328903198
6583.48438171252	1.0096937417984009
6583.54274593452	1.0175162553787231
6583.60111015652	1.0230804681777954
6583.65947437852	1.0297459363937378
6583.71783860052	1.039746880531311
6583.77620282252	1.0481990575790405
6583.83456704452	1.0582454204559326
6583.89293126652	1.0645326375961304
6583.9512954885195	1.0645614862442017
6584.009659710519	1.066154956817627
6584.068023932519	1.0706870555877686
6584.12638815452	1.0711857080459595
6584.18475237652	1.066086769104004
6584.24311659852	1.0646294355392456
6584.30148082052	1.0638213157653809
6584.35984504252	1.065915822982788
6584.41820926452	1.0700489282608032
6584.47657348652	1.0702300071716309
6584.5349377085195	1.0663203001022339
6584.593301930519	1.0665642023086548
6584.651666152519	1.0688186883926392
6584.71003037452	1.0680830478668213
6584.76839459652	1.0642231702804565
6584.82675881852	1.0652539730072021
6584.88512304052	1.0671597719192505
6584.94348726252	1.0644199848175049
6585.00185148452	1.0570626258850098
6585.06021570652	1.0522425174713135
6585.1185799285195	1.0485336780548096
6585.176944150519	1.0448983907699585
6585.235308372519	1.0412434339523315
6585.29367259452	1.0409263372421265
6585.35203681652	1.041070818901062
6585.41040103852	1.0428367853164673
6585.46876526052	1.0449239015579224
6585.52712948252	1.0390146970748901
6585.58549370452	1.0292471647262573
6585.64385792652	1.0222866535186768
6585.7022221485195	1.0175789594650269
6585.760586370519	1.0191800594329834
6585.818950592519	1.0230774879455566
6585.87731481452	1.028078317642212
6585.93567903652	1.0349699258804321
6585.99404325852	1.043628454208374
6586.05240748052	1.050932765007019
6586.11077170252	1.0449880361557007
6586.16913592452	1.0338181257247925
6586.22750014652	1.0255389213562012
6586.2858643685195	1.0101687908172607
6586.344228590519	0.9838082790374756
6586.402592812519	0.9568204283714294
6586.46095703452	0.9315487742424011
6586.51932125652	0.9097427725791931
6586.57768547852	0.8991919755935669
6586.63604970052	0.9056345224380493
6586.69441392252	0.9291614294052124
6586.75277814452	0.9534600377082825
6586.81114236652	0.9741969108581543
6586.8695065885195	0.9951200485229492
6586.927870810519	1.0196837186813354
6586.986235032519	1.0346208810806274
6587.04459925452	1.0385059118270874
6587.10296347652	1.0405638217926025
6587.16132769852	1.042497158050537
6587.21969192052	1.0446176528930664
6587.27805614252	1.0464268922805786
6587.33642036452	1.046622633934021
6587.39478458652	1.0454702377319336
6587.4531488085195	1.044763207435608
6587.511513030519	1.0456284284591675
6587.569877252519	1.0465811491012573
6587.62824147452	1.0492949485778809
6587.68660569652	1.0471609830856323
6587.74496991852	1.0422223806381226
6587.80333414052	1.0410332679748535
6587.86169836252	1.0424376726150513
6587.92006258452	1.043685793876648
6587.97842680652	1.0461913347244263
6588.0367910285195	1.0459094047546387
6588.095155250519	1.0421286821365356
6588.153519472519	1.0438898801803589
6588.21188369452	1.0485069751739502
6588.27024791652	1.043495774269104
6588.32861213852	1.0347884893417358
6588.38697636052	1.0324636697769165
6588.44534058252	1.031524419784546
6588.50370480452	1.0275894403457642
6588.56206902652	1.0223215818405151
6588.6204332485195	1.0228441953659058
6588.678797470519	1.029577374458313
6588.737161692519	1.0355058908462524
6588.79552591452	1.0432289838790894
6588.85389013652	1.046716570854187
6588.91225435852	1.050521731376648
6588.97061858052	1.0460695028305054
6589.02898280252	1.0402060747146606
6589.08734702452	1.0443862676620483
6589.14571124652	1.0488817691802979
6589.2040754685195	1.0523943901062012
6589.262439690519	1.0556522607803345
6589.320803912519	1.0498485565185547
6589.37916813452	1.0427677631378174
6589.43753235652	1.0434151887893677
6589.49589657852	1.0435237884521484
6589.55426080052	1.0422661304473877
6589.61262502252	1.0423164367675781
6589.67098924452	1.0457065105438232
6589.72935346652	1.0464231967926025
6589.7877176885195	1.041823148727417
6589.846081910519	1.0385481119155884
6589.904446132519	1.0398532152175903
6589.96281035452	1.0407241582870483
6590.02117457652	1.0427792072296143
6590.07953879852	1.042952060699463
6590.13790302052	1.040345549583435
6590.19626724252	1.039376139640808
6590.25463146452	1.0403772592544556
6590.31299568652	1.041296124458313
6590.3713599085195	1.0429966449737549
6590.429724130519	1.0422009229660034
6590.488088352519	1.03977370262146
6590.54645257452	1.0369611978530884
6590.60481679652	1.0320777893066406
6590.66318101852	1.0310039520263672
6590.72154524052	1.0343680381774902
6590.77990946252	1.0339384078979492
6590.83827368452	1.0316228866577148
6590.89663790652	1.0307536125183105
6590.9550021285195	1.0305110216140747
6591.013366350519	1.0299932956695557
6591.071730572519	1.0289710760116577
6591.13009479452	1.0294721126556396
6591.18845901652	1.0314812660217285
6591.24682323852	1.0300174951553345
6591.30518746052	1.0245165824890137
6591.36355168252	1.027359962463379
6591.42191590452	1.0350427627563477
6591.48028012652	1.0408474206924438
6591.5386443485195	1.0462263822555542
6591.597008570519	1.0441136360168457
6591.655372792519	1.0354150533676147
6591.71373701452	1.0317416191101074
6591.77210123652	1.0291240215301514
6591.83046545852	1.0294432640075684
6591.88882968052	1.0310155153274536
6591.94719390252	1.0312923192977905
6592.00555812452	1.0308401584625244
6592.06392234652	1.0292433500289917
6592.1222865685195	1.0272808074951172
6592.180650790519	1.0242810249328613
6592.239015012519	1.0217993259429932
6592.29737923452	1.025282859802246
6592.35574345652	1.0296117067337036
6592.41410767852	1.0275450944900513
6592.47247190052	1.025728702545166
6592.53083612252	1.0253942012786865
6592.58920034452	1.0255059003829956
6592.64756456652	1.0256379842758179
6592.7059287885195	1.0261378288269043
6592.764293010519	1.0247732400894165
6592.822657232519	1.0223745107650757
6592.88102145452	1.0193508863449097
6592.93938567652	1.0177561044692993
6592.99774989852	1.0181024074554443
6593.05611412052	1.0175187587738037
6593.11447834252	1.01546311378479
6593.17284256452	1.0149352550506592
6593.23120678652	1.0140758752822876
6593.2895710085195	1.0152353048324585
6593.347935230519	1.023774266242981
6593.406299452519	1.0264497995376587
6593.46466367452	1.0168536901474
6593.52302789652	1.0156004428863525
6593.58139211852	1.0200252532958984
6593.63975634052	1.0232303142547607
6593.69812056252	1.028964638710022
6593.75648478452	1.0308722257614136
6593.81484900652	1.0281420946121216
6593.8732132285195	1.0273492336273193
6593.931577450519	1.0273573398590088
6593.989941672519	1.02640700340271
6594.04830589452	1.025146245956421
6594.10667011652	1.018509864807129
6594.16503433852	1.0040290355682373
6594.22339856052	0.9934328198432922
6594.28176278252	0.9821129441261292
6594.34012700452	0.9762328267097473
6594.39849122652	0.9732664227485657
6594.4568554485195	0.9779309630393982
6594.515219670519	0.9864751696586609
6594.573583892519	0.9988058805465698
6594.63194811452	1.013540506362915
6594.69031233652	1.0238186120986938
6594.74867655852	1.0311931371688843
6594.80704078052	1.0315020084381104
6594.86540500252	1.0288739204406738
6594.92376922452	1.0258972644805908
6594.98213344652	1.0232083797454834
6595.0404976685195	1.029729962348938
6595.098861890519	1.0368314981460571
6595.157226112519	1.0347925424575806
6595.21559033452	1.0325226783752441
6595.27395455652	1.0353939533233643
6595.33231877852	1.036487340927124
6595.39068300052	1.034044623374939
6595.44904722252	1.0319737195968628
6595.50741144452	1.0319600105285645
6595.56577566652	1.0318924188613892
6595.6241398885195	1.027724266052246
6595.682504110519	1.0254080295562744
6595.740868332519	1.0300668478012085
6595.79923255452	1.0315192937850952
6595.85759677652	1.0285444259643555
6595.91596099852	1.0263845920562744
6595.97432522052	1.025715947151184
6596.03268944252	1.0249114036560059
6596.09105366452	1.0238595008850098
6596.14941788652	1.0230406522750854
6596.2077821085195	1.0238853693008423
6596.266146330519	1.0228350162506104
6596.324510552519	1.0190659761428833
6596.38287477452	1.018309473991394
6596.44123899652	1.020774245262146
6596.49960321852	1.0209336280822754
6596.55796744052	1.0197710990905762
6596.61633166252	1.0185093879699707
6596.67469588452	1.0168551206588745
6596.73306010652	1.0176597833633423
6596.7914243285195	1.0207465887069702
6596.849788550519	1.0181543827056885
6596.908152772519	1.0116794109344482
6596.96651699452	1.0089781284332275
6597.02488121652	1.0085985660552979
6597.08324543852	1.011841893196106
6597.14160966052	1.0163809061050415
6597.19997388252	1.01888108253479
6597.25833810452	1.0207358598709106
6597.31670232652	1.0185215473175049
6597.3750665485195	1.0146340131759644
6597.433430770519	1.0181066989898682
6597.491794992519	1.0230286121368408
6597.550159214519	1.0235111713409424
6597.60852343652	1.022651195526123
6597.66688765852	1.0259987115859985
6597.72525188052	1.0289924144744873
6597.78361610252	1.0290076732635498
6597.84198032452	1.0285778045654297
6597.90034454652	1.026010513305664
6597.9587087685195	1.0241018533706665
6598.017072990519	1.0265748500823975
6598.075437212519	1.028953194618225
6598.13380143452	1.0282845497131348
6598.19216565652	1.0279361009597778
6598.25052987852	1.0302364826202393
6598.30889410052	1.0308704376220703
6598.36725832252	1.0256396532058716
6598.42562254452	1.0226298570632935
6598.48398676652	1.0279968976974487
6598.5423509885195	1.0283265113830566
6598.600715210519	1.016002893447876
6598.659079432519	1.0134135484695435
6598.717443654519	1.0254969596862793
6598.77580787652	1.030159831047058
6598.83417209852	1.0296878814697266
6598.89253632052	1.0281771421432495
6598.95090054252	1.0247703790664673
6599.00926476452	1.0185611248016357
6599.06762898652	1.0065736770629883
6599.1259932085195	0.9920143485069275
6599.184357430519	0.9683817028999329
6599.242721652519	0.9574037194252014
6599.30108587452	0.9476709365844727
6599.35945009652	0.9444788694381714
6599.41781431852	0.9466840624809265
6599.47617854052	0.9589400887489319
6599.53454276252	0.9796923995018005
6599.59290698452	0.9905320405960083
6599.65127120652	0.9997051358222961
6599.7096354285195	1.0050171613693237
6599.767999650519	1.0078151226043701
6599.826363872519	1.013445496559143
6599.884728094519	1.019303321838379
6599.94309231652	1.0217317342758179
6600.00145653852	1.0234311819076538
6600.05982076052	1.0228976011276245
6600.11818498252	1.0222877264022827
6600.17654920452	1.0231865644454956
6600.23491342652	1.0248026847839355
6600.2932776485195	1.0263766050338745
6600.351641870519	1.0271669626235962
6600.410006092519	1.026463508605957
6600.468370314519	1.025580883026123
6600.52673453652	1.020318865776062
6600.58509875852	1.0165997743606567
6600.64346298052	1.020634651184082
6600.70182720252	1.0240552425384521
6600.76019142452	1.0253576040267944
6600.81855564652	1.0256767272949219
6600.8769198685195	1.0234910249710083
6600.935284090519	1.0217050313949585
6600.993648312519	1.0205280780792236
6601.052012534519	1.0207488536834717
6601.11037675652	1.0226401090621948
6601.16874097852	1.0228369235992432
6601.22710520052	1.0193240642547607
6601.28546942252	1.01908540725708
6601.34383364452	1.0245383977890015
6601.40219786652	1.0254852771759033
6601.4605620885195	1.0235495567321777
6601.518926310519	1.02357816696167
6601.577290532519	1.0279176235198975
6601.635654754519	1.0255253314971924
6601.69401897652	1.0181641578674316
6601.75238319852	1.0140410661697388
6601.81074742052	1.0109939575195312
6601.86911164252	1.005248785018921
6601.92747586452	0.9971277117729187
6601.98584008652	0.9842227697372437
6602.0442043085195	0.9657906293869019
6602.102568530519	0.9614328742027283
6602.160932752519	0.9648693799972534
6602.219296974519	0.97648024559021
6602.27766119652	0.9921666979789734
6602.33602541852	1.0028274059295654
6602.39438964052	1.0112814903259277
6602.45275386252	1.0156338214874268
6602.51111808452	1.0184094905853271
6602.56948230652	1.0221561193466187
6602.6278465285195	1.023402214050293
6602.686210750519	1.0197113752365112
6602.744574972519	1.0158882141113281
6602.802939194519	1.015429973602295
6602.86130341652	1.0156636238098145
6602.91966763852	1.018700361251831
6602.97803186052	1.0213196277618408
6603.03639608252	1.0236036777496338
6603.09476030452	1.0239827632904053
6603.15312452652	1.0216811895370483
6603.2114887485195	1.020629644393921
6603.269852970519	1.024190902709961
6603.328217192519	1.025844931602478
6603.386581414519	1.0241649150848389
6603.44494563652	1.0233473777770996
6603.50330985852	1.019960641860962
6603.56167408052	1.01649808883667
6603.62003830252	1.0101776123046875
6603.67840252452	1.0095731019973755
6603.73676674652	1.014400839805603
6603.7951309685195	1.0164246559143066
6603.853495190519	1.0160003900527954
6603.911859412519	1.0174347162246704
6603.970223634519	1.0211397409439087
6604.02858785652	1.0211162567138672
6604.08695207852	1.0188409090042114
6604.14531630052	1.0199766159057617
6604.20368052252	1.024696946144104
6604.26204474452	1.0251291990280151
6604.32040896652	1.0249189138412476
6604.3787731885195	1.0237154960632324
6604.437137410519	1.0212188959121704
6604.495501632519	1.0198994874954224
6604.553865854519	1.0177431106567383
6604.61223007652	1.013946533203125
6604.67059429852	1.0099035501480103
6604.72895852052	1.0061537027359009
6604.78732274252	1.0033392906188965
6604.84568696452	1.0068916082382202
6604.90405118652	1.0112075805664062
6604.9624154085195	1.0093814134597778
6605.020779630519	1.0075197219848633
6605.079143852519	1.0125678777694702
6605.137508074519	1.0168215036392212
6605.19587229652	1.0144951343536377
6605.25423651852	1.0116500854492188
6605.31260074052	1.0073401927947998
6605.37096496252	1.0025341510772705
6605.42932918452	0.9969713687896729
6605.48769340652	0.9918868541717529
6605.5460576285195	0.9902685880661011
6605.604421850519	0.9890092015266418
6605.662786072519	0.9857282042503357
6605.721150294519	0.9888834953308105
6605.77951451652	1.004297137260437
6605.83787873852	1.0124037265777588
6605.89624296052	1.010964274406433
6605.95460718252	1.012136697769165
6606.01297140452	1.013728380203247
6606.07133562652	1.017289161682129
6606.1296998485195	1.0241806507110596
6606.188064070519	1.0262242555618286
6606.246428292519	1.0226445198059082
6606.304792514519	1.0212081670761108
6606.36315673652	1.0180038213729858
6606.42152095852	1.0158402919769287
6606.47988518052	1.01302170753479
6606.53824940252	1.0146809816360474
6606.59661362452	1.019349455833435
6606.65497784652	1.0173006057739258
6606.7133420685195	1.0142011642456055
6606.771706290519	1.013749361038208
6606.830070512519	1.0140107870101929
6606.888434734519	1.0120705366134644
6606.94679895652	1.0107065439224243
6607.00516317852	1.0165868997573853
6607.06352740052	1.0235532522201538
6607.12189162252	1.0227311849594116
6607.18025584452	1.019405722618103
6607.23862006652	1.014310359954834
6607.2969842885195	1.0112206935882568
6607.355348510519	1.0165472030639648
6607.413712732519	1.0202994346618652
6607.472076954519	1.0175989866256714
6607.53044117652	1.0154204368591309
6607.58880539852	1.0160410404205322
6607.64716962052	1.0172841548919678
6607.70553384252	1.0202090740203857
6607.76389806452	1.0212198495864868
6607.82226228652	1.0201661586761475
6607.8806265085195	1.0190459489822388
6607.938990730519	1.0162742137908936
6607.997354952519	1.0157005786895752
6608.055719174519	1.014933705329895
6608.11408339652	1.0150210857391357
6608.17244761852	1.015536904335022
6608.23081184052	1.015382170677185
6608.28917606252	1.0150244235992432
6608.34754028452	1.0135382413864136
6608.40590450652	1.0094943046569824
6608.4642687285195	1.0108795166015625
6608.522632950519	1.015758752822876
6608.580997172519	1.0200138092041016
6608.639361394519	1.0256208181381226
6608.69772561652	1.0250732898712158
6608.75608983852	1.0239193439483643
6608.81445406052	1.0216052532196045
6608.87281828252	1.0187113285064697
6608.93118250452	1.0153254270553589
6608.98954672652	1.0131429433822632
6609.0479109485195	1.0155894756317139
6609.106275170519	1.0193408727645874
6609.164639392519	1.016357660293579
6609.223003614519	1.0129820108413696
6609.28136783652	1.0123155117034912
6609.33973205852	1.0118310451507568
6609.39809628052	1.0106792449951172
6609.45646050252	1.0096389055252075
6609.51482472452	1.0098330974578857
6609.57318894652	1.0092575550079346
6609.6315531685195	1.0029053688049316
6609.689917390519	1.0015146732330322
6609.748281612519	1.0113786458969116
6609.806645834519	1.0178265571594238
6609.86501005652	1.01914381980896
6609.92337427852	1.018595576286316
6609.98173850052	1.012933611869812
6610.04010272252	1.011475920677185
6610.09846694452	1.0150498151779175
6610.15683116652	1.0155127048492432
6610.2151953885195	1.013946771621704
6610.273559610519	1.0116889476776123
6610.331923832519	1.0076987743377686
6610.390288054519	1.0090749263763428
6610.44865227652	1.0173925161361694
6610.50701649852	1.0187969207763672
6610.56538072052	1.0186684131622314
6610.62374494252	1.0173017978668213
6610.68210916452	1.0148898363113403
6610.74047338652	1.0173964500427246
6610.7988376085195	1.021217703819275
6610.857201830519	1.0237560272216797
6610.915566052519	1.0250098705291748
6610.973930274519	1.0200974941253662
6611.03229449652	1.0125175714492798
6611.09065871852	1.0139974355697632
6611.14902294052	1.0168746709823608
6611.20738716252	1.0172761678695679
6611.26575138452	1.017695426940918
6611.32411560652	1.0137444734573364
6611.3824798285195	1.0105564594268799
6611.440844050519	1.012317180633545
6611.499208272519	1.0122733116149902
6611.557572494519	1.0083911418914795
6611.61593671652	1.0054312944412231
6611.67430093852	1.00679349899292
6611.73266516052	1.007292628288269
6611.79102938252	1.0039446353912354
6611.84939360452	1.0044385194778442
6611.90775782652	1.0104390382766724
6611.9661220485195	1.0139045715332031
6612.024486270519	1.0116997957229614
6612.082850492519	1.0104883909225464
6612.141214714519	1.0110664367675781
6612.19957893652	1.0110352039337158
6612.25794315852	1.0119916200637817
6612.31630738052	1.0033862590789795
6612.37467160252	0.98658287525177
6612.43303582452	0.9758657813072205
6612.49140004652	0.9672372937202454
6612.5497642685195	0.9660276174545288
6612.608128490519	0.9719222784042358
6612.666492712519	0.9823737740516663
6612.724856934519	0.9960373640060425
6612.78322115652	1.0017677545547485
6612.84158537852	1.005436897277832
6612.89994960052	1.0041462182998657
6612.95831382252	1.0002188682556152
6613.01667804452	1.0041449069976807
6613.07504226652	1.0096276998519897
6613.1334064885195	1.0064877271652222
6613.191770710519	1.0031062364578247
6613.250134932519	1.0056190490722656
6613.308499154519	1.0097832679748535
6613.36686337652	1.0173619985580444
6613.42522759852	1.0226863622665405
6613.48359182052	1.0188348293304443
6613.54195604252	1.016434669494629
6613.60032026452	1.020722508430481
6613.65868448652	1.0224350690841675
6613.7170487085195	1.0175330638885498
6613.775412930519	1.0158814191818237
6613.833777152519	1.0186856985092163
6613.892141374519	1.0200973749160767
6613.95050559652	1.0206321477890015
6614.00886981852	1.0199493169784546
6614.06723404052	1.01450514793396
6614.12559826252	1.0133987665176392
6614.18396248452	1.0174839496612549
6614.24232670652	1.0180662870407104
6614.3006909285195	1.0172361135482788
6614.359055150519	1.016618013381958
6614.417419372519	1.016830563545227
6614.475783594519	1.0162185430526733
6614.534147816519	1.0141656398773193
6614.59251203852	1.0157743692398071
6614.65087626052	1.0172795057296753
6614.70924048252	1.0189282894134521
6614.76760470452	1.020580530166626
6614.82596892652	1.0207417011260986
6614.8843331485195	1.0192968845367432
6614.942697370519	1.0161548852920532
6615.001061592519	1.0119733810424805
6615.059425814519	1.0093085765838623
6615.11779003652	1.007668375968933
6615.17615425852	1.0076344013214111
6615.23451848052	1.0088162422180176
6615.29288270252	1.0103349685668945
6615.35124692452	1.0109530687332153
6615.40961114652	1.008962869644165
6615.46797536852	1.007196307182312
6615.5263395905195	1.0048373937606812
6615.584703812519	1.0036413669586182
6615.643068034519	1.0046035051345825
6615.701432256519	1.0055954456329346
6615.75979647852	1.0079509019851685
6615.81816070052	1.0103819370269775
6615.87652492252	1.015494704246521
6615.93488914452	1.0170950889587402
6615.99325336652	1.0150243043899536
6616.05161758852	1.014297604560852
6616.1099818105195	1.0128250122070312
6616.168346032519	1.0132033824920654
6616.226710254519	1.0152384042739868
6616.285074476519	1.0172781944274902
6616.34343869852	1.0163415670394897
6616.40180292052	1.0165563821792603
6616.46016714252	1.0152546167373657
6616.51853136452	1.0141375064849854
6616.57689558652	1.010776162147522
6616.63525980852	1.0150140523910522
6616.6936240305195	1.0204479694366455
6616.751988252519	1.0185880661010742
6616.810352474519	1.015952229499817
6616.868716696519	1.0173699855804443
6616.92708091852	1.019203543663025
6616.98544514052	1.019712209701538
6617.04380936252	1.0200653076171875
6617.10217358452	1.0203065872192383
6617.16053780652	1.0197234153747559
6617.21890202852	1.0194703340530396
6617.2772662505195	1.017397165298462
6617.335630472519	1.0122323036193848
6617.393994694519	1.009610891342163
6617.452358916519	1.0120031833648682
6617.51072313852	1.0128965377807617
6617.56908736052	1.0134931802749634
6617.62745158252	1.0134996175765991
6617.68581580452	1.0122843980789185
6617.74418002652	1.0116889476776123
6617.80254424852	1.0117648839950562
6617.8609084705195	1.011374592781067
6617.919272692519	1.0114082098007202
6617.977636914519	1.011642575263977
6618.036001136519	1.0134811401367188
6618.09436535852	1.0168057680130005
6618.15272958052	1.0204050540924072
6618.21109380252	1.0200945138931274
6618.26945802452	1.016322135925293
6618.32782224652	1.0160897970199585
6618.38618646852	1.0166913270950317
6618.4445506905195	1.0153470039367676
6618.502914912519	1.013152837753296
6618.561279134519	1.0148135423660278
6618.619643356519	1.0167979001998901
6618.67800757852	1.014670729637146
6618.73637180052	1.0123990774154663
6618.79473602252	1.012363076210022
6618.85310024452	1.0119450092315674
6618.91146446652	1.0077486038208008
6618.96982868852	1.0046015977859497
6619.0281929105195	1.010329008102417
6619.086557132519	1.0158876180648804
6619.144921354519	1.0171234607696533
6619.203285576519	1.0170406103134155
6619.26164979852	1.0155428647994995
6619.32001402052	1.014474630355835
6619.37837824252	1.0112195014953613
6619.43674246452	1.0120412111282349
6619.49510668652	1.0189121961593628
6619.55347090852	1.0210930109024048
6619.6118351305195	1.0175894498825073
6619.670199352519	1.0165528059005737
6619.728563574519	1.0162121057510376
6619.786927796519	1.0171817541122437
6619.84529201852	1.0177747011184692
6619.90365624052	1.0164951086044312
6619.96202046252	1.012800693511963
6620.02038468452	1.0142273902893066
6620.07874890652	1.017815351486206
6620.13711312852	1.0208163261413574
6620.1954773505195	1.022681474685669
6620.253841572519	1.0203218460083008
6620.312205794519	1.0167104005813599
6620.370570016519	1.0125634670257568
6620.42893423852	1.0100922584533691
6620.48729846052	1.0169273614883423
6620.54566268252	1.0240575075149536
6620.60402690452	1.0234431028366089
6620.66239112652	1.0215437412261963
6620.72075534852	1.0185649394989014
6620.7791195705195	1.0157064199447632
6620.837483792519	1.0128201246261597
6620.895848014519	1.0116117000579834
6620.954212236519	1.0153050422668457
6621.01257645852	1.0174897909164429
6621.07094068052	1.0188151597976685
6621.12930490252	1.0196164846420288
6621.18766912452	1.0216383934020996
6621.24603334652	1.0211459398269653
6621.30439756852	1.0204050540924072
6621.3627617905195	1.0170503854751587
6621.421126012519	1.0077612400054932
6621.479490234519	1.0058521032333374
6621.537854456519	1.008845567703247
6621.59621867852	1.013940453529358
6621.65458290052	1.0224040746688843
6621.71294712252	1.0207130908966064
6621.77131134452	1.012595534324646
6621.82967556652	1.010928750038147
6621.88803978852	1.0102466344833374
6621.9464040105195	1.009263038635254
6622.004768232519	1.0092071294784546
6622.063132454519	1.0091636180877686
6622.121496676519	1.0099321603775024
6622.17986089852	1.0135325193405151
6622.23822512052	1.0171594619750977
6622.29658934252	1.0176242589950562
6622.35495356452	1.0165117979049683
6622.41331778652	1.0131391286849976
6622.47168200852	1.0124194622039795
6622.5300462305195	1.0147745609283447
6622.588410452519	1.016433596611023
6622.646774674519	1.0185762643814087
6622.705138896519	1.01789391040802
6622.76350311852	1.0085163116455078
6622.82186734052	1.006489872932434
6622.88023156252	1.0158097743988037
6622.93859578452	1.0199916362762451
6622.99696000652	1.0239365100860596
6623.05532422852	1.0239440202713013
6623.1136884505195	1.0213978290557861
6623.172052672519	1.0213589668273926
6623.230416894519	1.0240044593811035
6623.288781116519	1.022109866142273
6623.34714533852	1.017069935798645
6623.40550956052	1.019187331199646
6623.46387378252	1.0245246887207031
6623.52223800452	1.0255379676818848
6623.58060222652	1.0263614654541016
6623.63896644852	1.0266189575195312
6623.6973306705195	1.0259690284729004
6623.755694892519	1.0210685729980469
6623.814059114519	1.0157278776168823
6623.872423336519	1.0157514810562134
6623.93078755852	1.0166926383972168
6623.98915178052	1.0201318264007568
6624.04751600252	1.0237505435943604
6624.10588022452	1.0217009782791138
6624.16424444652	1.0201802253723145
6624.22260866852	1.0224753618240356
6624.2809728905195	1.0239760875701904
6624.339337112519	1.0227820873260498
6624.397701334519	1.0215429067611694
6624.456065556519	1.021012306213379
6624.51442977852	1.0203014612197876
6624.57279400052	1.021113395690918
6624.63115822252	1.0199458599090576
6624.68952244452	1.014413595199585
6624.74788666652	1.0151479244232178
6624.80625088852	1.0201581716537476
6624.8646151105195	1.0207066535949707
6624.922979332519	1.0189855098724365
6624.981343554519	1.0174295902252197
6625.039707776519	1.0147916078567505
6625.09807199852	1.018708348274231
6625.15643622052	1.025215744972229
6625.21480044252	1.0223360061645508
6625.27316466452	1.0183686017990112
6625.33152888652	1.0192713737487793
6625.38989310852	1.020103931427002
6625.4482573305195	1.0163995027542114
6625.506621552519	1.0124431848526
6625.564985774519	1.0123002529144287
6625.623349996519	1.0127898454666138
6625.68171421852	1.01436185836792
6625.74007844052	1.0159499645233154
6625.79844266252	1.0198583602905273
6625.85680688452	1.0209472179412842
6625.91517110652	1.0192437171936035
6625.97353532852	1.018154501914978
6626.0318995505195	1.0197961330413818
6626.090263772519	1.018957495689392
6626.148627994519	1.0181212425231934
6626.206992216519	1.0145500898361206
6626.26535643852	1.0038230419158936
6626.32372066052	0.9991274476051331
6626.38208488252	0.9991835355758667
6626.44044910452	0.9991357922554016
6626.49881332652	0.9978684782981873
6626.55717754852	1.0023276805877686
6626.6155417705195	1.0114622116088867
6626.673905992519	1.0110554695129395
6626.732270214519	1.0059453248977661
6626.790634436519	1.0126792192459106
6626.84899865852	1.0214881896972656
6626.90736288052	1.0224967002868652
6626.96572710252	1.021341323852539
6627.02409132452	1.0188531875610352
6627.08245554652	1.0157675743103027
6627.14081976852	1.014452338218689
6627.1991839905195	1.01430344581604
6627.257548212519	1.0167914628982544
6627.315912434519	1.0178076028823853
6627.374276656519	1.0112764835357666
6627.43264087852	1.0084638595581055
6627.49100510052	1.0185610055923462
6627.54936932252	1.02237868309021
6627.60773354452	1.0180872678756714
6627.66609776652	1.0164477825164795
6627.72446198852	1.0174263715744019
6627.7828262105195	1.0174697637557983
6627.841190432519	1.0149034261703491
6627.899554654519	1.013697862625122
6627.957918876519	1.0132262706756592
6628.01628309852	1.0087635517120361
6628.07464732052	0.9989352822303772
6628.13301154252	0.9970267415046692
6628.19137576452	0.9972069263458252
6628.24973998652	1.0017516613006592
6628.30810420852	1.0077673196792603
6628.3664684305195	1.0101308822631836
6628.424832652519	1.0124164819717407
6628.483196874519	1.0171267986297607
6628.541561096519	1.020632266998291
6628.59992531852	1.0166136026382446
6628.65828954052	1.0124655961990356
6628.71665376252	1.0166493654251099
6628.77501798452	1.0179779529571533
6628.83338220652	1.0127278566360474
6628.89174642852	1.0080841779708862
6628.9501106505195	1.0064680576324463
6629.008474872519	1.0055543184280396
6629.066839094519	1.0078880786895752
6629.125203316519	1.0101356506347656
6629.18356753852	1.0100518465042114
6629.24193176052	1.011878252029419
6629.30029598252	1.014591932296753
6629.35866020452	1.0150907039642334
6629.41702442652	1.012810230255127
6629.47538864852	1.014866828918457
6629.5337528705195	1.0226948261260986
6629.592117092519	1.0215095281600952
6629.650481314519	1.0150187015533447
6629.708845536519	1.0179767608642578
6629.76720975852	1.025305151939392
6629.82557398052	1.0223159790039062
6629.88393820252	1.017186164855957
6629.94230242452	1.0157146453857422
6630.00066664652	1.014516830444336
6630.05903086852	1.0131244659423828
6630.1173950905195	1.0131144523620605
6630.175759312519	1.0159854888916016
6630.234123534519	1.0180084705352783
6630.292487756519	1.01725172996521
6630.350851978519	1.0158329010009766
6630.40921620052	1.011986255645752
6630.46758042252	1.0099371671676636
6630.52594464452	1.0108470916748047
6630.58430886652	1.0111345052719116
6630.64267308852	1.0132687091827393
6630.7010373105195	1.0135020017623901
6630.759401532519	1.0133298635482788
6630.817765754519	1.013419508934021
6630.876129976519	1.0124497413635254
6630.93449419852	1.0126224756240845
6630.99285842052	1.0129040479660034
6631.05122264252	1.0138708353042603
6631.10958686452	1.016365647315979
6631.16795108652	1.0148066282272339
6631.22631530852	1.0108627080917358
6631.2846795305195	1.0110626220703125
6631.343043752519	1.0130705833435059
6631.401407974519	1.0160324573516846
6631.459772196519	1.0194298028945923
6631.518136418519	1.0169658660888672
6631.57650064052	1.0128648281097412
6631.63486486252	1.0159292221069336
6631.69322908452	1.0185284614562988
6631.75159330652	1.0211399793624878
6631.80995752852	1.0222631692886353
6631.8683217505195	1.0162361860275269
6631.926685972519	1.0115383863449097
6631.985050194519	1.0108827352523804
6632.043414416519	1.0095562934875488
6632.10177863852	1.0063711404800415
6632.16014286052	1.0037206411361694
6632.21850708252	1.0032563209533691
6632.27687130452	1.0035154819488525
6632.33523552652	1.0063968896865845
6632.39359974852	1.0092930793762207
6632.4519639705195	1.0132229328155518
6632.510328192519	1.012576937675476
6632.568692414519	1.009308934211731
6632.627056636519	1.0056228637695312
6632.685420858519	1.0005770921707153
6632.74378508052	1.0011591911315918
6632.80214930252	1.0042650699615479
6632.86051352452	1.0070009231567383
6632.91887774652	1.0092936754226685
6632.97724196852	1.0052955150604248
6633.0356061905195	1.0006325244903564
6633.093970412519	1.0023318529129028
6633.152334634519	1.0041863918304443
6633.210698856519	1.0017670392990112
6633.269063078519	1.0003217458724976
6633.32742730052	1.00081467628479
6633.38579152252	1.0016024112701416
6633.44415574452	1.0041916370391846
6633.50251996652	1.0067481994628906
6633.56088418852	1.0109316110610962
6633.6192484105195	1.0120316743850708
6633.677612632519	1.0047355890274048
6633.735976854519	1.0041210651397705
6633.794341076519	1.0111355781555176
6633.852705298519	1.0134066343307495
6633.91106952052	1.0150903463363647
6633.96943374252	1.0132383108139038
6634.02779796452	1.0104752779006958
6634.08616218652	1.0113990306854248
6634.14452640852	1.0138851404190063
6634.2028906305195	1.0165536403656006
6634.261254852519	1.0188078880310059
6634.319619074519	1.0113306045532227
6634.377983296519	1.0013394355773926
6634.436347518519	1.0026471614837646
6634.49471174052	1.0050342082977295
6634.55307596252	1.0068233013153076
6634.61144018452	1.0078927278518677
6634.66980440652	1.0023088455200195
6634.72816862852	0.9991308450698853
6634.7865328505195	1.0010970830917358
6634.844897072519	1.0016599893569946
6634.903261294519	1.0016638040542603
6634.961625516519	1.0032213926315308
6635.019989738519	1.0071359872817993
6635.07835396052	1.0077712535858154
6635.13671818252	1.0060137510299683
6635.19508240452	1.006226897239685
6635.25344662652	1.0095155239105225
6635.31181084852	1.0074623823165894
6635.3701750705195	1.0004189014434814
6635.428539292519	1.0008978843688965
6635.486903514519	1.0064198970794678
6635.545267736519	1.0097330808639526
6635.603631958519	1.0131783485412598
6635.66199618052	1.0120488405227661
6635.72036040252	1.0095981359481812
6635.77872462452	1.0074230432510376
6635.83708884652	1.0055335760116577
6635.89545306852	1.0110862255096436
6635.9538172905195	1.0172748565673828
6636.012181512519	1.0143380165100098
6636.070545734519	1.0110448598861694
6636.128909956519	1.0045830011367798
6636.187274178519	1.0002613067626953
6636.24563840052	1.0017071962356567
6636.30400262252	1.0038683414459229
6636.36236684452	1.0079413652420044
6636.42073106652	1.0098696947097778
6636.47909528852	1.0089588165283203
6636.5374595105195	1.0084558725357056
6636.595823732519	1.0080211162567139
6636.654187954519	1.0070692300796509
6636.712552176519	1.0052177906036377
6636.770916398519	1.006487488746643
6636.82928062052	1.0108171701431274
6636.88764484252	1.0099881887435913
6636.94600906452	1.0081610679626465
6637.00437328652	1.006975769996643
6637.06273750852	1.0062071084976196
6637.1211017305195	1.003467321395874
6637.179465952519	1.000344157218933
6637.237830174519	1.0023083686828613
6637.296194396519	1.003956913948059
6637.354558618519	1.0035208463668823
6637.41292284052	1.0028882026672363
6637.47128706252	0.9992474913597107
6637.52965128452	0.9970191717147827
6637.58801550652	1.0034102201461792
6637.64637972852	1.0064016580581665
6637.7047439505195	1.002619743347168
6637.763108172519	1.001611590385437
6637.821472394519	1.0037791728973389
6637.879836616519	1.0033555030822754
6637.938200838519	0.9982357621192932
6637.99656506052	0.9962602257728577
6638.05492928252	0.9970940351486206
6638.11329350452	0.9944771528244019
6638.17165772652	0.9904492497444153
6638.23002194852	0.988588809967041
6638.2883861705195	0.9895007610321045
6638.346750392519	0.9898437261581421
6638.405114614519	0.9896916747093201
6638.463478836519	0.9900229573249817
6638.521843058519	0.9917071461677551
6638.58020728052	0.9936588406562805
6638.63857150252	0.9958763122558594
6638.69693572452	0.9976125955581665
6638.75529994652	0.9984216094017029
6638.81366416852	0.9963753819465637
6638.8720283905195	0.9937807321548462
6638.930392612519	0.9946731925010681
6638.988756834519	0.9951488971710205
6639.047121056519	0.9942584037780762
6639.105485278519	0.995292067527771
6639.16384950052	1.001393437385559
6639.22221372252	1.0024292469024658
6639.28057794452	0.995461642742157
6639.33894216652	0.9931847453117371
6639.39730638852	0.9940878748893738
6639.4556706105195	0.9950916171073914
6639.514034832519	0.9973927736282349
6639.572399054519	0.9962112307548523
6639.630763276519	0.9919885993003845
6639.689127498519	0.9913034439086914
6639.74749172052	0.9915337562561035
6639.80585594252	0.9940912127494812
6639.86422016452	0.9979251623153687
6639.92258438652	0.9956303238868713
6639.98094860852	0.9915083646774292
6640.0393128305195	0.9984069466590881
6640.097677052519	1.0042997598648071
6640.156041274519	0.9965069890022278
6640.214405496519	0.991139829158783
6640.272769718519	0.9961720705032349
6640.33113394052	0.9982133507728577
6640.38949816252	0.9941169023513794
6640.44786238452	0.9924216270446777
6640.50622660652	0.9924418926239014
6640.56459082852	0.9930810928344727
6640.6229550505195	0.9940281510353088
6640.681319272519	0.9957119226455688
6640.739683494519	1.001326322555542
6640.798047716519	0.9995318055152893
6640.856411938519	0.9922548532485962
6640.91477616052	0.9932147860527039
6640.97314038252	0.9980337619781494
6641.03150460452	0.9961713552474976
6641.08986882652	0.9929470419883728
6641.14823304852	0.9940149188041687
6641.2065972705195	0.9963037967681885
6641.264961492519	0.9976716041564941
6641.323325714519	0.9991701245307922
6641.381689936519	0.9984169006347656
6641.440054158519	0.9978920817375183
6641.49841838052	0.9998226165771484
6641.55678260252	1.0016945600509644
6641.61514682452	1.004223346710205
6641.67351104652	1.0054115056991577
6641.73187526852	1.0052409172058105
6641.7902394905195	1.0040521621704102
6641.848603712519	1.000901222229004
6641.906967934519	0.99724280834198
6641.965332156519	0.9920073747634888
6642.023696378519	0.9896235466003418
6642.08206060052	0.9897962808609009
6642.14042482252	0.9880529642105103
6642.19878904452	0.9856334328651428
6642.25715326652	0.9845328330993652
6642.31551748852	0.9825997948646545
6642.3738817105195	0.9812791347503662
6642.432245932519	0.9780699610710144
6642.490610154519	0.9772033095359802
6642.548974376519	0.977413535118103
6642.607338598519	0.9831061363220215
6642.66570282052	0.988890528678894
6642.72406704252	0.9908428192138672
6642.78243126452	0.9909173250198364
6642.84079548652	0.9885090589523315
6642.89915970852	0.9868165850639343
6642.9575239305195	0.9859373569488525
6643.015888152519	0.9856529235839844
6643.074252374519	0.9847639203071594
6643.132616596519	0.9861896634101868
6643.190980818519	0.9890694618225098
6643.24934504052	0.9921223521232605
6643.30770926252	0.9947040677070618
6643.36607348452	0.9970408082008362
6643.42443770652	0.9974280595779419
6643.48280192852	0.9968456625938416
6643.5411661505195	0.992559015750885
6643.599530372519	0.992034912109375
6643.657894594519	0.992595374584198
6643.716258816519	0.9951193332672119
6643.774623038519	0.9965407252311707
6643.83298726052	0.9906103014945984
6643.89135148252	0.983004093170166
6643.94971570452	0.9838686585426331
6644.00807992652	0.9843937158584595
6644.06644414852	0.9797649383544922
6644.1248083705195	0.9779912829399109
6644.183172592519	0.9834999442100525
6644.241536814519	0.9867120385169983
6644.299901036519	0.9861507415771484
6644.358265258519	0.9871944785118103
6644.41662948052	0.9893127083778381
6644.47499370252	0.9905455112457275
6644.53335792452	0.992793083190918
6644.59172214652	0.992376983165741
6644.65008636852	0.9870749115943909
6644.7084505905195	0.9855815768241882
6644.766814812519	0.9855225682258606
6644.825179034519	0.98805832862854
6644.883543256519	0.9930918216705322
6644.941907478519	0.9950000643730164
6645.000271700519	0.9960342645645142
6645.05863592252	0.993910551071167
6645.11700014452	0.9901735782623291
6645.17536436652	0.9931119084358215
6645.23372858852	0.9961025714874268
6645.2920928105195	0.9919127821922302
6645.350457032519	0.9870639443397522
6645.408821254519	0.9829697608947754
6645.467185476519	0.9801183342933655
6645.525549698519	0.9791055917739868
6645.58391392052	0.9820230007171631
6645.64227814252	0.9938340783119202
6645.70064236452	0.998431921005249
6645.75900658652	0.9921489357948303
6645.81737080852	0.9916040897369385
6645.8757350305195	0.9934375286102295
6645.934099252519	0.9934394359588623
6645.992463474519	0.9938650727272034
6646.050827696519	0.9926479458808899
6646.109191918519	0.9897016286849976
6646.167556140519	0.9898781180381775
6646.22592036252	0.9922034740447998
6646.28428458452	0.9881333708763123
6646.34264880652	0.9835596680641174
6646.40101302852	0.9844083189964294
