6500.22047113	0.0596301679443
6500.22047113123	0.7163225412368774
6500.280101299174	0.7183419466018677
6500.339731467118	0.7174422740936279
6500.399361635063	0.7162330150604248
6500.458991803007	0.7149809002876282
6500.518621970951	0.7149624228477478
6500.578252138896	0.714980959892273
6500.63788230684	0.714897096157074
6500.697512474784	0.714160680770874
6500.7571426427285	0.7129461765289307
6500.816772810673	0.712679922580719
6500.876402978617	0.7124667763710022
6500.936033146561	0.7110318541526794
6500.995663314506	0.7095091342926025
6501.05529348245	0.7088100910186768
6501.114923650394	0.7077468633651733
6501.174553818339	0.7086485028266907
6501.234183986283	0.7098276615142822
6501.293814154227	0.7107167840003967
6501.3534443221715	0.7119061946868896
6501.413074490116	0.7136713862419128
6501.47270465806	0.7155022025108337
6501.532334826004	0.7176781296730042
6501.591964993949	0.7199039459228516
6501.651595161893	0.7218477129936218
6501.711225329837	0.7240296006202698
6501.770855497782	0.7241645455360413
6501.830485665726	0.7235763669013977
6501.89011583367	0.7228025197982788
6501.949746001615	0.7215197682380676
6502.009376169559	0.718997597694397
6502.069006337503	0.7159313559532166
6502.1286365054475	0.7131896615028381
6502.188266673392	0.7104434370994568
6502.247896841336	0.7081983685493469
6502.30752700928	0.7065234780311584
6502.367157177225	0.7077289819717407
6502.426787345169	0.7101346850395203
6502.486417513113	0.7124271988868713
6502.546047681058	0.7151740193367004
6502.605677849002	0.7173287868499756
6502.665308016946	0.7189067602157593
6502.724938184891	0.7201797366142273
6502.784568352835	0.7212283611297607
6502.844198520779	0.7212616801261902
6502.9038286887235	0.7202252149581909
6502.963458856668	0.7180709838867188
6503.023089024612	0.7148666977882385
6503.082719192556	0.7114787697792053
6503.142349360501	0.7076188325881958
6503.201979528445	0.7044187784194946
6503.261609696389	0.7024151086807251
6503.321239864334	0.7016386389732361
6503.380870032278	0.7028732895851135
6503.440500200222	0.7047692537307739
6503.5001303681665	0.7079499363899231
6503.559760536111	0.7082790732383728
6503.619390704055	0.7052885890007019
6503.6790208719995	0.7017953991889954
6503.738651039944	0.6988390684127808
6503.798281207888	0.6966836452484131
6503.857911375832	0.6945987939834595
6503.917541543777	0.6932141780853271
6503.977171711721	0.6958169341087341
6504.036801879665	0.6990566253662109
6504.09643204761	0.7049416303634644
6504.156062215554	0.7116886973381042
6504.215692383498	0.7170544266700745
6504.2753225514425	0.722180962562561
6504.334952719387	0.7244940400123596
6504.394582887331	0.7261399030685425
6504.454213055275	0.7260491847991943
6504.51384322322	0.7261608839035034
6504.573473391164	0.7274359464645386
6504.633103559108	0.7287140488624573
6504.692733727053	0.729238748550415
6504.752363894997	0.7280165553092957
6504.811994062941	0.7286875247955322
6504.871624230886	0.7293654680252075
6504.93125439883	0.7275403141975403
6504.990884566774	0.7257998585700989
6505.0505147347185	0.7238250374794006
6505.110144902663	0.7219762206077576
6505.169775070607	0.7226241230964661
6505.229405238551	0.723395824432373
6505.289035406496	0.7249389886856079
6505.34866557444	0.7259562015533447
6505.408295742384	0.723611056804657
6505.467925910329	0.7207699418067932
6505.527556078273	0.7195797562599182
6505.587186246217	0.7194260954856873
6505.646816414162	0.7209025025367737
6505.706446582106	0.7227547764778137
6505.76607675005	0.7234684824943542
6505.8257069179945	0.7242062091827393
6505.885337085939	0.7254047989845276
6505.944967253883	0.7268322110176086
6506.004597421827	0.7257376313209534
6506.064227589772	0.723663866519928
6506.123857757716	0.7239546179771423
6506.18348792566	0.7258213758468628
6506.243118093605	0.7269802093505859
6506.302748261549	0.7276281118392944
6506.362378429493	0.7266850471496582
6506.4220085974375	0.725225031375885
6506.481638765382	0.7246907353401184
6506.541268933326	0.724867045879364
6506.60089910127	0.7248265147209167
6506.660529269215	0.724632203578949
6506.720159437159	0.7256152629852295
6506.779789605103	0.7278594374656677
6506.839419773048	0.7288229465484619
6506.899049940992	0.7284777760505676
6506.958680108936	0.7269234657287598
6507.018310276881	0.7249550819396973
6507.077940444825	0.7233628034591675
6507.137570612769	0.7231744527816772
6507.1972007807135	0.7233341336250305
6507.256830948658	0.7222392559051514
6507.316461116602	0.7207765579223633
6507.376091284546	0.7165784239768982
6507.435721452491	0.713588535785675
6507.495351620435	0.7121906876564026
6507.554981788379	0.7127431035041809
6507.614611956324	0.7152249813079834
6507.674242124268	0.7170177698135376
6507.733872292212	0.7189169526100159
6507.793502460157	0.7209209203720093
6507.853132628101	0.7218722105026245
6507.912762796045	0.721034824848175
6507.9723929639895	0.7170143723487854
6508.032023131934	0.7114577889442444
6508.091653299878	0.7034291625022888
6508.151283467822	0.6951212882995605
6508.210913635767	0.6845844388008118
6508.270543803711	0.6756471395492554
6508.330173971655	0.6668943762779236
6508.3898041396	0.6632248759269714
6508.449434307544	0.6665893197059631
6508.509064475488	0.6721144318580627
6508.5686946434325	0.6828063726425171
6508.628324811377	0.6923917531967163
6508.687954979321	0.7039671540260315
6508.747585147265	0.7125310301780701
6508.80721531521	0.7173643708229065
6508.866845483154	0.7212731242179871
6508.926475651098	0.7227708697319031
6508.986105819043	0.7242903709411621
6509.045735986987	0.7263301014900208
6509.105366154931	0.7270733714103699
6509.164996322876	0.726301908493042
6509.22462649082	0.7261388301849365
6509.284256658764	0.7265985608100891
6509.3438868267085	0.7260683178901672
6509.403516994653	0.7243949174880981
6509.463147162597	0.7236430644989014
6509.522777330541	0.7237181663513184
6509.582407498486	0.7233244776725769
6509.64203766643	0.722335159778595
6509.701667834374	0.7222617268562317
6509.761298002319	0.7238113284111023
6509.820928170263	0.7249263525009155
6509.880558338207	0.7252025008201599
6509.940188506152	0.7246723175048828
6509.999818674096	0.7238809466362
6510.05944884204	0.7233152985572815
6510.1190790099845	0.7230210900306702
6510.178709177929	0.722724199295044
6510.238339345873	0.7222050428390503
6510.297969513817	0.7219171524047852
6510.357599681762	0.7223518490791321
6510.417229849706	0.7237210869789124
6510.47686001765	0.726507306098938
6510.536490185595	0.7269562482833862
6510.596120353539	0.7259125113487244
6510.655750521483	0.7259548902511597
6510.715380689428	0.729516327381134
6510.775010857372	0.73189777135849
6510.834641025316	0.7294666171073914
6510.8942711932605	0.7269914150238037
6510.953901361205	0.7243825793266296
6511.013531529149	0.7223409414291382
6511.073161697093	0.7216030955314636
6511.132791865038	0.7215973138809204
6511.192422032982	0.7212548851966858
6511.252052200926	0.7206938862800598
6511.311682368871	0.7203943729400635
6511.371312536815	0.7207581996917725
6511.430942704759	0.7210384607315063
6511.4905728727035	0.7201186418533325
6511.550203040648	0.7137954235076904
6511.609833208592	0.7066013813018799
6511.669463376536	0.6974357962608337
6511.729093544481	0.6891019940376282
6511.788723712425	0.6809819340705872
6511.848353880369	0.6739715933799744
6511.907984048314	0.6714351773262024
6511.967614216258	0.6708664298057556
6512.027244384202	0.6751567125320435
6512.086874552147	0.680417537689209
6512.146504720091	0.6894749999046326
6512.206134888035	0.69869065284729
6512.2657650559795	0.7098380327224731
6512.325395223924	0.7206169962882996
6512.385025391868	0.7280017137527466
6512.444655559812	0.7351929545402527
6512.504285727757	0.7399404048919678
6512.563915895701	0.7434008717536926
6512.623546063645	0.7444114089012146
6512.68317623159	0.7452977299690247
6512.742806399534	0.7443507313728333
6512.802436567478	0.743696928024292
6512.862066735423	0.7438464760780334
6512.921696903367	0.7446139454841614
6512.981327071311	0.7452171444892883
6513.0409572392555	0.7457517385482788
6513.1005874072	0.7455176115036011
6513.160217575144	0.7437622547149658
6513.219847743088	0.7410635352134705
6513.279477911033	0.7381578683853149
6513.339108078977	0.7345457077026367
6513.398738246921	0.7307701706886292
6513.458368414866	0.7267822027206421
6513.51799858281	0.7251044511795044
6513.577628750754	0.7263761162757874
6513.6372589186985	0.7279475927352905
6513.696889086643	0.729203462600708
6513.756519254587	0.7289662957191467
6513.816149422531	0.7293640971183777
6513.875779590476	0.7276399731636047
6513.93540975842	0.7230260372161865
6513.995039926364	0.7187172174453735
6514.054670094309	0.7146213054656982
6514.114300262253	0.7077164053916931
6514.173930430197	0.6988356113433838
6514.233560598142	0.6884684562683105
6514.293190766086	0.6765812635421753
6514.35282093403	0.6623647809028625
6514.4124511019745	0.6447213888168335
6514.472081269919	0.6277638077735901
6514.531711437863	0.6111894249916077
6514.591341605807	0.6024479269981384
6514.650971773752	0.6018708348274231
6514.710601941696	0.610368013381958
6514.77023210964	0.6294559836387634
6514.829862277585	0.6515223383903503
6514.889492445529	0.6761825680732727
6514.949122613473	0.6969029903411865
6515.008752781418	0.7113891839981079
6515.068382949362	0.7201825976371765
6515.128013117306	0.7221313714981079
6515.1876432852505	0.7222506999969482
6515.247273453195	0.7217591404914856
6515.306903621139	0.7204761505126953
6515.366533789083	0.7176149487495422
6515.426163957028	0.7121999263763428
6515.485794124972	0.7030224204063416
6515.545424292916	0.693017303943634
6515.605054460861	0.6823434829711914
6515.664684628805	0.6739282608032227
6515.724314796749	0.6693745851516724
6515.783944964694	0.6674705147743225
6515.843575132638	0.6700202822685242
6515.903205300582	0.6745320558547974
6515.9628354685265	0.6806885600090027
6516.022465636471	0.6831784844398499
6516.082095804415	0.6759727001190186
6516.141725972359	0.6602615714073181
6516.201356140304	0.6310269236564636
6516.260986308248	0.6009269952774048
6516.320616476192	0.5699325203895569
6516.380246644137	0.543196976184845
6516.439876812081	0.5257900357246399
6516.499506980025	0.5161013007164001
6516.5591371479695	0.5275675058364868
6516.618767315914	0.5449295043945312
6516.678397483858	0.5788480639457703
6516.738027651802	0.6066989302635193
6516.797657819747	0.6292312145233154
6516.857287987691	0.6459725499153137
6516.916918155635	0.6512050628662109
6516.97654832358	0.6583319306373596
6517.036178491524	0.6645784974098206
6517.095808659468	0.6718994975090027
6517.155438827413	0.6830577254295349
6517.215068995357	0.6944252252578735
6517.274699163301	0.7089043855667114
6517.3343293312455	0.7200747728347778
6517.39395949919	0.7264406085014343
6517.453589667134	0.7302522659301758
6517.513219835078	0.7299662828445435
6517.572850003023	0.7271606922149658
6517.632480170967	0.7204242944717407
6517.692110338911	0.7141710519790649
6517.751740506856	0.7073502540588379
6517.8113706748	0.7004337310791016
6517.871000842744	0.6926752328872681
6517.930631010689	0.6913601160049438
6517.990261178633	0.6938995122909546
6518.049891346577	0.6985509395599365
6518.1095215145215	0.7047332525253296
6518.169151682466	0.7114183902740479
6518.22878185041	0.7202740907669067
6518.288412018354	0.7240861654281616
6518.348042186299	0.7252691388130188
6518.407672354243	0.7248093485832214
6518.467302522187	0.7259402871131897
6518.526932690132	0.7257823348045349
6518.586562858076	0.7246396541595459
6518.64619302602	0.7219076156616211
6518.7058231939645	0.7178593873977661
6518.765453361909	0.713421642780304
6518.825083529853	0.7090727090835571
6518.884713697797	0.7049729228019714
6518.944343865742	0.7010331749916077
6519.003974033686	0.6938849687576294
6519.06360420163	0.6843183040618896
6519.123234369575	0.6734952330589294
6519.182864537519	0.6623117923736572
6519.242494705463	0.6502400636672974
6519.302124873408	0.6384752988815308
6519.361755041352	0.6334453225135803
6519.421385209296	0.6311129927635193
6519.4810153772405	0.6371261477470398
6519.540645545185	0.6476905345916748
6519.600275713129	0.6630746126174927
6519.659905881073	0.6808631420135498
6519.719536049018	0.6949230432510376
6519.779166216962	0.7065428495407104
6519.838796384906	0.7122975587844849
6519.898426552851	0.7148731350898743
6519.958056720795	0.7156634330749512
6520.017686888739	0.7158054709434509
6520.077317056684	0.7171401381492615
6520.136947224628	0.7181940674781799
6520.196577392572	0.7184430956840515
6520.2562075605165	0.7181625366210938
6520.315837728461	0.7186675071716309
6520.375467896405	0.7195342183113098
6520.435098064349	0.7200674414634705
6520.494728232294	0.7202183604240417
6520.554358400238	0.7199279069900513
6520.613988568182	0.7193880677223206
6520.673618736127	0.7183703780174255
6520.733248904071	0.717399001121521
6520.792879072015	0.7178273797035217
6520.8525092399595	0.7186452746391296
6520.912139407904	0.7188518047332764
6520.971769575848	0.71875
6521.0313997437925	0.7175284624099731
6521.091029911737	0.7159783244132996
6521.150660079681	0.7151357531547546
6521.210290247625	0.7150494456291199
6521.26992041557	0.7156833410263062
6521.329550583514	0.7161113619804382
6521.389180751458	0.7156656384468079
6521.448810919403	0.7152164578437805
6521.508441087347	0.7148724794387817
6521.568071255291	0.7141562104225159
6521.6277014232355	0.7127839922904968
6521.68733159118	0.7114224433898926
6521.746961759124	0.710719883441925
6521.806591927068	0.7086134552955627
6521.866222095013	0.7048825025558472
6521.925852262957	0.7009288668632507
6521.985482430901	0.6970003247261047
6522.045112598846	0.6949911117553711
6522.10474276679	0.6956301331520081
6522.164372934734	0.6967875361442566
6522.224003102679	0.6986234188079834
6522.283633270623	0.7007519602775574
6522.343263438567	0.7041710019111633
6522.4028936065115	0.7074767351150513
6522.462523774456	0.7100597023963928
6522.5221539424	0.7122084498405457
6522.581784110344	0.7126337289810181
6522.641414278289	0.7112677693367004
6522.701044446233	0.7071050405502319
6522.760674614177	0.7043322920799255
6522.820304782122	0.7049815058708191
6522.879934950066	0.7052675485610962
6522.93956511801	0.704951822757721
6522.999195285955	0.7031335830688477
6523.058825453899	0.6988192200660706
6523.118455621843	0.6946755647659302
6523.1780857897875	0.6898468136787415
6523.237715957732	0.6854923367500305
6523.297346125676	0.6821326613426208
6523.35697629362	0.6777480244636536
6523.416606461565	0.6728366613388062
6523.476236629509	0.6646940112113953
6523.535866797453	0.6534189581871033
6523.595496965398	0.6441165804862976
6523.655127133342	0.6349484324455261
6523.714757301286	0.6270758509635925
6523.7743874692305	0.6170616149902344
6523.834017637175	0.6186373233795166
6523.893647805119	0.6262509226799011
6523.953277973063	0.64032381772995
6524.012908141008	0.659284770488739
6524.072538308952	0.674028754234314
6524.132168476896	0.688565731048584
6524.191798644841	0.6970303654670715
6524.251428812785	0.7036276459693909
6524.311058980729	0.7065427303314209
6524.370689148674	0.7079641222953796
6524.430319316618	0.7090407013893127
6524.489949484562	0.7099793553352356
6524.5495796525065	0.7109142541885376
6524.609209820451	0.7118323445320129
6524.668839988395	0.7115827202796936
6524.728470156339	0.7110890746116638
6524.788100324284	0.7106591463088989
6524.847730492228	0.7102280259132385
6524.907360660172	0.7086787819862366
6524.966990828117	0.7076840400695801
6525.026620996061	0.7087356448173523
6525.086251164005	0.710049569606781
6525.14588133195	0.7108578681945801
6525.205511499894	0.7108193635940552
6525.265141667838	0.7100950479507446
6525.3247718357825	0.7094255685806274
6525.384402003727	0.7099406123161316
6525.444032171671	0.710044801235199
6525.503662339615	0.7082265615463257
6525.56329250756	0.7064676284790039
6525.622922675504	0.7046716809272766
6525.682552843448	0.7031385898590088
6525.742183011393	0.7020179033279419
6525.801813179337	0.700882613658905
6525.861443347281	0.6998874545097351
6525.9210735152255	0.7004517316818237
6525.98070368317	0.7041062116622925
6526.040333851114	0.7073267102241516
6526.0999640190585	0.7089549899101257
6526.159594187003	0.7099345326423645
6526.219224354947	0.7105755805969238
6526.278854522891	0.7110084295272827
6526.338484690836	0.711544394493103
6526.39811485878	0.7118772864341736
6526.457745026724	0.7118655443191528
6526.517375194669	0.7116026282310486
6526.577005362613	0.7111259698867798
6526.636635530557	0.7107087969779968
6526.6962656985015	0.7104350924491882
6526.755895866446	0.7104892730712891
6526.81552603439	0.7106167674064636
6526.875156202334	0.711458146572113
6526.934786370279	0.7129461169242859
6526.994416538223	0.7136724591255188
6527.054046706167	0.7136921286582947
6527.113676874112	0.7126100063323975
6527.173307042056	0.7105541825294495
6527.23293721	0.7086739540100098
6527.292567377945	0.7070943713188171
6527.352197545889	0.7060359120368958
6527.411827713833	0.7049916982650757
6527.4714578817775	0.7034173011779785
6527.531088049722	0.7013800144195557
6527.590718217666	0.7010283470153809
6527.65034838561	0.7021102905273438
6527.709978553555	0.7034620046615601
6527.769608721499	0.7052459120750427
6527.829238889443	0.7076867818832397
6527.888869057388	0.7104767560958862
6527.948499225332	0.71210116147995
6528.008129393276	0.7126908898353577
6528.067759561221	0.7124426364898682
6528.127389729165	0.7116996049880981
6528.187019897109	0.7121830582618713
6528.2466500650535	0.7130632400512695
6528.306280232998	0.7125384211540222
6528.365910400942	0.7117698788642883
6528.425540568886	0.7129120230674744
6528.485170736831	0.7146455645561218
6528.544800904775	0.7141300439834595
6528.604431072719	0.7129819393157959
6528.664061240664	0.7133680582046509
6528.723691408608	0.7138980031013489
6528.783321576552	0.7137075066566467
6528.8429517444965	0.7131057381629944
6528.902581912441	0.7114506363868713
6528.962212080385	0.7096489667892456
6529.021842248329	0.7082610130310059
6529.081472416274	0.7076088786125183
6529.141102584218	0.7076757550239563
6529.200732752162	0.7081366777420044
6529.260362920107	0.7095910310745239
6529.319993088051	0.7108454704284668
6529.379623255995	0.7112721800804138
6529.43925342394	0.7113842368125916
6529.498883591884	0.7100540995597839
6529.558513759828	0.7087618708610535
6529.6181439277725	0.707632839679718
6529.677774095717	0.7075239419937134
6529.737404263661	0.707987368106842
6529.797034431605	0.7082690000534058
6529.85666459955	0.7079599499702454
6529.916294767494	0.7079610228538513
6529.975924935438	0.7093318700790405
6530.035555103383	0.7101618051528931
6530.095185271327	0.71036297082901
6530.154815439271	0.70981764793396
6530.214445607216	0.7079681754112244
6530.27407577516	0.7050352692604065
6530.333705943104	0.7005504965782166
6530.3933361110485	0.695746898651123
6530.452966278993	0.6904907822608948
6530.512596446937	0.6867357492446899
6530.572226614881	0.6837226748466492
6530.631856782826	0.6839583516120911
6530.69148695077	0.6868375539779663
6530.751117118714	0.6908206939697266
6530.810747286659	0.6958962678909302
6530.870377454603	0.6991793513298035
6530.930007622547	0.7018370628356934
6530.9896377904915	0.7041802406311035
6531.049267958436	0.7067772150039673
6531.10889812638	0.7080432176589966
6531.1685282943245	0.7088558673858643
6531.228158462269	0.7096191644668579
6531.287788630213	0.7101303935050964
6531.347418798157	0.7090377807617188
6531.407048966102	0.7080062627792358
6531.466679134046	0.7085438370704651
6531.52630930199	0.7091837525367737
6531.585939469935	0.709144651889801
6531.645569637879	0.7084826231002808
6531.705199805823	0.7076178789138794
6531.7648299737675	0.7067089080810547
6531.824460141712	0.7050228714942932
6531.884090309656	0.7023844718933105
6531.9437204776	0.6953701376914978
6532.003350645545	0.6873076558113098
6532.062980813489	0.673823356628418
6532.122610981433	0.6595719456672668
6532.182241149378	0.6406672596931458
6532.241871317322	0.6287158131599426
6532.301501485266	0.6197878122329712
6532.361131653211	0.6154725551605225
6532.420761821155	0.6200564503669739
6532.480391989099	0.6273893117904663
6532.5400221570435	0.6458218693733215
6532.599652324988	0.6615532636642456
6532.659282492932	0.6775590777397156
6532.718912660876	0.6898805499076843
6532.778542828821	0.6995334625244141
6532.838172996765	0.7047057747840881
6532.897803164709	0.7051808834075928
6532.957433332654	0.706845223903656
6533.017063500598	0.7087797522544861
6533.076693668542	0.7093861103057861
6533.136323836487	0.7093683481216431
6533.195954004431	0.7090633511543274
6533.255584172375	0.708560049533844
6533.3152143403195	0.7080838084220886
6533.374844508264	0.7078098654747009
6533.434474676208	0.7077814936637878
6533.494104844152	0.7079416513442993
6533.553735012097	0.7062441110610962
6533.613365180041	0.7033509612083435
6533.672995347985	0.6975034475326538
6533.73262551593	0.6912043690681458
6533.792255683874	0.6835888028144836
6533.851885851818	0.6758105158805847
6533.9115160197625	0.667340874671936
6533.971146187707	0.6589816212654114
6534.030776355651	0.6566134095191956
6534.090406523595	0.6558079123497009
6534.15003669154	0.6615960597991943
6534.209666859484	0.66799396276474
6534.269297027428	0.6760442852973938
6534.328927195373	0.683310329914093
6534.388557363317	0.6885645389556885
6534.448187531261	0.6921736001968384
6534.507817699206	0.6919138431549072
6534.56744786715	0.6917421221733093
6534.627078035094	0.6917001008987427
6534.6867082030385	0.6920042037963867
6534.746338370983	0.6923320889472961
6534.805968538927	0.6929433345794678
6534.865598706871	0.6943157911300659
6534.925228874816	0.6957484483718872
6534.98485904276	0.6974437236785889
6535.044489210704	0.6986831426620483
6535.104119378649	0.6992859840393066
6535.163749546593	0.7009155750274658
6535.223379714537	0.7034233808517456
6535.283009882482	0.7052054405212402
6535.342640050426	0.7065050601959229
6535.40227021837	0.7073330283164978
6535.4619003863145	0.7079087495803833
6535.521530554259	0.7086628079414368
6535.581160722203	0.7094498872756958
6535.640790890147	0.7103213667869568
6535.700421058092	0.7113773226737976
6535.760051226036	0.7101859450340271
6535.81968139398	0.7080303430557251
6535.879311561925	0.7085250616073608
6535.938941729869	0.7089931964874268
6535.998571897813	0.7071155309677124
6536.0582020657575	0.7047924995422363
6536.117832233702	0.7036044597625732
6536.177462401646	0.7027494311332703
6536.2370925695905	0.7025766968727112
6536.296722737535	0.7025236487388611
6536.356352905479	0.7027022242546082
6536.415983073423	0.7014033198356628
6536.475613241368	0.6962298154830933
6536.535243409312	0.6901822686195374
6536.594873577256	0.6834916472434998
6536.654503745201	0.6781275272369385
6536.714133913145	0.6748167872428894
6536.773764081089	0.6747710704803467
6536.8333942490335	0.6790753602981567
6536.893024416978	0.6846588253974915
6536.952654584922	0.6912034153938293
6537.012284752866	0.6967318058013916
6537.071914920811	0.7008377909660339
6537.131545088755	0.7036337852478027
6537.191175256699	0.7057730555534363
6537.250805424644	0.7062065601348877
6537.310435592588	0.7054004073143005
6537.370065760532	0.7051575779914856
6537.429695928477	0.70539391040802
6537.489326096421	0.7058982253074646
6537.548956264365	0.7065154910087585
6537.6085864323095	0.7070114016532898
6537.668216600254	0.7074304223060608
6537.727846768198	0.7080240249633789
6537.787476936142	0.7087182998657227
6537.847107104087	0.7095639109611511
6537.906737272031	0.7098244428634644
6537.966367439975	0.7087392210960388
6538.02599760792	0.7073566317558289
6538.085627775864	0.7092252969741821
6538.145257943808	0.7120306491851807
6538.204888111753	0.7122883796691895
6538.264518279697	0.711417019367218
6538.324148447641	0.7103229761123657
6538.3837786155855	0.7093333601951599
6538.44340878353	0.7087659239768982
6538.503038951474	0.7087066769599915
6538.562669119418	0.7094789147377014
6538.622299287363	0.7102105617523193
6538.681929455307	0.7102499604225159
6538.741559623251	0.7102493047714233
6538.801189791196	0.710472047328949
6538.86081995914	0.7101448178291321
6538.920450127084	0.7095566987991333
6538.9800802950285	0.7091776132583618
6539.039710462973	0.709719717502594
6539.099340630917	0.710486650466919
6539.158970798861	0.7109598517417908
6539.218600966806	0.7107468247413635
6539.27823113475	0.7096742391586304
6539.337861302694	0.708113431930542
6539.397491470639	0.706032395362854
6539.457121638583	0.7059068083763123
6539.516751806527	0.707099199295044
6539.576381974472	0.7075265645980835
6539.636012142416	0.706974983215332
6539.69564231036	0.7085158228874207
6539.7552724783045	0.7117036581039429
6539.814902646249	0.7131378650665283
6539.874532814193	0.7132021188735962
6539.934162982137	0.7132024765014648
6539.993793150082	0.713310182094574
6540.053423318026	0.7140823006629944
6540.11305348597	0.7143738269805908
6540.172683653915	0.7149996757507324
6540.232313821859	0.7145900726318359
6540.291943989803	0.7131052613258362
6540.351574157748	0.7116729021072388
6540.411204325692	0.7110094428062439
6540.470834493636	0.7111629843711853
6540.5304646615805	0.7121661305427551
6540.590094829525	0.7131756544113159
6540.649724997469	0.7136807441711426
6540.709355165413	0.7139953970909119
6540.768985333358	0.7142136096954346
6540.828615501302	0.7152933478355408
6540.888245669246	0.7170851230621338
6540.947875837191	0.7186079025268555
6541.007506005135	0.718315839767456
6541.067136173079	0.7179154753684998
6541.1267663410235	0.718180775642395
6541.186396508968	0.7183877229690552
6541.246026676912	0.7183020710945129
6541.3056568448565	0.7177700996398926
6541.365287012801	0.7164673805236816
6541.424917180745	0.7147919535636902
6541.484547348689	0.7135580778121948
6541.544177516634	0.7119849920272827
6541.603807684578	0.7113940119743347
6541.663437852522	0.7113991975784302
6541.723068020467	0.711777925491333
6541.782698188411	0.7113127708435059
6541.842328356355	0.7099272608757019
6541.9019585242995	0.7063080072402954
6541.961588692244	0.7009730339050293
6542.021218860188	0.6953089237213135
6542.080849028132	0.6891399025917053
6542.140479196077	0.6821513175964355
6542.200109364021	0.6752817034721375
6542.259739531965	0.6699233651161194
6542.31936969991	0.6672830581665039
6542.378999867854	0.6700416803359985
6542.438630035798	0.6764765977859497
6542.498260203743	0.6859331130981445
6542.557890371687	0.6958410143852234
6542.617520539631	0.7039265036582947
6542.6771507075755	0.7095431089401245
6542.73678087552	0.7112941741943359
6542.796411043464	0.7117985486984253
6542.856041211408	0.712145209312439
6542.915671379353	0.7122981548309326
6542.975301547297	0.7123736143112183
6543.034931715241	0.7123591899871826
6543.094561883186	0.7121183276176453
6543.15419205113	0.7132782340049744
6543.213822219074	0.7164017558097839
6543.273452387019	0.7176454663276672
6543.333082554963	0.7166127562522888
6543.392712722907	0.7134800553321838
6543.4523428908515	0.70810866355896
6543.511973058796	0.7000518441200256
6543.57160322674	0.6890369653701782
6543.631233394684	0.6731101274490356
6543.690863562629	0.6528690457344055
6543.750493730573	0.6317933797836304
6543.810123898517	0.6114733219146729
6543.869754066462	0.5997946262359619
6543.929384234406	0.5968378186225891
6543.98901440235	0.6061283946037292
6544.0486445702945	0.6245552897453308
6544.108274738239	0.6470258831977844
6544.167904906183	0.6710590720176697
6544.227535074127	0.6912086606025696
6544.287165242072	0.7071846127510071
6544.346795410016	0.7164883017539978
6544.40642557796	0.7220619916915894
6544.466055745905	0.7259910702705383
6544.525685913849	0.7281419038772583
6544.585316081793	0.7284632325172424
6544.644946249738	0.7286171913146973
6544.704576417682	0.7295898795127869
6544.764206585626	0.7304496169090271
6544.8238367535705	0.7309190034866333
6544.883466921515	0.7314974069595337
6544.943097089459	0.732394278049469
6545.002727257403	0.7323561310768127
6545.062357425348	0.7310295104980469
6545.121987593292	0.7307826280593872
6545.181617761236	0.7318417429924011
6545.241247929181	0.7331795692443848
6545.300878097125	0.7347366809844971
6545.360508265069	0.7347930073738098
6545.420138433014	0.7334047555923462
6545.479768600958	0.7308865785598755
6545.539398768902	0.7274333834648132
6545.5990289368465	0.7244052290916443
6545.658659104791	0.7217983603477478
6545.718289272735	0.7200217843055725
6545.777919440679	0.7193368077278137
6545.837549608624	0.7206506133079529
6545.897179776568	0.7235777974128723
6545.956809944512	0.7279379367828369
6546.016440112457	0.7327687740325928
6546.076070280401	0.7365434765815735
6546.135700448345	0.7398548126220703
6546.1953306162895	0.7431812882423401
6546.254960784234	0.7455150485038757
6546.314590952178	0.7456562519073486
6546.3742211201225	0.7461918592453003
6546.433851288067	0.7490223050117493
6546.493481456011	0.7506157755851746
6546.553111623955	0.7492961883544922
6546.6127417919	0.748214840888977
6546.672371959844	0.7481366395950317
6546.732002127788	0.7488884925842285
6546.791632295733	0.7505808472633362
6546.851262463677	0.7520647048950195
6546.910892631621	0.7532641291618347
6546.9705227995655	0.7532411813735962
6547.03015296751	0.7520121335983276
6547.089783135454	0.7513300180435181
6547.149413303398	0.7510730624198914
6547.209043471343	0.7500314712524414
6547.268673639287	0.7481927275657654
6547.328303807231	0.7448803782463074
6547.387933975176	0.7398614883422852
6547.44756414312	0.730656087398529
6547.507194311064	0.719356894493103
6547.566824479009	0.7101553082466125
6547.626454646953	0.7033991813659668
6547.686084814897	0.7013439536094666
6547.7457149828415	0.7034850716590881
6547.805345150786	0.7106627225875854
6547.86497531873	0.7203916907310486
6547.924605486674	0.730901837348938
6547.984235654619	0.7402806878089905
6548.043865822563	0.7469450831413269
6548.103495990507	0.7503393292427063
6548.163126158452	0.7502160668373108
6548.222756326396	0.7459302544593811
6548.28238649434	0.7375282049179077
6548.342016662285	0.7249979376792908
6548.401646830229	0.7081685662269592
6548.461276998173	0.691526472568512
6548.5209071661175	0.6749953031539917
6548.580537334062	0.6671069860458374
6548.640167502006	0.6674043536186218
6548.69979766995	0.6759786009788513
6548.759427837895	0.6913657784461975
6548.819058005839	0.7087889313697815
6548.878688173783	0.7275846004486084
6548.938318341728	0.7422930598258972
6548.997948509672	0.7538968324661255
6549.057578677616	0.7612384557723999
6549.1172088455605	0.7657415866851807
6549.176839013505	0.7690269947052002
6549.236469181449	0.771791398525238
6549.296099349393	0.7761827707290649
6549.355729517338	0.7809474468231201
6549.415359685282	0.7846328020095825
6549.474989853226	0.7875628471374512
6549.534620021171	0.7895156741142273
6549.594250189115	0.790981113910675
6549.653880357059	0.792275607585907
6549.713510525004	0.7933350205421448
6549.773140692948	0.7940270304679871
6549.832770860892	0.794998824596405
6549.8924010288365	0.7968186736106873
6549.952031196781	0.7977828979492188
6550.011661364725	0.7970618605613708
6550.071291532669	0.7974978089332581
6550.130921700614	0.7997369170188904
6550.190551868558	0.8015041947364807
6550.250182036502	0.8025755882263184
6550.309812204447	0.8033584952354431
6550.369442372391	0.8038177490234375
6550.429072540335	0.8057956099510193
6550.48870270828	0.8089791536331177
6550.548332876224	0.8105931878089905
6550.607963044168	0.8111960887908936
6550.6675932121125	0.8121116161346436
6550.727223380057	0.8131749033927917
6550.786853548001	0.8137356638908386
6550.846483715945	0.814184844493866
6550.90611388389	0.8158356547355652
6550.965744051834	0.8177824020385742
6551.025374219778	0.8185649514198303
6551.085004387723	0.8192688226699829
6551.144634555667	0.8211694955825806
6551.204264723611	0.8234469294548035
6551.2638948915555	0.8260250687599182
6551.3235250595	0.8280938267707825
6551.383155227444	0.8286243677139282
6551.4427853953885	0.8293652534484863
6551.502415563333	0.831526517868042
6551.562045731277	0.832359790802002
6551.621675899221	0.830669105052948
6551.681306067166	0.8294968605041504
6551.74093623511	0.8295994997024536
6551.800566403054	0.8289750814437866
6551.860196570999	0.827396035194397
6551.919826738943	0.8262017965316772
6551.979456906887	0.8252452611923218
6552.0390870748315	0.825478732585907
6552.098717242776	0.8268404006958008
6552.15834741072	0.8256826400756836
6552.217977578664	0.8236675262451172
6552.277607746609	0.8139540553092957
6552.337237914553	0.8008736968040466
6552.396868082497	0.7819330096244812
6552.456498250442	0.7609047293663025
6552.516128418386	0.7439889311790466
6552.57575858633	0.729747474193573
6552.635388754275	0.7321725487709045
6552.695018922219	0.740934431552887
6552.754649090163	0.7643563747406006
6552.8142792581075	0.790886402130127
6552.873909426052	0.8191190361976624
6552.933539593996	0.844761848449707
6552.99316976194	0.8622385263442993
6553.052799929885	0.876162052154541
6553.112430097829	0.8845810890197754
6553.172060265773	0.8910678029060364
6553.231690433718	0.8953303098678589
6553.291320601662	0.8984096050262451
6553.350950769606	0.900997519493103
6553.410580937551	0.8997966647148132
6553.470211105495	0.8945665955543518
6553.529841273439	0.8886094093322754
6553.5894714413835	0.8815064430236816
6553.649101609328	0.8771375417709351
6553.708731777272	0.8735049366950989
6553.768361945216	0.8766787052154541
6553.827992113161	0.8828050494194031
6553.887622281105	0.8944347500801086
6553.947252449049	0.9084963798522949
6554.006882616994	0.9216545224189758
6554.066512784938	0.9348598718643188
6554.126142952882	0.9428672790527344
6554.1857731208265	0.9497087001800537
6554.245403288771	0.9552425146102905
6554.305033456715	0.960591733455658
6554.364663624659	0.9663946032524109
6554.424293792604	0.9722704887390137
6554.483923960548	0.9784820675849915
6554.543554128492	0.9845308065414429
6554.603184296437	0.9895330667495728
6554.662814464381	0.9947015643119812
6554.722444632325	1.0003888607025146
6554.78207480027	1.0063427686691284
6554.841704968214	1.0128980875015259
6554.901335136158	1.0197269916534424
6554.9609653041025	1.027221441268921
6555.020595472047	1.0344294309616089
6555.080225639991	1.0414236783981323
6555.139855807935	1.0480515956878662
6555.19948597588	1.0538400411605835
6555.259116143824	1.0614619255065918
6555.318746311768	1.0704140663146973
6555.378376479713	1.0794733762741089
6555.438006647657	1.08872389793396
6555.497636815601	1.0980418920516968
6555.557266983546	1.1071178913116455
6555.61689715149	1.118220567703247
6555.676527319434	1.1300806999206543
6555.7361574873785	1.140544056892395
6555.795787655323	1.150645136833191
6555.855417823267	1.1623003482818604
6555.915047991211	1.1740299463272095
6555.974678159156	1.187727928161621
6556.0343083271	1.2014681100845337
6556.093938495044	1.212894082069397
6556.153568662989	1.2245230674743652
6556.213198830933	1.2381014823913574
6556.272828998877	1.2513833045959473
6556.3324591668215	1.2634426355361938
6556.392089334766	1.2760204076766968
6556.45171950271	1.2902308702468872
6556.511349670654	1.3039371967315674
6556.570979838599	1.3169821500778198
6556.630610006543	1.3297969102859497
6556.690240174487	1.3427993059158325
6556.749870342432	1.3516759872436523
6556.809500510376	1.3552871942520142
6556.86913067832	1.3562922477722168
6556.928760846265	1.353358507156372
6556.988391014209	1.3494129180908203
6557.048021182153	1.3422422409057617
6557.1076513500975	1.3516396284103394
6557.167281518042	1.369698405265808
6557.226911685986	1.4008567333221436
6557.28654185393	1.4390493631362915
6557.346172021875	1.4848322868347168
6557.405802189819	1.5338531732559204
6557.465432357763	1.574014663696289
6557.525062525708	1.6120715141296387
6557.584692693652	1.6421281099319458
6557.644322861596	1.6702618598937988
6557.703953029541	1.6921781301498413
6557.763583197485	1.7127819061279297
6557.823213365429	1.7285723686218262
6557.8828435333735	1.743662714958191
6557.942473701318	1.7560768127441406
6558.002103869262	1.772082805633545
6558.061734037206	1.7990938425064087
6558.121364205151	1.828979730606079
6558.180994373095	1.8677632808685303
6558.240624541039	1.9077075719833374
6558.300254708984	1.9517734050750732
6558.359884876928	1.9947068691253662
6558.419515044872	2.0367887020111084
6558.479145212817	2.0755884647369385
6558.538775380761	2.110485315322876
6558.598405548705	2.1467933654785156
6558.6580357166495	2.1837031841278076
6558.717665884594	2.221062421798706
6558.777296052538	2.258923292160034
6558.836926220482	2.2974841594696045
6558.896556388427	2.3361897468566895
6558.956186556371	2.372816562652588
6559.015816724315	2.408461093902588
6559.07544689226	2.44386887550354
6559.135077060204	2.4790377616882324
6559.194707228148	2.5143330097198486
6559.2543373960925	2.5481948852539062
6559.313967564037	2.577296495437622
6559.373597731981	2.6060996055603027
6559.433227899925	2.636817216873169
6559.49285806787	2.666090488433838
6559.552488235814	2.691765308380127
6559.612118403758	2.7159576416015625
6559.671748571703	2.7378129959106445
6559.731378739647	2.757063150405884
6559.791008907591	2.77219820022583
6559.850639075536	2.787318468093872
6559.91026924348	2.801874876022339
6559.969899411424	2.811491012573242
6560.0295295793685	2.8152689933776855
6560.089159747313	2.8175981044769287
6560.148789915257	2.8175113201141357
6560.208420083201	2.814495086669922
6560.268050251146	2.80973482131958
6560.32768041909	2.8077471256256104
6560.387310587034	2.8110716342926025
6560.446940754979	2.8266851902008057
6560.506570922923	2.85416841506958
6560.566201090867	2.8950135707855225
6560.625831258812	2.9439826011657715
6560.685461426756	2.9958014488220215
6560.7450915947	3.045029878616333
6560.8047217626445	3.0850605964660645
6560.864351930589	3.1196181774139404
6560.923982098533	3.1487770080566406
6560.983612266477	3.179858446121216
6561.043242434422	3.216378927230835
6561.102872602366	3.254603862762451
6561.16250277031	3.29366397857666
6561.222132938255	3.333758592605591
6561.281763106199	3.3756003379821777
6561.341393274143	3.4102020263671875
6561.4010234420875	3.438514471054077
6561.460653610032	3.4577972888946533
6561.520283777976	3.470522880554199
6561.57991394592	3.473876476287842
6561.639544113865	3.471062421798706
6561.699174281809	3.4657437801361084
6561.758804449753	3.4592020511627197
6561.818434617698	3.4565212726593018
6561.878064785642	3.4548935890197754
6561.937694953586	3.4478399753570557
6561.997325121531	3.4394314289093018
6562.056955289475	3.4353318214416504
6562.116585457419	3.4304277896881104
6562.1762156253635	3.4178268909454346
6562.235845793308	3.404043674468994
6562.295475961252	3.391213893890381
6562.355106129196	3.3820128440856934
6562.414736297141	3.3793296813964844
6562.474366465085	3.3802483081817627
6562.533996633029	3.3845224380493164
6562.593626800974	3.391939401626587
6562.653256968918	3.4033138751983643
6562.712887136862	3.41314697265625
6562.772517304807	3.4226620197296143
6562.832147472751	3.4239940643310547
6562.891777640695	3.4190409183502197
6562.9514078086395	3.4110641479492188
6563.011037976584	3.4033453464508057
6563.070668144528	3.3820290565490723
6563.130298312472	3.355130195617676
6563.189928480417	3.315803289413452
6563.249558648361	3.2717936038970947
6563.309188816305	3.2238893508911133
6563.36881898425	3.1744377613067627
6563.428449152194	3.1317758560180664
6563.488079320138	3.090470552444458
6563.547709488083	3.062987804412842
6563.607339656027	3.0372016429901123
6563.666969823971	3.0107855796813965
6563.7265999919155	2.981801986694336
6563.78623015986	2.933241367340088
6563.845860327804	2.879835367202759
6563.905490495748	2.801081895828247
6563.965120663693	2.7247133255004883
6564.024750831637	2.646190643310547
6564.084380999581	2.5855486392974854
6564.144011167526	2.564042091369629
6564.20364133547	2.5575244426727295
6564.263271503414	2.587742567062378
6564.3229016713585	2.618675947189331
6564.382531839303	2.663318395614624
6564.442162007247	2.6939287185668945
6564.501792175191	2.7164318561553955
6564.561422343136	2.722841739654541
6564.62105251108	2.7160747051239014
6564.680682679024	2.700735330581665
6564.740312846969	2.6779932975769043
6564.799943014913	2.6538403034210205
6564.859573182857	2.627918243408203
6564.919203350802	2.602182388305664
6564.978833518746	2.576362371444702
6565.03846368669	2.548482656478882
6565.0980938546345	2.5201258659362793
6565.157724022579	2.4911019802093506
6565.217354190523	2.4615910053253174
6565.276984358467	2.4268176555633545
6565.336614526412	2.3917980194091797
6565.396244694356	2.3583450317382812
6565.4558748623	2.324885368347168
6565.515505030245	2.2912516593933105
6565.575135198189	2.257784605026245
6565.634765366133	2.2249090671539307
6565.694395534078	2.1923668384552
6565.754025702022	2.160808563232422
6565.813655869966	2.12919545173645
6565.8732860379105	2.0976550579071045
6565.932916205855	2.065427541732788
6565.992546373799	2.032151222229004
6566.052176541743	1.9992910623550415
6566.111806709688	1.9667625427246094
6566.171436877632	1.934480905532837
6566.231067045576	1.9024137258529663
6566.290697213521	1.8694312572479248
6566.350327381465	1.8359713554382324
6566.409957549409	1.8037686347961426
6566.4695877173535	1.7727491855621338
6566.529217885298	1.7435468435287476
6566.588848053242	1.7163270711898804
6566.648478221186	1.6924340724945068
6566.708108389131	1.670192837715149
6566.767738557075	1.647957444190979
6566.827368725019	1.6259539127349854
6566.886998892964	1.6039209365844727
6566.946629060908	1.5824497938156128
6567.006259228852	1.5622493028640747
6567.065889396797	1.5418694019317627
6567.125519564741	1.520662784576416
6567.185149732685	1.4994357824325562
6567.2447799006295	1.4783062934875488
6567.304410068574	1.4574836492538452
6567.364040236518	1.437059760093689
6567.423670404462	1.4165618419647217
6567.483300572407	1.395966649055481
6567.542930740351	1.376299262046814
6567.602560908295	1.3575528860092163
6567.66219107624	1.3401110172271729
6567.721821244184	1.3237978219985962
6567.781451412128	1.3082562685012817
6567.841081580073	1.2934210300445557
6567.900711748017	1.2794747352600098
6567.960341915961	1.266126275062561
6568.0199720839055	1.2531616687774658
6568.07960225185	1.2402431964874268
6568.139232419794	1.226610779762268
6568.198862587738	1.212993860244751
6568.258492755683	1.2005970478057861
6568.318122923627	1.1872118711471558
6568.377753091571	1.1709890365600586
6568.437383259516	1.153526782989502
6568.49701342746	1.1350558996200562
6568.556643595404	1.1165481805801392
6568.6162737633485	1.0977365970611572
6568.675903931293	1.0813536643981934
6568.735534099237	1.067078709602356
6568.7951642671815	1.0568594932556152
6568.854794435126	1.0496464967727661
6568.91442460307	1.0461516380310059
6568.974054771014	1.0454424619674683
6569.033684938959	1.0443495512008667
6569.093315106903	1.0432345867156982
6569.152945274847	1.039919376373291
6569.212575442792	1.0358550548553467
6569.272205610736	1.0285544395446777
6569.33183577868	1.0198646783828735
6569.3914659466245	1.013661503791809
6569.451096114569	1.0080976486206055
6569.510726282513	1.0033448934555054
6569.570356450457	0.9987484216690063
6569.629986618402	0.9948540925979614
6569.689616786346	0.9909383058547974
6569.74924695429	0.9851610660552979
6569.808877122235	0.9793564677238464
6569.868507290179	0.9741867184638977
6569.928137458123	0.9689033627510071
6569.987767626068	0.9626649618148804
6570.047397794012	0.9571259021759033
6570.107027961956	0.9545603394508362
6570.1666581299005	0.9505047798156738
6570.226288297845	0.9428964853286743
6570.285918465789	0.936650276184082
6570.345548633733	0.9321940541267395
6570.405178801678	0.9269688129425049
6570.464808969622	0.9211670160293579
6570.524439137566	0.914998471736908
6570.584069305511	0.9080657958984375
6570.643699473455	0.9025213718414307
6570.703329641399	0.8979093432426453
6570.762959809344	0.8945399522781372
6570.822589977288	0.8921495676040649
6570.882220145232	0.8909364938735962
6570.9418503131765	0.8905346393585205
6571.001480481121	0.8881467580795288
6571.061110649065	0.8850455284118652
6571.120740817009	0.8816911578178406
6571.180370984954	0.8782538771629333
6571.240001152898	0.875697672367096
6571.299631320842	0.8731460571289062
6571.359261488787	0.8693863153457642
6571.418891656731	0.8654664158821106
6571.478521824675	0.8616783022880554
6571.5381519926195	0.8572639226913452
6571.597782160564	0.8507136702537537
6571.657412328508	0.8430020213127136
6571.717042496452	0.8324765563011169
6571.776672664397	0.8189684748649597
6571.836302832341	0.7991763353347778
6571.895933000285	0.780301570892334
6571.95556316823	0.7628587484359741
6572.015193336174	0.7494613528251648
6572.074823504118	0.7425552010536194
6572.134453672063	0.7438028454780579
6572.194083840007	0.7552282810211182
6572.253714007951	0.7672181129455566
6572.3133441758955	0.7809022068977356
6572.37297434384	0.7941054105758667
6572.432604511784	0.8059788942337036
6572.492234679728	0.8125938177108765
6572.551864847673	0.8152187466621399
6572.611495015617	0.8163403272628784
6572.671125183561	0.816074013710022
6572.730755351506	0.8155957460403442
6572.79038551945	0.8147130608558655
6572.850015687394	0.8135746717453003
6572.909645855339	0.8120566010475159
6572.969276023283	0.8100029230117798
6573.028906191227	0.8080002665519714
6573.0885363591715	0.8066803216934204
6573.148166527116	0.8042387962341309
6573.20779669506	0.7997996807098389
6573.267426863004	0.796178936958313
6573.327057030949	0.7940698862075806
6573.386687198893	0.7915103435516357
6573.446317366837	0.7881718873977661
6573.505947534782	0.7856895923614502
6573.565577702726	0.7838239669799805
6573.62520787067	0.7829510569572449
6573.6848380386145	0.782727062702179
6573.744468206559	0.7819910645484924
6573.804098374503	0.78094881772995
6573.8637285424475	0.7802971005439758
6573.923358710392	0.7798048257827759
6573.982988878336	0.7794143557548523
6574.04261904628	0.7790369391441345
6574.102249214225	0.7770603895187378
6574.161879382169	0.7747266888618469
6574.221509550113	0.7726024389266968
6574.281139718058	0.7702134847640991
6574.340769886002	0.7655377984046936
6574.400400053946	0.7599207162857056
6574.4600302218905	0.7506740689277649
6574.519660389835	0.7396548986434937
6574.579290557779	0.721908688545227
6574.638920725723	0.7032276391983032
6574.698550893668	0.679046630859375
6574.758181061612	0.6598463654518127
6574.817811229556	0.6490244269371033
6574.877441397501	0.6446292996406555
6574.937071565445	0.6528081893920898
6574.996701733389	0.6646795272827148
6575.056331901334	0.6855971217155457
6575.115962069278	0.7048495411872864
6575.175592237222	0.7259314656257629
6575.2352224051665	0.7394669055938721
6575.294852573111	0.7470843195915222
6575.354482741055	0.7520870566368103
6575.414112908999	0.7542442083358765
6575.473743076944	0.7543719410896301
6575.533373244888	0.7528634071350098
6575.593003412832	0.7517696022987366
6575.652633580777	0.7506284117698669
6575.712263748721	0.7500904202461243
6575.771893916665	0.7496688365936279
6575.83152408461	0.7483172416687012
6575.891154252554	0.7468388080596924
6575.950784420498	0.7460439801216125
6576.0104145884425	0.7451110482215881
6576.070044756387	0.7429435849189758
6576.129674924331	0.741163432598114
6576.189305092275	0.7413451671600342
6576.24893526022	0.7412014007568359
6576.308565428164	0.7397317290306091
6576.368195596108	0.738286554813385
6576.427825764053	0.7369992733001709
6576.487455931997	0.7358328104019165
6576.547086099941	0.7348883152008057
6576.6067162678855	0.7344755530357361
6576.66634643583	0.7348124384880066
6576.725976603774	0.7348805069923401
6576.785606771718	0.7347279191017151
6576.845236939663	0.7350289225578308
6576.904867107607	0.7356144189834595
6576.964497275551	0.7351440787315369
6577.024127443496	0.7339667081832886
6577.08375761144	0.7335197925567627
6577.143387779384	0.7331998944282532
6577.203017947329	0.7313970327377319
6577.262648115273	0.729412853717804
6577.322278283217	0.7297483086585999
6577.3819084511615	0.7305619716644287
6577.441538619106	0.7296628355979919
6577.50116878705	0.7288115620613098
6577.560798954994	0.7296481728553772
6577.620429122939	0.7301392555236816
6577.680059290883	0.7289484143257141
6577.739689458827	0.727682888507843
6577.799319626772	0.7268400192260742
6577.858949794716	0.7263785004615784
6577.91857996266	0.7264674305915833
6577.978210130605	0.7261316180229187
6578.037840298549	0.7252581119537354
6578.097470466493	0.7242072820663452
6578.1571006344375	0.7228655219078064
6578.216730802382	0.7224384546279907
6578.276360970326	0.7228092551231384
6578.33599113827	0.7225757241249084
6578.395621306215	0.7219797968864441
6578.455251474159	0.7213476896286011
6578.514881642103	0.7207142114639282
6578.574511810048	0.7199172377586365
6578.634141977992	0.7190208435058594
6578.693772145936	0.718591034412384
6578.7534023138805	0.7183704972267151
6578.813032481825	0.7168834209442139
6578.872662649769	0.7151542901992798
6578.9322928177135	0.7142476439476013
6578.991922985658	0.713426947593689
6579.051553153602	0.7115260362625122
6579.111183321546	0.7096289396286011
6579.170813489491	0.7083564400672913
6579.230443657435	0.7072842121124268
6579.290073825379	0.7083492875099182
6579.349703993324	0.7090505957603455
6579.409334161268	0.7084202766418457
6579.468964329212	0.7081720232963562
6579.5285944971565	0.7089409828186035
6579.588224665101	0.7096741795539856
6579.647854833045	0.7106269001960754
6579.707485000989	0.7108523845672607
6579.767115168934	0.7096570730209351
6579.826745336878	0.7092534899711609
6579.886375504822	0.7097421288490295
6579.946005672767	0.7091421484947205
6580.005635840711	0.7073632478713989
6580.065266008655	0.70613694190979
6580.1248961766	0.7052856087684631
6580.184526344544	0.7048282027244568
6580.244156512488	0.7045705318450928
6580.3037866804325	0.7029725313186646
6580.363416848377	0.7005842328071594
6580.423047016321	0.6991307735443115
6580.482677184265	0.6973562836647034
6580.54230735221	0.6929342746734619
6580.601937520154	0.6868538856506348
6580.661567688098	0.6794977188110352
6580.721197856043	0.6725673675537109
6580.780828023987	0.6679723262786865
6580.840458191931	0.6660894155502319
6580.900088359876	0.6677942872047424
6580.95971852782	0.6720016598701477
6581.019348695764	0.6786038875579834
6581.0789788637085	0.6848417520523071
6581.138609031653	0.689577579498291
6581.198239199597	0.6939371228218079
6581.257869367541	0.6984518766403198
6581.317499535486	0.7008628845214844
6581.37712970343	0.7012446522712708
6581.436759871374	0.701083242893219
6581.496390039319	0.7006468772888184
6581.556020207263	0.7005747556686401
6581.615650375207	0.700850784778595
6581.6752805431515	0.700093150138855
6581.734910711096	0.6986846327781677
6581.79454087904	0.6988466382026672
6581.854171046984	0.6997262835502625
6581.913801214929	0.6993257403373718
6581.973431382873	0.6984992027282715
6582.033061550817	0.698223888874054
6582.092691718762	0.6980143189430237
6582.152321886706	0.6957634091377258
6582.21195205465	0.6932927966117859
6582.271582222595	0.6924571394920349
6582.331212390539	0.6918510794639587
6582.390842558483	0.6917845606803894
6582.4504727264275	0.6917921900749207
6582.510102894372	0.6921130418777466
6582.569733062316	0.6925303339958191
6582.62936323026	0.6937872171401978
6582.688993398205	0.6943157911300659
6582.748623566149	0.6919936537742615
6582.808253734093	0.6910024881362915
6582.867883902038	0.6928462982177734
6582.927514069982	0.693845272064209
6582.987144237926	0.694211483001709
6583.046774405871	0.6935791969299316
6583.106404573815	0.6911783814430237
6583.166034741759	0.6882008910179138
6583.2256649097035	0.6839416027069092
6583.285295077648	0.6799817085266113
6583.344925245592	0.6760294437408447
6583.404555413536	0.672722339630127
6583.464185581481	0.6701212525367737
6583.523815749425	0.6699379682540894
6583.583445917369	0.6717171669006348
6583.643076085314	0.6731799840927124
6583.702706253258	0.6750013828277588
6583.762336421202	0.678100049495697
6583.8219665891465	0.6819193363189697
6583.881596757091	0.6857636570930481
6583.941226925035	0.6893775463104248
6584.0008570929795	0.6918724179267883
6584.060487260924	0.693535566329956
6584.120117428868	0.6940894722938538
6584.179747596812	0.6942209005355835
6584.239377764757	0.6943632364273071
6584.299007932701	0.6944801807403564
6584.358638100645	0.6946908831596375
6584.41826826859	0.6946204304695129
6584.477898436534	0.6941250562667847
6584.537528604478	0.6933276057243347
6584.5971587724225	0.6921866536140442
6584.656788940367	0.6914472579956055
6584.716419108311	0.691239058971405
6584.776049276255	0.6907246708869934
6584.8356794442	0.6898854374885559
6584.895309612144	0.6890501379966736
6584.954939780088	0.6882318258285522
6585.014569948033	0.6874734163284302
6585.074200115977	0.6867604851722717
6585.133830283921	0.6858909130096436
6585.193460451866	0.6849611401557922
6585.25309061981	0.6832468509674072
6585.312720787754	0.6812396049499512
6585.3723509556985	0.6804861426353455
6585.431981123643	0.6800878047943115
6585.491611291587	0.6796783804893494
6585.551241459531	0.6791812777519226
6585.610871627476	0.6771397590637207
6585.67050179542	0.6750068068504333
6585.730131963364	0.6740678548812866
6585.789762131309	0.6732484698295593
6585.849392299253	0.6724412441253662
6585.909022467197	0.6720508933067322
6585.968652635142	0.6743214130401611
6586.028282803086	0.6761940121650696
6586.08791297103	0.677144467830658
6586.1475431389745	0.6775384545326233
6586.207173306919	0.6759984493255615
6586.266803474863	0.6733860373497009
6586.326433642807	0.6672729849815369
6586.386063810752	0.6605894565582275
6586.445693978696	0.6513472199440002
6586.50532414664	0.6435151696205139
6586.564954314585	0.6371976733207703
6586.624584482529	0.6321500539779663
6586.684214650473	0.6292580366134644
6586.7438448184175	0.6293100118637085
6586.803474986362	0.6334043741226196
6586.863105154306	0.6393532156944275
6586.92273532225	0.6481056809425354
6586.982365490195	0.6585207581520081
6587.041995658139	0.6696908473968506
6587.101625826083	0.673122763633728
6587.161255994028	0.6718546152114868
6587.220886161972	0.6730963587760925
6587.280516329916	0.6749301552772522
6587.340146497861	0.6765213012695312
6587.399776665805	0.6777645945549011
6587.459406833749	0.678073525428772
6587.5190370016935	0.6780611872673035
6587.578667169638	0.6783526539802551
6587.638297337582	0.6786162257194519
6587.697927505526	0.6787947416305542
6587.757557673471	0.67854905128479
6587.817187841415	0.6775419116020203
6587.876818009359	0.6766937375068665
6587.936448177304	0.6763678193092346
6587.996078345248	0.6762251853942871
6588.055708513192	0.6761570572853088
6588.115338681137	0.6762523055076599
6588.174968849081	0.6765806078910828
6588.234599017025	0.6763910055160522
6588.2942291849695	0.6755643486976624
6588.353859352914	0.6757366061210632
6588.413489520858	0.6769923567771912
6588.473119688802	0.6761410236358643
6588.532749856747	0.6738688945770264
6588.592380024691	0.6723816394805908
6588.652010192635	0.6712712645530701
6588.71164036058	0.6703922748565674
6588.771270528524	0.6694715023040771
6588.830900696468	0.6698841452598572
6588.8905308644125	0.67071133852005
6588.950161032357	0.6712884306907654
6589.009791200301	0.6717526316642761
6589.0694213682455	0.6733730435371399
6589.12905153619	0.6753233671188354
6589.188681704134	0.6739391088485718
6589.248311872078	0.6722680330276489
6589.307942040023	0.6734251379966736
6589.367572207967	0.6752432584762573
6589.427202375911	0.6759515404701233
6589.486832543856	0.676609992980957
6589.5464627118	0.6762328743934631
6589.606092879744	0.6749486327171326
6589.6657230476885	0.6744633316993713
6589.725353215633	0.6737313866615295
6589.784983383577	0.6725515723228455
6589.844613551521	0.6713992953300476
6589.904243719466	0.6702750325202942
6589.96387388741	0.6692694425582886
6590.023504055354	0.6686726808547974
6590.083134223299	0.6684499979019165
6590.142764391243	0.6695223450660706
6590.202394559187	0.6707327961921692
6590.262024727132	0.6705322861671448
6590.321654895076	0.6716809272766113
6590.38128506302	0.6718705892562866
6590.4409152309645	0.6703376770019531
6590.500545398909	0.6676517128944397
6590.560175566853	0.6671445965766907
6590.619805734797	0.6679684519767761
6590.679435902742	0.668606698513031
6590.739066070686	0.6688899993896484
6590.79869623863	0.6688989400863647
6590.858326406575	0.6693336367607117
6590.917956574519	0.6686313152313232
6590.977586742463	0.6673272848129272
6591.037216910408	0.6669502258300781
6591.096847078352	0.6667653322219849
6591.156477246296	0.6661376953125
6591.2161074142405	0.6658339500427246
6591.275737582185	0.6662493944168091
6591.335367750129	0.6663770079612732
6591.394997918073	0.6651144623756409
6591.454628086018	0.66449373960495
6591.514258253962	0.6656287312507629
6591.573888421906	0.6668672561645508
6591.633518589851	0.6681925058364868
6591.693148757795	0.6687414646148682
6591.752778925739	0.6676615476608276
6591.8124090936835	0.667262613773346
6591.872039261628	0.6681218147277832
6591.931669429572	0.6683337688446045
6591.991299597516	0.6676193475723267
6592.050929765461	0.6675742864608765
6592.110559933405	0.6678540110588074
6592.170190101349	0.6670645475387573
6592.229820269294	0.6656226515769958
6592.289450437238	0.6653133630752563
6592.349080605182	0.6669623255729675
6592.408710773127	0.6675621867179871
6592.468340941071	0.6667822003364563
6592.527971109015	0.6677474975585938
6592.5876012769595	0.6696709990501404
6592.647231444904	0.6696824431419373
6592.706861612848	0.6684771776199341
6592.766491780792	0.668084979057312
6592.826121948737	0.6679903864860535
6592.885752116681	0.6663392782211304
6592.945382284625	0.6653546690940857
6593.00501245257	0.6661888360977173
6593.064642620514	0.667167067527771
6593.124272788458	0.6671956777572632
6593.183902956403	0.6663944125175476
6593.243533124347	0.6648463010787964
6593.303163292291	0.6636273264884949
6593.3627934602355	0.6638403534889221
6593.42242362818	0.6640583872795105
6593.482053796124	0.6631569266319275
6593.541683964068	0.6633107662200928
6593.601314132013	0.6657746434211731
6593.660944299957	0.6677270531654358
6593.720574467901	0.6683211922645569
6593.780204635846	0.6681833863258362
6593.83983480379	0.667163074016571
6593.899464971734	0.6676343083381653
6593.9590951396785	0.669967532157898
6594.018725307623	0.670787513256073
6594.078355475567	0.670014500617981
6594.1379856435115	0.6697613000869751
6594.197615811456	0.670294463634491
6594.2572459794	0.668685257434845
6594.316876147344	0.665427565574646
6594.376506315289	0.6632459163665771
6594.436136483233	0.6619738340377808
6594.495766651177	0.658781111240387
6594.555396819122	0.6543474197387695
6594.615026987066	0.6538277864456177
6594.67465715501	0.6545658707618713
6594.7342873229545	0.6556949019432068
6594.793917490899	0.6568774580955505
6594.853547658843	0.6591489315032959
6594.913177826787	0.6614308953285217
6594.972807994732	0.6642675995826721
6595.032438162676	0.6672756671905518
6595.09206833062	0.669175922870636
6595.151698498565	0.6713676452636719
6595.211328666509	0.6713399291038513
6595.270958834453	0.6709499359130859
6595.330589002398	0.6705535054206848
6595.390219170342	0.670495331287384
6595.449849338286	0.6715971231460571
6595.5094795062305	0.6724507808685303
6595.569109674175	0.6714742183685303
6595.628739842119	0.67059326171875
6595.688370010063	0.6704950332641602
6595.748000178008	0.6709269285202026
6595.807630345952	0.672337532043457
6595.867260513896	0.673001766204834
6595.926890681841	0.6721360087394714
6595.986520849785	0.6718051433563232
6596.046151017729	0.6722716093063354
6596.105781185674	0.6723480224609375
6596.165411353618	0.6718750596046448
6596.225041521562	0.6718458533287048
6596.2846716895065	0.6723287105560303
6596.344301857451	0.6724341511726379
6596.403932025395	0.6722275614738464
6596.463562193339	0.6721237897872925
6596.523192361284	0.6721290946006775
6596.582822529228	0.672126829624176
6596.642452697172	0.6720921397209167
6596.702082865117	0.6710566878318787
6596.761713033061	0.669544517993927
6596.821343201005	0.6687209606170654
6596.8809733689495	0.668164849281311
6596.940603536894	0.6679070591926575
6597.000233704838	0.6676806807518005
6597.059863872782	0.6677756309509277
6597.119494040727	0.6679962873458862
6597.179124208671	0.6673349142074585
6597.238754376615	0.6665305495262146
6597.29838454456	0.667921781539917
6597.358014712504	0.6693028211593628
6597.417644880448	0.6692373752593994
6597.477275048393	0.6691557168960571
6597.536905216337	0.6701899170875549
6597.596535384281	0.6713757514953613
6597.6561655522255	0.6719533801078796
6597.71579572017	0.6725158095359802
6597.775425888114	0.6726482510566711
6597.835056056058	0.6727932691574097
6597.894686224003	0.6730112433433533
6597.954316391947	0.6739987134933472
6598.013946559891	0.6745806336402893
6598.073576727836	0.6753678321838379
6598.13320689578	0.6762029528617859
6598.192837063724	0.6757326126098633
6598.252467231669	0.6745395660400391
6598.312097399613	0.6740630269050598
6598.371727567557	0.674837052822113
6598.4313577355015	0.6751936078071594
6598.490987903446	0.6750088930130005
6598.55061807139	0.6745139956474304
6598.610248239334	0.6734659075737
6598.669878407279	0.6738974452018738
6598.729508575223	0.6758000254631042
6598.789138743167	0.6763626337051392
6598.848768911112	0.675771951675415
6598.908399079056	0.6755861043930054
6598.968029247	0.675154447555542
6599.0276594149445	0.6739950180053711
6599.087289582889	0.6725333333015442
6599.146919750833	0.6721773743629456
6599.2065499187775	0.6723760366439819
6599.266180086722	0.6721931099891663
6599.325810254666	0.6715553402900696
6599.38544042261	0.6680030822753906
6599.445070590555	0.6638197898864746
6599.504700758499	0.6592870354652405
6599.564330926443	0.6557294726371765
6599.623961094388	0.6512622237205505
6599.683591262332	0.6469218730926514
6599.743221430276	0.6455748081207275
6599.8028515982205	0.644219160079956
6599.862481766165	0.647770881652832
6599.922111934109	0.6513000726699829
6599.981742102053	0.6537529230117798
6600.041372269998	0.6563398838043213
6600.101002437942	0.660159707069397
6600.160632605886	0.6641987562179565
6600.220262773831	0.6677424311637878
6600.279892941775	0.6708781123161316
6600.339523109719	0.6717594861984253
6600.399153277664	0.6720743775367737
6600.458783445608	0.6717445254325867
6600.518413613552	0.6714208722114563
6600.5780437814965	0.6712619662284851
6600.637673949441	0.6714643836021423
6600.697304117385	0.6723180413246155
6600.756934285329	0.6726394295692444
6600.816564453274	0.6721926927566528
6600.876194621218	0.6718552708625793
6600.935824789162	0.6717531681060791
6600.995454957107	0.672213077545166
6601.055085125051	0.6724101305007935
6601.114715292995	0.6731833815574646
6601.17434546094	0.6737932562828064
6601.233975628884	0.6730636954307556
6601.293605796828	0.6715238094329834
6601.3532359647725	0.671988844871521
6601.412866132717	0.6738727688789368
6601.472496300661	0.6739944815635681
6601.532126468605	0.6731385588645935
6601.59175663655	0.6731458902359009
6601.651386804494	0.6734749674797058
6601.711016972438	0.672827959060669
6601.770647140383	0.6718741059303284
6601.830277308327	0.6722815036773682
6601.889907476271	0.6730587482452393
6601.9495376442155	0.6730952262878418
6602.00916781216	0.6730784177780151
6602.068797980104	0.6728653311729431
6602.128428148048	0.6725035309791565
6602.188058315993	0.6690680980682373
6602.247688483937	0.6653650999069214
6602.307318651881	0.6625693440437317
6602.366948819826	0.6600483059883118
6602.42657898777	0.6584768295288086
6602.486209155714	0.6568741202354431
6602.545839323659	0.6547889709472656
6602.605469491603	0.6524890065193176
6602.665099659547	0.6535163521766663
6602.7247298274915	0.6545192003250122
6602.784359995436	0.6557064056396484
6602.84399016338	0.657260537147522
6602.903620331324	0.660344123840332
6602.963250499269	0.6630957126617432
6603.022880667213	0.6645993590354919
6603.082510835157	0.66604083776474
6603.142141003102	0.6673303246498108
6603.201771171046	0.6686874628067017
6603.26140133899	0.6695415377616882
6603.321031506935	0.6706342697143555
6603.380661674879	0.6714127659797668
6603.440291842823	0.6711093187332153
6603.4999220107675	0.669985830783844
6603.559552178712	0.6699166297912598
6603.619182346656	0.6716161966323853
6603.6788125146	0.6716907620429993
6603.738442682545	0.6701511144638062
6603.798072850489	0.6685653328895569
6603.857703018433	0.667488157749176
6603.917333186378	0.6667724847793579
6603.976963354322	0.6669594645500183
6604.036593522266	0.6672250628471375
6604.0962236902105	0.6670953035354614
6604.155853858155	0.6673591732978821
6604.215484026099	0.6673479080200195
6604.275114194043	0.6676278710365295
6604.334744361988	0.6679924130439758
6604.394374529932	0.6690597534179688
6604.454004697876	0.6704708933830261
6604.513634865821	0.6708647012710571
6604.573265033765	0.6709070801734924
6604.632895201709	0.6710770130157471
6604.692525369654	0.6713247895240784
6604.752155537598	0.6710211634635925
6604.811785705542	0.6701692342758179
6604.8714158734865	0.6700370907783508
6604.931046041431	0.6700290441513062
6604.990676209375	0.6698156595230103
6605.050306377319	0.6697678565979004
6605.109936545264	0.6699308753013611
6605.169566713208	0.6700398921966553
6605.229196881152	0.6694860458374023
6605.288827049097	0.6688131093978882
6605.348457217041	0.6683421730995178
6605.408087384985	0.6677474975585938
6605.46771755293	0.667536199092865
6605.527347720874	0.6671714186668396
6605.586977888818	0.666096568107605
6605.6466080567625	0.6652625203132629
6605.706238224707	0.665044903755188
6605.765868392651	0.6649841666221619
6605.825498560595	0.6649733781814575
6605.88512872854	0.6642969250679016
6605.944758896484	0.6624207496643066
6606.004389064428	0.6612420082092285
6606.064019232373	0.6616030931472778
6606.123649400317	0.6607910990715027
6606.183279568261	0.6577316522598267
6606.242909736206	0.6566581726074219
6606.30253990415	0.658172070980072
6606.362170072094	0.6598593592643738
6606.4218002400385	0.6616883873939514
6606.481430407983	0.6638283729553223
6606.541060575927	0.6663311123847961
6606.600690743871	0.6675547957420349
6606.660320911816	0.6674874424934387
6606.71995107976	0.6676517724990845
6606.779581247704	0.6680209636688232
6606.839211415649	0.6685962677001953
6606.898841583593	0.6697443723678589
6606.958471751537	0.669206440448761
6607.0181019194815	0.6673139929771423
6607.077732087426	0.6673862934112549
6607.13736225537	0.6686794757843018
6607.196992423314	0.6691315770149231
6607.256622591259	0.668815016746521
6607.316252759203	0.6677042841911316
6607.375882927147	0.666046679019928
6607.435513095092	0.6660457253456116
6607.495143263036	0.6673500537872314
6607.55477343098	0.6684823632240295
6607.614403598925	0.6690911054611206
6607.674033766869	0.668208658695221
6607.733663934813	0.6669285297393799
6607.7932941027575	0.6665558815002441
6607.852924270702	0.6668193340301514
6607.912554438646	0.6668804287910461
6607.97218460659	0.6666018962860107
6608.031814774535	0.6659780144691467
6608.091444942479	0.6653958559036255
6608.151075110423	0.6652041077613831
6608.210705278368	0.6651114821434021
6608.270335446312	0.6646398901939392
6608.329965614256	0.6642352342605591
6608.389595782201	0.6645928621292114
6608.449225950145	0.665142297744751
6608.508856118089	0.6649978756904602
6608.5684862860335	0.6646356582641602
6608.628116453978	0.6643370389938354
6608.687746621922	0.6640519499778748
6608.747376789866	0.6647024154663086
6608.807006957811	0.6653152704238892
6608.866637125755	0.6652047038078308
6608.926267293699	0.6649078130722046
6608.985897461644	0.6648522019386292
6609.045527629588	0.665122389793396
6609.105157797532	0.666701078414917
6609.1647879654765	0.6678351163864136
6609.224418133421	0.6666691899299622
6609.284048301365	0.665226399898529
6609.343678469309	0.664668619632721
6609.403308637254	0.6642962098121643
6609.462938805198	0.664917528629303
6609.522568973142	0.6649083495140076
6609.582199141087	0.6634042263031006
6609.641829309031	0.661897599697113
6609.701459476975	0.6613540649414062
6609.76108964492	0.661236047744751
6609.820719812864	0.6621481776237488
6609.880349980808	0.6626172065734863
6609.9399801487525	0.6628150939941406
6609.999610316697	0.6633280515670776
6610.059240484641	0.6643231511116028
6610.118870652585	0.6643753051757812
6610.17850082053	0.6633789539337158
6610.238130988474	0.6620230078697205
6610.297761156418	0.6605298519134521
6610.357391324363	0.6605474352836609
6610.417021492307	0.6620360016822815
6610.476651660251	0.6624523401260376
6610.536281828196	0.6617828607559204
6610.59591199614	0.6620436906814575
6610.655542164084	0.6630446314811707
6610.7151723320285	0.6634877324104309
6610.774802499973	0.6637300848960876
6610.834432667917	0.6635580658912659
6610.894062835861	0.6633504033088684
6610.953693003806	0.662412703037262
6611.01332317175	0.6608507633209229
6611.072953339694	0.6605581045150757
6611.132583507639	0.6616215705871582
6611.192213675583	0.6631377935409546
6611.251843843527	0.6649187803268433
6611.311474011472	0.6655635237693787
6611.371104179416	0.6655457019805908
6611.43073434736	0.6661667823791504
6611.4903645153045	0.6671205759048462
6611.549994683249	0.6672945022583008
6611.609624851193	0.6670080423355103
6611.669255019137	0.6672070622444153
6611.728885187082	0.6676666140556335
6611.788515355026	0.6682232618331909
6611.84814552297	0.6689776182174683
6611.907775690915	0.6683271527290344
6611.967405858859	0.6663755178451538
6612.027036026803	0.6646831631660461
6612.0866661947475	0.6634815335273743
6612.146296362692	0.6635540127754211
6612.205926530636	0.6641759276390076
6612.26555669858	0.6644641160964966
6612.325186866525	0.6644447445869446
6612.384817034469	0.6645197868347168
6612.444447202413	0.6645890474319458
6612.504077370358	0.6633541584014893
6612.563707538302	0.6617571711540222
6612.623337706246	0.6609988212585449
6612.682967874191	0.6604238748550415
6612.742598042135	0.6596273183822632
6612.802228210079	0.6592355966567993
6612.8618583780235	0.6598861217498779
6612.921488545968	0.6605404615402222
6612.981118713912	0.6605635285377502
6613.040748881856	0.6604833602905273
6613.100379049801	0.6594240069389343
6613.160009217745	0.6596388816833496
6613.219639385689	0.6604768633842468
6613.279269553634	0.6611555218696594
6613.338899721578	0.6591998338699341
6613.398529889522	0.656263530254364
6613.458160057467	0.6542859673500061
6613.517790225411	0.6524704098701477
6613.577420393355	0.6524574160575867
6613.6370505612995	0.6528478264808655
6613.696680729244	0.6548593044281006
6613.756310897188	0.6566522121429443
6613.815941065132	0.6584643721580505
6613.875571233077	0.6599997282028198
6613.935201401021	0.660651445388794
6613.994831568965	0.6612355709075928
6614.05446173691	0.6616682410240173
6614.114091904854	0.661761462688446
6614.173722072798	0.6618680357933044
6614.2333522407425	0.6624721884727478
6614.292982408687	0.6637147068977356
6614.352612576631	0.6645669341087341
6614.412242744575	0.6645710468292236
6614.47187291252	0.6645923852920532
6614.531503080464	0.6649820804595947
6614.591133248408	0.6650087237358093
6614.650763416353	0.664480447769165
6614.710393584297	0.6643280386924744
6614.770023752241	0.6651943325996399
6614.829653920186	0.6659404039382935
6614.88928408813	0.6658061146736145
6614.948914256074	0.6665557026863098
6615.0085444240185	0.6681383848190308
6615.068174591963	0.6686705946922302
6615.127804759907	0.6685850024223328
6615.187434927851	0.6682847738265991
6615.247065095796	0.6674251556396484
6615.30669526374	0.6672213673591614
6615.366325431684	0.6678993105888367
6615.425955599629	0.6680835485458374
6615.485585767573	0.6679763197898865
6615.545215935517	0.667991578578949
6615.604846103462	0.6683700084686279
6615.664476271406	0.6687406897544861
6615.72410643935	0.6684507131576538
6615.7837366072945	0.6684219241142273
6615.843366775239	0.6684271097183228
6615.902996943183	0.6684069633483887
6615.962627111127	0.6684944033622742
6616.022257279072	0.6687679886817932
6616.081887447016	0.669274628162384
6616.14151761496	0.66947340965271
6616.201147782905	0.6693218946456909
6616.260777950849	0.6682219505310059
6616.320408118793	0.666085422039032
6616.3800382867375	0.6652576923370361
6616.439668454682	0.6648420691490173
6616.499298622626	0.664635956287384
6616.5589287905705	0.6648508310317993
6616.618558958515	0.6639830470085144
6616.678189126459	0.6629977822303772
6616.737819294403	0.6629036664962769
6616.797449462348	0.6632834076881409
6616.857079630292	0.663349449634552
6616.916709798236	0.6634012460708618
6616.976339966181	0.662742018699646
6617.035970134125	0.6617761850357056
6617.095600302069	0.6621796488761902
6617.1552304700135	0.6630129814147949
6617.214860637958	0.6644970178604126
6617.274490805902	0.6660846471786499
6617.334120973846	0.6666551232337952
6617.393751141791	0.6668673753738403
6617.453381309735	0.6673230528831482
6617.513011477679	0.6678966879844666
6617.572641645624	0.6676056385040283
6617.632271813568	0.6667174100875854
6617.691901981512	0.6673092246055603
6617.751532149457	0.6688711643218994
6617.811162317401	0.6691540479660034
6617.870792485345	0.6684560775756836
6617.9304226532895	0.6678828001022339
6617.990052821234	0.6673446297645569
6618.049682989178	0.6663839221000671
6618.109313157122	0.6648493409156799
6618.168943325067	0.6636707782745361
6618.228573493011	0.6628956198692322
6618.288203660955	0.6628250479698181
6618.3478338289	0.6634989976882935
6618.407463996844	0.6635502576828003
6618.467094164788	0.6632989645004272
6618.526724332733	0.6625803112983704
6618.586354500677	0.6618385314941406
6618.645984668621	0.6618760228157043
6618.7056148365655	0.6627598404884338
6618.76524500451	0.6632505059242249
6618.824875172454	0.6634519696235657
6618.884505340398	0.6645868420600891
6618.944135508343	0.6651551127433777
6619.003765676287	0.6650944352149963
6619.063395844231	0.6648927330970764
6619.123026012176	0.6652042865753174
6619.18265618012	0.6657302975654602
6619.242286348064	0.6660614013671875
6619.3019165160085	0.6660516858100891
6619.361546683953	0.6652994751930237
6619.421176851897	0.6643410921096802
6619.480807019841	0.6640247106552124
6619.540437187786	0.664263129234314
6619.60006735573	0.663653552532196
6619.659697523674	0.6624996662139893
6619.719327691619	0.6620094776153564
6619.778957859563	0.6620174050331116
6619.838588027507	0.6626201272010803
6619.898218195452	0.663514256477356
6619.957848363396	0.6641964316368103
6620.01747853134	0.664637565612793
6620.0771086992845	0.6641727685928345
6620.136738867229	0.6633530259132385
6620.196369035173	0.6633248329162598
6620.255999203117	0.6640264391899109
6620.315629371062	0.6649326086044312
6620.375259539006	0.6653006672859192
6620.43488970695	0.6647011041641235
6620.494519874895	0.6639528274536133
6620.554150042839	0.6636424660682678
6620.613780210783	0.6640028953552246
6620.673410378728	0.6637312173843384
6620.733040546672	0.6633620858192444
6620.792670714616	0.6614258289337158
6620.8523008825605	0.6590963006019592
6620.911931050505	0.6593326926231384
6620.971561218449	0.6603996157646179
6621.031191386393	0.6609984040260315
6621.090821554338	0.6615199446678162
6621.150451722282	0.6627230644226074
6621.210081890226	0.6643472909927368
6621.269712058171	0.6655910611152649
6621.329342226115	0.6667779684066772
6621.388972394059	0.6664137244224548
6621.4486025620035	0.6650550961494446
6621.508232729948	0.6645300388336182
6621.567862897892	0.6643418073654175
6621.6274930658365	0.6638100743293762
6621.687123233781	0.6631966233253479
6621.746753401725	0.6624499559402466
6621.806383569669	0.6621190309524536
6621.866013737614	0.6627156138420105
6621.925643905558	0.6634394526481628
6621.985274073502	0.6636376976966858
6622.044904241447	0.6633239388465881
6622.104534409391	0.6632168292999268
6622.164164577335	0.6630936861038208
6622.2237947452795	0.6621738076210022
6622.283424913224	0.6609784364700317
6622.343055081168	0.6598489284515381
6622.402685249112	0.6588369607925415
6622.462315417057	0.6588207483291626
6622.521945585001	0.6590017080307007
6622.581575752945	0.6608244180679321
6622.64120592089	0.6624898314476013
6622.700836088834	0.6606584787368774
6622.760466256778	0.6584618091583252
6622.820096424723	0.6566101312637329
6622.879726592667	0.655752956867218
6622.939356760611	0.6564412117004395
6622.9989869285555	0.6573850512504578
6623.0586170965	0.6580549478530884
6623.118247264444	0.6585990786552429
6623.177877432388	0.6586846709251404
6623.237507600333	0.6584538221359253
6623.297137768277	0.6581370234489441
6623.356767936221	0.6576809883117676
6623.416398104166	0.6562359929084778
6623.47602827211	0.6556529998779297
6623.535658440054	0.6571940183639526
6623.595288607999	0.6587700843811035
6623.654918775943	0.6592041850090027
6623.714548943887	0.6588635444641113
6623.7741791118315	0.6589994430541992
6623.833809279776	0.659359335899353
6623.89343944772	0.6593019962310791
6623.953069615664	0.6586207747459412
6624.012699783609	0.6571652889251709
6624.072329951553	0.6557685732841492
6624.131960119497	0.657274067401886
6624.191590287442	0.6592466831207275
6624.251220455386	0.6585206389427185
6624.31085062333	0.6569846868515015
6624.3704807912745	0.6558609008789062
6624.430110959219	0.6547917723655701
6624.489741127163	0.6544466614723206
6624.549371295107	0.6539516448974609
6624.609001463052	0.6546878218650818
6624.668631630996	0.6556954383850098
6624.72826179894	0.6562590003013611
6624.787891966885	0.6569150686264038
6624.847522134829	0.6582801938056946
6624.907152302773	0.6596729755401611
6624.966782470718	0.6598935723304749
6625.026412638662	0.6594856977462769
6625.086042806606	0.6587246656417847
6625.1456729745505	0.6576234102249146
6625.205303142495	0.6564854383468628
6625.264933310439	0.6552795767784119
6625.324563478383	0.6547941565513611
6625.384193646328	0.6552636027336121
6625.443823814272	0.6560119986534119
6625.503453982216	0.6567801833152771
6625.563084150161	0.6572996973991394
6625.622714318105	0.6571451425552368
6625.682344486049	0.6556923985481262
6625.741974653994	0.6537256240844727
6625.801604821938	0.6533122062683105
6625.861234989882	0.6534960865974426
6625.9208651578265	0.654090404510498
6625.980495325771	0.6549960374832153
6626.040125493715	0.6555114984512329
6626.099755661659	0.6559898853302002
6626.159385829604	0.6551996469497681
6626.219015997548	0.6530020236968994
6626.278646165492	0.6528922319412231
6626.338276333437	0.6536641716957092
6626.397906501381	0.6536136269569397
6626.457536669325	0.6535968780517578
6626.5171668372695	0.6538427472114563
6626.576797005214	0.6540960073471069
6626.636427173158	0.654739260673523
6626.6960573411025	0.6555787324905396
6626.755687509047	0.6556555032730103
6626.815317676991	0.654794454574585
6626.874947844935	0.6543331146240234
6626.93457801288	0.6547684073448181
6626.994208180824	0.6544176340103149
6627.053838348768	0.6533445715904236
6627.113468516713	0.6524646878242493
6627.173098684657	0.6518254280090332
6627.232728852601	0.6514499187469482
6627.2923590205455	0.6515774130821228
6627.35198918849	0.6522102355957031
6627.411619356434	0.6531872749328613
6627.471249524378	0.6539033651351929
6627.530879692323	0.6543904542922974
6627.590509860267	0.6548466086387634
6627.650140028211	0.6554743647575378
6627.709770196156	0.6551164984703064
6627.7694003641	0.6540599465370178
6627.829030532044	0.6537313461303711
6627.888660699989	0.6532752513885498
6627.948290867933	0.6516116261482239
6628.007921035877	0.6493057608604431
6628.0675512038215	0.6477516293525696
6628.127181371766	0.6469800472259521
6628.18681153971	0.6466541886329651
6628.246441707654	0.6467692255973816
6628.306071875599	0.6471448540687561
6628.365702043543	0.6482369303703308
6628.425332211487	0.6490055322647095
6628.484962379432	0.649556040763855
6628.544592547376	0.6505225896835327
6628.60422271532	0.6516602039337158
6628.663852883265	0.65235435962677
6628.723483051209	0.6525253653526306
6628.783113219153	0.6531484127044678
6628.8427433870975	0.6542866826057434
6628.902373555042	0.6547965407371521
6628.962003722986	0.653862714767456
6629.02163389093	0.6528465151786804
6629.081264058875	0.6516748070716858
6629.140894226819	0.6522843837738037
6629.200524394763	0.6541137099266052
6629.260154562708	0.6553649306297302
6629.319784730652	0.6555721163749695
6629.379414898596	0.6550009250640869
6629.4390450665405	0.6544092893600464
6629.498675234485	0.6534191370010376
6629.558305402429	0.6518116593360901
6629.617935570373	0.6515896916389465
6629.677565738318	0.6532459259033203
6629.737195906262	0.6541014909744263
6629.796826074206	0.6531233191490173
6629.856456242151	0.6523622274398804
6629.916086410095	0.6520039439201355
6629.975716578039	0.6512244939804077
6630.035346745984	0.6490029692649841
6630.094976913928	0.6474564671516418
6630.154607081872	0.6480323076248169
6630.2142372498165	0.648745596408844
6630.273867417761	0.6484028697013855
6630.333497585705	0.6484696269035339
6630.393127753649	0.6494555473327637
6630.452757921594	0.6502497792243958
6630.512388089538	0.6507287621498108
6630.572018257482	0.6506962776184082
6630.631648425427	0.6496964693069458
6630.691278593371	0.6486239433288574
6630.750908761315	0.6477673053741455
6630.81053892926	0.6478477716445923
6630.870169097204	0.6492484211921692
6630.929799265148	0.650546133518219
6630.9894294330925	0.6512154936790466
6631.049059601037	0.6504345536231995
6631.108689768981	0.64970463514328
6631.168319936925	0.6490666270256042
6631.22795010487	0.6477957963943481
6631.287580272814	0.6475966572761536
6631.347210440758	0.6481513381004333
6631.406840608703	0.6487555503845215
6631.466470776647	0.6493530869483948
6631.526100944591	0.6498199701309204
6631.5857311125355	0.6495911478996277
6631.64536128048	0.6494473218917847
6631.704991448424	0.6501011848449707
6631.7646216163685	0.6508700847625732
6631.824251784313	0.6508178114891052
6631.883881952257	0.6506049036979675
6631.943512120201	0.651409387588501
6632.003142288146	0.6524690389633179
6632.06277245609	0.6525435447692871
6632.122402624034	0.6521955728530884
6632.182032791979	0.652097225189209
6632.241662959923	0.6521492600440979
6632.301293127867	0.6523061990737915
6632.3609232958115	0.6517369747161865
6632.420553463756	0.6502370834350586
6632.4801836317	0.6483271718025208
6632.539813799644	0.6484249234199524
6632.599443967589	0.6487802267074585
6632.659074135533	0.6504082679748535
6632.718704303477	0.6524233818054199
6632.778334471422	0.6525920033454895
6632.837964639366	0.6521561145782471
6632.89759480731	0.6513378024101257
6632.957224975255	0.6500476002693176
6633.016855143199	0.6499329805374146
6633.076485311143	0.6507209539413452
6633.1361154790875	0.6505329608917236
6633.195745647032	0.6495945453643799
6633.255375814976	0.6486801505088806
6633.31500598292	0.6476176381111145
6633.374636150865	0.6469599604606628
6633.434266318809	0.6468666791915894
6633.493896486753	0.646815299987793
6633.553526654698	0.6470602750778198
6633.613156822642	0.6479608416557312
6633.672786990586	0.6492123603820801
6633.732417158531	0.6500575542449951
6633.792047326475	0.6499835252761841
6633.851677494419	0.649178683757782
6633.9113076623635	0.6477571725845337
6633.970937830308	0.6472510099411011
6634.030567998252	0.6483649015426636
6634.090198166196	0.6494107842445374
6634.149828334141	0.6500136852264404
6634.209458502085	0.6501713991165161
6634.269088670029	0.6502102613449097
6634.328718837974	0.64976966381073
6634.388349005918	0.6483694314956665
6634.447979173862	0.6472274661064148
6634.5076093418065	0.6460469365119934
6634.567239509751	0.6451679468154907
6634.626869677695	0.6454513072967529
6634.686499845639	0.644912838935852
6634.746130013584	0.6439168453216553
6634.805760181528	0.6428266167640686
6634.865390349472	0.6426542401313782
6634.925020517417	0.6431265473365784
6634.984650685361	0.6448612809181213
6635.044280853305	0.6462424397468567
6635.10391102125	0.645852267742157
6635.163541189194	0.6452202796936035
6635.223171357138	0.6455968618392944
6635.2828015250825	0.6456608176231384
6635.342431693027	0.6440452337265015
6635.402061860971	0.6420052647590637
6635.461692028915	0.6406117081642151
6635.52132219686	0.6398745179176331
6635.580952364804	0.6406970024108887
6635.640582532748	0.6420892477035522
6635.700212700693	0.6429529190063477
6635.759842868637	0.6437764167785645
6635.819473036581	0.6434440016746521
6635.879103204526	0.6427628993988037
6635.93873337247	0.643263578414917
6635.998363540414	0.644191563129425
6636.0579937083585	0.6440505385398865
6636.117623876303	0.6432698369026184
6636.177254044247	0.6426478028297424
6636.236884212191	0.6419943571090698
6636.296514380136	0.6423383951187134
6636.35614454808	0.6439245939254761
6636.415774716024	0.6441610455513
6636.475404883969	0.6430673003196716
6636.535035051913	0.6435075998306274
6636.594665219857	0.6449665427207947
6636.6542953878015	0.6451503038406372
6636.713925555746	0.6441810727119446
6636.77355572369	0.0
