6478.0411	0.344
6478.0411	1.0273010730743408
6478.3851	1.0113067626953125
6478.7291000000005	1.0098158121109009
6479.0731000000005	0.9916461110115051
6479.417100000001	0.9824206233024597
6479.761100000001	0.9768651723861694
6480.105100000001	0.9712729454040527
6480.449100000001	1.0039103031158447
6480.793100000001	1.0308884382247925
6481.1371	1.0284799337387085
6481.4811	1.0260637998580933
6481.8251	1.0222325325012207
6482.1691	1.0321797132492065
6482.5131	1.0275216102600098
6482.8571	0.9982341527938843
6483.2011	0.9561600089073181
6483.5451	0.9422872066497803
6483.8891	0.9558767080307007
6484.2331	0.9907469153404236
6484.5771	1.0109180212020874
6484.9211000000005	1.0191504955291748
6485.2651000000005	1.0250335931777954
6485.609100000001	1.0224509239196777
6485.953100000001	1.0286859273910522
6486.297100000001	1.028087854385376
6486.641100000001	1.0084893703460693
6486.985100000001	1.0161094665527344
6487.3291	1.026545763015747
6487.6731	1.0310567617416382
6488.0171	1.041337251663208
6488.3611	1.0499218702316284
6488.7051	1.04281747341156
6489.0491	1.0342016220092773
6489.3931	1.044862151145935
6489.7371	1.0576772689819336
6490.0811	1.0552047491073608
6490.4251	1.0158768892288208
6490.7691	0.9793424010276794
6491.1131000000005	1.009173035621643
6491.4571000000005	1.0457525253295898
6491.801100000001	1.0525332689285278
6492.145100000001	1.0476077795028687
6492.489100000001	1.0270799398422241
6492.833100000001	0.989691436290741
6493.177100000001	0.9922321438789368
6493.5211	1.0298824310302734
6493.8651	1.0505365133285522
6494.2091	1.048682689666748
6494.5531	1.050429105758667
6494.8971	1.0531065464019775
6495.2411	1.038164734840393
6495.5851	0.99753737449646
6495.9291	0.9714493155479431
6496.2731	1.0036133527755737
6496.6171	1.0396121740341187
6496.9611	1.0360084772109985
6497.3051000000005	1.0102251768112183
6497.6491000000005	1.0023859739303589
6497.993100000001	1.0203876495361328
6498.337100000001	1.0302640199661255
6498.681100000001	1.032542109489441
6499.025100000001	1.032006859779358
6499.3691	1.0259172916412354
6499.7131	1.0263266563415527
6500.0571	1.0284805297851562
6500.4011	1.0288232564926147
6500.7451	1.0315555334091187
6501.0891	1.0290488004684448
6501.4331	1.0246632099151611
6501.7771	1.0276671648025513
6502.1211	1.025809407234192
6502.4651	1.0201728343963623
6502.8091	1.0275652408599854
6503.1531	1.0245052576065063
6503.4971000000005	1.0163984298706055
6503.841100000001	1.0175081491470337
6504.185100000001	1.012169599533081
6504.529100000001	1.0184500217437744
6504.873100000001	1.0279568433761597
6505.217100000001	1.0311450958251953
6505.5611	1.0358717441558838
6505.9051	1.0306761264801025
6506.2491	1.0246084928512573
6506.5931	1.025664210319519
6506.9371	1.0282210111618042
6507.2811	1.0304659605026245
6507.6251	1.0240892171859741
6507.9691	1.0174059867858887
6508.3131	1.004910945892334
6508.6571	0.9918057322502136
6509.0011	1.0124008655548096
6509.3451000000005	1.0266883373260498
6509.6891000000005	1.0242406129837036
6510.033100000001	1.029707908630371
6510.377100000001	1.033006191253662
6510.721100000001	1.0261671543121338
6511.065100000001	1.0278842449188232
6511.409100000001	1.0284372568130493
6511.7531	1.0106985569000244
6512.0971	1.0017235279083252
6512.4411	1.019702434539795
6512.7851	1.0487220287322998
6513.1291	1.0528314113616943
6513.4731	1.0473861694335938
6513.8171	1.0415377616882324
6514.1611	1.0198520421981812
6514.5051	0.9762271046638489
6514.8491	0.9698386788368225
6515.1931	1.0125738382339478
6515.5371000000005	1.0159512758255005
6515.8811000000005	0.9872523546218872
6516.225100000001	0.9454795122146606
6516.569100000001	0.898928701877594
6516.913100000001	0.9359230995178223
6517.257100000001	1.0017695426940918
6517.6011	1.0213996171951294
6517.9451	1.0274075269699097
6518.2891	1.0341628789901733
6518.6331	1.0444813966751099
6518.9771	1.0257542133331299
6519.3211	0.9961410164833069
6519.6651	0.9999696612358093
6520.0091	1.0264308452606201
6520.3531	1.0400195121765137
6520.6971	1.04120671749115
6521.0411	1.0307915210723877
6521.3851	1.0269908905029297
6521.7291000000005	1.0186402797698975
6522.0731000000005	1.0101655721664429
6522.417100000001	1.0148844718933105
6522.761100000001	1.0193172693252563
6523.105100000001	1.0054888725280762
6523.449100000001	0.9797433614730835
6523.7931	0.9595307111740112
6524.1371	0.9854658246040344
6524.4811	1.0145467519760132
6524.8251	1.01811945438385
6525.1691	1.0226839780807495
6525.5131	1.0239620208740234
6525.8571	1.0205693244934082
6526.2011	1.023589015007019
6526.5451	1.0277280807495117
6526.8891	1.0256539583206177
6527.2331	1.023038625717163
6527.5771	1.0216119289398193
6527.9211000000005	1.0254769325256348
6528.2651000000005	1.0297460556030273
6528.609100000001	1.0283877849578857
6528.953100000001	1.027758002281189
6529.297100000001	1.0311150550842285
6529.641100000001	1.0284351110458374
6529.9851	1.028532862663269
6530.3291	1.0158095359802246
6530.6731	1.0092250108718872
6531.0171	1.0231068134307861
6531.3611	1.0268359184265137
6531.7051	1.0181962251663208
6532.0491	0.9850444197654724
6532.3931	0.9667906165122986
6532.7371	0.9977490901947021
6533.0811	1.022376537322998
6533.4251	1.023651123046875
6533.7691	1.0053561925888062
6534.1131000000005	0.9909175634384155
6534.4571000000005	1.0079851150512695
6534.801100000001	1.0246210098266602
6535.145100000001	1.0253262519836426
6535.489100000001	1.0309208631515503
6535.8331	1.0275671482086182
6536.1771	1.0233635902404785
6536.5211	1.0178966522216797
6536.8651	1.0180437564849854
6537.2091	1.0310804843902588
6537.5531	1.0351699590682983
6537.8971	1.0432840585708618
6538.2411	1.0452829599380493
6538.5851	1.0367610454559326
6538.9291	1.0452483892440796
6539.2731	1.0435845851898193
6539.6171	1.0464935302734375
6539.9611	1.0480782985687256
6540.3051000000005	1.053118348121643
6540.6491000000005	1.0518580675125122
6540.993100000001	1.0537960529327393
6541.337100000001	1.0576955080032349
6541.681100000001	1.0532549619674683
6542.0251	1.0345860719680786
6542.3691	1.026884913444519
6542.7131	1.0463308095932007
6543.0571	1.0539740324020386
6543.4011	1.0377423763275146
6543.7451	0.990695059299469
6544.0891	0.9948211312294006
6544.4331	1.0447531938552856
6544.7771	1.0680322647094727
6545.1211	1.0777361392974854
6545.4651	1.0760401487350464
6545.8091	1.0763212442398071
6546.1531	1.0912902355194092
6546.4971000000005	1.1002616882324219
6546.841100000001	1.1011520624160767
6547.185100000001	1.099779486656189
6547.529100000001	1.0754846334457397
6547.873100000001	1.077264428138733
6548.2171	1.074537992477417
6548.5611	1.054315447807312
6548.9051	1.0825443267822266
6549.2491	1.1207982301712036
6549.5931	1.1430715322494507
6549.9371	1.1511999368667603
6550.2811	1.1662613153457642
6550.6251	1.177746295928955
6550.9691	1.1865262985229492
6551.3131	1.1958998441696167
6551.6571	1.1978496313095093
6552.0011	1.1981463432312012
6552.3451000000005	1.1639455556869507
6552.6891000000005	1.1570160388946533
6553.033100000001	1.2215640544891357
6553.377100000001	1.26760733127594
6553.721100000001	1.2794731855392456
6554.0651	1.3226972818374634
6554.4091	1.3623689413070679
6554.7531	1.4015250205993652
6555.0971	1.4485803842544556
6555.4411	1.5032018423080444
6555.7851	1.5695618391036987
6556.1291	1.6421911716461182
6556.4731	1.725033164024353
6556.8171	1.7979413270950317
6557.1611	1.8922832012176514
6557.5051	2.0669572353363037
6557.8491	2.244140386581421
6558.1931	2.4291481971740723
6558.5371000000005	2.665266275405884
6558.8811000000005	2.921625852584839
6559.225100000001	3.1639161109924316
6559.569100000001	3.3903932571411133
6559.913100000001	3.5574722290039062
6560.2571	3.6683177947998047
6560.6011	3.832587718963623
6560.9451	4.083434104919434
6561.2891	4.334990501403809
6561.6331	4.476658344268799
6561.9771	4.494841575622559
6562.3211	4.470005035400391
6562.6651	4.490254878997803
6563.0091	4.501065254211426
6563.3531	4.430526256561279
6563.6971	4.243419170379639
6564.0411	3.9500303268432617
6564.3851	3.785109043121338
6564.7291000000005	3.71804141998291
6565.0731000000005	3.579531192779541
6565.417100000001	3.380509376525879
6565.761100000001	3.1445531845092773
6566.105100000001	2.891723871231079
6566.4491	2.654428482055664
6566.7931	2.445032835006714
6567.1371	2.2551591396331787
6567.4811	2.082136392593384
6567.8251	1.9423824548721313
6568.1691	1.8148905038833618
6568.5131	1.6944984197616577
6568.8571	1.598646640777588
6569.2011	1.5348050594329834
6569.5451	1.485581874847412
6569.8891	1.438084363937378
6570.2331	1.3957493305206299
6570.5771	1.3575835227966309
6570.9211000000005	1.322333574295044
6571.2651000000005	1.2919132709503174
6571.609100000001	1.2490638494491577
6571.953100000001	1.1970036029815674
6572.2971	1.1831934452056885
6572.6411	1.2009328603744507
6572.9851	1.2013449668884277
6573.3291	1.185716986656189
6573.6731	1.1717796325683594
6574.0171	1.1581857204437256
6574.3611	1.1254488229751587
6574.7051	1.0722993612289429
6575.0491	1.069449543952942
6575.3931	1.110111951828003
6575.7371	1.120081901550293
6576.0811	1.1124366521835327
6576.4251	1.105076789855957
6576.7691	1.1007132530212402
6577.1131000000005	1.1016418933868408
6577.4571000000005	1.0965627431869507
6577.801100000001	1.0905747413635254
6578.145100000001	1.0848878622055054
6578.4891	1.0813241004943848
6578.8331	1.0734258890151978
6579.1771	1.0662202835083008
6579.5211	1.069593071937561
6579.8651	1.0678043365478516
6580.2091	1.0558041334152222
6580.5531	1.0371999740600586
6580.8971	1.031494140625
6581.2411	1.04635751247406
6581.5851	1.052079677581787
6581.9291	1.049887776374817
6582.2731	1.0495890378952026
6582.6171	1.0475244522094727
6582.9611	1.042965292930603
6583.3051000000005	1.034195065498352
6583.6491000000005	1.0376384258270264
6583.993100000001	1.043149471282959
6584.337100000001	1.0446784496307373
6584.6811	1.0450812578201294
6585.0251	1.0364950895309448
6585.3691	1.0286256074905396
6585.7131	1.0281620025634766
6586.0571	1.0174428224563599
6586.4011	0.9990914463996887
6586.7451	1.004066824913025
6587.0891	1.0246974229812622
6587.4331	1.031232237815857
6587.7771	1.031045913696289
6588.1211	1.0309576988220215
6588.4651	1.0264333486557007
6588.8091	1.027512550354004
6589.1531	1.0278456211090088
6589.4971000000005	1.0300649404525757
6589.841100000001	1.0312906503677368
6590.185100000001	1.0259982347488403
6590.5291	1.0222795009613037
6590.8731	1.0214084386825562
6591.2171	1.0152392387390137
6591.5611	1.0135475397109985
6591.9051	1.0145530700683594
6592.2491	1.0120365619659424
6592.5931	1.009132742881775
6592.9371	1.0059245824813843
6593.2811	1.0109609365463257
6593.6251	1.0106213092803955
6593.9691	1.0092127323150635
6594.3131	1.003095030784607
6594.6571	1.004921317100525
6595.0011	1.0146201848983765
6595.3451000000005	1.0154162645339966
6595.6891000000005	1.0112640857696533
6596.033100000001	1.0047415494918823
6596.377100000001	1.006253957748413
6596.7211	1.008276104927063
6597.0651	1.0071133375167847
6597.4091	1.0017963647842407
6597.7531	1.003750205039978
6598.0971	1.0071736574172974
6598.4411	1.0085127353668213
6598.7851	1.0033581256866455
6599.1291	0.9919731020927429
6599.4731	0.9948599338531494
6599.8171	0.9998917579650879
6600.1611	1.0044829845428467
6600.5051	1.0080825090408325
6600.8491	1.0082074403762817
6601.1931	1.003902554512024
6601.5371000000005	0.9983193874359131
6601.8811000000005	0.9955298900604248
6602.225100000001	0.9933629035949707
6602.569100000001	0.9954381585121155
6602.9131	1.0025913715362549
6603.2571	1.0054657459259033
6603.6011	1.00236177444458
6603.9451	1.0026403665542603
6604.2891	0.9968312382698059
6604.6331	0.9964159727096558
6604.9771	0.9995243549346924
6605.3211	0.9954635500907898
6605.6651	0.99567049741745
6606.0091	0.9931995868682861
6606.3531	0.9946215748786926
6606.6971	0.9976183772087097
6607.0411	0.9980248212814331
6607.3851	0.9997463226318359
6607.7291000000005	0.9977213144302368
6608.0731000000005	0.9994429349899292
6608.417100000001	1.0013145208358765
6608.7611	0.9995612502098083
6609.1051	0.9976081252098083
6609.4491	0.9961881637573242
6609.7931	0.9946239590644836
6610.1371	0.9945510625839233
6610.4811	1.0017114877700806
6610.8251	0.9972677230834961
6611.1691	0.9922744631767273
6611.5131	0.9940243363380432
6611.8571	0.9866029620170593
6612.2011	0.9843848347663879
6612.5451	0.986560046672821
6612.8891	0.9878854751586914
6613.2331	0.989096999168396
6613.5771	0.9932789206504822
6613.9211000000005	0.9966242909431458
6614.2651000000005	0.992016613483429
6614.6091	0.9928567409515381
6614.9531	0.9991391897201538
6615.2971	0.9977495074272156
6615.6411	0.9963704943656921
6615.9851	1.0011074542999268
6616.3291	0.9979026317596436
6616.6731	0.9917720556259155
6617.0171	0.995980441570282
6617.3611	0.9954395890235901
6617.7051	0.9972870945930481
6618.0491	1.0020968914031982
6618.3931	0.9978600740432739
6618.7371	0.9931045174598694
6619.0811	0.9936894178390503
6619.4251	0.9939934015274048
6619.7691	0.997423529624939
6620.1131000000005	0.9992088675498962
6620.4571000000005	0.9966357946395874
6620.801100000001	0.9962683916091919
6621.1451	0.9974303245544434
6621.4891	0.9957438111305237
6621.8331	0.9958491325378418
6622.1771	0.9985997676849365
6622.5211	0.9967458844184875
6622.8651	0.9960342049598694
6623.2091	0.997577428817749
6623.5531	1.0014731884002686
6623.8971	1.0001293420791626
6624.2411	0.9997271299362183
6624.5851	1.0011199712753296
6624.9291	0.9976422786712646
6625.2731	0.9975108504295349
6625.6171	0.9946231842041016
6625.9611	0.9937806129455566
6626.3051000000005	0.9950042963027954
6626.6491000000005	0.9942946434020996
6626.9931	0.9981828331947327
6627.3371	0.9974088072776794
6627.6811	0.9912724494934082
6628.0251	0.9959139823913574
6628.3691	0.9994316101074219
6628.7131	0.9954991340637207
6629.0571	0.9956111907958984
6629.4011	0.9987524151802063
6629.7451	0.9985562562942505
6630.0891	0.9978121519088745
6630.4331	1.0016937255859375
6630.7771	0.998934805393219
6631.1211	0.9991661906242371
6631.4651	0.9975801706314087
6631.8091	0.9960206151008606
6632.1531	0.9977627992630005
6632.4971000000005	0.996671736240387
6632.8411	0.9933170080184937
6633.1851	0.9902254939079285
6633.5291	0.9952976703643799
6633.8731	0.995478630065918
6634.2171	0.9946138858795166
6634.5611	0.9947721362113953
6634.9051	0.9956093430519104
6635.2491	0.9954076409339905
6635.5931	0.9957319498062134
6635.9371	0.9960915446281433
6636.2811	0.9968491792678833
6636.6251	0.9969953298568726
6636.9691	0.9954810738563538
6637.3131	0.9925523996353149
6637.6571	0.9951426982879639
6638.0011	0.9913320541381836
6638.3451000000005	0.9894418120384216
6638.6891000000005	0.9934036731719971
6639.033100000001	0.995172381401062
6639.3771	0.9978021383285522
6639.7211	0.9960749745368958
6640.0651	0.9937127828598022
6640.4091	0.9989051222801208
6640.7531	0.9978656768798828
6641.0971	0.9907155632972717
6641.4411	0.9925211668014526
6641.7851	0.993698239326477
6642.1291	0.991419792175293
6642.4731	0.9919193387031555
6642.8171	0.9934835433959961
6643.1611	0.9953588247299194
6643.5051	0.9918544292449951
6643.8491	0.9966598749160767
6644.1931	1.0014113187789917
6644.5371000000005	0.9956445097923279
6644.8811000000005	0.9970535635948181
6645.2251	0.9946010112762451
6645.5691	0.995648980140686
6645.9131	1.000930666923523
6646.2571	1.00089430809021
6646.6011	1.0001462697982788
6646.9451	0.9988107681274414
6647.2891	0.9979537129402161
6647.6331	0.9988505244255066
6647.9771	1.0003345012664795
6648.3211	0.9972378611564636
6648.6651	0.9996890425682068
6649.0091	0.9998846650123596
6649.3531	0.9986860752105713
6649.6971	1.000698447227478
6650.0411	1.0007352828979492
6650.3851	1.0022650957107544
6650.7291000000005	1.0019035339355469
6651.0731	1.0046477317810059
6651.4171	1.002690315246582
6651.7611	1.0026757717132568
6652.1051	1.0062010288238525
6652.4491	1.0030779838562012
6652.7931	0.9989655017852783
6653.1371	1.0016454458236694
6653.4811	1.004419207572937
6653.8251	1.0010424852371216
6654.1691	1.0000929832458496
6654.5131	0.9980694055557251
6654.8571	0.9982732534408569
6655.2011	1.001320242881775
6655.5451	1.00348699092865
6655.8891	1.0011515617370605
6656.2331	0.9968931674957275
6656.5771	1.0015918016433716
6656.9211000000005	1.0014278888702393
6657.2651000000005	1.0056852102279663
6657.6091	1.008924126625061
6657.9531	1.0017964839935303
6658.2971	1.0020612478256226
6658.6411	1.0068120956420898
6658.9851	1.0061932802200317
6659.3291	1.000456690788269
6659.6731	0.997581422328949
6660.0171	1.0013933181762695
6660.3611	1.0014394521713257
6660.7051	1.0022138357162476
6661.0491	1.0025476217269897
6661.3931	1.0025668144226074
6661.7371	1.0032397508621216
6662.0811	0.9993420243263245
6662.4251	0.9991847276687622
6662.7691	0.997880220413208
6663.1131000000005	0.9980219602584839
6663.4571	1.0005733966827393
6663.8011	1.001067042350769
6664.1451	1.0008370876312256
6664.4891	0.998520016670227
6664.8331	1.0023531913757324
6665.1771	0.9994660019874573
6665.5211	0.9959760308265686
6665.8651	0.999104380607605
6666.2091	1.0002964735031128
6666.5531	0.9983648657798767
6666.8971	0.9988399147987366
6667.2411	1.0011897087097168
6667.5851	1.0014376640319824
6667.9291	0.9998965859413147
6668.2731	1.0002021789550781
6668.6171	1.0047407150268555
6668.9611	0.9997765421867371
6669.3051	0.9957764148712158
6669.6491	0.9962726831436157
6669.9931	0.9926502704620361
6670.3371	0.9891179203987122
6670.6811	0.9859446883201599
6671.0251	0.9853881597518921
6671.3691	0.9831258058547974
6671.7131	0.9830488562583923
6672.0571	0.9823160767555237
6672.4011	0.9787710905075073
6672.7451	0.9796870946884155
6673.0891	0.9866339564323425
6673.4331	0.9929852485656738
6673.7771	0.9904440641403198
6674.1211	0.9990349411964417
6674.4651	1.0031051635742188
6674.8091	1.0051242113113403
6675.1531	1.0094023942947388
6675.4971000000005	1.0098408460617065
6675.8411	1.0088543891906738
6676.1851	0.9965575933456421
6676.5291	0.9922789931297302
6676.8731	0.9913051128387451
6677.2171	0.9861089587211609
6677.5611	0.9926745295524597
6677.9051	0.9897401928901672
6678.2491	0.984071671962738
6678.5931	0.987553596496582
6678.9371	0.9894657135009766
6679.2811	0.994230329990387
6679.6251	0.9979459047317505
6679.9691	1.0005074739456177
6680.3131	1.0054631233215332
6680.6571	1.0038750171661377
6681.0011	1.0055854320526123
6681.3451000000005	1.0025831460952759
6681.6891	0.9949036836624146
6682.0331	0.9910576343536377
6682.3771	0.983940839767456
6682.7211	0.9828342795372009
6683.0651	0.9833500385284424
6683.4091	0.98195481300354
6683.7531	0.978971540927887
6684.0971	0.9811797142028809
6684.4411	0.9837080836296082
6684.7851	0.9826619029045105
6685.1291	0.9879610538482666
6685.4731	0.9867905378341675
6685.8171	0.9894870519638062
6686.1611	1.0018423795700073
6686.5051	0.9957165122032166
6686.8491	0.9962486028671265
6687.1931	1.0009055137634277
6687.5371	0.9949922561645508
6687.8811	0.9978196024894714
6688.2251	0.9922844767570496
6688.5691	0.9937159419059753
6688.9131	0.9935656785964966
6689.2571	0.9945013523101807
6689.6011	0.9955790042877197
6689.9451	0.997705340385437
6690.2891	0.9963849186897278
6690.6331	0.9947906136512756
6690.9771	0.99570232629776
6691.3211	0.9968872666358948
6691.6651	0.9980970025062561
6692.0091	0.9947421550750732
6692.3531	0.9969475865364075
6692.6971	0.9956343173980713
6693.0411	0.9988385438919067
6693.3851	0.9981374144554138
6693.7291000000005	1.0022088289260864
6694.0731	1.0030337572097778
6694.4171	1.0003376007080078
6694.7611	0.9999673962593079
6695.1051	0.9972023963928223
6695.4491	1.0029363632202148
6695.7931	0.9955314993858337
6696.1371	0.9930850863456726
6696.4811	0.9944682717323303
6696.8251	0.9950153827667236
6697.1691	0.9956316947937012
6697.5131	0.998342752456665
6697.8571	0.9998892545700073
6698.2011	0.994982123374939
6698.5451	0.9942607283592224
6698.8891	0.99014812707901
6699.2331	0.9905846118927002
6699.5771	0.9954396486282349
6699.9211	0.9969921708106995
6700.2651	0.9928073287010193
6700.6091	0.990451455116272
6700.9531	0.9940627813339233
6701.2971	0.9963845610618591
6701.6411	0.989817202091217
6701.9851	0.9905350804328918
6702.3291	0.9906847476959229
6702.6731	0.9933491349220276
6703.0171	0.990336000919342
6703.3611	0.9910190105438232
6703.7051	0.9950907230377197
6704.0491	0.9894400835037231
6704.3931	0.9866352081298828
6704.7371	0.9889640212059021
6705.0811	0.9885494112968445
6705.4251	0.9842866063117981
6705.7690999999995	0.9865729808807373
6706.1131	0.9896038174629211
6706.4571	0.9892348051071167
6706.8011	0.9917877316474915
6707.1451	0.9871931672096252
6707.4891	0.987826943397522
6707.8331	0.9862675070762634
6708.1771	0.9835395216941833
6708.5211	0.9882113933563232
6708.8651	0.9866262674331665
6709.2091	0.9845450520515442
6709.5531	0.980759859085083
6709.8971	0.98626708984375
6710.2411	0.9854732751846313
6710.5851	0.9835558533668518
6710.9291	0.9865359663963318
6711.2731	0.9826156497001648
6711.6171	0.9825838208198547
6711.9611	0.9838144779205322
6712.3051	0.983153760433197
6712.6491	0.9845707416534424
6712.9931	0.9834839701652527
6713.3371	0.9841870665550232
6713.6811	0.9796907901763916
6714.0251	0.981255829334259
6714.3691	0.9805297255516052
6714.7131	0.9764746427536011
6715.0571	0.9782899618148804
6715.4011	0.9794472455978394
6715.7451	0.9779825806617737
6716.0891	0.9749146103858948
6716.4331	0.9796633124351501
6716.7771	0.9809162616729736
6717.1211	0.9792070388793945
6717.4651	0.9729235172271729
6717.8091	0.9777304530143738
6718.1530999999995	0.9782297015190125
6718.4971	0.9768423438072205
6718.8411	0.9768592715263367
6719.1851	0.9763869047164917
6719.5291	0.9811630249023438
6719.8731	0.9749355912208557
6720.2171	0.974411129951477
6720.5611	0.9741408228874207
6720.9051	0.9748576879501343
6721.2491	0.9724450707435608
6721.5931	0.9722414612770081
6721.9371	0.975999116897583
6722.2811	0.9746106863021851
6722.6251	0.974530816078186
6722.9691	0.9744789004325867
6723.3131	0.9748097658157349
6723.6571	0.9709381461143494
6724.0010999999995	0.9736511707305908
6724.3451	0.9766830205917358
6724.6891	0.973991334438324
6725.0331	0.9714069962501526
6725.3771	0.9711188673973083
6725.7211	0.9725978374481201
6726.0651	0.9746009707450867
6726.4091	0.9730814695358276
6726.7531	0.9710585474967957
