6530.66961406	0.05695
6530.66961406097	1.0114498138427734
6530.72656406097	1.0154838562011719
6530.78351406097	1.0203801393508911
6530.840464060971	1.0249351263046265
6530.89741406097	1.0287213325500488
6530.95436406097	1.0305912494659424
6531.01131406097	1.031239628791809
6531.06826406097	1.0317285060882568
6531.12521406097	1.0323798656463623
6531.1821640609705	1.0341073274612427
6531.23911406097	1.0366606712341309
6531.29606406097	1.0385884046554565
6531.35301406097	1.0397151708602905
6531.40996406097	1.0401806831359863
6531.46691406097	1.039933204650879
6531.5238640609705	1.0404982566833496
6531.58081406097	1.042103886604309
6531.63776406097	1.0421149730682373
6531.69471406097	1.0393736362457275
6531.75166406097	1.0374541282653809
6531.80861406097	1.0372265577316284
6531.86556406097	1.0360645055770874
6531.922514060971	1.032686710357666
6531.97946406097	1.0280441045761108
6532.03641406097	1.0203670263290405
6532.09336406097	1.0106728076934814
6532.15031406097	0.9965108633041382
6532.20726406097	0.9811203479766846
6532.2642140609705	0.9644144177436829
6532.32116406097	0.9507234692573547
6532.37811406097	0.9462693333625793
6532.43506406097	0.9475228786468506
6532.49201406097	0.9561352133750916
6532.54896406097	0.9687418341636658
6532.6059140609705	0.9835079908370972
6532.662864060971	0.9990339875221252
6532.71981406097	1.013043999671936
6532.77676406097	1.0252859592437744
6532.83371406097	1.0348944664001465
6532.89066406097	1.0415321588516235
6532.94761406097	1.0449869632720947
6533.004564060971	1.0451768636703491
6533.06151406097	1.044824242591858
6533.11846406097	1.044055700302124
6533.17541406097	1.0445162057876587
6533.23236406097	1.0464621782302856
6533.28931406097	1.0469163656234741
6533.3462640609705	1.045128345489502
6533.40321406097	1.045139193534851
6533.46016406097	1.0484790802001953
6533.51711406097	1.050049066543579
6533.57406406097	1.0477267503738403
6533.63101406097	1.0448414087295532
6533.68796406097	1.040604591369629
6533.744914060971	1.0351570844650269
6533.80186406097	1.0268386602401733
6533.85881406097	1.0184831619262695
6533.91576406097	1.0108572244644165
6533.97271406097	1.0046149492263794
6534.02966406097	1.001699686050415
6534.0866140609705	1.0012761354446411
6534.14356406097	1.0052404403686523
6534.20051406097	1.0105031728744507
6534.25746406097	1.014764428138733
6534.31441406097	1.0185930728912354
6534.37136406097	1.0225633382797241
6534.4283140609705	1.026373028755188
6534.48526406097	1.0293543338775635
6534.54221406097	1.031128168106079
6534.59916406097	1.0306284427642822
6534.65611406097	1.028822660446167
6534.71306406097	1.0297017097473145
6534.77001406097	1.0329941511154175
6534.826964060971	1.0347684621810913
6534.88391406097	1.0346726179122925
6534.94086406097	1.0342559814453125
6534.99781406097	1.033658742904663
6535.05476406097	1.0351029634475708
6535.11171406097	1.039800763130188
6535.1686640609705	1.0436136722564697
6535.22561406097	1.0457617044448853
6535.28256406097	1.0484665632247925
6535.33951406097	1.0524038076400757
6535.39646406097	1.0548633337020874
6535.45341406097	1.053776502609253
6535.5103640609705	1.053979516029358
6535.567314060971	1.0577232837677002
6535.62426406097	1.0600364208221436
6535.68121406097	1.057671308517456
6535.73816406097	1.0554108619689941
6535.79511406097	1.0557842254638672
6535.85206406097	1.0561785697937012
6535.909014060971	1.05462646484375
6535.96596406097	1.0529481172561646
6536.02291406097	1.052983045578003
6536.07986406097	1.0533968210220337
6536.13681406097	1.0525081157684326
6536.19376406097	1.0510371923446655
6536.2507140609705	1.0501232147216797
6536.30766406097	1.0492569208145142
6536.36461406097	1.0471512079238892
6536.42156406097	1.0441447496414185
6536.47851406097	1.0416600704193115
6536.53546406097	1.0393705368041992
6536.59241406097	1.0356212854385376
6536.649364060971	1.0304814577102661
6536.70631406097	1.026919960975647
6536.76326406097	1.0258265733718872
6536.82021406097	1.0271803140640259
6536.87716406097	1.0323035717010498
6536.93411406097	1.0369900465011597
6536.9910640609705	1.0408903360366821
6537.04801406097	1.0448596477508545
6537.10496406097	1.0489733219146729
6537.16191406097	1.0526268482208252
6537.21886406097	1.0551872253417969
6537.27581406097	1.0570919513702393
6537.3327640609705	1.0574313402175903
6537.38971406097	1.0582876205444336
6537.44666406097	1.0607720613479614
6537.50361406097	1.0629243850708008
6537.56056406097	1.0635461807250977
6537.61751406097	1.0644611120224
6537.67446406097	1.0671522617340088
6537.731414060971	1.0695483684539795
6537.78836406097	1.0694775581359863
6537.84531406097	1.0690464973449707
6537.90226406097	1.0706013441085815
6537.95921406097	1.073277473449707
6538.01616406097	1.0762710571289062
6538.0731140609705	1.0783300399780273
6538.13006406097	1.076467752456665
6538.18701406097	1.0723459720611572
6538.24396406097	1.0708051919937134
6538.30091406097	1.071535587310791
6538.35786406097	1.0721900463104248
6538.4148140609705	1.072548270225525
6538.471764060971	1.0718520879745483
6538.52871406097	1.0699009895324707
6538.58566406097	1.0680749416351318
6538.64261406097	1.0666416883468628
6538.69956406097	1.066849708557129
6538.75651406097	1.0695537328720093
6538.813464060971	1.0703290700912476
6538.87041406097	1.0675112009048462
6538.92736406097	1.0653905868530273
6538.98431406097	1.0647809505462646
6539.04126406097	1.0655397176742554
6539.09821406097	1.0695641040802002
6539.1551640609705	1.0724824666976929
6539.21211406097	1.0724687576293945
6539.26906406097	1.0725404024124146
6539.32601406097	1.0735228061676025
6539.38296406097	1.0745471715927124
6539.43991406097	1.0752861499786377
6539.49686406097	1.0755290985107422
6539.553814060971	1.0746028423309326
6539.61076406097	1.0734142065048218
6539.66771406097	1.072567343711853
6539.72466406097	1.072813630104065
6539.78161406097	1.0759328603744507
6539.83856406097	1.0793777704238892
6539.8955140609705	1.0790964365005493
6539.95246406097	1.0773760080337524
6540.00941406097	1.0787367820739746
6540.06636406097	1.0815454721450806
6540.12331406097	1.0811641216278076
6540.18026406097	1.0781158208847046
6540.2372140609705	1.0756233930587769
6540.29416406097	1.0737597942352295
6540.35111406097	1.0721795558929443
6540.40806406097	1.071027398109436
6540.46501406097	1.0703915357589722
6540.52196406097	1.0704946517944336
6540.57891406097	1.070816159248352
6540.635864060971	1.0715646743774414
6540.69281406097	1.0731608867645264
6540.74976406097	1.0762677192687988
6540.80671406097	1.0787163972854614
6540.86366406097	1.079786777496338
6540.92061406097	1.0802475214004517
6540.9775640609705	1.0792632102966309
6541.03451406097	1.0792419910430908
6541.09146406097	1.0815991163253784
6541.14841406097	1.0841189622879028
6541.20536406097	1.0866113901138306
6541.26231406097	1.0885815620422363
6541.31926406097	1.089206576347351
6541.37621406097	1.0901172161102295
6541.43316406097	1.0925734043121338
6541.49011406097	1.0942455530166626
6541.54706406097	1.0924404859542847
6541.60401406097	1.0895462036132812
6541.66096406097	1.0873212814331055
6541.7179140609705	1.08589506149292
6541.77486406097	1.0859735012054443
6541.83181406097	1.0864604711532593
6541.88876406097	1.0854429006576538
6541.94571406097	1.0828471183776855
6542.00266406097	1.0782794952392578
6542.0596140609705	1.071691870689392
6542.11656406097	1.0634069442749023
6542.17351406097	1.0536563396453857
6542.23046406097	1.0444653034210205
6542.28741406097	1.0372458696365356
6542.34436406097	1.036887526512146
6542.40131406097	1.0448617935180664
6542.458264060971	1.051214575767517
6542.51521406097	1.0554444789886475
6542.57216406097	1.0613389015197754
6542.62911406097	1.0698665380477905
6542.68606406097	1.0770434141159058
6542.74301406097	1.0816549062728882
6542.7999640609705	1.0859345197677612
6542.85691406097	1.0894945859909058
6542.91386406097	1.0917606353759766
6542.97081406097	1.0909425020217896
6543.02776406097	1.0907272100448608
6543.08471406097	1.0921568870544434
6543.1416640609705	1.0925037860870361
6543.19861406097	1.0897676944732666
6543.25556406097	1.0878223180770874
6543.31251406097	1.0891542434692383
6543.36946406097	1.090579628944397
6543.42641406097	1.0902817249298096
6543.48336406097	1.0877269506454468
6543.540314060971	1.080270528793335
6543.59726406097	1.0676488876342773
6543.65421406097	1.0453248023986816
6543.71116406097	1.018444538116455
6543.76811406097	0.9916776418685913
6543.82506406097	0.9674424529075623
6543.8820140609705	0.9513756632804871
6543.93896406097	0.9455604553222656
6543.99591406097	0.9565179347991943
6544.05286406097	0.9804993271827698
6544.10981406097	1.003284215927124
6544.16676406097	1.0248159170150757
6544.22371406097	1.045710563659668
6544.28066406097	1.064903974533081
6544.33761406097	1.0790891647338867
6544.39456406097	1.0868487358093262
6544.45151406097	1.0928696393966675
6544.50846406097	1.0964593887329102
6544.56541406097	1.1000595092773438
6544.6223640609705	1.1035358905792236
6544.67931406097	1.1055693626403809
6544.73626406097	1.105020523071289
6544.79321406097	1.1053900718688965
6544.85016406097	1.1076669692993164
6544.90711406097	1.1095776557922363
6544.9640640609705	1.110622525215149
6545.02101406097	1.1115232706069946
6545.07796406097	1.1120785474777222
6545.13491406097	1.11281156539917
6545.19186406097	1.1140393018722534
6545.24881406097	1.114931344985962
6545.30576406097	1.1148042678833008
6545.362714060971	1.1148208379745483
6545.41966406097	1.1157342195510864
6545.47661406097	1.1158134937286377
6545.53356406097	1.1129436492919922
6545.59051406097	1.1085796356201172
6545.64746406097	1.1028006076812744
6545.7044140609705	1.0976232290267944
6545.76136406097	1.0960657596588135
6545.81831406097	1.0972198247909546
6545.87526406097	1.1010905504226685
6545.93221406097	1.106377363204956
6545.98916406097	1.1108345985412598
6546.0461140609705	1.1149332523345947
6546.10306406097	1.1198958158493042
6546.16001406097	1.1252171993255615
6546.21696406097	1.1290981769561768
6546.27391406097	1.1315733194351196
6546.33086406097	1.1339589357376099
6546.38781406097	1.1357816457748413
6546.444764060971	1.1352579593658447
6546.50171406097	1.132269024848938
6546.55866406097	1.1322107315063477
6546.61561406097	1.136170506477356
6546.67256406097	1.1387706995010376
6546.72951406097	1.1391037702560425
6546.7864640609705	1.1388424634933472
6546.84341406097	1.137547492980957
6546.90036406097	1.1376125812530518
6546.95731406097	1.1405282020568848
6547.01426406097	1.1427452564239502
6547.07121406097	1.1433099508285522
6547.12816406097	1.1433814764022827
6547.18511406097	1.1422739028930664
6547.24206406097	1.1408661603927612
6547.29901406097	1.138889193534851
6547.35596406097	1.1355360746383667
6547.41291406097	1.1288342475891113
6547.46986406097	1.1204111576080322
6547.5268140609705	1.1090770959854126
6547.58376406097	1.0977270603179932
6547.64071406097	1.0883617401123047
6547.69766406097	1.0827383995056152
6547.75461406097	1.0859322547912598
6547.81156406097	1.0938090085983276
6547.8685140609705	1.1049424409866333
6547.92546406097	1.1165193319320679
6547.98241406097	1.1244523525238037
6548.03936406097	1.1297597885131836
6548.09631406097	1.133424997329712
6548.15326406097	1.1354602575302124
6548.21021406097	1.1356992721557617
6548.267164060971	1.1332310438156128
6548.32411406097	1.1258330345153809
6548.38106406097	1.1123416423797607
6548.43801406097	1.092113733291626
6548.49496406097	1.066353678703308
6548.55191406097	1.0476922988891602
6548.6088640609705	1.0397621393203735
6548.66581406097	1.04449462890625
6548.72276406097	1.0658591985702515
6548.77971406097	1.0845344066619873
6548.83666406097	1.099118709564209
6548.89361406097	1.1137346029281616
6548.9505640609705	1.1282482147216797
6549.00751406097	1.140695333480835
6549.06446406097	1.1491234302520752
6549.12141406097	1.1574101448059082
6549.17836406097	1.165385365486145
6549.23531406097	1.1727020740509033
6549.29226406097	1.1784486770629883
6549.349214060971	1.183700680732727
6549.40616406097	1.1878291368484497
6549.46311406097	1.1916688680648804
6549.52006406097	1.1950026750564575
6549.57701406097	1.1979403495788574
6549.63396406097	1.2000340223312378
6549.6909140609705	1.2022863626480103
6549.74786406097	1.2054070234298706
6549.80481406097	1.207667589187622
6549.86176406097	1.2069227695465088
6549.91871406097	1.205424427986145
6549.97566406097	1.2046723365783691
6550.03261406097	1.2045713663101196
6550.08956406097	1.2054919004440308
6550.14651406097	1.2063592672348022
6550.20346406097	1.2054661512374878
6550.26041406097	1.2046453952789307
6550.31736406097	1.2074850797653198
6550.37431406097	1.212524652481079
6550.4312640609705	1.2165205478668213
6550.48821406097	1.2191705703735352
6550.54516406097	1.2198162078857422
6550.60211406097	1.219180703163147
6550.65906406097	1.2207098007202148
6550.71601406097	1.2243828773498535
6550.7729640609705	1.2277376651763916
6550.82991406097	1.2308036088943481
6550.88686406097	1.2342898845672607
6550.94381406097	1.238274097442627
6551.00076406097	1.2419400215148926
6551.05771406097	1.2449709177017212
6551.11466406097	1.2466895580291748
6551.171614060971	1.2464061975479126
6551.22856406097	1.2479939460754395
6551.28551406097	1.253021240234375
6551.34246406097	1.2572767734527588
6551.39941406097	1.2599201202392578
6551.45636406097	1.2627378702163696
6551.5133140609705	1.2659648656845093
6551.57026406097	1.2687443494796753
6551.62721406097	1.2704439163208008
6551.68416406097	1.2714258432388306
6551.74111406097	1.2707678079605103
6551.79806406097	1.2693499326705933
6551.8550140609705	1.266440987586975
6551.91196406097	1.2639390230178833
6551.96891406097	1.263131022453308
6552.02586406097	1.263627290725708
6552.08281406097	1.2666109800338745
6552.13976406097	1.2689827680587769
6552.19671406097	1.2676423788070679
6552.253664060971	1.263592004776001
6552.31061406097	1.2555663585662842
6552.36756406097	1.2419239282608032
6552.42451406097	1.216543436050415
6552.48146406097	1.1866594552993774
6552.53841406097	1.1616593599319458
6552.5953640609705	1.145269513130188
6552.65231406097	1.1478493213653564
6552.70926406097	1.1652473211288452
6552.76621406097	1.1885234117507935
6552.82316406097	1.2165101766586304
6552.88011406097	1.2446565628051758
6552.93706406097	1.2721498012542725
6552.99401406097	1.2963300943374634
6553.05096406097	1.3163745403289795
6553.10791406097	1.3329564332962036
6553.16486406097	1.3451670408248901
6553.22181406097	1.3553495407104492
6553.27876406097	1.362816333770752
6553.3357140609705	1.3696961402893066
6553.39266406097	1.3752583265304565
6553.44961406097	1.377306342124939
6553.50656406097	1.3736541271209717
6553.56351406097	1.369855284690857
6553.62046406097	1.3657666444778442
6553.6774140609705	1.361278772354126
6553.73436406097	1.3560528755187988
6553.79131406097	1.3547163009643555
6553.84826406097	1.3621760606765747
6553.90521406097	1.371885895729065
6553.96216406097	1.3869737386703491
6554.01911406097	1.4004919528961182
6554.076064060971	1.4097713232040405
6554.13301406097	1.4195458889007568
6554.18996406097	1.4314229488372803
6554.24691406097	1.4429038763046265
6554.30386406097	1.4526339769363403
6554.36081406097	1.4612451791763306
6554.4177640609705	1.467787265777588
6554.47471406097	1.4746187925338745
6554.53166406097	1.4836653470993042
6554.58861406097	1.4930340051651
6554.64556406097	1.5013293027877808
6554.70251406097	1.5089232921600342
6554.7594640609705	1.5156747102737427
6554.81641406097	1.5224272012710571
6554.87336406097	1.5303617715835571
6554.93031406097	1.5397567749023438
6554.98726406097	1.5517957210540771
6555.04421406097	1.5656299591064453
6555.10116406097	1.5799909830093384
6555.158114060971	1.5937654972076416
6555.21506406097	1.6040983200073242
6555.27201406097	1.6118909120559692
6555.32896406097	1.6205804347991943
6555.38591406097	1.6306310892105103
6555.44286406097	1.6429493427276611
6555.4998140609705	1.6577808856964111
6555.55676406097	1.6735042333602905
6555.61371406097	1.6900153160095215
6555.67066406097	1.705327033996582
6555.72761406097	1.7190055847167969
6555.78456406097	1.7320945262908936
6555.84151406097	1.7445921897888184
6555.89846406097	1.7588838338851929
6555.95541406097	1.7761249542236328
6556.01236406097	1.7943651676177979
6556.06931406097	1.8142999410629272
6556.12626406097	1.8333454132080078
6556.18321406097	1.8506218194961548
6556.2401640609705	1.8671622276306152
6556.29711406097	1.8820972442626953
6556.35406406097	1.8979475498199463
6556.41101406097	1.915966272354126
6556.46796406097	1.9341776371002197
6556.52491406097	1.9527915716171265
6556.5818640609705	1.9742281436920166
6556.63881406097	2.002586603164673
6556.69576406097	2.0280168056488037
6556.75271406097	2.044116497039795
6556.80966406097	2.056903123855591
6556.86661406097	2.064988374710083
6556.92356406097	2.0695884227752686
6556.98051406097	2.0675981044769287
6557.03746406097	2.0654118061065674
6557.09441406097	2.067688226699829
6557.15136406097	2.0793519020080566
6557.20831406097	2.113450288772583
6557.26526406097	2.1595609188079834
6557.3222140609705	2.2143912315368652
6557.37916406097	2.2716922760009766
6557.43611406097	2.3238799571990967
6557.49306406097	2.3735225200653076
6557.55001406097	2.4239985942840576
6557.60696406097	2.4728844165802
6557.6639140609705	2.5146172046661377
6557.72086406097	2.5511436462402344
6557.77781406097	2.5873048305511475
6557.83476406097	2.6211302280426025
6557.89171406097	2.647148847579956
6557.94866406097	2.666314125061035
6558.00561406097	2.686298131942749
6558.0625640609705	2.709336757659912
6558.11951406097	2.742413282394409
6558.17646406097	2.7876017093658447
6558.23341406097	2.836973190307617
6558.29036406097	2.8917341232299805
6558.34731406097	2.947490692138672
6558.4042640609705	3.0043046474456787
6558.46121406097	3.059006929397583
6558.51816406097	3.1102566719055176
6558.57511406097	3.1596901416778564
6558.63206406097	3.2065975666046143
6558.68901406097	3.2597384452819824
6558.74596406097	3.324234962463379
6558.80291406097	3.3833205699920654
6558.85986406097	3.43118953704834
6558.91681406097	3.4766204357147217
6558.97376406097	3.516475200653076
6559.03071406097	3.5590813159942627
6559.08766406097	3.6082561016082764
6559.1446140609705	3.6549949645996094
6559.20156406097	3.6953139305114746
6559.25851406097	3.7375059127807617
6559.31546406097	3.7855546474456787
6559.37241406097	3.830044746398926
6559.42936406097	3.8636314868927
6559.4863140609705	3.8953325748443604
6559.54326406097	3.927030324935913
6559.60021406097	3.957441568374634
6559.65716406097	3.984400987625122
6559.71411406097	4.0116286277771
6559.77106406097	4.04227352142334
6559.82801406097	4.070650100708008
6559.88496406097	4.089256286621094
6559.94191406097	4.105684280395508
6559.99886406097	4.127280235290527
6560.05581406097	4.152527332305908
6560.11276406097	4.181529521942139
6560.16971406097	4.209216117858887
6560.2266640609705	4.226263523101807
6560.28361406097	4.235092639923096
6560.34056406097	4.238246917724609
6560.39751406097	4.243865489959717
6560.45446406097	4.271951198577881
6560.51141406097	4.321599960327148
6560.56836406097	4.386656284332275
6560.62531406097	4.463471412658691
6560.68226406097	4.533980846405029
6560.73921406097	4.5975799560546875
6560.79616406097	4.657559394836426
6560.85311406097	4.711029529571533
6560.91006406097	4.752024173736572
6560.9670140609705	4.777387619018555
6561.02396406097	4.7978291511535645
6561.08091406097	4.813587665557861
6561.13786406097	4.839553356170654
6561.19481406097	4.879249095916748
6561.25176406097	4.91294527053833
6561.3087140609705	4.9369401931762695
6561.36566406097	4.958502769470215
6561.42261406097	4.9758429527282715
6561.47956406097	4.992888450622559
6561.53651406097	5.0092549324035645
6561.59346406097	5.023232460021973
6561.65041406097	5.0322113037109375
6561.70736406097	5.039090633392334
6561.76431406097	5.041167259216309
6561.82126406097	5.040606498718262
6561.87821406097	5.033748149871826
6561.93516406097	5.029911994934082
6561.99211406097	5.033841609954834
6562.0490640609705	5.036476135253906
6562.10601406097	5.0345587730407715
6562.16296406097	5.031005382537842
6562.21991406097	5.024623870849609
6562.27686406097	5.015295505523682
6562.33381406097	4.999510765075684
6562.3907640609705	4.985166549682617
6562.44771406097	4.9782304763793945
6562.50466406097	4.978269100189209
6562.56161406097	4.992043972015381
6562.61856406097	5.008992671966553
6562.67551406097	5.022738456726074
6562.73246406097	5.0340471267700195
6562.78941406097	5.041747093200684
6562.84636406097	5.048594951629639
6562.90331406097	5.057535171508789
6562.96026406097	5.065628528594971
6563.01721406097	5.067907810211182
6563.07416406097	5.063329219818115
6563.1311140609705	5.0471510887146
6563.18806406097	5.019393444061279
6563.24501406097	4.977269649505615
6563.30196406097	4.923558235168457
6563.35891406097	4.864677906036377
6563.41586406097	4.8014421463012695
6563.47281406097	4.737074851989746
6563.52976406097	4.676870822906494
6563.58671406097	4.637108325958252
6563.64366406097	4.6132893562316895
6563.70061406097	4.573943614959717
6563.75756406097	4.5164570808410645
6563.81451406097	4.450746536254883
6563.8714640609705	4.372188568115234
6563.92841406097	4.276628017425537
6563.98536406097	4.160839080810547
6564.04231406097	4.052520751953125
6564.09926406097	3.9589266777038574
6564.15621406097	3.8940587043762207
6564.2131640609705	3.875174045562744
6564.27011406097	3.8759796619415283
6564.32706406097	3.909092903137207
6564.38401406097	3.94004487991333
6564.44096406097	3.9667563438415527
6564.49791406097	3.988630771636963
6564.55486406097	4.0007500648498535
6564.61181406097	4.006595611572266
6564.66876406097	3.9989712238311768
6564.72571406097	3.9877052307128906
6564.78266406097	3.967913866043091
6564.83961406097	3.94592547416687
6564.89656406097	3.9186785221099854
6564.9535140609705	3.8869340419769287
6565.01046406097	3.8446781635284424
6565.06741406097	3.8027455806732178
6565.12436406097	3.763557195663452
6565.18131406097	3.7236218452453613
6565.23826406097	3.681002378463745
6565.2952140609705	3.6364684104919434
6565.35216406097	3.58809494972229
6565.40911406097	3.5398759841918945
6565.46606406097	3.494133472442627
6565.52301406097	3.4487106800079346
6565.57996406097	3.402482271194458
6565.63691406097	3.3560075759887695
6565.69386406097	3.3095250129699707
6565.75081406097	3.2630455493927
6565.80776406097	3.2165887355804443
6565.86471406097	3.1701619625091553
6565.92166406097	3.1238012313842773
6565.97861406097	3.0794057846069336
6566.0355640609705	3.04087495803833
6566.09251406097	3.003664970397949
6566.14946406097	2.9610135555267334
6566.20641406097	2.9138104915618896
6566.26336406097	2.8621349334716797
6566.32031406097	2.810283899307251
6566.37726406097	2.767712116241455
6566.43421406097	2.730008363723755
6566.49116406097	2.685865640640259
6566.54811406097	2.6390912532806396
6566.60506406097	2.601581335067749
6566.66201406097	2.5710110664367676
6566.71896406097	2.5359480381011963
6566.7759140609705	2.4971868991851807
6566.83286406097	2.4609055519104004
6566.88981406097	2.4280879497528076
6566.94676406097	2.399268627166748
6567.00371406097	2.3747222423553467
6567.06066406097	2.348855972290039
6567.1176140609705	2.3206851482391357
6567.17456406097	2.288816213607788
6567.23151406097	2.2525131702423096
6567.28846406097	2.219424247741699
6567.34541406097	2.1911468505859375
6567.40236406097	2.163815975189209
6567.45931406097	2.1378567218780518
6567.51626406097	2.110837936401367
6567.57321406097	2.082091808319092
6567.63016406097	2.0542151927948
6567.68711406097	2.027989625930786
6567.74406406097	2.002366304397583
6567.80101406097	1.9780302047729492
6567.8579640609705	1.9559658765792847
6567.91491406097	1.9388355016708374
6567.97186406097	1.9215593338012695
6568.02881406097	1.9039433002471924
6568.08576406097	1.8858990669250488
6568.14271406097	1.8668321371078491
6568.1996640609705	1.848278284072876
6568.25661406097	1.8310579061508179
6568.31356406097	1.8131506443023682
6568.37051406097	1.7933197021484375
6568.42746406097	1.7722337245941162
6568.48441406097	1.7485100030899048
6568.54136406097	1.7240772247314453
6568.59831406097	1.6988154649734497
6568.65526406097	1.6743378639221191
6568.71221406097	1.6523159742355347
6568.76916406097	1.6333235502243042
6568.82611406097	1.6209208965301514
6568.88306406097	1.6110267639160156
6568.9400140609705	1.6030875444412231
6568.99696406097	1.5971059799194336
6569.05391406097	1.5948578119277954
6569.11086406097	1.5929087400436401
6569.16781406097	1.5879130363464355
6569.22476406097	1.5801794528961182
6569.28171406097	1.5681097507476807
6569.33866406097	1.5552537441253662
6569.39561406097	1.5461465120315552
6569.45256406097	1.5382990837097168
6569.50951406097	1.5282859802246094
6569.56646406097	1.5181275606155396
6569.62341406097	1.5115450620651245
6569.6803640609705	1.5068742036819458
6569.73731406097	1.5009713172912598
6569.79426406097	1.4939937591552734
6569.85121406097	1.4862737655639648
6569.90816406097	1.4779598712921143
6569.96511406097	1.469551920890808
6570.0220640609705	1.4613746404647827
6570.07901406097	1.4543824195861816
6570.13596406097	1.4480317831039429
6570.19291406097	1.439927577972412
6570.24986406097	1.430700659751892
6570.30681406097	1.4240608215332031
6570.36376406097	1.4195072650909424
6570.42071406097	1.4118832349777222
6570.47766406097	1.4011796712875366
6570.53461406097	1.392716884613037
6570.59156406097	1.386816382408142
6570.64851406097	1.3797329664230347
6570.70546406097	1.3714942932128906
6570.7624140609705	1.3658219575881958
6570.81936406097	1.3638898134231567
6570.87631406097	1.3622874021530151
6570.93326406097	1.3610185384750366
6570.99021406097	1.358338475227356
6571.04716406097	1.3534338474273682
6571.1041140609705	1.3497167825698853
6571.16106406097	1.3480921983718872
6571.21801406097	1.3460934162139893
6571.27496406097	1.3432986736297607
6571.33191406097	1.3390638828277588
6571.38886406097	1.3318798542022705
6571.44581406097	1.325487732887268
6571.50276406097	1.3208518028259277
6571.55971406097	1.3161330223083496
6571.61666406097	1.3112189769744873
6571.67361406097	1.3048654794692993
6571.73056406097	1.2950655221939087
6571.78751406097	1.2783069610595703
6571.8444640609705	1.2449369430541992
6571.90141406097	1.21168053150177
6571.95836406097	1.1814764738082886
6572.01531406097	1.1581721305847168
6572.07226406097	1.1513779163360596
6572.12921406097	1.152365803718567
6572.18616406097	1.167465329170227
6572.24311406097	1.1842483282089233
6572.30006406097	1.1991312503814697
6572.35701406097	1.2126795053482056
6572.41396406097	1.2237502336502075
6572.47091406097	1.2328410148620605
6572.52786406097	1.2382524013519287
6572.5848140609705	1.2429873943328857
6572.64176406097	1.2487523555755615
6572.69871406097	1.2528836727142334
6572.75566406097	1.2514978647232056
6572.81261406097	1.2487220764160156
6572.86956406097	1.2478104829788208
6572.9265140609705	1.247241497039795
6572.98346406097	1.2454118728637695
6573.04041406097	1.2434210777282715
6573.09736406097	1.2426906824111938
6573.15431406097	1.2419646978378296
6573.21126406097	1.2392717599868774
6573.26821406097	1.2351125478744507
6573.32516406097	1.2297805547714233
6573.38211406097	1.2245092391967773
6573.43906406097	1.2217861413955688
6573.49601406097	1.2202513217926025
6573.55296406097	1.2170072793960571
6573.60991406097	1.213212013244629
6573.6668640609705	1.2118113040924072
6573.72381406097	1.2120740413665771
6573.78076406097	1.2115968465805054
6573.83771406097	1.2104111909866333
6573.89466406097	1.2088936567306519
6573.95161406097	1.2068244218826294
6574.0085640609705	1.2037461996078491
6574.06551406097	1.1997278928756714
6574.12246406097	1.195881962776184
6574.17941406097	1.1924521923065186
6574.23636406097	1.1900808811187744
6574.29331406097	1.1888296604156494
6574.35026406097	1.1872837543487549
6574.40721406097	1.1843363046646118
6574.46416406097	1.1759964227676392
6574.52111406097	1.1597083806991577
6574.57806406097	1.1374574899673462
6574.63501406097	1.1070256233215332
6574.69196406097	1.0762124061584473
6574.7489140609705	1.0463920831680298
6574.80586406097	1.0271642208099365
6574.86281406097	1.025497555732727
6574.91976406097	1.0329092741012573
6574.97671406097	1.0552898645401
6575.03366406097	1.0776139497756958
6575.09061406097	1.0995219945907593
6575.14756406097	1.1178663969039917
6575.20451406097	1.1294749975204468
6575.26146406097	1.1400814056396484
6575.31841406097	1.1485910415649414
6575.37536406097	1.1548177003860474
6575.43231406097	1.1562049388885498
6575.4892640609705	1.1577205657958984
6575.54621406097	1.1595255136489868
6575.60316406097	1.1598014831542969
6575.66011406097	1.1564565896987915
6575.71706406097	1.1542404890060425
6575.77401406097	1.1547971963882446
6575.8309640609705	1.1546437740325928
6575.88791406097	1.1525315046310425
6575.94486406097	1.150854229927063
6576.00181406097	1.1505500078201294
6576.05876406097	1.1497220993041992
6576.11571406097	1.1472759246826172
6576.17266406097	1.1435165405273438
6576.22961406097	1.1369411945343018
6576.28656406097	1.1318074464797974
6576.34351406097	1.1314605474472046
6576.40046406097	1.131490707397461
6576.45741406097	1.1302173137664795
6576.51436406097	1.128928780555725
6576.5713140609705	1.1283421516418457
6576.62826406097	1.1283974647521973
6576.68521406097	1.1297050714492798
6576.74216406097	1.1312559843063354
6576.79911406097	1.1325023174285889
6576.85606406097	1.1338485479354858
6576.91301406097	1.135741114616394
6576.96996406097	1.1369202136993408
6577.02691406097	1.1355297565460205
6577.08386406097	1.1331511735916138
6577.14081406097	1.1308314800262451
6577.19776406097	1.1287946701049805
6577.25471406097	1.127517580986023
6577.31166406097	1.1267306804656982
6577.36861406097	1.1263426542282104
6577.42556406097	1.125970721244812
6577.48251406097	1.1250181198120117
6577.53946406097	1.1234805583953857
6577.59641406097	1.1211122274398804
6577.6533640609705	1.1185548305511475
6577.71031406097	1.1169999837875366
6577.76726406097	1.1155809164047241
6577.82421406097	1.1124582290649414
6577.88116406097	1.1090764999389648
6577.93811406097	1.1088576316833496
6577.99506406097	1.1106724739074707
6578.05201406097	1.111391305923462
6578.10896406097	1.110888957977295
6578.16591406097	1.1090872287750244
6578.22286406097	1.1069098711013794
6578.27981406097	1.1074788570404053
6578.33676406097	1.1102397441864014
6578.39371406097	1.111910343170166
6578.45066406097	1.1120648384094238
6578.50761406097	1.1102535724639893
6578.56456406097	1.1068837642669678
6578.62151406097	1.1053917407989502
6578.67846406097	1.1059116125106812
6578.7354140609705	1.1064035892486572
6578.79236406097	1.1067919731140137
6578.84931406097	1.106832504272461
6578.90626406097	1.1062626838684082
6578.96321406097	1.104710578918457
6579.02016406097	1.101735234260559
6579.07711406097	1.0978121757507324
6579.13406406097	1.092965006828308
6579.19101406097	1.0901916027069092
6579.24796406097	1.090469241142273
6579.30491406097	1.0914326906204224
6579.36186406097	1.093403935432434
6579.41881406097	1.0952343940734863
6579.4757640609705	1.0967576503753662
6579.53271406097	1.0976033210754395
6579.58966406097	1.0973396301269531
6579.64661406097	1.0972586870193481
6579.70356406097	1.0973230600357056
6579.76051406097	1.0954715013504028
6579.81746406097	1.090164065361023
6579.87441406097	1.0860503911972046
6579.93136406097	1.0842576026916504
6579.98831406097	1.0823477506637573
6580.04526406097	1.0802277326583862
6580.10221406097	1.0789462327957153
6580.15916406097	1.0794801712036133
6580.21611406097	1.0801976919174194
6580.27306406097	1.0813326835632324
6580.33001406097	1.0821335315704346
6580.38696406097	1.08214271068573
6580.44391406097	1.0798304080963135
6580.50086406097	1.0719828605651855
6580.5578140609705	1.0637637376785278
6580.61476406097	1.055041790008545
6580.67171406097	1.0482959747314453
6580.72866406097	1.0464348793029785
6580.78561406097	1.0459778308868408
6580.84256406097	1.0480701923370361
6580.89951406097	1.0519821643829346
6580.95646406097	1.0597940683364868
6581.01341406097	1.0662530660629272
6581.07036406097	1.06808340549469
6581.12731406097	1.0708482265472412
6581.18426406097	1.077750325202942
6581.24121406097	1.0838669538497925
6581.29816406097	1.0860956907272339
6581.35511406097	1.0875383615493774
6581.41206406097	1.0889620780944824
6581.46901406097	1.0900418758392334
6581.52596406097	1.090222716331482
6581.58291406097	1.0902689695358276
6581.6398640609705	1.090566873550415
6581.69681406097	1.0894956588745117
6581.75376406097	1.0845108032226562
6581.81071406097	1.0798593759536743
6581.86766406097	1.0794756412506104
6581.92461406097	1.0799918174743652
6581.98156406097	1.078973650932312
6582.03851406097	1.0766468048095703
6582.09546406097	1.0722111463546753
6582.15241406097	1.0676321983337402
6582.20936406097	1.0650728940963745
6582.26631406097	1.0640687942504883
6582.32326406097	1.0650771856307983
6582.3802140609705	1.0666816234588623
6582.43716406097	1.067286491394043
6582.49411406097	1.067762851715088
6582.55106406097	1.0693540573120117
6582.60801406097	1.0713130235671997
6582.66496406097	1.0725845098495483
6582.72191406097	1.0736092329025269
6582.77886406097	1.0750770568847656
6582.83581406097	1.0764641761779785
6582.89276406097	1.0767356157302856
6582.94971406097	1.0762953758239746
6583.00666406097	1.0758410692214966
6583.06361406097	1.0746396780014038
6583.12056406097	1.0709503889083862
6583.17751406097	1.0655879974365234
6583.23446406097	1.0605379343032837
6583.29141406097	1.055907964706421
6583.34836406097	1.051938533782959
6583.40531406097	1.04993736743927
6583.4622640609705	1.0532013177871704
6583.51921406097	1.0597505569458008
6583.57616406097	1.0622782707214355
6583.63311406097	1.0619933605194092
6583.69006406097	1.0643532276153564
6583.74701406097	1.0689948797225952
6583.80396406097	1.0731055736541748
6583.86091406097	1.0764288902282715
6583.91786406097	1.0786077976226807
6583.97481406097	1.0794942378997803
6584.03176406097	1.0797659158706665
6584.08871406097	1.0789618492126465
6584.14566406097	1.0762596130371094
6584.20261406097	1.0723856687545776
6584.25956406097	1.0727001428604126
6584.31651406097	1.0772078037261963
6584.37346406097	1.07877779006958
6584.43041406097	1.076478123664856
6584.48736406097	1.0724238157272339
6584.5443140609705	1.0670380592346191
6584.60126406097	1.0662022829055786
6584.65821406097	1.0706534385681152
6584.71516406097	1.0714880228042603
6584.77211406097	1.0677213668823242
6584.82906406097	1.065832495689392
6584.88601406097	1.066626787185669
6584.94296406097	1.0675554275512695
6584.99991406097	1.0683948993682861
6585.05686406097	1.0672883987426758
6585.11381406097	1.0633326768875122
6585.17076406097	1.060420274734497
6585.22771406097	1.0589978694915771
6585.2846640609705	1.056134819984436
6585.34161406097	1.0510953664779663
6585.39856406097	1.0480239391326904
6585.45551406097	1.0483019351959229
6585.51246406097	1.0479844808578491
6585.56941406097	1.0466105937957764
6585.62636406097	1.045419454574585
6585.68331406097	1.0446114540100098
6585.74026406097	1.0443508625030518
6585.79721406097	1.0451385974884033
6585.85416406097	1.0456384420394897
6585.91111406097	1.0455187559127808
6585.96806406097	1.0446034669876099
6586.02501406097	1.0420812368392944
6586.08196406097	1.041628360748291
6586.13891406097	1.0456191301345825
6586.19586406097	1.0449751615524292
6586.25281406097	1.0338143110275269
6586.30976406097	1.022337555885315
6586.3667140609705	1.0101189613342285
6586.42366406097	1.0004621744155884
6586.48061406097	0.9968954920768738
6586.53756406097	0.9946207404136658
6586.59451406097	0.9952103495597839
6586.65146406097	0.9985162615776062
6586.70841406097	1.008147120475769
6586.76536406097	1.0168321132659912
6586.82231406097	1.0224721431732178
6586.87926406097	1.0285086631774902
6586.93621406097	1.0360008478164673
6586.99316406097	1.0426154136657715
6587.05011406097	1.0467699766159058
6587.10706406097	1.0506772994995117
6587.16401406097	1.054578423500061
6587.22096406097	1.0577119588851929
6587.27791406097	1.0589253902435303
6587.33486406097	1.0592271089553833
6587.39181406097	1.0578807592391968
6587.4487640609705	1.056764841079712
6587.50571406097	1.0568745136260986
6587.56266406097	1.0564675331115723
6587.61961406097	1.0541998147964478
6587.67656406097	1.0525363683700562
6587.73351406097	1.0533447265625
6587.79046406097	1.054526448249817
6587.84741406097	1.0553478002548218
6587.90436406097	1.0554534196853638
6587.96131406097	1.0538887977600098
6588.01826406097	1.0517449378967285
6588.07521406097	1.049147129058838
6588.13216406097	1.0474331378936768
6588.18911406097	1.0484102964401245
6588.24606406097	1.048964500427246
6588.30301406097	1.0463147163391113
6588.35996406097	1.0429589748382568
6588.41691406097	1.0403196811676025
6588.47386406097	1.038153886795044
6588.53081406097	1.0366591215133667
6588.58776406097	1.0359270572662354
6588.64471406097	1.0366828441619873
6588.70166406097	1.037800908088684
6588.75861406097	1.038423776626587
6588.81556406097	1.0395034551620483
6588.87251406097	1.042421817779541
6588.92946406097	1.0454626083374023
6588.98641406097	1.0467257499694824
6589.04336406097	1.0476670265197754
6589.10031406097	1.0498623847961426
6589.15726406097	1.0516289472579956
6589.21421406097	1.0504940748214722
6589.2711640609705	1.04880690574646
6589.32811406097	1.0494987964630127
6589.38506406097	1.0504412651062012
6589.44201406097	1.0486476421356201
6589.49896406097	1.0464626550674438
6589.55591406097	1.0473289489746094
6589.61286406097	1.0494654178619385
6589.66981406097	1.050520420074463
6589.72676406097	1.0505471229553223
6589.78371406097	1.0492324829101562
6589.84066406097	1.0470786094665527
6589.89761406097	1.0447142124176025
6589.95456406097	1.0428532361984253
6590.01151406097	1.0430086851119995
6590.06846406097	1.0445069074630737
6590.12541406097	1.0462955236434937
6590.18236406097	1.0471153259277344
6590.23931406097	1.044129490852356
6590.29626406097	1.0402271747589111
6590.3532140609705	1.041753888130188
6590.41016406097	1.0457682609558105
6590.46711406097	1.0454875230789185
6590.52406406097	1.0428451299667358
6590.58101406097	1.0426506996154785
6590.63796406097	1.0433826446533203
6590.69491406097	1.0410268306732178
6590.75186406097	1.0375031232833862
6590.80881406097	1.038204550743103
6590.86576406097	1.0412012338638306
6590.92271406097	1.0404590368270874
6590.97966406097	1.0371142625808716
6591.03661406097	1.035380244255066
6591.09356406097	1.0349072217941284
6591.15051406097	1.0340982675552368
6591.20746406097	1.0330822467803955
6591.26441406097	1.0323818922042847
6591.32136406097	1.0317769050598145
6591.37831406097	1.0304559469223022
6591.43526406097	1.0286515951156616
6591.49221406097	1.0275229215621948
6591.54916406097	1.02678644657135
6591.60611406097	1.0250720977783203
6591.66306406097	1.0229874849319458
6591.72001406097	1.0232547521591187
6591.77696406097	1.0255415439605713
6591.83391406097	1.0264955759048462
6591.89086406097	1.025816798210144
6591.94781406097	1.023984670639038
6592.00476406097	1.0215182304382324
6592.06171406097	1.0215458869934082
6592.11866406097	1.0239315032958984
6592.1756140609705	1.0248721837997437
6592.23256406097	1.0242853164672852
6592.28951406097	1.0240025520324707
6592.34646406097	1.0238839387893677
6592.40341406097	1.0229310989379883
6592.46036406097	1.0214682817459106
6592.51731406097	1.0221785306930542
6592.57426406097	1.025193214416504
6592.63121406097	1.0268611907958984
6592.68816406097	1.0268317461013794
6592.74511406097	1.0265041589736938
6592.80206406097	1.0259324312210083
6592.85901406097	1.0260107517242432
6592.91596406097	1.026948094367981
6592.97291406097	1.0280470848083496
6593.02986406097	1.029444694519043
6593.08681406097	1.031319260597229
6593.14376406097	1.0333181619644165
6593.20071406097	1.0324656963348389
6593.2576640609705	1.0281168222427368
6593.31461406097	1.0259952545166016
6593.37156406097	1.027117133140564
6593.42851406097	1.029090166091919
6593.48546406097	1.0320332050323486
6593.54241406097	1.0335036516189575
6593.59936406097	1.032867431640625
6593.65631406097	1.0324294567108154
6593.71326406097	1.0320779085159302
6593.77021406097	1.0303610563278198
6593.82716406097	1.026962399482727
6593.88411406097	1.0261802673339844
6593.94106406097	1.0290378332138062
6593.99801406097	1.0290613174438477
6594.05496406097	1.0245648622512817
6594.11191406097	1.019644021987915
6594.16886406097	1.0140899419784546
6594.22581406097	1.0089013576507568
6594.28276406097	1.004477858543396
6594.33971406097	1.0013900995254517
6594.39666406097	1.00082528591156
6594.45361406097	1.0027395486831665
6594.51056406097	1.0086857080459595
6594.56751406097	1.013018012046814
6594.62446406097	1.0146251916885376
6594.68141406097	1.0168814659118652
6594.73836406097	1.0201380252838135
6594.79531406097	1.0219682455062866
6594.85226406097	1.0213840007781982
6594.90921406097	1.02232825756073
6594.96616406097	1.0258666276931763
6595.02311406097	1.0271859169006348
6595.0800640609705	1.024422287940979
6595.13701406097	1.0221718549728394
6595.19396406097	1.021079659461975
6595.25091406097	1.0223721265792847
6595.30786406097	1.0280789136886597
6595.36481406097	1.0313862562179565
6595.42176406097	1.030087947845459
6595.47871406097	1.0301154851913452
6595.53566406097	1.0327306985855103
6595.59261406097	1.0345289707183838
6595.64956406097	1.034616470336914
6595.70651406097	1.0336238145828247
6595.76346406097	1.0304611921310425
6595.82041406097	1.0282776355743408
6595.87736406097	1.0280754566192627
6595.93431406097	1.0264427661895752
6595.99126406097	1.0218145847320557
6596.04821406097	1.0181255340576172
6596.10516406097	1.016484022140503
6596.16211406097	1.015673041343689
6596.21906406097	1.0166889429092407
6596.27601406097	1.0181872844696045
6596.33296406097	1.0207245349884033
6596.38991406097	1.0217127799987793
6596.44686406097	1.0192594528198242
6596.50381406097	1.0197478532791138
6596.56076406097	1.0269209146499634
6596.61771406097	1.0310328006744385
6596.67466406097	1.0280673503875732
6596.73161406097	1.0266836881637573
6596.78856406097	1.029010534286499
6596.84551406097	1.0305423736572266
6596.90246406097	1.030195951461792
6596.95941406097	1.0293869972229004
6597.01636406097	1.0274966955184937
6597.07331406097	1.0252071619033813
6597.13026406097	1.0219929218292236
6597.18721406097	1.0193891525268555
6597.24416406097	1.01827073097229
6597.30111406097	1.0187205076217651
6597.35806406097	1.0228419303894043
6597.41501406097	1.0261446237564087
6597.47196406097	1.0272676944732666
6597.52891406097	1.0266351699829102
6597.58586406097	1.021956443786621
6597.64281406097	1.0186964273452759
6597.69976406097	1.0191940069198608
6597.75671406097	1.0206342935562134
6597.81366406097	1.023972511291504
6597.87061406097	1.025922417640686
6597.92756406097	1.0243117809295654
6597.9845140609705	1.0215067863464355
6598.04146406097	1.0162547826766968
6598.09841406097	1.012731671333313
6598.15536406097	1.0137295722961426
6598.21231406097	1.0150066614151
6598.26926406097	1.0162943601608276
6598.32621406097	1.0172792673110962
6598.38316406097	1.0175265073776245
6598.44011406097	1.0178322792053223
6598.49706406097	1.018406867980957
6598.55401406097	1.0180948972702026
6598.61096406097	1.0155690908432007
6598.66791406097	1.014143705368042
6598.72486406097	1.0158387422561646
6598.78181406097	1.016548991203308
6598.83876406097	1.0142080783843994
6598.89571406097	1.0120056867599487
6598.95266406097	1.0107994079589844
6599.00961406097	1.0093015432357788
6599.06656406097	1.0068624019622803
6599.12351406097	1.0028040409088135
6599.18046406097	0.9949784874916077
6599.23741406097	0.9895008206367493
6599.29436406097	0.9907433986663818
6599.35131406097	0.9939157962799072
6599.40826406097	1.0001434087753296
6599.46521406097	1.004909873008728
6599.52216406097	1.005250334739685
6599.57911406097	1.004916787147522
6599.63606406097	1.004124641418457
6599.69301406097	1.0063236951828003
6599.74996406097	1.016080379486084
6599.80691406097	1.0236964225769043
6599.86386406097	1.0237871408462524
6599.92081406097	1.0235477685928345
6599.97776406097	1.0247414112091064
6600.03471406097	1.0254249572753906
6600.09166406097	1.0243955850601196
6600.14861406097	1.0238535404205322
6600.20556406097	1.025068759918213
6600.26251406097	1.0253905057907104
6600.31946406097	1.0229119062423706
6600.37641406097	1.0217841863632202
6600.43336406097	1.0249618291854858
6600.49031406097	1.0268607139587402
6600.54726406097	1.0241056680679321
6600.60421406097	1.022629976272583
6600.66116406097	1.0259608030319214
6600.71811406097	1.0288116931915283
6600.77506406097	1.0287781953811646
6600.83201406097	1.0272737741470337
6600.8889640609705	1.0230984687805176
6600.94591406097	1.0203129053115845
6601.00286406097	1.021986722946167
6601.05981406097	1.0231777429580688
6601.11676406097	1.0215210914611816
6601.17371406097	1.0205563306808472
6601.23066406097	1.0223909616470337
6601.28761406097	1.022745966911316
6601.34456406097	1.0183203220367432
6601.40151406097	1.014316439628601
6601.45846406097	1.0131909847259521
6601.51541406097	1.0124642848968506
6601.57236406097	1.0116403102874756
6601.62931406097	1.0101771354675293
6601.68626406097	1.0071377754211426
6601.74321406097	1.0032353401184082
6601.80016406097	0.9977670907974243
6601.85711406097	0.9930503368377686
6601.91406406097	0.9908477067947388
6601.97101406097	0.9891728758811951
6602.02796406097	0.98783940076828
6602.08491406097	0.9866389036178589
6602.14186406097	0.9856391549110413
6602.19881406097	0.98597651720047
6602.25576406097	0.9896160364151001
6602.31271406097	0.9922283887863159
6602.36966406097	0.9909219145774841
6602.42661406097	0.9896215200424194
6602.48356406097	0.9899070858955383
6602.54051406097	0.9915803074836731
6602.59746406097	0.996127724647522
6602.65441406097	0.9991585612297058
6602.71136406097	0.9971984028816223
6602.76831406097	0.9961029291152954
6602.82526406097	0.9991980195045471
6602.88221406097	1.0017890930175781
6602.93916406097	1.001425862312317
6602.99611406097	1.0021620988845825
6603.05306406097	1.006860375404358
6603.11001406097	1.0108877420425415
6603.16696406097	1.011639952659607
6603.22391406097	1.0121798515319824
6603.28086406097	1.0134831666946411
6603.33781406097	1.0137953758239746
6603.39476406097	1.0113028287887573
6603.45171406097	1.0088821649551392
6603.50866406097	1.0077444314956665
6603.56561406097	1.008131742477417
6603.62256406097	1.0118682384490967
6603.67951406097	1.0140024423599243
6603.73646406097	1.010799765586853
6603.7934140609705	1.0080655813217163
6603.85036406097	1.0085581541061401
6603.90731406097	1.0086820125579834
6603.96426406097	1.0066527128219604
6604.02121406097	1.0059311389923096
6604.07816406097	1.00930917263031
6604.13511406097	1.0120126008987427
6604.19206406097	1.0114991664886475
6604.24901406097	1.0115878582000732
6604.30596406097	1.0143669843673706
6604.36291406097	1.0153473615646362
6604.41986406097	1.010840892791748
6604.47681406097	1.0075898170471191
6604.53376406097	1.0094369649887085
6604.59071406097	1.0120714902877808
6604.64766406097	1.014897346496582
6604.70461406097	1.0160237550735474
6604.76156406097	1.0128319263458252
6604.81851406097	1.0105761289596558
6604.87546406097	1.0121151208877563
6604.93241406097	1.013214111328125
6604.98936406097	1.0119627714157104
6605.04631406097	1.0114283561706543
6605.10326406097	1.013440728187561
6605.16021406097	1.0145764350891113
6605.21716406097	1.0127248764038086
6605.27411406097	1.0101393461227417
6605.33106406097	1.0066481828689575
6605.38801406097	1.0033899545669556
6605.44496406097	1.0009815692901611
6605.50191406097	1.0001174211502075
6605.55886406097	1.0028353929519653
6605.61581406097	1.0044119358062744
6605.67276406097	1.0021488666534424
6605.72971406097	0.99981689453125
6605.78666406097	0.9983668327331543
6605.84361406097	0.9983716607093811
6605.90056406097	1.0017343759536743
6605.95751406097	1.004822850227356
6606.01446406097	1.0063776969909668
6606.07141406097	1.007470965385437
6606.12836406097	1.0078060626983643
6606.18531406097	1.0083469152450562
6606.24226406097	1.009572148323059
6606.29921406097	1.0095514059066772
6606.35616406097	1.006321907043457
6606.41311406097	1.003428339958191
6606.47006406097	1.0020478963851929
6606.52701406097	1.0012414455413818
6606.58396406097	1.0015268325805664
6606.64091406097	1.0017523765563965
6606.6978640609705	1.0016204118728638
6606.75481406097	1.0011775493621826
6606.81176406097	1.0000438690185547
6606.86871406097	0.9997555613517761
6606.92566406097	1.0016380548477173
6606.98261406097	1.0028424263000488
6607.03956406097	1.0020568370819092
6607.09651406097	1.0020707845687866
6607.15346406097	1.004313349723816
6607.21041406097	1.0056188106536865
6607.26736406097	1.0043590068817139
6607.32431406097	1.0036793947219849
6607.38126406097	1.0047160387039185
6607.43821406097	1.0061343908309937
6607.49516406097	1.008277416229248
6607.55211406097	1.0096362829208374
6607.60906406097	1.0090428590774536
6607.66601406097	1.008763074874878
6607.72296406097	1.0094038248062134
6607.77991406097	1.0090155601501465
6607.83686406097	1.006103515625
6607.89381406097	1.0049976110458374
6607.95076406097	1.0083473920822144
6608.00771406097	1.0110524892807007
6608.06466406097	1.0120097398757935
6608.12161406097	1.0121198892593384
6608.17856406097	1.010285496711731
6608.23551406097	1.0088552236557007
6608.29246406097	1.0084246397018433
6608.34941406097	1.0084820985794067
6608.40636406097	1.0096741914749146
6608.46331406097	1.010445475578308
6608.52026406097	1.0102527141571045
6608.57721406097	1.0108309984207153
6608.63416406097	1.0131542682647705
6608.69111406097	1.0146139860153198
6608.74806406097	1.0141360759735107
6608.80501406097	1.0139365196228027
6608.86196406097	1.0143406391143799
6608.91891406097	1.0142744779586792
6608.97586406097	1.0132107734680176
6609.03281406097	1.0129940509796143
6609.08976406097	1.014555811882019
6609.14671406097	1.0150110721588135
6609.20366406097	1.0130805969238281
6609.26061406097	1.0103681087493896
6609.31756406097	1.0061044692993164
6609.37451406097	1.0033608675003052
6609.43146406097	1.003745198249817
6609.48841406097	1.0041327476501465
6609.54536406097	1.0045729875564575
6609.6023140609705	1.0057154893875122
6609.65926406097	1.0080580711364746
6609.71621406097	1.0076241493225098
6609.77316406097	1.0019478797912598
6609.83011406097	0.9988414645195007
6609.88706406097	1.0006412267684937
6609.94401406097	1.0018701553344727
6610.00096406097	1.0020231008529663
6610.05791406097	1.0022372007369995
6610.11486406097	1.002484679222107
6610.17181406097	1.0018802881240845
6610.22876406097	0.9999102354049683
6610.28571406097	0.9998619556427002
6610.34266406097	1.0029467344284058
6610.39961406097	1.0029866695404053
6610.45656406097	0.9980273842811584
6610.51351406097	0.9964625835418701
6610.57046406097	1.0004991292953491
6610.62741406097	1.0020893812179565
6610.68436406097	0.9994853138923645
6610.74131406097	0.9966557025909424
6610.79826406097	0.993528425693512
6610.85521406097	0.9910140633583069
6610.91216406097	0.9897250533103943
6610.96911406097	0.9900669455528259
6611.02606406097	0.9929964542388916
6611.08301406097	0.9956634044647217
6611.13996406097	0.9977495074272156
6611.19691406097	0.9986919164657593
6611.25386406097	0.998072624206543
6611.31081406097	0.9988230466842651
6611.36776406097	1.001262903213501
6611.42471406097	1.0012340545654297
6611.48166406097	0.9979252815246582
6611.53861406097	0.997002899646759
6611.59556406097	0.999357283115387
6611.65251406097	1.0005433559417725
6611.70946406097	0.9999180436134338
6611.76641406097	0.9984461069107056
6611.82336406097	0.9961603879928589
6611.88031406097	0.9959295392036438
6611.93726406097	0.9981932640075684
6611.99421406097	0.9987668991088867
6612.05116406097	0.9972184896469116
6612.10811406097	0.9963846206665039
6612.16506406097	0.9961007833480835
6612.22201406097	0.9938449263572693
6612.27896406097	0.9893176555633545
6612.33591406097	0.9860274791717529
6612.39286406097	0.9845927953720093
6612.44981406097	0.984679639339447
6612.50676406097	0.9865425229072571
6612.56371406097	0.9880280494689941
6612.62066406097	0.9889851808547974
6612.67761406097	0.9895745515823364
6612.73456406097	0.9897757768630981
6612.79151406097	0.9901556968688965
6612.84846406097	0.9911718368530273
6612.90541406097	0.9941138029098511
6612.96236406097	0.9988256692886353
6613.01931406097	1.0019663572311401
6613.07626406097	1.0031217336654663
6613.13321406097	1.0030425786972046
6613.19016406097	1.0018939971923828
6613.24711406097	1.0017014741897583
6613.30406406097	1.0024099349975586
6613.36101406097	1.0027960538864136
6613.41796406097	1.003046989440918
6613.47491406097	1.0040456056594849
6613.53186406097	1.0053049325942993
6613.58881406097	1.004732608795166
6613.64576406097	1.0024367570877075
6613.70271406097	1.0001682043075562
6613.75966406097	0.9989508390426636
6613.81661406097	1.0016288757324219
6613.87356406097	1.0067110061645508
6613.93051406097	1.007788062095642
6613.98746406097	1.0053369998931885
6614.04441406097	1.0026822090148926
6614.10136406097	1.0008597373962402
6614.15831406097	1.0026588439941406
6614.21526406097	1.00675368309021
6614.27221406097	1.0084999799728394
6614.32916406097	1.0083931684494019
6614.38611406097	1.008307695388794
6614.44306406097	1.008298397064209
6614.50001406097	1.0084948539733887
6614.55696406097	1.0087300539016724
6614.61391406097	1.0085780620574951
6614.67086406097	1.0077834129333496
6614.72781406097	1.0057704448699951
6614.78476406097	1.0032978057861328
6614.84171406097	1.0020986795425415
6614.89866406097	1.0019664764404297
6614.95561406097	1.0025265216827393
6615.01256406097	1.0027722120285034
6615.06951406097	1.0005717277526855
6615.12646406097	0.9971811771392822
6615.18341406097	0.9948558211326599
6615.24036406097	0.9934989213943481
6615.29731406097	0.9931676387786865
6615.35426406097	0.9941346049308777
6615.4112140609695	0.997278094291687
6615.46816406097	1.0005121231079102
6615.52511406097	1.0003327131271362
6615.58206406097	0.998332679271698
6615.63901406097	0.996336042881012
6615.69596406097	0.995107114315033
6615.75291406097	0.9961591362953186
6615.80986406097	0.9984803199768066
6615.86681406097	1.0012481212615967
6615.92376406097	1.003186821937561
6615.98071406097	1.0021021366119385
6616.03766406097	1.0000919103622437
6616.09461406097	0.9993082284927368
6616.15156406097	0.9992706179618835
6616.20851406097	0.9998698830604553
6616.26546406097	0.9997883439064026
6616.32241406097	0.9970604777336121
6616.37936406097	0.9941442608833313
6616.43631406097	0.9935425519943237
6616.49326406097	0.9941293001174927
6616.55021406097	0.995670735836029
6616.60716406097	0.996506929397583
6616.66411406097	0.9945155382156372
6616.72106406097	0.9919155836105347
6616.77801406097	0.9901493787765503
6616.83496406097	0.9901293516159058
6616.89191406097	0.9941142797470093
6616.94886406097	0.9977195262908936
6617.00581406097	0.9972819685935974
6617.06276406097	0.9964212775230408
6617.11971406097	0.9972745776176453
6617.17666406097	0.9977922439575195
6617.23361406097	0.9963298439979553
6617.29056406097	0.9952661395072937
6617.34751406097	0.9964017868041992
6617.40446406097	0.9983713626861572
6617.46141406097	1.001301884651184
6617.51836406097	1.002393364906311
6617.57531406097	0.9983373284339905
6617.63226406097	0.9953987002372742
6617.68921406097	0.9975219964981079
6617.74616406097	0.9998436570167542
6617.80311406097	1.0007047653198242
6617.86006406097	1.0022000074386597
6617.91701406097	1.0057672262191772
6617.97396406097	1.0073617696762085
6618.03091406097	1.0034836530685425
6618.08786406097	0.9999862909317017
6618.14481406097	0.9987809062004089
6618.20176406097	0.9986035227775574
6618.25871406097	1.000453233718872
6618.3156640609695	1.0021777153015137
6618.37261406097	1.0032705068588257
6618.42956406097	1.0034782886505127
6618.48651406097	1.0016435384750366
6618.54346406097	1.0009807348251343
6618.60041406097	1.0032693147659302
6618.65736406097	1.0049782991409302
6618.71431406097	1.005195140838623
6618.77126406097	1.0052952766418457
6618.82821406097	1.0051183700561523
6618.88516406097	1.0044194459915161
6618.94211406097	1.0025811195373535
6618.99906406097	1.0008628368377686
6619.05601406097	0.9994568228721619
6619.11296406097	0.9990496635437012
6619.16991406097	1.0006099939346313
6619.22686406097	1.0013197660446167
6619.28381406097	1.0005217790603638
6619.34076406097	1.0015186071395874
6619.3977140609695	1.0056707859039307
6619.45466406097	1.0075998306274414
6619.51161406097	1.005475640296936
6619.56856406097	1.0030592679977417
6619.62551406097	1.0001634359359741
6619.68246406097	0.9975016117095947
6619.73941406097	0.9954327344894409
6619.79636406097	0.9948586225509644
6619.85331406097	0.9967590570449829
6619.91026406097	0.9991531372070312
6619.96721406097	1.002113938331604
6620.02416406097	1.0038317441940308
6620.08111406097	1.0039432048797607
6620.13806406097	1.0054622888565063
6620.19501406097	1.0084425210952759
6620.25196406097	1.0083773136138916
6620.30891406097	1.0046594142913818
6620.36586406097	1.0036388635635376
6620.42281406097	1.005591630935669
6620.47976406097	1.004708170890808
6620.53671406097	1.0008094310760498
6620.59366406097	0.9995527863502502
6620.65061406097	1.0009700059890747
6620.70756406097	1.0000476837158203
6620.76451406097	0.9969274997711182
6620.82146406097	0.9960212111473083
6620.87841406097	0.9973049759864807
6620.93536406097	0.9975113272666931
6620.99231406097	0.9967447519302368
6621.04926406097	0.9966530799865723
6621.10621406097	0.9969267845153809
6621.16316406097	0.9959444999694824
6621.2201140609695	0.9941343069076538
6621.27706406097	0.9937961101531982
6621.33401406097	0.9947371482849121
6621.39096406097	0.9954075217247009
6621.44791406097	0.9957789182662964
6621.50486406097	0.9959235191345215
6621.56181406097	0.9964267611503601
6621.61876406097	0.9988740682601929
6621.67571406097	1.0019497871398926
6621.73266406097	1.0018705129623413
6621.78961406097	0.9996158480644226
6621.84656406097	0.9980280995368958
6621.90351406097	0.9973292946815491
6621.96046406097	0.9979974627494812
6622.01741406097	0.9994210600852966
6622.07436406097	1.0003036260604858
6622.13131406097	1.000590205192566
6622.18826406097	1.0000829696655273
6622.24521406097	0.9989537000656128
6622.3021640609695	0.9973766803741455
6622.35911406097	0.9966464638710022
6622.41606406097	0.999269962310791
6622.47301406097	1.0026664733886719
6622.52996406097	1.0030322074890137
6622.58691406097	1.001682162284851
6622.64386406097	0.9997334480285645
6622.70081406097	0.997517466545105
6622.75776406097	0.9953357577323914
6622.81471406097	0.9943209290504456
6622.87166406097	0.9965845942497253
6622.92861406097	0.9990078210830688
6622.98556406097	0.998175323009491
6623.04251406097	0.9956527948379517
6623.09946406097	0.9918125867843628
6623.15641406097	0.989691436290741
6623.21336406097	0.9934772253036499
6623.27031406097	0.9985162615776062
6623.32726406097	1.0019474029541016
6623.38421406097	1.003450632095337
6623.44116406097	1.001062273979187
6623.49811406097	0.999160885810852
6623.55506406097	1.0011502504348755
6623.61201406097	1.0031946897506714
6623.66896406097	1.0030704736709595
6623.72591406097	1.0020142793655396
6623.78286406097	0.9997055530548096
6623.83981406097	0.9977564215660095
6623.89676406097	0.9972740411758423
6623.95371406097	0.9987223148345947
6624.01066406097	1.0044301748275757
6624.06761406097	1.0082318782806396
6624.1245640609695	1.0059996843338013
6624.18151406097	1.0030770301818848
6624.23846406097	0.9999769330024719
6624.29541406097	0.9989237785339355
6624.35236406097	1.0028492212295532
6624.40931406097	1.0052447319030762
6624.46626406097	1.003326177597046
6624.52321406097	1.001691222190857
6624.58016406097	1.001054048538208
6624.63711406097	1.000333309173584
6624.69406406097	0.9993839263916016
6624.75101406097	0.9979643225669861
6624.80796406097	0.9955905675888062
6624.86491406097	0.9945124983787537
6624.92186406097	0.9961305856704712
6624.97881406097	0.9980448484420776
6625.03576406097	1.0004899501800537
6625.09271406097	1.0023789405822754
6625.14966406097	1.0031578540802002
6625.2066140609695	1.0032274723052979
6625.26356406097	1.0021873712539673
6625.32051406097	1.0023109912872314
6625.37746406097	1.0041191577911377
6625.43441406097	1.0040090084075928
6625.49136406097	1.0011098384857178
6625.54831406097	0.9999101161956787
6625.60526406097	1.001367449760437
6625.66221406097	1.0033994913101196
6625.71916406097	1.005958080291748
6625.77611406097	1.0068869590759277
6625.83306406097	1.0057804584503174
6625.89001406097	1.005550742149353
6625.94696406097	1.0062700510025024
6626.00391406097	1.0061454772949219
6626.06086406097	1.0047492980957031
6626.11781406097	1.002212405204773
6626.17476406097	0.9986653923988342
6626.23171406097	0.9964110255241394
6626.28866406097	0.9957638382911682
6626.34561406097	0.9959861636161804
6626.40256406097	0.9969623684883118
6626.45951406097	0.9974079728126526
6626.51646406097	0.9974609613418579
6626.57341406097	0.9979623556137085
6626.63036406097	0.9991491436958313
6626.68731406097	1.0013686418533325
6626.74426406097	1.0036511421203613
6626.80121406097	1.003031611442566
6626.85816406097	1.0006847381591797
6626.91511406097	1.0003606081008911
6626.97206406097	1.0012874603271484
6627.0290140609695	1.0013495683670044
6627.08596406097	1.0008383989334106
6627.14291406097	1.0004242658615112
6627.19986406097	1.0000711679458618
6627.25681406097	0.9997116923332214
6627.31376406097	0.9994117617607117
6627.37071406097	0.9993081092834473
6627.42766406097	0.9998544454574585
6627.48461406097	1.0020332336425781
6627.54156406097	1.0038114786148071
6627.59851406097	1.00191068649292
6627.65546406097	0.9995797276496887
6627.71241406097	1.0010679960250854
6627.76936406097	1.0035165548324585
6627.82631406097	1.0039695501327515
6627.88326406097	1.0033972263336182
6627.94021406097	1.002174735069275
6627.99716406097	1.0007141828536987
6628.05411406097	0.9992407560348511
6628.1110640609695	0.9981398582458496
6628.16801406097	0.9980509281158447
6628.22496406097	0.9987256526947021
6628.28191406097	1.0006499290466309
6628.33886406097	1.0018640756607056
6628.39581406097	1.0004076957702637
6628.45276406097	0.9991180300712585
6628.50971406097	0.9997583627700806
6628.56666406097	1.0012547969818115
6628.62361406097	1.0040011405944824
6628.68056406097	1.005883812904358
6628.73751406097	1.0051296949386597
6628.79446406097	1.0032457113265991
6628.85141406097	0.999394953250885
6628.90836406097	0.9979329109191895
6628.96531406097	1.0027269124984741
6629.02226406097	1.0055296421051025
6629.07921406097	1.0025582313537598
6629.13616406097	1.0004968643188477
6629.19311406097	1.0011123418807983
6629.25006406097	1.0013808012008667
6629.30701406097	1.000807762145996
6629.36396406097	1.0006028413772583
6629.42091406097	1.0011777877807617
6629.47786406097	1.0016645193099976
6629.53481406097	1.0021123886108398
6629.59176406097	1.0041753053665161
6629.64871406097	1.008852243423462
6629.70566406097	1.0094903707504272
6629.76261406097	1.0032719373703003
6629.81956406097	0.9993574619293213
6629.87651406097	0.9993477463722229
6629.9334640609695	0.9998793005943298
6629.99041406097	1.0010415315628052
6630.04736406097	1.000878930091858
6630.10431406097	0.9992951154708862
6630.16126406097	1.0006258487701416
6630.21821406097	1.0054666996002197
6630.27516406097	1.0077780485153198
6630.33211406097	1.006575584411621
6630.38906406097	1.0041073560714722
6630.44601406097	1.0002055168151855
6630.50296406097	0.9967062473297119
6630.55991406097	0.9940735101699829
6630.61686406097	0.9932001233100891
6630.67381406097	0.9943508505821228
6630.73076406097	0.996210515499115
6630.78771406097	0.9983178377151489
6630.84466406097	0.9987061023712158
6630.90161406097	0.997681200504303
6630.95856406097	0.9972267150878906
6631.0155140609695	0.9968220591545105
6631.07246406097	0.9948826432228088
6631.12941406097	0.9924684762954712
6631.18636406097	0.9925479292869568
6631.24331406097	0.9944367408752441
6631.30026406097	0.9963164329528809
6631.35721406097	0.9977509379386902
6631.41416406097	0.9977836012840271
6631.47111406097	0.9974431991577148
6631.52806406097	0.9986225962638855
6631.58501406097	0.9997046589851379
6631.64196406097	0.9979082942008972
6631.69891406097	0.9948664307594299
6631.7558640609695	0.9925104975700378
6631.81281406097	0.990990161895752
6631.86976406097	0.9909512400627136
6631.92671406097	0.9915047287940979
6631.98366406097	0.9919769167900085
6632.04061406097	0.9926314353942871
6632.09756406097	0.9938704371452332
6632.15451406097	0.9948187470436096
6632.21146406097	0.994462251663208
6632.26841406097	0.9942570328712463
6632.32536406097	0.9954535961151123
6632.38231406097	0.9958494305610657
6632.43926406097	0.9932562112808228
6632.49621406097	0.9910470247268677
6632.55316406097	0.9914363622665405
6632.61011406097	0.9929925203323364
6632.66706406097	0.9963316917419434
6632.72401406097	0.9987571239471436
6632.78096406097	0.9983118176460266
6632.8379140609695	0.9964873194694519
6632.89486406097	0.9920395612716675
6632.95181406097	0.9879351854324341
6633.00876406097	0.9851036667823792
6633.06571406097	0.9834031462669373
6633.12266406097	0.984278678894043
6633.17961406097	0.9858829975128174
6633.23656406097	0.9890250563621521
6633.29351406097	0.9912195205688477
6633.35046406097	0.9914016723632812
6633.40741406097	0.9910339713096619
6633.46436406097	0.9897263050079346
6633.52131406097	0.9896590709686279
6633.57826406097	0.9917777180671692
6633.63521406097	0.9934991002082825
6633.69216406097	0.9944729208946228
6633.74911406097	0.9948804974555969
6633.80606406097	0.9945149421691895
6633.86301406097	0.9948223829269409
6633.9199640609695	0.9957410097122192
6633.97691406097	0.9946538805961609
6634.03386406097	0.9915366768836975
6634.09081406097	0.9917989373207092
6634.14776406097	0.9958835244178772
6634.20471406097	0.9980893731117249
6634.26166406097	0.998197078704834
6634.31861406097	0.9986552596092224
6634.37556406097	0.9995556473731995
6634.43251406097	1.000724196434021
6634.48946406097	1.0013213157653809
6634.54641406097	0.9986883997917175
6634.60336406097	0.9940471053123474
6634.6603140609695	0.9928858280181885
6634.71726406097	0.9939637184143066
6634.77421406097	0.9926121234893799
6634.83116406097	0.9898043870925903
6634.88811406097	0.988418459892273
6634.94506406097	0.9881020188331604
6635.00201406097	0.9879936575889587
6635.05896406097	0.988224983215332
6635.11591406097	0.9891014695167542
6635.17286406097	0.990215539932251
6635.22981406097	0.9909055829048157
6635.28676406097	0.9912192821502686
6635.34371406097	0.9910822510719299
6635.40066406097	0.9907974004745483
6635.45761406097	0.9906998872756958
6635.51456406097	0.9909601211547852
6635.57151406097	0.9920012354850769
6635.62846406097	0.9934070706367493
6635.68541406097	0.995018482208252
6635.7423640609695	0.9965628385543823
6635.79931406097	0.9977506399154663
6635.85626406097	0.9980095624923706
6635.91321406097	0.9960949420928955
6635.97016406097	0.9942465424537659
6636.02711406097	0.9938690662384033
6636.08406406097	0.9941951632499695
6636.14101406097	0.9955868721008301
6636.19796406097	0.9974648356437683
6636.25491406097	1.0001506805419922
6636.31186406097	1.0010756254196167
6636.36881406097	0.9974924325942993
6636.42576406097	0.9949142336845398
6636.48271406097	0.9955411553382874
6636.53966406097	0.995272159576416
6636.59661406097	0.9926669001579285
6636.65356406097	0.9921472668647766
6636.71051406097	0.9961026310920715
6636.76746406097	0.9983092546463013
6636.8244140609695	0.9970601797103882
6636.88136406097	0.9967209696769714
6636.93831406097	0.9979138970375061
6636.99526406097	0.9976459741592407
6637.05221406097	0.9949730038642883
6637.10916406097	0.9931253790855408
6637.16611406097	0.992707371711731
6637.22306406097	0.9930157661437988
6637.28001406097	0.9942779541015625
6637.33696406097	0.9949150085449219
6637.39391406097	0.9946766495704651
6637.45086406097	0.9942908883094788
6637.50781406097	0.9939448237419128
6637.5647640609695	0.9946245551109314
6637.62171406097	0.9963541626930237
6637.67866406097	0.9975483417510986
6637.73561406097	0.9981457591056824
6637.79256406097	0.9986104369163513
6637.84951406097	0.9990860819816589
6637.90646406097	1.0000849962234497
6637.96341406097	1.0005648136138916
6638.02036406097	0.9975417256355286
6638.07731406097	0.9930955171585083
6638.13426406097	0.9933806657791138
6638.19121406097	0.9959452748298645
6638.24816406097	0.9946979284286499
6638.30511406097	0.9924933910369873
6638.36206406097	0.9951722621917725
6638.41901406097	0.9994497895240784
6638.47596406097	0.9998061656951904
6638.53291406097	0.998576819896698
6638.58986406097	0.9987787008285522
6638.6468140609695	0.9993589520454407
6638.70376406097	0.9991042017936707
6638.76071406097	0.9990387558937073
6638.81766406097	1.0004546642303467
6638.87461406097	1.000982403755188
6638.93156406097	0.9976677298545837
6638.98851406097	0.9944628477096558
6639.04546406097	0.9946542382240295
6639.10241406097	0.9961896538734436
6639.15936406097	0.9989534020423889
6639.21631406097	1.0004563331604004
6639.27326406097	0.99811190366745
6639.33021406097	0.9954516291618347
6639.38716406097	0.9935706257820129
6639.44411406097	0.9934634566307068
6639.50106406097	0.9974575042724609
6639.55801406097	0.9999632239341736
6639.61496406097	0.9981210827827454
6639.67191406097	0.9965187311172485
6639.7288640609695	0.9959413409233093
6639.78581406097	0.9970187544822693
6639.84276406097	1.0015828609466553
6639.89971406097	1.0047225952148438
6639.95666406097	1.0049728155136108
6640.01361406097	1.0045922994613647
6640.07056406097	1.0029758214950562
6640.12751406097	1.0006568431854248
6640.18446406097	0.9972394108772278
6640.24141406097	0.9943175911903381
6640.29836406097	0.9923826456069946
6640.35531406097	0.9917796850204468
6640.41226406097	0.9931092262268066
6640.4692140609695	0.9947909712791443
6640.52616406097	0.9968439340591431
6640.58311406097	0.9985244274139404
6640.64006406097	0.9995554089546204
6640.69701406097	0.9996652007102966
6640.75396406097	0.9986693263053894
6640.81091406097	0.9971759915351868
6640.86786406097	0.9957238435745239
6640.92481406097	0.9962382912635803
6640.98176406097	0.9978493452072144
6641.03871406097	0.9972182512283325
6641.09566406097	0.9954186081886292
6641.15261406097	0.9956844449043274
6641.20956406097	0.9974080324172974
6641.26651406097	0.9990785717964172
6641.32346406097	1.0003238916397095
6641.38041406097	1.0003522634506226
6641.43736406097	0.9999334812164307
6641.49431406097	1.000245213508606
6641.5512640609695	1.000554084777832
6641.60821406097	0.9997943639755249
6641.66516406097	0.9987649917602539
6641.72211406097	0.998292088508606
6641.77906406097	0.9977092742919922
6641.83601406097	0.9962522983551025
6641.89296406097	0.9949367046356201
6641.94991406097	0.994742751121521
6642.00686406097	0.9953652620315552
6642.06381406097	0.9973312616348267
6642.12076406097	0.9981355667114258
6642.17771406097	0.9952569603919983
6642.23466406097	0.9931792616844177
6642.29161406097	0.9946128726005554
6642.34856406097	0.9961024522781372
6642.40551406097	0.9967066645622253
6642.46246406097	0.9972249865531921
6642.51941406097	0.9976871609687805
6642.57636406097	0.9971715211868286
6642.6333140609695	0.9944257736206055
6642.69026406097	0.9922754168510437
6642.74721406097	0.9914168119430542
6642.80416406097	0.9910542964935303
6642.86111406097	0.9915310740470886
6642.91806406097	0.991007387638092
6642.97501406097	0.9888765215873718
6643.03196406097	0.9877399206161499
6643.08891406097	0.9882844090461731
6643.14586406097	0.989454448223114
6643.20281406097	0.9913467168807983
6643.25976406097	0.9922748804092407
6643.31671406097	0.9921203851699829
6643.3736640609695	0.9928377270698547
6643.43061406097	0.9943187236785889
6643.48756406097	0.9946061968803406
6643.54451406097	0.9937955141067505
6643.60146406097	0.9937444925308228
6643.65841406097	0.9946069121360779
6643.71536406097	0.9961214065551758
6643.77231406097	0.9973669648170471
6643.82926406097	0.9956378936767578
6643.88621406097	0.9922518134117126
6643.94316406097	0.9911523461341858
6644.00011406097	0.9918951988220215
6644.05706406097	0.9934048652648926
6644.11401406097	0.9942415952682495
6644.17096406097	0.9915475249290466
6644.22791406097	0.9889310598373413
6644.28486406097	0.9922525882720947
6644.34181406097	0.9971128106117249
6644.39876406097	0.9982871413230896
6644.4557140609695	0.997968852519989
6644.51266406097	0.9977030754089355
6644.56961406097	0.9977637529373169
6644.62656406097	0.9986528158187866
6644.68351406097	0.9997985363006592
6644.74046406097	1.0009907484054565
6644.79741406097	1.0009292364120483
6644.85436406097	0.9976381063461304
6644.91131406097	0.9947273135185242
6644.96826406097	0.994208812713623
6645.02521406097	0.9948257803916931
6645.08216406097	0.9974656105041504
6645.13911406097	0.9991797804832458
6645.19606406097	0.9982888698577881
6645.25301406097	0.9975568056106567
6645.30996406097	0.9973770380020142
6645.36691406097	0.996710479259491
6645.42386406097	0.995006263256073
6645.48081406097	0.9930570721626282
6645.5377640609695	0.9909459352493286
6645.59471406097	0.9914187788963318
6645.65166406097	0.9960383176803589
6645.70861406097	0.9987857341766357
6645.76556406097	0.998785674571991
6645.82251406097	0.9996538758277893
6645.87946406097	1.00139319896698
6645.93641406097	1.0013902187347412
6645.99336406097	0.9994338750839233
6646.05031406097	0.9985983967781067
6646.10726406097	0.9989836812019348
6646.16421406097	0.9991441965103149
6646.22116406097	0.9990790486335754
6646.2781140609695	0.9990288019180298
6646.33506406097	0.999395489692688
6646.39201406097	1.0012168884277344
6646.44896406097	1.0032882690429688
6646.50591406097	1.002168893814087
6646.56286406097	0.9995353817939758
6646.61981406097	0.9994744658470154
6646.67676406097	1.0001333951950073
6646.73371406097	0.997944712638855
6646.79066406097	0.9951916933059692
6646.84761406097	0.9954743385314941
6646.90456406097	0.9967447519302368
6646.96151406097	0.9966530799865723
6647.01846406097	0.9962417483329773
6647.07541406097	0.9964964985847473
6647.13236406097	0.9970704913139343
6647.18931406097	0.9978836178779602
6647.24626406097	0.9989649653434753
6647.30321406097	1.000569462776184
6647.3601640609695	1.000596523284912
6647.41711406097	0.9963193535804749
6647.47406406097	0.9929442405700684
6647.53101406097	0.9935965538024902
6647.58796406097	0.9943761229515076
6647.64491406097	0.9943428635597229
6647.70186406097	0.9952065348625183
6647.75881406097	0.9982950687408447
6647.81576406097	1.0002931356430054
6647.87271406097	0.9997550845146179
6647.92966406097	0.9985249042510986
6647.98661406097	0.9960125088691711
6648.04356406097	0.9943732619285583
6648.1005140609695	0.9944165945053101
6648.15746406097	0.9953828454017639
6648.21441406097	0.997605562210083
6648.27136406097	0.9984666705131531
6648.32831406097	0.9974309206008911
6648.38526406097	0.9967465996742249
6648.4422140609695	0.9967061281204224
6648.49916406097	0.9975423812866211
6648.55611406097	0.9985532760620117
6648.61306406097	0.996021032333374
6648.67001406097	0.9909267425537109
6648.72696406097	0.9901338219642639
6648.78391406097	0.9925127625465393
6648.84086406097	0.992015540599823
6648.89781406097	0.9898502230644226
6648.95476406097	0.9900062680244446
6649.01171406097	0.9916942119598389
6649.06866406097	0.9929307103157043
6649.12561406097	0.9938511252403259
6649.1825640609695	0.9946741461753845
6649.23951406097	0.9953970909118652
6649.29646406097	0.995981752872467
6649.35341406097	0.9965061545372009
6649.41036406097	0.997042715549469
6649.46731406097	0.9979278445243835
6649.5242640609695	0.9997534155845642
6649.58121406097	1.000566840171814
6649.63816406097	0.997884213924408
6649.69511406097	0.995995283126831
6649.75206406097	0.9984966516494751
6649.80901406097	1.0008533000946045
6649.86596406097	1.0006496906280518
6649.92291406097	1.0004462003707886
6649.97986406097	1.001132607460022
6650.03681406097	1.0016402006149292
6650.09376406097	1.0015312433242798
6650.15071406097	1.0013431310653687
6650.20766406097	1.0009846687316895
6650.2646140609695	0.9999279379844666
6650.32156406097	0.997672438621521
6650.37851406097	0.9978625178337097
6650.43546406097	1.0022554397583008
6650.49241406097	1.0045028924942017
6650.54936406097	1.003314733505249
6650.606314060969	1.002631664276123
6650.66326406097	1.0023902654647827
6650.72021406097	1.0005689859390259
6650.77716406097	0.9971646666526794
6650.83411406097	0.9960166215896606
6650.89106406097	0.9975716471672058
6650.94801406097	0.9994342923164368
6651.0049640609695	1.0013577938079834
6651.06191406097	1.0022878646850586
6651.11886406097	1.0021940469741821
6651.17581406097	1.001691460609436
6651.23276406097	1.0008296966552734
6651.28971406097	0.9998679757118225
6651.3466640609695	0.9993303418159485
6651.40361406097	1.000367522239685
6651.46056406097	1.001851201057434
6651.51751406097	1.001766324043274
6651.57446406097	1.0015391111373901
6651.63141406097	1.003291130065918
6651.68836406097	1.0049628019332886
6651.74531406097	1.0039528608322144
6651.80226406097	1.0024994611740112
6651.85921406097	1.0025163888931274
6651.91616406097	1.002478837966919
6651.97311406097	1.0011519193649292
6652.03006406097	1.0006814002990723
6652.0870140609695	1.0031473636627197
6652.14396406097	1.0047377347946167
6652.20091406097	1.002925157546997
6652.25786406097	1.0007827281951904
6652.31481406097	0.9987573623657227
6652.37176406097	0.9980034232139587
6652.4287140609695	1.000237226486206
6652.48566406097	1.0024244785308838
6652.54261406097	1.0042856931686401
6652.59956406097	1.0037976503372192
6652.65651406097	0.999205470085144
6652.71346406097	0.9972357749938965
6652.77041406097	0.9995782375335693
6652.82736406097	1.0013816356658936
6652.88431406097	1.0021175146102905
6652.94126406097	1.0014363527297974
6652.99821406097	0.9991529583930969
6653.05516406097	0.9981579184532166
6653.11211406097	0.998772919178009
6653.1690640609695	0.9997981786727905
6653.22601406097	1.001173734664917
6653.28296406097	1.0022608041763306
6653.33991406097	1.0028908252716064
6653.39686406097	1.0028297901153564
6653.45381406097	1.0021412372589111
6653.510764060969	1.0011992454528809
6653.56771406097	1.0009500980377197
6653.62466406097	1.0034428834915161
6653.68161406097	1.0065243244171143
6653.73856406097	1.006459355354309
6653.79551406097	1.0057463645935059
6653.85246406097	1.0077564716339111
6653.9094140609695	1.01020348072052
6653.96636406097	1.010668158531189
6654.02331406097	1.0092415809631348
6654.08026406097	1.0045981407165527
6654.13721406097	1.0013999938964844
6654.19416406097	1.0042214393615723
6654.2511140609695	1.0059713125228882
6654.30806406097	1.001901626586914
6654.36501406097	0.99859219789505
6654.42196406097	0.9991857409477234
6654.47891406097	1.0004279613494873
6654.53586406097	1.0024218559265137
6654.59281406097	1.0038820505142212
6654.64976406097	1.0040885210037231
6654.70671406097	1.0040682554244995
6654.76366406097	1.0036181211471558
6654.82061406097	1.0033271312713623
6654.87756406097	1.0032788515090942
6654.93451406097	1.002996563911438
6654.9914640609695	1.0023671388626099
6655.04841406097	1.0018185377120972
6655.10536406097	1.0010807514190674
6655.16231406097	0.9988999962806702
6655.21926406097	0.995711088180542
6655.27621406097	0.9956479668617249
6655.3331640609695	0.9985656142234802
6655.39011406097	1.0001986026763916
6655.44706406097	1.0007413625717163
6655.50401406097	1.0016487836837769
6655.56096406097	1.0028518438339233
6655.61791406097	1.0040596723556519
6655.67486406097	1.0046364068984985
6655.73181406097	1.0032100677490234
6655.78876406097	1.0013608932495117
6655.84571406097	1.0018272399902344
6655.90266406097	1.0034515857696533
6655.95961406097	1.0050561428070068
6656.01656406097	1.0060237646102905
6656.0735140609695	1.0052604675292969
6656.13046406097	1.0047883987426758
6656.18741406097	1.006637692451477
6656.24436406097	1.008971929550171
6656.30131406097	1.0109858512878418
6656.35826406097	1.0117831230163574
6656.415214060969	1.0096977949142456
6656.47216406097	1.0073914527893066
6656.52911406097	1.0054465532302856
6656.58606406097	1.0034761428833008
6656.64301406097	1.0014381408691406
6656.69996406097	1.0006335973739624
6656.75691406097	1.0024497509002686
6656.8138640609695	1.0041941404342651
6656.87081406097	1.0057697296142578
6656.92776406097	1.007081151008606
6656.98471406097	1.00788152217865
6657.04166406097	1.0082218647003174
6657.09861406097	1.007753849029541
6657.1555640609695	1.0065686702728271
6657.21251406097	1.0047215223312378
6657.26946406097	1.0040191411972046
6657.32641406097	1.0041396617889404
6657.38336406097	1.002408504486084
6657.44031406097	0.9997442960739136
6657.49726406097	1.00031316280365
6657.55421406097	1.0033332109451294
6657.61116406097	1.0053538084030151
6657.66811406097	1.0060288906097412
6657.72506406097	1.0047314167022705
6657.78201406097	1.002624750137329
6657.83896406097	1.001794695854187
6657.8959140609695	1.0023930072784424
6657.95286406097	1.0051841735839844
6658.00981406097	1.0076940059661865
6658.06676406097	1.0067899227142334
6658.12371406097	1.0049893856048584
6658.18066406097	1.0039784908294678
6658.2376140609695	1.0034505128860474
6658.29456406097	1.0036147832870483
6658.35151406097	1.004057765007019
6658.40846406097	1.004853367805481
6658.46541406097	1.005160927772522
6658.52236406097	1.0041697025299072
6658.57931406097	1.003102421760559
6658.63626406097	1.0020966529846191
6658.69321406097	1.0018184185028076
6658.75016406097	1.00315523147583
6658.80711406097	1.00537109375
6658.86406406097	1.0088281631469727
6658.92101406097	1.0093828439712524
6658.9779640609695	1.0053423643112183
6659.03491406097	1.0019726753234863
6659.09186406097	0.9997969269752502
6659.14881406097	0.998819887638092
6659.20576406097	0.9995027184486389
6659.26271406097	1.0009276866912842
6659.319664060969	1.0028718709945679
6659.37661406097	1.0037002563476562
6659.43356406097	1.003354549407959
6659.49051406097	1.0025572776794434
6659.54746406097	1.0016252994537354
6659.60441406097	1.0014634132385254
6659.66136406097	1.00171959400177
6659.7183140609695	1.0016170740127563
6659.77526406097	1.0020358562469482
6659.83221406097	1.004624366760254
6659.88916406097	1.0069009065628052
6659.94611406097	1.0053166151046753
6660.00306406097	1.0036336183547974
6660.0600140609695	1.0058090686798096
6660.11696406097	1.0072101354599
6660.17391406097	1.0034589767456055
6660.23086406097	0.9996511936187744
6660.28781406097	0.9987233281135559
6660.34476406097	0.9986215233802795
6660.40171406097	0.9994200468063354
6660.45866406097	1.00070059299469
6660.51561406097	1.0028873682022095
6660.57256406097	1.0034534931182861
6660.62951406097	1.000522255897522
6660.68646406097	0.9992968440055847
6660.74341406097	1.0011414289474487
6660.8003640609695	1.001295804977417
6660.85731406097	0.9987163543701172
6660.91426406097	0.9967657327651978
6660.97121406097	0.9958688020706177
6661.02816406097	0.9956561923027039
6661.08511406097	0.9966966509819031
6661.1420640609695	0.9994295835494995
6661.19901406097	1.003055214881897
6661.25596406097	1.0027968883514404
6661.31291406097	0.9995231628417969
6661.36986406097	0.9987668991088867
6661.42681406097	0.9995885491371155
6661.48376406097	0.9987828731536865
6661.54071406097	0.9975991249084473
6661.59766406097	0.9987879991531372
6661.65461406097	1.0008800029754639
6661.71156406097	1.0015325546264648
6661.76851406097	1.0010844469070435
6661.82546406097	0.9994889497756958
6661.8824140609695	0.9987456202507019
6661.93936406097	1.0015181303024292
6661.99631406097	1.0045245885849
6662.05326406097	1.0053647756576538
6662.11021406097	1.00564706325531
6662.16716406097	1.0057411193847656
6662.224114060969	1.0046979188919067
6662.28106406097	1.0009437799453735
6662.33801406097	0.9981881380081177
6662.39496406097	0.998336911201477
6662.45191406097	0.9987914562225342
6662.50886406097	0.9998061656951904
6662.56581406097	1.0009557008743286
6662.6227640609695	1.0021764039993286
6662.67971406097	1.0020824670791626
6662.73666406097	1.000092625617981
6662.79361406097	0.9993621110916138
6662.85056406097	1.0005428791046143
6662.90751406097	1.0024657249450684
6662.9644640609695	1.0047234296798706
6663.02141406097	1.0046039819717407
6663.07836406097	1.00239098072052
6663.13531406097	1.0016441345214844
6663.19226406097	1.0010826587677002
6663.24921406097	0.9966006278991699
6663.30616406097	0.9910175800323486
6663.36311406097	0.9915228486061096
6663.42006406097	0.9953331351280212
6663.47701406097	0.9973527789115906
6663.53396406097	0.9983892440795898
6663.59091406097	0.9993239641189575
6663.64786406097	1.0004961490631104
6663.7048140609695	1.0024421215057373
6663.76176406097	1.0037431716918945
6663.81871406097	1.0026507377624512
6663.87566406097	1.000913381576538
6663.93261406097	0.9990705251693726
6663.98956406097	0.9975785613059998
6664.0465140609695	0.9969980120658875
6664.10346406097	0.9970956444740295
6664.16041406097	0.9985952973365784
6664.21736406097	1.0001128911972046
6664.27431406097	1.0015249252319336
6664.33126406097	1.0024628639221191
6664.38821406097	1.002561330795288
6664.44516406097	1.003175973892212
6664.50211406097	1.0045166015625
6664.55906406097	1.0051053762435913
6664.61601406097	1.0046278238296509
6664.67296406097	1.0041882991790771
6664.72991406097	1.0035347938537598
6664.7868640609695	1.0017647743225098
6664.84381406097	0.9993256330490112
6664.90076406097	0.9988490343093872
6664.95771406097	1.0002427101135254
6665.01466406097	1.001969814300537
6665.07161406097	1.0029469728469849
6665.128564060969	1.0006674528121948
6665.18551406097	0.9975112676620483
6665.24246406097	0.9980326890945435
6665.29941406097	0.9987649917602539
6665.35636406097	0.9945212602615356
6665.41331406097	0.9900956749916077
6665.47026406097	0.9909657835960388
6665.5272140609695	0.9929414987564087
6665.58416406097	0.9932264089584351
6665.64111406097	0.9931226968765259
6665.69806406097	0.993077278137207
6665.75501406097	0.992925226688385
6665.81196406097	0.9924880266189575
6665.8689140609695	0.9932662844657898
6665.92586406097	0.9969550371170044
6665.98281406097	0.9995529055595398
6666.03976406097	0.9996464848518372
6666.09671406097	0.9993559718132019
6666.15366406097	0.9985129833221436
6666.21061406097	0.9987789392471313
6666.26756406097	1.0006113052368164
6666.32451406097	1.001367449760437
6666.38146406097	1.00086510181427
6666.43841406097	1.0013501644134521
6666.49536406097	1.0026246309280396
6666.55231406097	1.0023921728134155
6666.6092640609695	1.000556468963623
6666.66621406097	0.9983673095703125
6666.72316406097	0.9963856339454651
6666.78011406097	0.9961177110671997
6666.83706406097	0.9972282648086548
6666.89401406097	0.9988385438919067
6666.950964060969	1.0006206035614014
6667.00791406097	1.002041220664978
6667.06486406097	1.0018391609191895
6667.12181406097	0.9975660443305969
6667.17876406097	0.9938141107559204
6667.23571406097	0.9955645203590393
6667.29266406097	0.9987139701843262
6667.3496140609695	1.001452922821045
6667.40656406097	1.0029304027557373
6667.46351406097	1.0014728307724
6667.52046406097	1.000333547592163
6667.57741406097	1.0008007287979126
6667.63436406097	1.0008814334869385
6667.6913140609695	0.9999933242797852
6667.74826406097	1.000089406967163
6667.80521406097	1.0019316673278809
6667.86216406097	1.0025290250778198
6667.91911406097	1.0011281967163086
6667.97606406097	1.00013267993927
6668.033014060969	0.9997287392616272
6668.08996406097	0.9993946552276611
6668.14691406097	0.9994611740112305
6668.20386406097	1.000855803489685
6668.26081406097	1.0033982992172241
6668.31776406097	1.005078673362732
6668.37471406097	1.005308985710144
6668.4316640609695	1.0031629800796509
6668.48861406097	0.9997738003730774
6668.54556406097	0.9979761838912964
6668.60251406097	0.9973483085632324
6668.65946406097	0.997333288192749
6668.71641406097	0.9983341693878174
6668.7733640609695	1.001353144645691
6668.83031406097	1.0032538175582886
6668.88726406097	1.000057578086853
6668.94421406097	0.996418833732605
6669.00116406097	0.9954413175582886
6669.05811406097	0.9943276643753052
6669.11506406097	0.9915421009063721
6669.17201406097	0.9896658658981323
6669.22896406097	0.9904663562774658
6669.28591406097	0.9913538098335266
6669.34286406097	0.9920685887336731
6669.39981406097	0.9916969537734985
6669.45676406097	0.989418089389801
6669.5137140609695	0.988471269607544
6669.57066406097	0.9894558787345886
6669.62761406097	0.9889925718307495
6669.68456406097	0.9867627620697021
6669.74151406097	0.9857646226882935
6669.79846406097	0.9860087037086487
6669.855414060969	0.9853235483169556
6669.91236406097	0.9840883612632751
6669.96931406097	0.9842818975448608
6670.02626406097	0.9852386713027954
6670.08321406097	0.9846841096878052
6670.14016406097	0.9829869270324707
6670.19711406097	0.9810503721237183
6670.2540640609695	0.979930579662323
6670.31101406097	0.9816117882728577
6670.36796406097	0.9836883544921875
6670.42491406097	0.9832740426063538
6670.48186406097	0.9820581078529358
6670.53881406097	0.9810690879821777
6670.5957640609695	0.9803798198699951
6670.65271406097	0.9803038239479065
6670.70966406097	0.9792863130569458
6670.76661406097	0.9756941199302673
6670.82356406097	0.9739677906036377
6670.88051406097	0.9771429896354675
6670.937464060969	0.9780436158180237
6670.99441406097	0.9741373062133789
6671.05136406097	0.9719092845916748
6671.10831406097	0.972518265247345
6671.16526406097	0.9720367789268494
6671.22221406097	0.9699444770812988
6671.27916406097	0.9681088328361511
6671.3361140609695	0.967058539390564
6671.39306406097	0.9680018424987793
6671.45001406097	0.9704943299293518
6671.50696406097	0.9705295562744141
6671.56391406097	0.9687809348106384
6671.62086406097	0.9687067270278931
6671.6778140609695	0.9692451357841492
6671.73476406097	0.9676253795623779
6671.79171406097	0.9654391407966614
6671.84866406097	0.9656262993812561
6671.90561406097	0.9665852785110474
6671.96256406097	0.9663349390029907
6672.01951406097	0.9657720327377319
6672.07646406097	0.9656503796577454
6672.13341406097	0.9664766788482666
6672.19036406097	0.9694154858589172
6672.24731406097	0.971642017364502
6672.30426406097	0.9710477590560913
6672.36121406097	0.969415545463562
6672.4181640609695	0.9661316871643066
6672.47511406097	0.9643970727920532
6672.53206406097	0.9661255478858948
6672.58901406097	0.9670754671096802
6672.64596406097	0.9666290283203125
6672.70291406097	0.9665160775184631
6672.759864060969	0.9668855667114258
6672.81681406097	0.9670237302780151
6672.87376406097	0.9668540358543396
6672.93071406097	0.966686487197876
6672.98766406097	0.9665084481239319
6673.04461406097	0.9662790298461914
6673.10156406097	0.9660992622375488
6673.1585140609695	0.9662655591964722
6673.21546406097	0.967238187789917
6673.27241406097	0.9699445366859436
6673.32936406097	0.9729088544845581
6673.38631406097	0.9733020663261414
6673.44326406097	0.9730334877967834
6673.5002140609695	0.9746318459510803
6673.55716406097	0.9762014746665955
6673.61411406097	0.9756876230239868
6673.67106406097	0.9753307700157166
6673.72801406097	0.9769632816314697
6673.78496406097	0.9784378409385681
6673.841914060969	0.978531002998352
6673.89886406097	0.979401171207428
6673.95581406097	0.9825046062469482
6674.01276406097	0.9854434728622437
6674.06971406097	0.987907886505127
6674.12666406097	0.9909449815750122
6674.18361406097	0.994632363319397
6674.2405640609695	0.9956121444702148
6674.29751406097	0.9928209185600281
6674.35446406097	0.992199718952179
6674.41141406097	0.9946714639663696
6674.46836406097	0.9983034729957581
6674.52531406097	1.0024930238723755
6674.5822640609695	1.003937005996704
6674.63921406097	1.0031169652938843
6674.69616406097	1.003140926361084
6674.75311406097	1.0033307075500488
6674.81006406097	1.0020241737365723
6674.86701406097	1.0006252527236938
6674.92396406097	1.0016661882400513
6674.98091406097	1.002699851989746
6675.03786406097	1.0004081726074219
6675.09481406097	0.9973849058151245
6675.15176406097	0.9956886172294617
6675.20871406097	0.9951322674751282
6675.26566406097	0.9965777397155762
6675.3226140609695	0.997557520866394
6675.37956406097	0.9965458512306213
6675.43651406097	0.9958735704421997
6675.49346406097	0.9963995218276978
6675.55041406097	0.9965768456459045
6675.60736406097	0.9959365725517273
6675.664314060969	0.9945554137229919
6675.72126406097	0.9919556379318237
6675.77821406097	0.9896460175514221
6675.83516406097	0.9877154231071472
6675.89211406097	0.9855946898460388
6675.94906406097	0.9833694696426392
6676.00601406097	0.9816597700119019
6676.0629640609695	0.9804893136024475
6676.11991406097	0.9793875217437744
6676.17686406097	0.9786092638969421
6676.23381406097	0.9787132740020752
6676.29076406097	0.9791558980941772
6676.34771406097	0.9787971377372742
6676.4046640609695	0.977509081363678
6676.46161406097	0.974802553653717
6676.51856406097	0.9718299508094788
6676.57551406097	0.9697568416595459
6676.63246406097	0.9686325192451477
6676.68941406097	0.9692432880401611
6676.746364060969	0.96971595287323
6676.80331406097	0.9689339399337769
6676.86026406097	0.9688445925712585
6676.91721406097	0.9707563519477844
6676.97416406097	0.972061812877655
6677.03111406097	0.9717968702316284
6677.08806406097	0.9705711007118225
6677.1450140609695	0.9678434729576111
6677.20196406097	0.9666947722434998
6677.25891406097	0.9678081274032593
6677.31586406097	0.9682072997093201
6677.37281406097	0.9675272107124329
6677.42976406097	0.9661188125610352
6677.4867140609695	0.9647751450538635
6677.54366406097	0.9665753245353699
6677.60061406097	0.9700238704681396
6677.65756406097	0.9697248339653015
6677.71451406097	0.9673658013343811
6677.77146406097	0.9669291377067566
6677.82841406097	0.9678022861480713
6677.88536406097	0.9692912697792053
6677.94231406097	0.9706831574440002
6677.99926406097	0.9710596799850464
6678.05621406097	0.9709587097167969
6678.11316406097	0.9704837799072266
6678.17011406097	0.9706043004989624
6678.2270640609695	0.9724255204200745
6678.28401406097	0.9749371409416199
6678.34096406097	0.978529155254364
6678.39791406097	0.9808168411254883
6678.45486406097	0.9801483750343323
6678.51181406097	0.9797219038009644
6678.568764060969	0.9797972440719604
6678.62571406097	0.9802608489990234
6678.68266406097	0.9813635349273682
6678.73961406097	0.9826869368553162
6678.79656406097	0.984318733215332
6678.85351406097	0.9860594272613525
6678.910464060969	0.9876515865325928
6678.9674140609695	0.9882514476776123
6679.02436406097	0.9882458448410034
6679.08131406097	0.9891305565834045
6679.13826406097	0.9905675053596497
6679.19521406097	0.9917533993721008
6679.25216406097	0.9929971694946289
6679.3091140609695	0.994819700717926
6679.36606406097	0.996374785900116
6679.42301406097	0.9965100288391113
6679.47996406097	0.9964299201965332
6679.53691406097	0.9969725012779236
6679.59386406097	0.9973323941230774
6679.650814060969	0.996902585029602
6679.70776406097	0.996484100818634
6679.76471406097	0.9963625073432922
6679.82166406097	0.9971928000450134
6679.87861406097	0.9999197125434875
6679.93556406097	1.0015441179275513
6679.99251406097	1.0011546611785889
6680.0494640609695	1.0004304647445679
6680.10641406097	0.9993921518325806
6680.16336406097	0.9992524981498718
6680.22031406097	1.0000090599060059
6680.27726406097	0.9998855590820312
6680.33421406097	0.9986971616744995
6680.3911640609695	0.9968945384025574
6680.44811406097	0.9953929781913757
6680.50506406097	0.9965698719024658
6680.56201406097	0.9984515309333801
6680.61896406097	0.9970199465751648
6680.67591406097	0.9948431253433228
6680.73286406097	0.9955090284347534
6680.78981406097	0.9964547157287598
6680.84676406097	0.9951022267341614
6680.90371406097	0.994055986404419
6680.96066406097	0.9954720139503479
6681.01761406097	0.9966171979904175
6681.07456406097	0.9959923028945923
6681.1315140609695	0.9962868094444275
6681.18846406097	0.9989554286003113
6681.24541406097	0.9989818334579468
6681.30236406097	0.9940424561500549
6681.35931406097	0.9915227293968201
6681.41626406097	0.9930691719055176
6681.473214060969	0.995032548904419
6681.53016406097	0.996941089630127
6681.58711406097	0.996010422706604
6681.64406406097	0.9921957850456238
6681.70101406097	0.9896671175956726
6681.75796406097	0.9886069297790527
6681.814914060969	0.9884986877441406
6681.8718640609695	0.9889510869979858
6681.92881406097	0.9889165759086609
6681.98576406097	0.9882872700691223
6682.04271406097	0.9867649674415588
6682.09966406097	0.9849152565002441
6682.15661406097	0.9832909107208252
6682.2135640609695	0.9827977418899536
6682.27051406097	0.9850602746009827
6682.32746406097	0.9876717329025269
6682.38441406097	0.9895929098129272
6682.44136406097	0.9907001256942749
6682.49831406097	0.9901135563850403
6682.555264060969	0.9906103610992432
6682.61221406097	0.9933880567550659
6682.66916406097	0.9945136308670044
