6498.67694832	0.058364222
6498.67694831775	1.042250156402588
6498.73531253975	1.0412020683288574
6498.79367676175	1.0418152809143066
6498.85204098375	1.0423476696014404
6498.91040520575	1.0422412157058716
6498.968769427751	1.0419590473175049
6499.027133649751	1.042068362236023
6499.085497871751	1.0431413650512695
6499.143862093751	1.044276475906372
6499.2022263157505	1.04294753074646
6499.26059053775	1.0392897129058838
6499.31895475975	1.03714919090271
6499.37731898175	1.0383960008621216
6499.43568320375	1.0414994955062866
6499.49404742575	1.044856071472168
6499.552411647751	1.0470894575119019
6499.610775869751	1.047025442123413
6499.669140091751	1.043812870979309
6499.727504313751	1.037742018699646
6499.7858685357505	1.0317126512527466
6499.84423275775	1.0286674499511719
6499.90259697975	1.030663013458252
6499.96096120175	1.0374752283096313
6500.01932542375	1.0424333810806274
6500.07768964575	1.0401859283447266
6500.136053867751	1.0359569787979126
6500.194418089751	1.0364183187484741
6500.252782311751	1.0402050018310547
6500.311146533751	1.043241262435913
6500.3695107557505	1.0434995889663696
6500.42787497775	1.04043447971344
6500.48623919975	1.036324143409729
6500.54460342175	1.0345642566680908
6500.60296764375	1.035477638244629
6500.66133186575	1.0375125408172607
6500.719696087751	1.0400199890136719
6500.778060309751	1.0428918600082397
6500.836424531751	1.045682668685913
6500.894788753751	1.0476608276367188
6500.9531529757505	1.0479501485824585
6501.01151719775	1.0457792282104492
6501.06988141975	1.0428327322006226
6501.12824564175	1.0433564186096191
6501.18660986375	1.047170639038086
6501.24497408575	1.0482937097549438
6501.303338307751	1.0443570613861084
6501.361702529751	1.0387436151504517
6501.420066751751	1.0339003801345825
6501.478430973751	1.030149221420288
6501.5367951957505	1.027468204498291
6501.59515941775	1.0254977941513062
6501.65352363975	1.0244851112365723
6501.71188786175	1.0261667966842651
6501.77025208375	1.0311156511306763
6501.82861630575	1.0363720655441284
6501.886980527751	1.0393463373184204
6501.945344749751	1.0404249429702759
6502.003708971751	1.04061758518219
6502.062073193751	1.040587306022644
6502.1204374157505	1.040650486946106
6502.17880163775	1.0401747226715088
6502.23716585975	1.0385621786117554
6502.29553008175	1.0367940664291382
6502.35389430375	1.036123514175415
6502.41225852575	1.0360298156738281
6502.470622747751	1.0351650714874268
6502.528986969751	1.0323907136917114
6502.587351191751	1.0273021459579468
6502.645715413751	1.0231006145477295
6502.7040796357505	1.0245730876922607
6502.76244385775	1.0304845571517944
6502.82080807975	1.0352754592895508
6502.87917230175	1.0368949174880981
6502.93753652375	1.036452293395996
6502.99590074575	1.0357869863510132
6503.054264967751	1.0373692512512207
6503.112629189751	1.0409502983093262
6503.170993411751	1.0431548357009888
6503.229357633751	1.042719841003418
6503.2877218557505	1.041245937347412
6503.34608607775	1.0392910242080688
6503.40445029975	1.0357098579406738
6503.46281452175	1.0304399728775024
6503.52117874375	1.025490164756775
6503.57954296575	1.0220119953155518
6503.637907187751	1.01910400390625
6503.696271409751	1.0170438289642334
6503.754635631751	1.0193920135498047
6503.812999853751	1.0271791219711304
6503.8713640757505	1.0337408781051636
6503.92972829775	1.0335813760757446
6503.98809251975	1.0286463499069214
6504.04645674175	1.022016167640686
6504.10482096375	1.0145444869995117
6504.16318518575	1.006883144378662
6504.221549407751	1.0011255741119385
6504.279913629751	0.999747633934021
6504.338277851751	1.0051844120025635
6504.396642073751	1.0178868770599365
6504.4550062957505	1.0295995473861694
6504.51337051775	1.0308737754821777
6504.57173473975	1.027905821800232
6504.63009896175	1.0329914093017578
6504.68846318375	1.0423288345336914
6504.74682740575	1.043853998184204
6504.805191627751	1.039376974105835
6504.863555849751	1.0395466089248657
6504.921920071751	1.0445055961608887
6504.980284293751	1.0463294982910156
6505.0386485157505	1.044003963470459
6505.09701273775	1.0428032875061035
6505.15537695975	1.044157862663269
6505.21374118175	1.0453648567199707
6505.27210540375	1.0453487634658813
6505.33046962575	1.0451078414916992
6505.388833847751	1.0451364517211914
6505.447198069751	1.0451191663742065
6505.505562291751	1.0445711612701416
6505.563926513751	1.042805552482605
6505.6222907357505	1.0400118827819824
6505.68065495775	1.0380477905273438
6505.73901917975	1.0379704236984253
6505.79738340175	1.0388267040252686
6505.85574762375	1.0395921468734741
6505.91411184575	1.0396620035171509
6505.972476067751	1.038952350616455
6506.030840289751	1.038570761680603
6506.089204511751	1.0394350290298462
6506.147568733751	1.041209101676941
6506.2059329557505	1.0430794954299927
6506.26429717775	1.0436925888061523
6506.32266139975	1.0421546697616577
6506.38102562175	1.0398463010787964
6506.43938984375	1.0385879278182983
6506.49775406575	1.0385583639144897
6506.556118287751	1.0391525030136108
6506.614482509751	1.039392352104187
6506.672846731751	1.0384690761566162
6506.731210953751	1.0375679731369019
6506.7895751757505	1.038537621498108
6506.84793939775	1.0403220653533936
6506.90630361975	1.0402922630310059
6506.96466784175	1.038038969039917
6507.02303206375	1.0350579023361206
6507.08139628575	1.0346252918243408
6507.139760507751	1.0406839847564697
6507.198124729751	1.049181342124939
6507.256488951751	1.049116849899292
6507.314853173751	1.0403896570205688
6507.3732173957505	1.034566044807434
6507.43158161775	1.0350382328033447
6507.48994583975	1.0349292755126953
6507.54831006175	1.0311177968978882
6507.60667428375	1.0262072086334229
6507.66503850575	1.0229744911193848
6507.723402727751	1.0240397453308105
6507.781766949751	1.0292322635650635
6507.840131171751	1.033294916152954
6507.898495393751	1.033573865890503
6507.956859615751	1.0337104797363281
6508.01522383775	1.0360615253448486
6508.07358805975	1.0382609367370605
6508.13195228175	1.0383262634277344
6508.19031650375	1.0372264385223389
6508.24868072575	1.035344123840332
6508.307044947751	1.0296775102615356
6508.365409169751	1.0176582336425781
6508.423773391751	1.0004723072052002
6508.482137613751	0.9808372259140015
6508.540501835751	0.962743878364563
6508.5988660577505	0.9507226943969727
6508.65723027975	0.9498919248580933
6508.71559450175	0.9632739424705505
6508.77395872375	0.9844202995300293
6508.83232294575	1.0035384893417358
6508.890687167751	1.0167714357376099
6508.949051389751	1.0238958597183228
6509.007415611751	1.02693772315979
6509.065779833751	1.029212474822998
6509.124144055751	1.0319361686706543
6509.1825082777505	1.0348014831542969
6509.24087249975	1.0370374917984009
6509.29923672175	1.0377602577209473
6509.35760094375	1.0388027429580688
6509.41596516575	1.0438202619552612
6509.474329387751	1.0505781173706055
6509.532693609751	1.0514326095581055
6509.591057831751	1.0461446046829224
6509.649422053751	1.0427385568618774
6509.707786275751	1.0439070463180542
6509.7661504977505	1.0453569889068604
6509.82451471975	1.0447887182235718
6509.88287894175	1.0430943965911865
6509.94124316375	1.0413663387298584
6509.99960738575	1.04078209400177
6510.057971607751	1.0418833494186401
6510.116335829751	1.0440279245376587
6510.174700051751	1.0462121963500977
6510.233064273751	1.0468895435333252
6510.291428495751	1.0453678369522095
6510.3497927177505	1.0430665016174316
6510.40815693975	1.041386604309082
6510.46652116175	1.0408670902252197
6510.52488538375	1.0412793159484863
6510.58324960575	1.0406498908996582
6510.641613827751	1.0377885103225708
6510.699978049751	1.0353094339370728
6510.758342271751	1.035766363143921
6510.816706493751	1.0377435684204102
6510.875070715751	1.0389719009399414
6510.9334349377505	1.0390366315841675
6510.99179915975	1.038320541381836
6511.05016338175	1.0375189781188965
6511.10852760375	1.037461757659912
6511.16689182575	1.038867473602295
6511.225256047751	1.0419621467590332
6511.283620269751	1.0447405576705933
6511.341984491751	1.0445860624313354
6511.400348713751	1.0432102680206299
6511.458712935751	1.0445362329483032
6511.5170771577505	1.0477278232574463
6511.57544137975	1.0488041639328003
6511.63380560175	1.0473642349243164
6511.69216982375	1.0456255674362183
6511.75053404575	1.042545199394226
6511.808898267751	1.0342756509780884
6511.867262489751	1.019874095916748
6511.925626711751	1.001848578453064
6511.983990933751	0.9850998520851135
6512.042355155751	0.9770607352256775
6512.1007193777505	0.978331446647644
6512.15908359975	0.9802783727645874
6512.21744782175	0.9807985424995422
6512.27581204375	0.9881037473678589
6512.33417626575	1.0044020414352417
6512.392540487751	1.0206727981567383
6512.450904709751	1.032090187072754
6512.509268931751	1.0434991121292114
6512.567633153751	1.057206392288208
6512.625997375751	1.0679585933685303
6512.6843615977505	1.072495937347412
6512.74272581975	1.0746382474899292
6512.80109004175	1.0774997472763062
6512.85945426375	1.0792510509490967
6512.91781848575	1.0784345865249634
6512.976182707751	1.0776232481002808
6513.034546929751	1.078806757926941
6513.092911151751	1.0789204835891724
6513.151275373751	1.0755175352096558
6513.209639595751	1.0735770463943481
6513.2680038177505	1.077677845954895
6513.32636803975	1.0811837911605835
6513.38473226175	1.0760548114776611
6513.44309648375	1.0668315887451172
6513.50146070575	1.0617645978927612
6513.559824927751	1.0599197149276733
6513.618189149751	1.0569967031478882
6513.676553371751	1.0552606582641602
6513.734917593751	1.0594383478164673
6513.793281815751	1.0673030614852905
6513.8516460377505	1.0728970766067505
6513.91001025975	1.0756494998931885
6513.96837448175	1.0783004760742188
6514.02673870375	1.0793530941009521
6514.08510292575	1.0744127035140991
6514.143467147751	1.063208818435669
6514.201831369751	1.0493499040603638
6514.260195591751	1.0364171266555786
6514.318559813751	1.0276432037353516
6514.376924035751	1.0221692323684692
6514.4352882577505	1.0142340660095215
6514.49365247975	0.9985923767089844
6514.55201670175	0.9710967540740967
6514.61038092375	0.9331511855125427
6514.66874514575	0.894546627998352
6514.727109367751	0.8675709962844849
6514.785473589751	0.8677480816841125
6514.843837811751	0.8988661766052246
6514.902202033751	0.9431540966033936
6514.960566255751	0.984264075756073
6515.0189304777505	1.0121463537216187
6515.07729469975	1.0236611366271973
6515.13565892175	1.0292234420776367
6515.19402314375	1.0370012521743774
6515.25238736575	1.0451656579971313
6515.310751587751	1.050994634628296
6515.369115809751	1.0541083812713623
6515.427480031751	1.0545076131820679
6515.485844253751	1.05190110206604
6515.544208475751	1.0458860397338867
6515.6025726977505	1.0358372926712036
6515.66093691975	1.0215476751327515
6515.71930114175	1.0042165517807007
6515.77766536375	0.9865191578865051
6515.83602958575	0.9749126434326172
6515.894393807751	0.9753612875938416
6515.952758029751	0.9859561324119568
6516.011122251751	1.000901460647583
6516.069486473751	1.0134459733963013
6516.127850695751	1.0174057483673096
6516.1862149177505	1.0128344297409058
6516.24457913975	1.001962423324585
6516.30294336175	0.9782538414001465
6516.36130758375	0.9323421716690063
6516.41967180575	0.8703110218048096
6516.478036027751	0.8094385862350464
6516.536400249751	0.7650529742240906
6516.594764471751	0.7499527335166931
6516.653128693751	0.7678743004798889
6516.711492915751	0.8126488327980042
6516.7698571377505	0.8692429661750793
6516.82822135975	0.9145510792732239
6516.88658558175	0.9396290183067322
6516.94494980375	0.9514966607093811
6517.00331402575	0.9554904699325562
6517.061678247751	0.9553202986717224
6517.120042469751	0.9572567939758301
6517.178406691751	0.9706284403800964
6517.236770913751	0.9953681230545044
6517.295135135751	1.017079472541809
6517.3534993577505	1.0287141799926758
6517.41186357975	1.0367097854614258
6517.47022780175	1.045704960823059
6517.52859202375	1.0552641153335571
6517.58695624575	1.0637876987457275
6517.645320467751	1.0682895183563232
6517.703684689751	1.0666145086288452
6517.762048911751	1.0587704181671143
6517.820413133751	1.0456429719924927
6517.878777355751	1.02937912940979
6517.9371415777505	1.0132570266723633
6517.99550579975	1.0030248165130615
6518.05387002175	1.0032850503921509
6518.11223424375	1.0140888690948486
6518.17059846575	1.0325120687484741
6518.228962687751	1.0498842000961304
6518.287326909751	1.0590161085128784
6518.345691131751	1.0638055801391602
6518.404055353751	1.0698341131210327
6518.462419575751	1.0745645761489868
6518.5207837977505	1.0736678838729858
6518.57914801975	1.0678995847702026
6518.63751224175	1.0605512857437134
6518.69587646375	1.0566004514694214
6518.75424068575	1.060071349143982
6518.812604907751	1.0660895109176636
6518.870969129751	1.0661869049072266
6518.929333351751	1.0597187280654907
6518.987697573751	1.0505235195159912
6519.046061795751	1.0404843091964722
6519.1044260177505	1.0300272703170776
6519.16279023975	1.017691969871521
6519.22115446175	1.0009413957595825
6519.27951868375	0.9803221225738525
6519.33788290575	0.9591553807258606
6519.396247127751	0.9411996603012085
6519.454611349751	0.9307218790054321
6519.512975571751	0.9318835735321045
6519.571339793751	0.9479125142097473
6519.629704015751	0.9748380780220032
6519.6880682377505	1.0005786418914795
6519.74643245975	1.018572449684143
6519.80479668175	1.0295122861862183
6519.86316090375	1.035383939743042
6519.92152512575	1.0398093461990356
6519.979889347751	1.0444401502609253
6520.038253569751	1.0478649139404297
6520.096617791751	1.049829125404358
6520.154982013751	1.0522644519805908
6520.213346235751	1.0554559230804443
6520.2717104577505	1.0563191175460815
6520.33007467975	1.0528850555419922
6520.38843890175	1.046083927154541
6520.44680312375	1.038867473602295
6520.50516734575	1.0380431413650513
6520.563531567751	1.0454388856887817
6520.621895789751	1.049309253692627
6520.680260011751	1.0427498817443848
6520.738624233751	1.0380529165267944
6520.796988455751	1.0446345806121826
6520.8553526777505	1.052132487297058
6520.91371689975	1.0505914688110352
6520.97208112175	1.0463039875030518
6521.03044534375	1.0467803478240967
6521.08880956575	1.0482078790664673
6521.147173787751	1.0456371307373047
6521.205538009751	1.0432084798812866
6521.263902231751	1.04600989818573
6521.322266453751	1.049910545349121
6521.380630675751	1.0489047765731812
6521.4389948977505	1.0451509952545166
6521.49735911975	1.043375015258789
6521.55572334175	1.042801856994629
6521.61408756375	1.0405560731887817
6521.67245178575	1.0372157096862793
6521.730816007751	1.0346989631652832
6521.789180229751	1.0316065549850464
6521.847544451751	1.0254100561141968
6521.905908673751	1.0193064212799072
6521.964272895751	1.0192482471466064
6522.0226371177505	1.0227385759353638
6522.08100133975	1.021790862083435
6522.13936556175	1.0164655447006226
6522.19772978375	1.0131373405456543
6522.25609400575	1.0137654542922974
6522.314458227751	1.0163666009902954
6522.372822449751	1.0199249982833862
6522.431186671751	1.0243101119995117
6522.489550893751	1.02927827835083
6522.547915115751	1.0343942642211914
6522.6062793377505	1.0385241508483887
6522.66464355975	1.0397838354110718
6522.72300778175	1.038036823272705
6522.78137200375	1.0355066061019897
6522.83973622575	1.0327799320220947
6522.898100447751	1.0280139446258545
6522.956464669751	1.022257924079895
6523.014828891751	1.0213435888290405
6523.073193113751	1.025832176208496
6523.131557335751	1.0263386964797974
6523.1899215577505	1.0181102752685547
6523.24828577975	1.0070449113845825
6523.30665000175	0.9987395405769348
6523.36501422375	0.995818018913269
6523.42337844575	0.9979572892189026
6523.481742667751	0.9990118145942688
6523.540106889751	0.9931087493896484
6523.598471111751	0.9771162867546082
6523.656835333751	0.9514035582542419
6523.715199555751	0.9241715669631958
6523.7735637777505	0.9042335152626038
6523.83192799975	0.8973725438117981
6523.89029222175	0.9065601229667664
6523.94865644375	0.9288286566734314
6524.00702066575	0.958540141582489
6524.065384887751	0.9871135950088501
6524.123749109751	1.0070438385009766
6524.182113331751	1.0180150270462036
6524.240477553751	1.0227667093276978
6524.298841775751	1.0252268314361572
6524.3572059977505	1.0290837287902832
6524.41557021975	1.0346654653549194
6524.47393444175	1.0403881072998047
6524.53229866375	1.043074369430542
6524.59066288575	1.04006028175354
6524.649027107751	1.0355007648468018
6524.707391329751	1.0358113050460815
6524.765755551751	1.0388493537902832
6524.824119773751	1.038483738899231
6524.882483995751	1.0358206033706665
6524.9408482177505	1.0360356569290161
6524.99921243975	1.0399121046066284
6525.05757666175	1.044904112815857
6525.11594088375	1.0472702980041504
6525.17430510575	1.0431807041168213
6525.232669327751	1.0362775325775146
6525.291033549751	1.0357898473739624
6525.349397771751	1.0412367582321167
6525.407761993751	1.0434905290603638
6525.466126215751	1.0408204793930054
6525.5244904377505	1.0388035774230957
6525.58285465975	1.0383442640304565
6525.64121888175	1.0352482795715332
6525.69958310375	1.0284202098846436
6525.75794732575	1.0208065509796143
6525.816311547751	1.0160088539123535
6525.874675769751	1.018147349357605
6525.933039991751	1.0265229940414429
6525.991404213751	1.033385992050171
6526.049768435751	1.035804033279419
6526.1081326577505	1.0390173196792603
6526.16649687975	1.0444873571395874
6526.22486110175	1.0462669134140015
6526.28322532375	1.042517066001892
6526.34158954575	1.0402940511703491
6526.399953767751	1.0434858798980713
6526.458317989751	1.047696828842163
6526.516682211751	1.0492417812347412
6526.575046433751	1.0481822490692139
6526.633410655751	1.0456891059875488
6526.6917748777505	1.0443035364151
6526.75013909975	1.0453859567642212
6526.80850332175	1.0466731786727905
6526.86686754375	1.0463365316390991
6526.92523176575	1.0457251071929932
6526.983595987751	1.046127200126648
6527.041960209751	1.0465309619903564
6527.100324431751	1.0458372831344604
6527.158688653751	1.0445036888122559
6527.217052875751	1.043381690979004
6527.2754170977505	1.0432664155960083
6527.33378131975	1.043915033340454
6527.39214554175	1.0411676168441772
6527.45050976375	1.0319241285324097
6527.50887398575	1.022743582725525
6527.567238207751	1.0216648578643799
6527.625602429751	1.0266691446304321
6527.683966651751	1.0321033000946045
6527.742330873751	1.036213755607605
6527.800695095751	1.0389652252197266
6527.8590593177505	1.039833426475525
6527.91742353975	1.0386196374893188
6527.97578776175	1.0376865863800049
6528.03415198375	1.0399404764175415
6528.09251620575	1.042758822441101
6528.150880427751	1.0411609411239624
6528.209244649751	1.0375298261642456
6528.267608871751	1.0382061004638672
6528.325973093751	1.0418076515197754
6528.384337315751	1.0420870780944824
6528.4427015377505	1.0396790504455566
6528.50106575975	1.0400192737579346
6528.55942998175	1.0421717166900635
6528.61779420375	1.0404835939407349
6528.67615842575	1.0371700525283813
6528.734522647751	1.040993332862854
6528.792886869751	1.0505427122116089
6528.851251091751	1.054522156715393
6528.909615313751	1.0511603355407715
6528.967979535751	1.049120306968689
6529.0263437577505	1.0508606433868408
6529.08470797975	1.0513193607330322
6529.14307220175	1.0488009452819824
6529.20143642375	1.0462379455566406
6529.25980064575	1.0456589460372925
6529.318164867751	1.0475069284439087
6529.376529089751	1.0506443977355957
6529.434893311751	1.0516401529312134
6529.493257533751	1.04929780960083
6529.551621755751	1.0463632345199585
6529.6099859777505	1.0446666479110718
6529.66835019975	1.0438973903656006
6529.72671442175	1.0436509847640991
6529.78507864375	1.043699860572815
6529.84344286575	1.043532371520996
6529.901807087751	1.0419872999191284
6529.960171309751	1.039251685142517
6530.018535531751	1.0387283563613892
6530.076899753751	1.0421608686447144
6530.135263975751	1.046231746673584
6530.1936281977505	1.0479307174682617
6530.25199241975	1.0472090244293213
6530.31035664175	1.044424295425415
6530.36872086375	1.039435863494873
6530.42708508575	1.03219473361969
6530.485449307751	1.0230945348739624
6530.543813529751	1.013525128364563
6530.602177751751	1.0076706409454346
6530.660541973751	1.0087263584136963
6530.718906195751	1.0141640901565552
6530.7772704177505	1.0205446481704712
6530.83563463975	1.0276703834533691
6530.89399886175	1.0355433225631714
6530.95236308375	1.0406818389892578
6531.01072730575	1.040297269821167
6531.069091527751	1.0394889116287231
6531.127455749751	1.0442490577697754
6531.185819971751	1.0504028797149658
6531.244184193751	1.051141619682312
6531.302548415751	1.0485807657241821
6531.3609126377505	1.047831654548645
6531.41927685975	1.047298550605774
6531.47764108175	1.0433697700500488
6531.53600530375	1.0402621030807495
6531.59436952575	1.0444934368133545
6531.652733747751	1.0504629611968994
6531.711097969751	1.047425627708435
6531.769462191751	1.0392829179763794
6531.827826413751	1.0380176305770874
6531.886190635751	1.0441161394119263
6531.9445548577505	1.0497418642044067
6532.00291907975	1.0474876165390015
6532.06128330175	1.0311576128005981
6532.11964752375	1.0025548934936523
6532.17801174575	0.9702823162078857
6532.236375967751	0.9394629597663879
6532.294740189751	0.9128945469856262
6532.353104411751	0.8990247845649719
6532.411468633751	0.9099606871604919
6532.469832855751	0.9414041638374329
6532.5281970777505	0.9722657203674316
6532.58656129975	0.9927946329116821
6532.64492552175	1.0062791109085083
6532.70328974375	1.016037106513977
6532.76165396575	1.025303602218628
6532.820018187751	1.0345131158828735
6532.878382409751	1.0405738353729248
6532.936746631751	1.0427687168121338
6532.995110853751	1.0437809228897095
6533.053475075751	1.0448522567749023
6533.1118392977505	1.044945478439331
6533.17020351975	1.044751763343811
6533.22856774175	1.0477701425552368
6533.28693196375	1.0532668828964233
6533.34529618575	1.0530476570129395
6533.403660407751	1.0449957847595215
6533.462024629751	1.0391521453857422
6533.520388851751	1.040877103805542
6533.578753073751	1.0442026853561401
6533.637117295751	1.043739914894104
6533.6954815177505	1.0378369092941284
6533.75384573975	1.0266754627227783
6533.81220996175	1.0134387016296387
6533.87057418375	1.0000559091567993
6533.92893840575	0.984369158744812
6533.987302627751	0.9674414992332458
6534.045666849751	0.9602278470993042
6534.104031071751	0.9695685505867004
6534.162395293751	0.986655592918396
6534.220759515751	1.0021370649337769
6534.2791237377505	1.0143957138061523
6534.33748795975	1.0234308242797852
6534.39585218175	1.0285494327545166
6534.45421640375	1.0298086404800415
6534.51258062575	1.0300366878509521
6534.570944847751	1.0315581560134888
6534.629309069751	1.0323129892349243
6534.687673291751	1.0302488803863525
6534.746037513751	1.0282180309295654
6534.804401735751	1.0295623540878296
6534.8627659577505	1.033289909362793
6534.92113017975	1.0371811389923096
6534.97949440175	1.040561318397522
6535.03785862375	1.0434143543243408
6535.09622284575	1.0460063219070435
6535.154587067751	1.0485855340957642
6535.212951289751	1.0506614446640015
6535.271315511751	1.0514957904815674
6535.329679733751	1.0506644248962402
6535.388043955751	1.048571228981018
6535.4464081777505	1.0490251779556274
6535.50477239975	1.055929183959961
6535.56313662175	1.0638431310653687
6535.62150084375	1.0638458728790283
6535.67986506575	1.0586649179458618
6535.738229287751	1.0568329095840454
6535.796593509751	1.0575129985809326
6535.854957731751	1.054805040359497
6535.913321953751	1.0500445365905762
6535.971686175751	1.0488660335540771
6536.0300503977505	1.0513898134231567
6536.08841461975	1.0539098978042603
6536.14677884175	1.0555901527404785
6536.20514306375	1.0575495958328247
6536.26350728575	1.058555245399475
6536.321871507751	1.05572509765625
6536.380235729751	1.0492513179779053
6536.438599951751	1.0420317649841309
6536.496964173751	1.0349375009536743
6536.555328395751	1.0269933938980103
6536.6136926177505	1.0185167789459229
6536.67205683975	1.011269450187683
6536.73042106175	1.0076223611831665
6536.78878528375	1.0103414058685303
6536.84714950575	1.0190097093582153
6536.905513727751	1.0293587446212769
6536.963877949751	1.038480520248413
6537.022242171751	1.045336365699768
6537.080606393751	1.0497196912765503
6537.138970615751	1.0525355339050293
6537.1973348377505	1.0543946027755737
6537.25569905975	1.0554643869400024
6537.31406328175	1.0561059713363647
6537.37242750375	1.0569809675216675
6537.43079172575	1.0581868886947632
6537.489155947751	1.058914065361023
6537.547520169751	1.0595452785491943
6537.605884391751	1.0625386238098145
6537.664248613751	1.0676014423370361
6537.722612835751	1.069203495979309
6537.7809770577505	1.0658831596374512
6537.83934127975	1.0648767948150635
6537.89770550175	1.0692051649093628
6537.95606972375	1.0714998245239258
6538.01443394575	1.067973017692566
6538.072798167751	1.0651594400405884
6538.131162389751	1.0674351453781128
6538.189526611751	1.0711711645126343
6538.247890833751	1.0731526613235474
6538.306255055751	1.0740216970443726
6538.3646192777505	1.0748368501663208
6538.42298349975	1.076084017753601
6538.48134772175	1.0776795148849487
6538.53971194375	1.0783060789108276
6538.59807616575	1.0769559144973755
6538.656440387751	1.0741771459579468
6538.714804609751	1.0706013441085815
6538.773168831751	1.0659515857696533
6538.831533053751	1.0610138177871704
6538.889897275751	1.060655117034912
6538.9482614977505	1.067748785018921
6539.00662571975	1.0753185749053955
6539.06498994175	1.0762035846710205
6539.12335416375	1.0722630023956299
6539.18171838575	1.0678094625473022
6539.240082607751	1.0657055377960205
6539.298446829751	1.0672848224639893
6539.356811051751	1.069928765296936
6539.415175273751	1.0704270601272583
6539.473539495751	1.0690810680389404
6539.5319037177505	1.067494511604309
6539.59026793975	1.0668894052505493
6539.64863216175	1.0681694746017456
6539.70699638375	1.0715757608413696
6539.76536060575	1.0763365030288696
6539.823724827751	1.0785237550735474
6539.882089049751	1.07457435131073
6539.940453271751	1.0698601007461548
6539.998817493751	1.0720512866973877
6540.057181715751	1.0773383378982544
6540.1155459377505	1.0774431228637695
6540.17391015975	1.073338508605957
6540.23227438175	1.0704529285430908
6540.29063860375	1.069640874862671
6540.34900282575	1.0694245100021362
6540.407367047751	1.0704560279846191
6540.465731269751	1.073943853378296
6540.524095491751	1.0766394138336182
6540.582459713751	1.0736560821533203
6540.640823935751	1.0691231489181519
6540.6991881577505	1.0721510648727417
6540.75755237975	1.0809788703918457
6540.81591660175	1.0865066051483154
6540.87428082375	1.0870745182037354
6540.93264504575	1.0866409540176392
6540.991009267751	1.0866966247558594
6541.049373489751	1.0868293046951294
6541.107737711751	1.0870457887649536
6541.166101933751	1.087588906288147
6541.224466155751	1.0880497694015503
6541.2828303777505	1.0874871015548706
6541.34119459975	1.0857688188552856
6541.39955882175	1.0836853981018066
6541.45792304375	1.0828224420547485
6541.51628726575	1.0853182077407837
6541.574651487751	1.0902929306030273
6541.633015709751	1.09365975856781
6541.691379931751	1.093957543373108
6541.749744153751	1.092791199684143
6541.808108375751	1.0909500122070312
6541.8664725977505	1.088148832321167
6541.92483681975	1.083597183227539
6541.98320104175	1.075977087020874
6542.04156526375	1.0655181407928467
6542.09992948575	1.0544949769973755
6542.158293707751	1.043299913406372
6542.216657929751	1.029790997505188
6542.275022151751	1.015956997871399
6542.333386373751	1.009999394416809
6542.391750595751	1.015990138053894
6542.450114817751	1.0308597087860107
6542.5084790397505	1.0499677658081055
6542.56684326175	1.0667693614959717
6542.62520748375	1.0771571397781372
6542.68357170575	1.0815180540084839
6542.741935927751	1.0816066265106201
6542.800300149751	1.081037163734436
6542.858664371751	1.0818537473678589
6542.917028593751	1.0828311443328857
6542.975392815751	1.0829702615737915
6543.033757037751	1.0823622941970825
6543.0921212597505	1.0816715955734253
6543.15048548175	1.0824954509735107
6543.20884970375	1.0851778984069824
6543.26721392575	1.0871033668518066
6543.325578147751	1.0872716903686523
6543.383942369751	1.0892871618270874
6543.442306591751	1.093715786933899
6543.500670813751	1.0923655033111572
6543.559035035751	1.078788161277771
6543.617399257751	1.0542446374893188
6543.6757634797505	1.0209052562713623
6543.73412770175	0.979459285736084
6543.79249192375	0.9341104626655579
6543.85085614575	0.8990039229393005
6543.909220367751	0.8872515559196472
6543.967584589751	0.9039701223373413
6544.025948811751	0.9461503028869629
6544.084313033751	0.9929884672164917
6544.142677255751	1.0264286994934082
6544.201041477751	1.049506664276123
6544.2594056997505	1.0686182975769043
6544.31776992175	1.0832048654556274
6544.37613414375	1.0920993089675903
6544.43449836575	1.0980234146118164
6544.492862587751	1.1037873029708862
6544.551226809751	1.108804702758789
6544.609591031751	1.111701488494873
6544.667955253751	1.112036943435669
6544.726319475751	1.1101455688476562
6544.784683697751	1.108105182647705
6544.8430479197505	1.1077858209609985
6544.90141214175	1.1078803539276123
6544.95977636375	1.1068285703659058
6545.01814058575	1.1068564653396606
6545.076504807751	1.110169768333435
6545.134869029751	1.1128500699996948
6545.193233251751	1.110541582107544
6545.251597473751	1.1077210903167725
6545.309961695751	1.1105626821517944
6545.368325917751	1.115859866142273
6545.4266901397505	1.1175570487976074
6545.48505436175	1.11630117893219
6545.54341858375	1.114739179611206
6545.60178280575	1.1097986698150635
6545.660147027751	1.0975499153137207
6545.718511249751	1.0832724571228027
6545.776875471751	1.075859546661377
6545.835239693751	1.077673077583313
6545.893603915751	1.0869030952453613
6545.951968137751	1.0993647575378418
6546.0103323597505	1.109665870666504
6546.06869658175	1.1144102811813354
6546.12706080375	1.1126927137374878
6546.18542502575	1.1103178262710571
6546.243789247751	1.115512728691101
6546.302153469751	1.1246347427368164
6546.360517691751	1.1278692483901978
6546.418881913751	1.1264700889587402
6546.477246135751	1.1281381845474243
6546.535610357751	1.133207082748413
6546.5939745797505	1.1370928287506104
6546.65233880175	1.1371440887451172
6546.71070302375	1.132749319076538
6546.76906724575	1.1280248165130615
6546.827431467751	1.129624366760254
6546.885795689751	1.1347765922546387
6546.944159911751	1.1342490911483765
6547.002524133751	1.1289862394332886
6547.060888355751	1.1275677680969238
6547.119252577751	1.1303668022155762
6547.1776167997505	1.1312493085861206
6547.23598102175	1.1301194429397583
6547.29434524375	1.131553292274475
6547.35270946575	1.1333516836166382
6547.411073687751	1.1274878978729248
6547.469437909751	1.1119753122329712
6547.527802131751	1.0911223888397217
6547.586166353751	1.0701768398284912
6547.644530575751	1.055423378944397
6547.702894797751	1.0520777702331543
6547.7612590197505	1.06330144405365
6547.81962324175	1.084779977798462
6547.87798746375	1.1042811870574951
6547.93635168575	1.1176103353500366
6547.994715907751	1.1296441555023193
6548.053080129751	1.1401796340942383
6548.111444351751	1.1433544158935547
6548.169808573751	1.139841914176941
6548.228172795751	1.137941598892212
6548.286537017751	1.1366982460021973
6548.3449012397505	1.1234327554702759
6548.40326546175	1.093262791633606
6548.46162968375	1.052727222442627
6548.51999390575	1.0130820274353027
6548.578358127751	0.9912596344947815
6548.636722349751	0.99492347240448
6548.695086571751	1.017703890800476
6548.753450793751	1.0511727333068848
6548.811815015751	1.0846518278121948
6548.870179237751	1.1109555959701538
6548.9285434597505	1.1285756826400757
6548.98690768175	1.137641429901123
6549.04527190375	1.1406172513961792
6549.10363612575	1.1416345834732056
6549.162000347751	1.1471925973892212
6549.220364569751	1.1585938930511475
6549.278728791751	1.1681199073791504
6549.337093013751	1.172340989112854
6549.395457235751	1.1764459609985352
6549.453821457751	1.182971477508545
6549.5121856797505	1.1884210109710693
6549.57054990175	1.1909979581832886
6549.62891412375	1.1930612325668335
6549.68727834575	1.1954929828643799
6549.745642567751	1.195578932762146
6549.804006789751	1.192379117012024
6549.862371011751	1.1892160177230835
6549.920735233751	1.1886757612228394
6549.979099455751	1.1908622980117798
6550.037463677751	1.1946754455566406
6550.0958278997505	1.1971110105514526
6550.15419212175	1.1966699361801147
6550.21255634375	1.195631504058838
6550.27092056575	1.1962720155715942
6550.329284787751	1.1997231245040894
6550.387649009751	1.205302119255066
6550.446013231751	1.208520770072937
6550.504377453751	1.207692265510559
6550.562741675751	1.2091723680496216
6550.621105897751	1.216468334197998
6550.6794701197505	1.2229397296905518
6550.73783434175	1.2238296270370483
6550.79619856375	1.2234636545181274
6550.85456278575	1.226169466972351
6550.912927007751	1.2320696115493774
6550.971291229751	1.23931086063385
6551.029655451751	1.2429311275482178
6551.088019673751	1.240389347076416
6551.146383895751	1.2373855113983154
6551.204748117751	1.2387782335281372
6551.2631123397505	1.2422031164169312
6551.32147656175	1.2446895837783813
6551.37984078375	1.2461744546890259
6551.43820500575	1.2471152544021606
6551.496569227751	1.247502326965332
6551.554933449751	1.2474654912948608
6551.613297671751	1.2478735446929932
6551.671661893751	1.2491830587387085
6551.730026115751	1.2500108480453491
6551.788390337751	1.2492148876190186
6551.8467545597505	1.2479833364486694
6551.90511878175	1.247316598892212
6551.96348300375	1.2453665733337402
6552.02184722575	1.2414965629577637
6552.080211447751	1.241828203201294
6552.138575669751	1.2514033317565918
6552.196939891751	1.2652698755264282
6552.255304113751	1.274651288986206
6552.313668335751	1.268459439277649
6552.372032557751	1.2391819953918457
6552.4303967797505	1.1938974857330322
6552.48876100175	1.1444865465164185
6552.54712522375	1.101090669631958
6552.60548944575	1.0740288496017456
6552.663853667751	1.076945185661316
6552.722217889751	1.1167230606079102
6552.780582111751	1.1717567443847656
6552.838946333751	1.216168999671936
6552.897310555751	1.2497249841690063
6552.955674777751	1.2793328762054443
6553.0140389997505	1.3003952503204346
6553.07240322175	1.307790994644165
6553.13076744375	1.3113974332809448
6553.18913166575	1.3229343891143799
6553.247495887751	1.3364444971084595
6553.305860109751	1.3416961431503296
6553.364224331751	1.3421968221664429
6553.422588553751	1.3448364734649658
6553.480952775751	1.3457236289978027
6553.539316997751	1.3381290435791016
6553.5976812197505	1.3233592510223389
6553.65604544175	1.306785225868225
6553.71440966375	1.2951537370681763
6553.77277388575	1.2947192192077637
6553.831138107751	1.3064022064208984
6553.889502329751	1.327323317527771
6553.947866551751	1.3500736951828003
6554.006230773751	1.366760015487671
6554.064594995751	1.3786864280700684
6554.122959217751	1.390824794769287
6554.1813234397505	1.4021989107131958
6554.23968766175	1.4099161624908447
6554.29805188375	1.4165990352630615
6554.35641610575	1.4265614748001099
6554.414780327751	1.4378199577331543
6554.473144549751	1.4458658695220947
6554.531508771751	1.4511784315109253
6554.589872993751	1.456773042678833
6554.648237215751	1.4642094373703003
6554.706601437751	1.4738891124725342
6554.7649656597505	1.4842493534088135
6554.82332988175	1.4930058717727661
6554.88169410375	1.5007493495941162
6554.94005832575	1.5094743967056274
6554.998422547751	1.5191214084625244
6555.056786769751	1.5285017490386963
6555.115150991751	1.53714919090271
6555.173515213751	1.545180320739746
6555.231879435751	1.5535621643066406
6555.290243657751	1.5635077953338623
6555.3486078797505	1.5741325616836548
6555.40697210175	1.583788514137268
6555.46533632375	1.5949147939682007
6555.52370054575	1.611371636390686
6555.582064767751	1.6285827159881592
6555.640428989751	1.6380717754364014
6555.698793211751	1.643946886062622
6555.757157433751	1.6574912071228027
6555.815521655751	1.6782687902450562
6555.873885877751	1.6981451511383057
6555.9322500997505	1.7141989469528198
6555.99061432175	1.7274820804595947
6556.04897854375	1.7407418489456177
6556.10734276575	1.757499098777771
6556.165706987751	1.776637315750122
6556.224071209751	1.7939929962158203
6556.282435431751	1.8095194101333618
6556.340799653751	1.8260383605957031
6556.399163875751	1.8439778089523315
6556.457528097751	1.861978530883789
6556.5158923197505	1.8792223930358887
6556.57425654175	1.8954933881759644
6556.63262076375	1.9120670557022095
6556.69098498575	1.9310102462768555
6556.749349207751	1.9513217210769653
6556.807713429751	1.968916893005371
6556.866077651751	1.9767978191375732
6556.924441873751	1.9670201539993286
6556.982806095751	1.942918300628662
6557.041170317751	1.9181236028671265
6557.0995345397505	1.9057539701461792
6557.15789876175	1.9174084663391113
6557.21626298375	1.9552534818649292
6557.27462720575	2.0121653079986572
6557.332991427751	2.0800836086273193
6557.391355649751	2.149808645248413
6557.449719871751	2.2132487297058105
6557.508084093751	2.2643306255340576
6557.566448315751	2.30375337600708
6557.624812537751	2.3385393619537354
6557.6831767597505	2.371708869934082
6557.74154098175	2.4024462699890137
6557.79990520375	2.429645538330078
6557.85826942575	2.4519965648651123
6557.916633647751	2.469583511352539
6557.974997869751	2.4842066764831543
6558.033362091751	2.49945068359375
6558.091726313751	2.5209529399871826
6558.150090535751	2.5557985305786133
6558.208454757751	2.61098575592041
6558.2668189797505	2.680471420288086
6558.32518320175	2.745589256286621
6558.38354742375	2.800159454345703
6558.44191164575	2.8507614135742188
6558.500275867751	2.898174285888672
6558.558640089751	2.9382288455963135
6558.617004311751	2.9770190715789795
6558.675368533751	3.0301589965820312
6558.733732755751	3.096756935119629
6558.792096977751	3.1586368083953857
6558.8504611997505	3.209305763244629
6558.90882542175	3.255254030227661
6558.96718964375	3.3011388778686523
6559.02555386575	3.3493337631225586
6559.083918087751	3.399416446685791
6559.142282309751	3.447979211807251
6559.200646531751	3.4944067001342773
6559.259010753751	3.541109561920166
6559.317374975751	3.5881712436676025
6559.375739197751	3.633091449737549
6559.4341034197505	3.6751351356506348
6559.49246764175	3.7157764434814453
6559.55083186375	3.757330894470215
6559.60919608575	3.802551746368408
6559.667560307751	3.848397970199585
6559.725924529751	3.8855133056640625
6559.784288751751	3.9131391048431396
6559.842652973751	3.9405910968780518
6559.901017195751	3.9698708057403564
6559.959381417751	3.994394302368164
6560.0177456397505	4.015151500701904
6560.07610986175	4.041539669036865
6560.13447408375	4.069420337677002
6560.19283830575	4.078633785247803
6560.251202527751	4.064242362976074
6560.309566749751	4.041025161743164
6560.367930971751	4.02008581161499
6560.426295193751	4.008052349090576
6560.484659415751	4.0182623863220215
6560.543023637751	4.070572376251221
6560.6013878597505	4.1593194007873535
6560.65975208175	4.246458053588867
6560.71811630375	4.314004421234131
6560.77648052575	4.3710618019104
6560.834844747751	4.4220404624938965
6560.893208969751	4.464626789093018
6560.951573191751	4.4975762367248535
6561.009937413751	4.522225379943848
6561.068301635751	4.550018310546875
6561.126665857751	4.604189395904541
6561.1850300797505	4.685288429260254
6561.24339430175	4.763814449310303
6561.30175852375	4.829617023468018
6561.36012274575	4.89873743057251
6561.418486967751	4.9693145751953125
6561.476851189751	5.015261650085449
6561.535215411751	5.02955961227417
6561.593579633751	5.032324314117432
6561.651943855751	5.037193298339844
6561.710308077751	5.04716682434082
6561.7686722997505	5.05848503112793
6561.82703652175	5.0591254234313965
6561.88540074375	5.048704147338867
6561.94376496575	5.042723178863525
6562.002129187751	5.0442681312561035
6562.060493409751	5.038700103759766
6562.118857631751	5.020435810089111
6562.177221853751	4.997480869293213
6562.235586075751	4.9748406410217285
6562.293950297751	4.95274019241333
6562.3523145197505	4.933412551879883
6562.41067874175	4.922164440155029
6562.46904296375	4.923423767089844
6562.52740718575	4.939658164978027
6562.585771407751	4.967060089111328
6562.644135629751	4.993073463439941
6562.702499851751	5.009990692138672
6562.760864073751	5.017869472503662
6562.819228295751	5.01978874206543
6562.877592517751	5.022539138793945
6562.9359567397505	5.027885437011719
6562.99432096175	5.03023099899292
6563.05268518375	5.027319431304932
6563.11104940575	5.021744251251221
6563.169413627751	5.009801387786865
6563.227777849751	4.97873592376709
6563.286142071751	4.923059940338135
6563.344506293751	4.849168300628662
6563.402870515751	4.770534515380859
6563.461234737751	4.709577560424805
6563.5195989597505	4.675286293029785
6563.57796318175	4.656144618988037
6563.63632740375	4.642292022705078
6563.69469162575	4.627120018005371
6563.753055847751	4.60054874420166
6563.811420069751	4.547377586364746
6563.869784291751	4.456047058105469
6563.928148513751	4.322127819061279
6563.986512735751	4.157760143280029
6564.044876957751	3.9992361068725586
6564.1032411797505	3.876577377319336
6564.16160540175	3.8082361221313477
6564.21996962375	3.8029534816741943
6564.27833384575	3.8541336059570312
6564.336698067751	3.9375522136688232
6564.395062289751	4.005270957946777
6564.453426511751	4.038271427154541
6564.511790733751	4.061307430267334
6564.570154955751	4.084709644317627
6564.628519177751	4.095191955566406
6564.6868833997505	4.085429668426514
6564.74524762175	4.058933258056641
6564.80361184375	4.0248942375183105
6564.86197606575	3.999373435974121
6564.920340287751	3.9848270416259766
6564.978704509751	3.963710069656372
6565.037068731751	3.9285924434661865
6565.095432953751	3.888176202774048
6565.153797175751	3.8501477241516113
6565.212161397751	3.8191325664520264
6565.2705256197505	3.791175127029419
6565.32888984175	3.750709056854248
6565.38725406375	3.6954073905944824
6565.44561828575	3.6425259113311768
6565.503982507751	3.5997047424316406
6565.562346729751	3.5594682693481445
6565.620710951751	3.5168793201446533
6565.679075173751	3.4717791080474854
6565.737439395751	3.427018880844116
6565.795803617751	3.388967275619507
6565.8541678397505	3.3554434776306152
6565.91253206175	3.3124067783355713
6565.97089628375	3.2572455406188965
6566.02926050575	3.204058885574341
6566.087624727751	3.158660650253296
6566.145988949751	3.114196538925171
6566.204353171751	3.0669662952423096
6566.262717393751	3.0184552669525146
6566.321081615751	2.9699904918670654
6566.379445837751	2.9222657680511475
6566.4378100597505	2.8740081787109375
6566.49617428175	2.821650981903076
6566.55453850375	2.768014669418335
6566.61290272575	2.7243387699127197
6566.671266947751	2.69115948677063
6566.729631169751	2.6543147563934326
6566.787995391751	2.6116943359375
6566.846359613751	2.5778071880340576
6566.904723835751	2.5536937713623047
6566.963088057751	2.521841287612915
6567.0214522797505	2.4786036014556885
6567.07981650175	2.439657688140869
6567.13818072375	2.4100112915039062
6567.19654494575	2.3796651363372803
6567.254909167751	2.3458399772644043
6567.313273389751	2.315746307373047
6567.371637611751	2.290027141571045
6567.430001833751	2.260434150695801
6567.488366055751	2.2245912551879883
6567.546730277751	2.1882848739624023
6567.6050944997505	2.155247449874878
6567.66345872175	2.126093864440918
6567.72182294375	2.100587844848633
6567.78018716575	2.0773727893829346
6567.838551387751	2.0544252395629883
6567.896915609751	2.0291759967803955
6567.955279831751	2.002859115600586
6568.013644053751	1.9812204837799072
6568.072008275751	1.9636973142623901
6568.130372497751	1.9420480728149414
6568.1887367197505	1.9160895347595215
6568.24710094175	1.8954880237579346
6568.30546516375	1.8809407949447632
6568.36382938575	1.862013578414917
6568.422193607751	1.8353914022445679
6568.480557829751	1.8068230152130127
6568.538922051751	1.77925705909729
6568.597286273751	1.7518913745880127
6568.655650495751	1.7229779958724976
6568.714014717751	1.690284013748169
6568.7723789397505	1.6580880880355835
6568.83074316175	1.6378589868545532
6568.88910738375	1.6317940950393677
6568.94747160575	1.630881428718567
6569.005835827751	1.6297506093978882
6569.064200049751	1.6275259256362915
6569.122564271751	1.6232613325119019
6569.180928493751	1.616072416305542
6569.239292715751	1.6064379215240479
6569.297656937751	1.5963655710220337
6569.3560211597505	1.5864460468292236
6569.41438538175	1.57577383518219
6569.47274960375	1.5651005506515503
6569.53111382575	1.5569002628326416
6569.589478047751	1.551792025566101
6569.647842269751	1.5481829643249512
6569.706206491751	1.5440406799316406
6569.764570713751	1.5370447635650635
6569.822934935751	1.5269887447357178
6569.881299157751	1.5158464908599854
6569.9396633797505	1.50338613986969
6569.99802760175	1.4875726699829102
6570.05639182375	1.4717899560928345
6570.11475604575	1.4643514156341553
6570.173120267751	1.4649505615234375
6570.231484489751	1.4645686149597168
6570.289848711751	1.459770679473877
6570.348212933751	1.4527616500854492
6570.406577155751	1.4435933828353882
6570.464941377751	1.430692434310913
6570.5233055997505	1.4169111251831055
6570.58166982175	1.4087741374969482
6570.64003404375	1.4052371978759766
6570.69839826575	1.3984609842300415
6570.756762487751	1.3882415294647217
6570.815126709751	1.3812756538391113
6570.873490931751	1.3786636590957642
6570.931855153751	1.3764185905456543
6570.990219375751	1.3733934164047241
6571.048583597751	1.3710010051727295
6571.1069478197505	1.369928002357483
6571.16531204175	1.3698725700378418
6571.22367626375	1.36782705783844
6571.28204048575	1.3592454195022583
6571.340404707751	1.3473329544067383
6571.398768929751	1.341242790222168
6571.457133151751	1.3406943082809448
6571.515497373751	1.3376281261444092
6571.573861595751	1.3296678066253662
6571.632225817751	1.319369912147522
6571.6905900397505	1.3095943927764893
6571.74895426175	1.3023418188095093
6571.80731848375	1.2908620834350586
6571.86568270575	1.2626657485961914
6571.924046927751	1.2174608707427979
6571.982411149751	1.16656494140625
6572.040775371751	1.128748893737793
6572.099139593751	1.1254864931106567
6572.157503815751	1.1530228853225708
6572.215868037751	1.188133716583252
6572.2742322597505	1.2189987897872925
6572.33259648175	1.242523193359375
6572.39096070375	1.2558764219284058
6572.44932492575	1.258151888847351
6572.507689147751	1.256074070930481
6572.566053369751	1.2603793144226074
6572.624417591751	1.268786072731018
6572.682781813751	1.2708345651626587
6572.741146035751	1.2667077779769897
6572.799510257751	1.2633126974105835
6572.8578744797505	1.2614792585372925
6572.91623870175	1.258378267288208
6572.97460292375	1.254616141319275
6573.03296714575	1.2525781393051147
6573.091331367751	1.2515212297439575
6573.149695589751	1.2488349676132202
6573.208059811751	1.2434128522872925
6573.266424033751	1.23561692237854
6573.324788255751	1.2285511493682861
6573.383152477751	1.226029634475708
6573.4415166997505	1.2252800464630127
6573.49988092175	1.2204669713974
6573.55824514375	1.212565302848816
6573.61660936575	1.206420660018921
6573.674973587751	1.2046209573745728
6573.733337809751	1.2077375650405884
6573.791702031751	1.2127286195755005
6573.850066253751	1.2149807214736938
6573.908430475751	1.2137305736541748
6573.966794697751	1.2104957103729248
6574.0251589197505	1.206695795059204
6574.08352314175	1.2034989595413208
6574.14188736375	1.2005351781845093
6574.20025158575	1.1970328092575073
6574.258615807751	1.1948386430740356
6574.316980029751	1.1958483457565308
6574.375344251751	1.195474624633789
6574.433708473751	1.18729829788208
6574.492072695751	1.173056960105896
6574.550436917751	1.156507968902588
6574.6088011397505	1.13078773021698
6574.66716536175	1.0874624252319336
6574.72552958375	1.0339471101760864
6574.78389380575	0.9861689805984497
6574.842258027751	0.9627049565315247
6574.900622249751	0.9771688580513
6574.958986471751	1.0163785219192505
6575.017350693751	1.0575426816940308
6575.075714915751	1.0926672220230103
6575.134079137751	1.120458960533142
6575.1924433597505	1.1400164365768433
6575.25080758175	1.1516081094741821
6575.30917180375	1.1579678058624268
6575.36753602575	1.1620029211044312
6575.425900247751	1.162624478340149
6575.484264469751	1.1587367057800293
6575.542628691751	1.155887484550476
6575.600992913751	1.1593692302703857
6575.659357135751	1.163295865058899
6575.717721357751	1.160435676574707
6575.7760855797505	1.1549971103668213
6575.83444980175	1.1533235311508179
6575.89281402375	1.1538676023483276
6575.95117824575	1.1528712511062622
6576.009542467751	1.1487287282943726
6576.067906689751	1.1415964365005493
6576.126270911751	1.1353193521499634
6576.184635133751	1.1334489583969116
6576.242999355751	1.1340848207473755
6576.301363577751	1.1343449354171753
6576.3597277997505	1.134133219718933
6576.41809202175	1.1342228651046753
6576.47645624375	1.1354529857635498
6576.53482046575	1.138038158416748
6576.593184687751	1.140045166015625
6576.651548909751	1.139836072921753
6576.709913131751	1.138683795928955
6576.768277353751	1.138189673423767
6576.826641575751	1.1384528875350952
6576.885005797751	1.138904333114624
6576.943370019751	1.1381468772888184
6577.0017342417505	1.135539174079895
6577.06009846375	1.1333056688308716
6577.11846268575	1.1332277059555054
6577.176826907751	1.1337758302688599
6577.235191129751	1.1335374116897583
6577.293555351751	1.1336802244186401
6577.351919573751	1.1343889236450195
6577.410283795751	1.1315215826034546
6577.468648017751	1.1236114501953125
6577.527012239751	1.1187622547149658
6577.5853764617505	1.1218323707580566
6577.64374068375	1.1242287158966064
6577.70210490575	1.1197830438613892
6577.760469127751	1.115026593208313
6577.818833349751	1.1153829097747803
6577.877197571751	1.1178256273269653
6577.935561793751	1.1189467906951904
6577.993926015751	1.1179524660110474
6578.052290237751	1.1154534816741943
6578.110654459751	1.1143025159835815
6578.1690186817505	1.1158562898635864
6578.22738290375	1.1173193454742432
6578.28574712575	1.116965889930725
6578.344111347751	1.116748571395874
6578.402475569751	1.118037223815918
6578.460839791751	1.1198804378509521
6578.519204013751	1.1208529472351074
6578.577568235751	1.119205117225647
6578.635932457751	1.1149696111679077
6578.694296679751	1.1117808818817139
6578.7526609017505	1.1112505197525024
6578.81102512375	1.1102983951568604
6578.86938934575	1.1070525646209717
6578.927753567751	1.1028538942337036
6578.986117789751	1.099043369293213
6579.044482011751	1.0963943004608154
6579.102846233751	1.0958123207092285
6579.161210455751	1.098432183265686
6579.219574677751	1.1032545566558838
6579.277938899751	1.1057112216949463
6579.3363031217505	1.1044493913650513
6579.39466734375	1.1037671566009521
6579.45303156575	1.1046967506408691
6579.511395787751	1.102631688117981
6579.569760009751	1.0973365306854248
6579.628124231751	1.0956212282180786
6579.686488453751	1.0988764762878418
6579.744852675751	1.100008487701416
6579.803216897751	1.0966132879257202
6579.861581119751	1.0935790538787842
6579.9199453417505	1.0933374166488647
6579.97830956375	1.0944188833236694
6580.03667378575	1.0954228639602661
6580.095038007751	1.0953041315078735
6580.153402229751	1.0940474271774292
6580.211766451751	1.0929030179977417
6580.270130673751	1.0921376943588257
6580.328494895751	1.0907254219055176
6580.386859117751	1.0876576900482178
6580.445223339751	1.0821309089660645
6580.5035875617505	1.0750001668930054
6580.56195178375	1.068698763847351
6580.62031600575	1.0614757537841797
6580.678680227751	1.0477603673934937
6580.737044449751	1.030956506729126
6580.795408671751	1.0234733819961548
6580.853772893751	1.0290344953536987
6580.912137115751	1.0419763326644897
6580.970501337751	1.0565102100372314
6581.028865559751	1.0671638250350952
6581.0872297817505	1.0733141899108887
6581.14559400375	1.078774333000183
6581.20395822575	1.0837681293487549
6581.262322447751	1.0856521129608154
6581.320686669751	1.0851123332977295
6581.379050891751	1.085409164428711
6581.437415113751	1.0866645574569702
6581.495779335751	1.086686134338379
6581.554143557751	1.0861706733703613
6581.612507779751	1.0876208543777466
6581.6708720017505	1.0896937847137451
6581.72923622375	1.0887150764465332
6581.78760044575	1.0858420133590698
6581.845964667751	1.0852237939834595
6581.904328889751	1.0864677429199219
6581.962693111751	1.0865044593811035
6582.021057333751	1.0862818956375122
6582.079421555751	1.088409662246704
6582.137785777751	1.0888876914978027
6582.196149999751	1.081347942352295
6582.2545142217505	1.0709648132324219
6582.31287844375	1.068255066871643
6582.37124266575	1.0720192193984985
6582.429606887751	1.0750880241394043
6582.487971109751	1.0769333839416504
6582.546335331751	1.0800895690917969
6582.604699553751	1.0836451053619385
6582.663063775751	1.085134744644165
6582.721427997751	1.083317756652832
6582.779792219751	1.0785609483718872
6582.8381564417505	1.0759044885635376
6582.89652066375	1.080182671546936
6582.95488488575	1.0841789245605469
6583.013249107751	1.0781840085983276
6583.071613329751	1.067573070526123
6583.129977551751	1.0620085000991821
6583.188341773751	1.059570074081421
6583.246705995751	1.0549359321594238
6583.305070217751	1.0494065284729004
6583.363434439751	1.0462512969970703
6583.4217986617505	1.0459736585617065
6583.48016288375	1.0478534698486328
6583.53852710575	1.0504862070083618
6583.596891327751	1.0531022548675537
6583.655255549751	1.058485746383667
6583.713619771751	1.0683045387268066
6583.771983993751	1.0758029222488403
6583.830348215751	1.0748635530471802
6583.888712437751	1.0710657835006714
6583.947076659751	1.0711288452148438
6584.0054408817505	1.0733304023742676
6584.06380510375	1.0746335983276367
6584.12216932575	1.0757426023483276
6584.180533547751	1.0774879455566406
6584.238897769751	1.0780181884765625
6584.297261991751	1.0761035680770874
6584.355626213751	1.0743095874786377
6584.413990435751	1.0747730731964111
6584.472354657751	1.0758693218231201
6584.530718879751	1.0755722522735596
6584.5890831017505	1.0730336904525757
6584.64744732375	1.0690808296203613
6584.70581154575	1.0682471990585327
6584.764175767751	1.0725010633468628
6584.822539989751	1.0756707191467285
6584.880904211751	1.0736340284347534
6584.939268433751	1.070637822151184
6584.997632655751	1.0698926448822021
6585.055996877751	1.0690782070159912
6585.114361099751	1.0664160251617432
6585.1727253217505	1.063136339187622
6585.23108954375	1.0600366592407227
6585.28945376575	1.0561573505401611
6585.347817987751	1.0517876148223877
6585.406182209751	1.0501012802124023
6585.464546431751	1.0520097017288208
6585.522910653751	1.053511619567871
6585.581274875751	1.0524169206619263
6585.639639097751	1.0507396459579468
6585.698003319751	1.0494176149368286
6585.7563675417505	1.0469624996185303
6585.81473176375	1.044697880744934
6585.87309598575	1.0486180782318115
6585.931460207751	1.0577642917633057
6585.989824429751	1.060068964958191
6586.048188651751	1.0531983375549316
6586.106552873751	1.0500820875167847
6586.164917095751	1.053755760192871
6586.223281317751	1.0521544218063354
6586.281645539751	1.0397168397903442
6586.3400097617505	1.0208646059036255
6586.39837398375	0.9998760223388672
6586.45673820575	0.9805941581726074
6586.515102427751	0.9681776762008667
6586.573466649751	0.968686580657959
6586.631830871751	0.9806877970695496
6586.690195093751	0.994161069393158
6586.748559315751	1.005081295967102
6586.806923537751	1.0160287618637085
6586.865287759751	1.026064395904541
6586.9236519817505	1.031174898147583
6586.98201620375	1.0335201025009155
6587.04038042575	1.040606141090393
6587.098744647751	1.0512878894805908
6587.157108869751	1.056886911392212
6587.215473091751	1.0561326742172241
6587.273837313751	1.054198980331421
6587.332201535751	1.0532901287078857
6587.390565757751	1.0532270669937134
6587.448929979751	1.0546436309814453
6587.5072942017505	1.0582441091537476
6587.56565842375	1.0613998174667358
6587.62402264575	1.0597492456436157
6587.682386867751	1.0545681715011597
6587.740751089751	1.0507951974868774
6587.799115311751	1.05001699924469
6587.857479533751	1.051336646080017
6587.915843755751	1.0527534484863281
6587.974207977751	1.0520950555801392
6588.032572199751	1.0508209466934204
6588.0909364217505	1.0519144535064697
6588.14930064375	1.0543460845947266
6588.20766486575	1.055324912071228
6588.266029087751	1.0550113916397095
6588.324393309751	1.0546008348464966
6588.382757531751	1.0525404214859009
6588.441121753751	1.0469821691513062
6588.499485975751	1.0408939123153687
6588.557850197751	1.0386403799057007
6588.616214419751	1.0405839681625366
6588.6745786417505	1.0447248220443726
6588.73294286375	1.046790361404419
6588.79130708575	1.0438591241836548
6588.849671307751	1.0424875020980835
6588.908035529751	1.049233317375183
6588.966399751751	1.0562493801116943
6589.024763973751	1.0545662641525269
6589.083128195751	1.0504186153411865
6589.141492417751	1.0517023801803589
6589.199856639751	1.0540697574615479
6589.2582208617505	1.051990270614624
6589.31658508375	1.0487191677093506
6589.37494930575	1.048088788986206
6589.433313527751	1.0477039813995361
6589.491677749751	1.0455403327941895
6589.550041971751	1.0456829071044922
6589.608406193751	1.050714135169983
6589.666770415751	1.0547288656234741
6589.725134637751	1.0532642602920532
6589.783498859751	1.0509172677993774
6589.8418630817505	1.0516347885131836
6589.90022730375	1.0528805255889893
6589.95859152575	1.0523658990859985
6590.016955747751	1.0513619184494019
6590.075319969751	1.0508474111557007
6590.133684191751	1.049750566482544
6590.192048413751	1.0474272966384888
6590.250412635751	1.0448355674743652
6590.308776857751	1.0424838066101074
6590.367141079751	1.0395268201828003
6590.4255053017505	1.0363966226577759
6590.48386952375	1.036263108253479
6590.54223374575	1.03994619846344
6590.600597967751	1.0434402227401733
6590.658962189751	1.0442787408828735
6590.717326411751	1.043449878692627
6590.775690633751	1.04144287109375
6590.834054855751	1.0375884771347046
6590.892419077751	1.0330814123153687
6590.950783299751	1.0318900346755981
6591.0091475217505	1.0338926315307617
6591.06751174375	1.0330886840820312
6591.12587596575	1.0290220975875854
6591.184240187751	1.0288029909133911
6591.242604409751	1.0330783128738403
6591.300968631751	1.0342339277267456
6591.359332853751	1.0310612916946411
6591.417697075751	1.0300593376159668
6591.476061297751	1.0328915119171143
6591.534425519751	1.0356004238128662
6591.5927897417505	1.0356992483139038
6591.65115396375	1.0326422452926636
6591.70951818575	1.0283023118972778
6591.767882407751	1.0266900062561035
6591.826246629751	1.0286271572113037
6591.884610851751	1.0319359302520752
6591.942975073751	1.0353739261627197
6592.001339295751	1.0383801460266113
6592.059703517751	1.0397378206253052
6592.118067739751	1.038004994392395
6592.1764319617505	1.03347909450531
6592.23479618375	1.0281157493591309
6592.29316040575	1.025383710861206
6592.351524627751	1.0287023782730103
6592.409888849751	1.0344717502593994
6592.468253071751	1.0356568098068237
6592.526617293751	1.0337148904800415
6592.584981515751	1.034160852432251
6592.643345737751	1.0351226329803467
6592.701709959751	1.031701683998108
6592.7600741817505	1.025402307510376
6592.81843840375	1.020703673362732
6592.87680262575	1.019583821296692
6592.935166847751	1.0219236612319946
6592.993531069751	1.023688554763794
6593.051895291751	1.0210528373718262
6593.110259513751	1.0194846391677856
6593.168623735751	1.025456428527832
6593.226987957751	1.032855749130249
6593.285352179751	1.0332415103912354
6593.3437164017505	1.0288307666778564
6593.40208062375	1.0248284339904785
6593.46044484575	1.0227731466293335
6593.518809067751	1.0226627588272095
6593.577173289751	1.0233488082885742
6593.635537511751	1.023831844329834
6593.693901733751	1.0249298810958862
6593.752265955751	1.027569055557251
6593.810630177751	1.031500220298767
6593.868994399751	1.0352193117141724
6593.9273586217505	1.0344616174697876
6593.98572284375	1.0275073051452637
6594.04408706575	1.0212457180023193
6594.102451287751	1.0204368829727173
6594.160815509751	1.0197532176971436
6594.219179731751	1.0146653652191162
6594.277543953751	1.0071446895599365
6594.335908175751	1.0003314018249512
6594.394272397751	0.9974969625473022
6594.452636619751	1.0002453327178955
6594.5110008417505	1.0065908432006836
6594.56936506375	1.013814091682434
6594.62772928575	1.018743872642517
6594.686093507751	1.020527958869934
6594.744457729751	1.022674798965454
6594.802821951751	1.0268853902816772
6594.861186173751	1.0309966802597046
6594.919550395751	1.0334495306015015
6594.977914617751	1.0341944694519043
6595.036278839751	1.0334844589233398
6595.0946430617505	1.031859040260315
6595.15300728375	1.0291564464569092
6595.21137150575	1.0244419574737549
6595.269735727751	1.019932746887207
6595.328099949751	1.0215121507644653
6595.386464171751	1.0282514095306396
6595.444828393751	1.0311344861984253
6595.503192615751	1.0277059078216553
6595.561556837751	1.0232696533203125
6595.619921059751	1.0218158960342407
6595.6782852817505	1.0253103971481323
6595.73664950375	1.0312398672103882
6595.79501372575	1.0331203937530518
6595.853377947751	1.0296040773391724
6595.911742169751	1.0241076946258545
6595.970106391751	1.0190505981445312
6596.028470613751	1.015978455543518
6596.086834835751	1.0157324075698853
6596.145199057751	1.0182996988296509
6596.203563279751	1.0225056409835815
6596.2619275017505	1.0262713432312012
6596.32029172375	1.0276241302490234
6596.37865594575	1.025388240814209
6596.437020167751	1.0223277807235718
6596.495384389751	1.0226671695709229
6596.553748611751	1.0246670246124268
6596.612112833751	1.0241416692733765
6596.670477055751	1.022275447845459
6596.728841277751	1.0222957134246826
6596.787205499751	1.0236629247665405
6596.8455697217505	1.0241507291793823
6596.90393394375	1.0220658779144287
6596.96229816575	1.01716148853302
6597.020662387751	1.0142823457717896
6597.079026609751	1.0177842378616333
6597.137390831751	1.0218377113342285
6597.195755053751	1.0198346376419067
6597.254119275751	1.0164108276367188
6597.312483497751	1.0177061557769775
6597.370847719751	1.0219075679779053
6597.4292119417505	1.0252106189727783
6597.48757616375	1.0252351760864258
6597.54594038575	1.0218755006790161
6597.604304607751	1.0206971168518066
6597.662668829751	1.0251611471176147
6597.721033051751	1.0288540124893188
6597.779397273751	1.0268023014068604
6597.837761495751	1.023531436920166
6597.896125717751	1.0233098268508911
6597.954489939751	1.025214672088623
6598.0128541617505	1.0275226831436157
6598.07121838375	1.0287432670593262
6598.12958260575	1.028027057647705
6598.187946827751	1.0258362293243408
6598.246311049751	1.0236567258834839
6598.304675271751	1.0245447158813477
6598.363039493751	1.0281811952590942
6598.421403715751	1.027938961982727
6598.479767937751	1.0219550132751465
6598.538132159751	1.017311692237854
6598.5964963817505	1.0176080465316772
6598.65486060375	1.0198824405670166
6598.71322482575	1.0217853784561157
6598.771589047751	1.0224769115447998
6598.829953269751	1.0219780206680298
6598.888317491751	1.0212749242782593
6598.946681713751	1.019813895225525
6599.005045935751	1.0152792930603027
6599.063410157751	1.0076216459274292
6599.121774379751	0.9992953538894653
6599.1801386017505	0.9904406070709229
6599.23850282375	0.9793412089347839
6599.29686704575	0.969723641872406
6599.355231267751	0.9696254134178162
6599.413595489751	0.978482723236084
6599.471959711751	0.9883869290351868
6599.530323933751	0.9963818788528442
6599.588688155751	1.0034080743789673
6599.647052377751	1.0090959072113037
6599.705416599751	1.0124175548553467
6599.7637808217505	1.013574242591858
6599.82214504375	1.0137358903884888
6599.88050926575	1.0145533084869385
6599.938873487751	1.0173133611679077
6599.997237709751	1.0195988416671753
6600.055601931751	1.0179744958877563
6600.113966153751	1.0150777101516724
6600.172330375751	1.0155360698699951
6600.230694597751	1.0178290605545044
6600.289058819751	1.0185487270355225
6600.3474230417505	1.0192874670028687
6600.40578726375	1.0224131345748901
6600.46415148575	1.02456533908844
6600.522515707751	1.0219478607177734
6600.580879929751	1.0176737308502197
6600.639244151751	1.0161595344543457
6600.697608373751	1.0175631046295166
6600.755972595751	1.0203200578689575
6600.814336817751	1.0217722654342651
6600.872701039751	1.020536184310913
6600.9310652617505	1.0201959609985352
6600.98942948375	1.023072600364685
6601.04779370575	1.0242336988449097
6601.106157927751	1.0202689170837402
6601.164522149751	1.0160690546035767
6601.222886371751	1.0157216787338257
6601.281250593751	1.0173368453979492
6601.339614815751	1.018088936805725
6601.397979037751	1.0154166221618652
6601.456343259751	1.01020348072052
6601.5147074817505	1.010296106338501
6601.57307170375	1.0180271863937378
6601.63143592575	1.0235538482666016
6601.689800147751	1.0209906101226807
6601.748164369751	1.0137914419174194
6601.806528591751	1.0055371522903442
6601.864892813751	0.9986624717712402
6601.923257035751	0.9942049980163574
6601.981621257751	0.9911701679229736
6602.039985479751	0.9884854555130005
6602.0983497017505	0.985325038433075
6602.15671392375	0.9836083054542542
6602.21507814575	0.9881771802902222
6602.273442367751	0.9976160526275635
6602.331806589751	1.0037264823913574
6602.390170811751	1.0054609775543213
6602.448535033751	1.0088814496994019
6602.506899255751	1.0134516954421997
6602.565263477751	1.0130482912063599
6602.623627699751	1.0088081359863281
6602.6819919217505	1.0076159238815308
6602.74035614375	1.0105105638504028
6602.79872036575	1.0138609409332275
6602.857084587751	1.0149493217468262
6602.915448809751	1.0123493671417236
6602.973813031751	1.0087635517120361
6603.032177253751	1.0088425874710083
6603.090541475751	1.011937141418457
6603.148905697751	1.014459252357483
6603.207269919751	1.0147290229797363
6603.2656341417505	1.0126336812973022
6603.32399836375	1.0106507539749146
6603.38236258575	1.0116260051727295
6603.440726807751	1.0140252113342285
6603.499091029751	1.0147241353988647
6603.557455251751	1.0122936964035034
6603.615819473751	1.0071338415145874
6603.674183695751	1.0039502382278442
6603.732547917751	1.0066893100738525
6603.790912139751	1.0110570192337036
6603.8492763617505	1.011955976486206
6603.90764058375	1.0104725360870361
6603.96600480575	1.0090570449829102
6604.024369027751	1.0088889598846436
6604.082733249751	1.0105568170547485
6604.141097471751	1.013874888420105
6604.199461693751	1.0177836418151855
6604.257825915751	1.0195003747940063
6604.316190137751	1.0176148414611816
6604.374554359751	1.0146809816360474
6604.4329185817505	1.0130999088287354
6604.49128280375	1.0135098695755005
6604.54964702575	1.0147937536239624
6604.608011247751	1.0129330158233643
6604.666375469751	1.0071568489074707
6604.724739691751	1.003090262413025
6604.783103913751	1.0036320686340332
6604.841468135751	1.0061060190200806
6604.899832357751	1.0071535110473633
6604.958196579751	1.0034016370773315
6605.0165608017505	0.9976015090942383
6605.07492502375	1.0001873970031738
6605.13328924575	1.0103505849838257
6605.191653467751	1.0135849714279175
6605.250017689751	1.0075377225875854
6605.308381911751	1.0035818815231323
6605.366746133751	1.0044662952423096
6605.425110355751	1.0040042400360107
6605.483474577751	0.9991613030433655
6605.541838799751	0.990695595741272
6605.6002030217505	0.9849293231964111
6605.65856724375	0.9910313487052917
6605.71693146575	1.0039750337600708
6605.775295687751	1.009514570236206
6605.833659909751	1.007200002670288
6605.892024131751	1.005299687385559
6605.950388353751	1.0053455829620361
6606.008752575751	1.0052082538604736
6606.067116797751	1.0053290128707886
6606.125481019751	1.0070255994796753
6606.1838452417505	1.0092881917953491
6606.24220946375	1.0102485418319702
6606.30057368575	1.0095248222351074
6606.358937907751	1.0078260898590088
6606.417302129751	1.0075606107711792
6606.475666351751	1.0102463960647583
6606.534030573751	1.0112234354019165
6606.592394795751	1.0063587427139282
6606.650759017751	1.001326322555542
6606.709123239751	1.0021946430206299
6606.7674874617505	1.0060760974884033
6606.82585168375	1.0085049867630005
6606.88421590575	1.0078864097595215
6606.942580127751	1.0046038627624512
6607.000944349751	1.002507209777832
6607.059308571751	1.0039125680923462
6607.117672793751	1.0054540634155273
6607.176037015751	1.004973292350769
6607.234401237751	1.0053861141204834
6607.292765459751	1.0083019733428955
6607.3511296817505	1.0110563039779663
6607.40949390375	1.011915922164917
6607.46785812575	1.0119340419769287
6607.526222347751	1.0124499797821045
6607.584586569751	1.014692783355713
6607.642950791751	1.0176128149032593
6607.701315013751	1.0168323516845703
6607.759679235751	1.011837363243103
6607.818043457751	1.007738709449768
6607.876407679751	1.006609320640564
6607.9347719017505	1.006356954574585
6607.99313612375	1.0061722993850708
6608.05150034575	1.0067766904830933
6608.109864567751	1.0081217288970947
6608.168228789751	1.0093092918395996
6608.226593011751	1.0093927383422852
6608.284957233751	1.0076438188552856
6608.343321455751	1.0051168203353882
6608.401685677751	1.004197120666504
6608.460049899751	1.0056103467941284
6608.5184141217505	1.0085667371749878
6608.57677834375	1.0111643075942993
6608.63514256575	1.0111182928085327
6608.693506787751	1.0085629224777222
6608.751871009751	1.0053002834320068
6608.810235231751	1.0036288499832153
6608.868599453751	1.0052582025527954
6608.926963675751	1.0077170133590698
6608.985327897751	1.0074849128723145
6609.043692119751	1.0057417154312134
6609.1020563417505	1.0050586462020874
6609.16042056375	1.0052669048309326
6609.21878478575	1.0053505897521973
6609.277149007751	1.0050143003463745
6609.335513229751	1.0042158365249634
6609.393877451751	1.0029999017715454
6609.452241673751	1.001503348350525
6609.510605895751	1.0000112056732178
6609.568970117751	0.9989423751831055
6609.627334339751	0.9989797472953796
6609.6856985617505	1.000259280204773
6609.74406278375	1.0014067888259888
6609.80242700575	1.0018922090530396
6609.860791227751	1.0037446022033691
6609.919155449751	1.0073795318603516
6609.977519671751	1.0090926885604858
6610.035883893751	1.0071418285369873
6610.094248115751	1.0044523477554321
6610.152612337751	1.003196120262146
6610.210976559751	1.003444790840149
6610.2693407817505	1.0053328275680542
6610.32770500375	1.0091710090637207
6610.38606922575	1.013169765472412
6610.444433447751	1.013001561164856
6610.502797669751	1.0095316171646118
6610.561161891751	1.0096567869186401
6610.619526113751	1.0127654075622559
6610.677890335751	1.0105372667312622
6610.736254557751	1.0041513442993164
6610.794618779751	1.0033942461013794
6610.8529830017505	1.0079282522201538
6610.91134722375	1.0092746019363403
6610.96971144575	1.0079325437545776
6611.028075667751	1.010178565979004
6611.086439889751	1.0121772289276123
6611.144804111751	1.0053508281707764
6611.203168333751	0.9961870312690735
6611.261532555751	0.9976740479469299
6611.319896777751	1.005119800567627
6611.378260999751	1.006410837173462
6611.436625221751	1.0031366348266602
6611.4949894437505	1.0023250579833984
6611.55335366575	1.004461646080017
6611.611717887751	1.0071200132369995
6611.670082109751	1.007604718208313
6611.728446331751	1.0042911767959595
6611.786810553751	1.0000522136688232
6611.845174775751	0.9981135725975037
6611.903538997751	0.9975365400314331
6611.961903219751	0.9970585703849792
6612.020267441751	0.998254656791687
6612.0786316637505	1.001741886138916
6612.13699588575	1.003623127937317
6612.195360107751	1.001063346862793
6612.253724329751	0.9962658286094666
6612.312088551751	0.9919886589050293
6612.370452773751	0.9901281595230103
6612.428816995751	0.9905894994735718
6612.487181217751	0.989567756652832
6612.545545439751	0.986061155796051
6612.603909661751	0.9848918318748474
6612.6622738837505	0.9877323508262634
6612.72063810575	0.9903353452682495
6612.779002327751	0.9918155670166016
6612.837366549751	0.9964879751205444
6612.895730771751	1.0032161474227905
6612.954094993751	1.0039554834365845
6613.012459215751	0.9986957907676697
6613.070823437751	0.996684193611145
6613.129187659751	1.0003904104232788
6613.187551881751	1.0049536228179932
6613.2459161037505	1.006916880607605
6613.30428032575	1.0046941041946411
6613.362644547751	1.0005731582641602
6613.421008769751	0.9994527101516724
6613.479372991751	1.0009466409683228
6613.537737213751	1.001358151435852
6613.596101435751	1.0013197660446167
6613.654465657751	1.0034600496292114
6613.712829879751	1.0058808326721191
6613.771194101751	1.0051023960113525
6613.8295583237505	1.002829670906067
6613.88792254575	1.0023396015167236
6613.946286767751	1.0019007921218872
6614.004650989751	0.9988454580307007
6614.063015211751	0.9957464933395386
6614.121379433751	0.996013343334198
6614.179743655751	0.9987089037895203
6614.238107877751	1.0012224912643433
6614.296472099751	1.0002779960632324
6614.354836321751	0.9952893257141113
6614.4132005437505	0.9942945241928101
6614.47156476575	1.0019577741622925
6614.529928987751	1.0081003904342651
6614.588293209751	1.0053373575210571
6614.646657431751	1.0005837678909302
6614.705021653751	0.999733030796051
6614.763385875751	1.001046061515808
6614.821750097751	1.0018123388290405
6614.880114319751	0.9996068477630615
6614.938478541751	0.995671272277832
6614.9968427637505	0.9973056316375732
6615.05520698575	1.0050901174545288
6615.113571207751	1.008663535118103
6615.171935429751	1.0050708055496216
6615.230299651751	1.0023349523544312
6615.288663873751	1.0028775930404663
6615.347028095751	1.0019047260284424
6615.405392317751	0.9986975789070129
6615.463756539751	0.9969003200531006
6615.522120761751	0.9966033101081848
6615.5804849837505	0.9949334263801575
6615.63884920575	0.9938765168190002
6615.697213427751	0.9984387755393982
6615.755577649751	1.0051538944244385
6615.813941871751	1.0055441856384277
6615.872306093751	1.0010440349578857
6615.930670315751	0.998733639717102
6615.989034537751	0.999040424823761
6616.047398759751	0.9991905093193054
6616.105762981751	1.0000478029251099
6616.1641272037505	1.0034574270248413
6616.22249142575	1.0076414346694946
6616.280855647751	1.009638786315918
6616.339219869751	1.0083426237106323
6616.397584091751	1.0041472911834717
6616.455948313751	1.0000749826431274
6616.514312535751	0.9991490244865417
6616.572676757751	1.0014019012451172
6616.631040979751	1.0050923824310303
6616.689405201751	1.0059127807617188
6616.7477694237505	1.0020068883895874
6616.80613364575	0.9996753334999084
6616.864497867751	1.0025014877319336
6616.922862089751	1.0036951303482056
6616.981226311751	0.9999811053276062
6617.039590533751	0.999075710773468
6617.097954755751	1.0041711330413818
6617.156318977751	1.0072835683822632
6617.214683199751	1.0043716430664062
6617.273047421751	0.9999731183052063
6617.3314116437505	0.9975945353507996
6617.38977586575	0.9980574250221252
6617.448140087751	1.00018310546875
6617.506504309751	1.0005146265029907
6617.564868531751	0.9985635876655579
6617.623232753751	0.997244119644165
6617.681596975751	0.9969416856765747
6617.739961197751	0.9956495761871338
6617.798325419751	0.9940422177314758
6617.856689641751	0.9948720335960388
6617.9150538637505	0.9979130625724792
6617.97341808575	1.0006847381591797
6618.031782307751	1.0021374225616455
6618.090146529751	1.0021448135375977
6618.148510751751	0.9999729990959167
6618.206874973751	0.9954018592834473
6618.265239195751	0.9923961758613586
6618.323603417751	0.9954362511634827
6618.381967639751	1.0010132789611816
6618.440331861751	1.002998948097229
6618.4986960837505	1.000241756439209
6618.55706030575	0.9945526123046875
6618.615424527751	0.9910858869552612
6618.673788749751	0.9937940835952759
6618.732152971751	0.9986823201179504
6618.790517193751	1.0007667541503906
6618.848881415751	0.9992765784263611
6618.907245637751	0.9949340224266052
6618.965609859751	0.9895903468132019
6619.023974081751	0.986015260219574
6619.0823383037505	0.9884647727012634
6619.14070252575	0.9970201849937439
6619.199066747751	1.0026118755340576
6619.257430969751	1.0009686946868896
6619.315795191751	0.9989749789237976
6619.374159413751	1.0009015798568726
6619.432523635751	1.0047473907470703
6619.490887857751	1.007475733757019
6619.549252079751	1.0055102109909058
6619.607616301751	0.9995130300521851
6619.6659805237505	0.9954636693000793
6619.72434474575	0.9958661198616028
6619.782708967751	0.9989166855812073
6619.841073189751	1.002333164215088
6619.899437411751	1.0036779642105103
6619.957801633751	1.0031119585037231
6620.016165855751	1.002811074256897
6620.074530077751	1.002493977546692
6620.132894299751	1.0003571510314941
6620.191258521751	0.9966816306114197
6620.2496227437505	0.9932971000671387
6620.30798696575	0.992763102054596
6620.366351187751	0.9970315098762512
6620.424715409751	1.0032234191894531
6620.483079631751	1.0066505670547485
6620.541443853751	1.0057129859924316
6620.599808075751	1.0010335445404053
6620.658172297751	0.9964154362678528
6620.716536519751	0.9953513145446777
6620.774900741751	0.9959572553634644
6620.8332649637505	0.9956631660461426
6620.891629185751	0.9950960278511047
6620.949993407751	0.9955049157142639
6621.008357629751	0.997612714767456
6621.066721851751	1.0005449056625366
6621.125086073751	0.9998437166213989
6621.183450295751	0.9944175481796265
6621.241814517751	0.9916859865188599
6621.300178739751	0.9947540163993835
6621.358542961751	0.996365487575531
6621.4169071837505	0.9930746555328369
6621.47527140575	0.9896177053451538
6621.533635627751	0.9886073470115662
6621.591999849751	0.9886267185211182
6621.650364071751	0.9892534017562866
6621.708728293751	0.991421103477478
6621.767092515751	0.9939748048782349
6621.825456737751	0.9937548637390137
6621.883820959751	0.9917839169502258
6621.942185181751	0.9926600456237793
6622.0005494037505	0.9952653646469116
6622.058913625751	0.9944049715995789
6622.117277847751	0.9917266368865967
6622.175642069751	0.9929497838020325
6622.234006291751	0.996671736240387
6622.292370513751	0.9979294538497925
6622.350734735751	0.9980947971343994
6622.409098957751	1.0006248950958252
6622.467463179751	1.0018068552017212
6622.525827401751	0.9968430399894714
6622.5841916237505	0.9909288883209229
6622.64255584575	0.9910845756530762
6622.700920067751	0.9954203367233276
6622.759284289751	0.9996182322502136
6622.817648511751	1.0019609928131104
6622.876012733751	1.0019629001617432
6622.934376955751	1.0005908012390137
6622.992741177751	0.9989272952079773
6623.051105399751	0.9973007440567017
6623.109469621751	0.9960803389549255
6623.1678338437505	0.996056854724884
6623.226198065751	0.9975669980049133
6623.284562287751	0.9998758435249329
6623.342926509751	1.0018410682678223
6623.401290731751	1.0019152164459229
6623.459654953751	1.0002508163452148
6623.518019175751	0.9996062517166138
6623.576383397751	1.0001944303512573
6623.634747619751	0.9987633228302002
6623.693111841751	0.9957773685455322
6623.7514760637505	0.9959464073181152
6623.80984028575	0.9995238184928894
6623.868204507751	1.002192735671997
6623.926568729751	1.0022534132003784
6623.984932951751	1.0006027221679688
6624.043297173751	0.9990091919898987
6624.101661395751	0.9995304942131042
6624.160025617751	1.0013554096221924
6624.218389839751	1.0020105838775635
6624.276754061751	1.0009942054748535
6624.3351182837505	0.999250054359436
6624.393482505751	0.9990543127059937
6624.451846727751	1.0022722482681274
6624.510210949751	1.0060794353485107
6624.568575171751	1.0065593719482422
6624.626939393751	1.0034819841384888
6624.685303615751	0.9984329342842102
6624.743667837751	0.9944592118263245
6624.802032059751	0.9937026500701904
6624.860396281751	0.9941749572753906
6624.9187605037505	0.9941645860671997
6624.97712472575	0.995485246181488
6625.035488947751	0.9987862706184387
6625.093853169751	1.000434398651123
6625.152217391751	0.9994295239448547
6625.210581613751	1.001359462738037
6625.268945835751	1.0068780183792114
6625.327310057751	1.0067743062973022
6625.385674279751	0.9995462894439697
6625.444038501751	0.9965566396713257
6625.5024027237505	1.0000320672988892
6625.560766945751	0.9994058012962341
6625.619131167751	0.9936320781707764
6625.677495389751	0.9926666617393494
6625.735859611751	0.9975242018699646
6625.794223833751	1.0003989934921265
6625.852588055751	0.9991756677627563
6625.910952277751	0.9966769218444824
6625.969316499751	0.99419105052948
6626.027680721751	0.9920450448989868
6626.0860449437505	0.9914211630821228
6626.14440916575	0.9931666851043701
6626.202773387751	0.9937154650688171
6626.261137609751	0.9887570738792419
6626.319501831751	0.9820347428321838
6626.377866053751	0.9799261093139648
6626.436230275751	0.9835724234580994
6626.494594497751	0.9910304546356201
6626.552958719751	0.997026801109314
6626.611322941751	0.9976032972335815
6626.6696871637505	0.9968224763870239
6626.728051385751	0.9983730912208557
6626.786415607751	0.9984700083732605
6626.844779829751	0.9944007396697998
6626.903144051751	0.9902032613754272
6626.961508273751	0.989183783531189
6627.019872495751	0.9904354810714722
6627.078236717751	0.9925962090492249
6627.136600939751	0.9945441484451294
6627.194965161751	0.9955164790153503
6627.2533293837505	0.9953606128692627
6627.31169360575	0.9944201111793518
6627.370057827751	0.9936508536338806
6627.428422049751	0.9933503866195679
6627.486786271751	0.9929784536361694
6627.545150493751	0.9922628998756409
6627.603514715751	0.9913103580474854
6627.661878937751	0.9907639026641846
6627.720243159751	0.991569995880127
6627.778607381751	0.9934092164039612
6627.8369716037505	0.9948533177375793
6627.895335825751	0.9940317273139954
6627.953700047751	0.9896228313446045
6628.012064269751	0.9847575426101685
6628.070428491751	0.9838576316833496
6628.128792713751	0.9848204255104065
6628.187156935751	0.9840127825737
6628.245521157751	0.9850671291351318
6628.303885379751	0.9916707873344421
6628.362249601751	0.9968858957290649
6628.4206138237505	0.9940946102142334
6628.47897804575	0.9894077777862549
6628.537342267751	0.9892774224281311
6628.595706489751	0.9908928871154785
6628.654070711751	0.9912099242210388
6628.712434933751	0.9917858242988586
6628.770799155751	0.9934528470039368
6628.829163377751	0.9937992095947266
6628.887527599751	0.9920503497123718
6628.945891821751	0.9912375807762146
6629.0042560437505	0.9921981692314148
6629.062620265751	0.9917608499526978
6629.120984487751	0.9899030923843384
6629.179348709751	0.9910509586334229
6629.237712931751	0.9949429035186768
6629.296077153751	0.9958146810531616
6629.354441375751	0.9926786422729492
6629.412805597751	0.9895321130752563
6629.471169819751	0.9883443713188171
6629.529534041751	0.9891987442970276
6629.5878982637505	0.9921005964279175
6629.64626248575	0.996459424495697
6629.704626707751	0.9990203976631165
6629.762990929751	0.9962413311004639
6629.821355151751	0.992108941078186
6629.879719373751	0.992830753326416
6629.938083595751	0.995320737361908
6629.996447817751	0.9942715167999268
6630.054812039751	0.992935061454773
6630.113176261751	0.9954670667648315
6630.1715404837505	0.9976167678833008
6630.229904705751	0.9957366585731506
6630.288268927751	0.9962233901023865
6630.346633149751	1.0028756856918335
6630.404997371751	1.0057153701782227
6630.463361593751	0.9983946084976196
