6500.04945031	0.042037667
6500.04945030675	1.0050302743911743
6500.09148797375	1.0062392950057983
6500.13352564075	1.0069594383239746
6500.17556330775	1.0067126750946045
6500.21760097475	1.0058034658432007
6500.25963864175	1.005589485168457
6500.30167630875	1.006546139717102
6500.343713975751	1.0066930055618286
6500.385751642751	1.0037047863006592
6500.427789309751	1.0026437044143677
6500.4698269767505	1.0024183988571167
6500.51186464375	1.0036455392837524
6500.55390231075	1.0065768957138062
6500.59593997775	1.008615493774414
6500.63797764475	1.008233904838562
6500.68001531175	1.007511019706726
6500.72205297875	1.006619930267334
6500.76409064575	1.0057837963104248
6500.80612831275	1.0057281255722046
6500.84816597975	1.0058492422103882
6500.890203646751	1.0046567916870117
6500.932241313751	1.0045640468597412
6500.974278980751	1.0052971839904785
6501.0163166477505	1.0055174827575684
6501.05835431475	1.0042356252670288
6501.10039198175	1.0036215782165527
6501.14242964875	1.0028561353683472
6501.18446731575	1.0022093057632446
6501.22650498275	1.002225399017334
6501.26854264975	1.0022770166397095
6501.31058031675	1.002371072769165
6501.35261798375	1.0018407106399536
6501.39465565075	0.9992281198501587
6501.43669331775	0.9968305826187134
6501.478730984751	0.9955036640167236
6501.520768651751	0.9949678182601929
6501.5628063187505	0.9960459470748901
6501.60484398575	0.9972090721130371
6501.64688165275	0.9978308081626892
6501.68891931975	0.9983657598495483
6501.73095698675	0.9976586103439331
6501.77299465375	0.9971831440925598
6501.81503232075	0.9979363083839417
6501.85706998775	0.9982277750968933
6501.89910765475	0.9957995414733887
6501.94114532175	0.9947754144668579
6501.98318298875	0.9967471361160278
6502.025220655751	0.9990487098693848
6502.067258322751	1.0016558170318604
6502.1092959897505	1.0037827491760254
6502.1513336567505	1.0010579824447632
6502.19337132375	0.9990695118904114
6502.23540899075	1.0012109279632568
6502.27744665775	1.0032726526260376
6502.31948432475	1.0040727853775024
6502.36152199175	1.0038599967956543
6502.40355965875	1.001476764678955
6502.44559732575	0.9993969798088074
6502.48763499275	0.9977855682373047
6502.52967265975	0.9965627193450928
6502.571710326751	0.9965135455131531
6502.613747993751	0.9965339303016663
6502.655785660751	0.9956196546554565
6502.6978233277505	0.9953036904335022
6502.73986099475	0.9975166916847229
6502.78189866175	0.9994748830795288
6502.82393632875	1.000571846961975
6502.86597399575	1.0011980533599854
6502.90801166275	1.000386357307434
6502.95004932975	0.9996735453605652
6502.99208699675	0.9998910427093506
6503.03412466375	1.0000700950622559
6503.07616233075	1.0001875162124634
6503.11819999775	1.0008502006530762
6503.160237664751	1.0031859874725342
6503.202275331751	1.0052775144577026
6503.2443129987505	1.0025361776351929
6503.28635066575	1.0003290176391602
6503.32838833275	1.0014734268188477
6503.37042599975	1.0022633075714111
6503.41246366675	1.0027004480361938
6503.45450133375	1.0026358366012573
6503.49653900075	1.0013545751571655
6503.53857666775	0.998965322971344
6503.58061433475	0.9939987063407898
6503.62265200175	0.990340530872345
6503.66468966875	0.9915199875831604
6503.706727335751	0.9942996501922607
6503.748765002751	0.9988110065460205
6503.7908026697505	1.0027413368225098
6503.83284033675	1.0049556493759155
6503.87487800375	1.0056535005569458
6503.91691567075	1.0029942989349365
6503.95895333775	0.9998857975006104
6504.00099100475	0.9986426830291748
6504.04302867175	0.9975420832633972
6504.08506633875	0.9943137168884277
6504.12710400575	0.9912838339805603
6504.16914167275	0.9901931881904602
6504.21117933975	0.9895758032798767
6504.253217006751	0.9900108575820923
6504.295254673751	0.9910907745361328
6504.3372923407505	0.9928644299507141
6504.3793300077505	0.9954763650894165
6504.42136767475	0.9968647360801697
6504.46340534175	0.9983980059623718
6504.50544300875	1.0023187398910522
6504.54748067575	1.005867600440979
6504.58951834275	1.007705807685852
6504.63155600975	1.008894443511963
6504.67359367675	1.0072849988937378
6504.71563134375	1.0052754878997803
6504.75766901075	1.0068703889846802
6504.799706677751	1.0087320804595947
6504.841744344751	1.0084227323532104
6504.883782011751	1.0074039697647095
6504.9258196787505	1.0063847303390503
6504.96785734575	1.0051281452178955
6505.00989501275	1.0030397176742554
6505.05193267975	1.0016180276870728
6505.09397034675	1.0023205280303955
6505.13600801375	1.0035604238510132
6505.17804568075	1.0050872564315796
6505.22008334775	1.0063680410385132
6505.26212101475	1.0074396133422852
6505.30415868175	1.008419394493103
6505.34619634875	1.0079745054244995
6505.388234015751	1.0070844888687134
6505.430271682751	1.0063774585723877
6505.4723093497505	1.005749225616455
6505.51434701675	1.0035921335220337
6505.55638468375	1.0015413761138916
6505.59842235075	1.003180980682373
6505.64046001775	1.0052828788757324
6505.68249768475	1.005555272102356
6505.72453535175	1.005394697189331
6505.76657301875	1.00468111038208
6505.80861068575	1.0038771629333496
6505.85064835275	1.0022218227386475
6505.89268601975	1.0002700090408325
6505.934723686751	1.0010322332382202
6505.976761353751	1.0024819374084473
6506.0187990207505	1.0030207633972168
6506.06083668775	1.0037893056869507
6506.10287435475	1.0038087368011475
6506.14491202175	1.0034675598144531
6506.18694968875	1.0023181438446045
6506.22898735575	1.0009785890579224
6506.27102502275	1.0025370121002197
6506.31306268975	1.0048786401748657
6506.35510035675	1.0036412477493286
6506.39713802375	1.0019123554229736
6506.43917569075	1.0008243322372437
6506.481213357751	0.9997989535331726
6506.523251024751	1.0010673999786377
6506.5652886917505	1.0030183792114258
6506.6073263587505	1.005383849143982
6506.64936402575	1.0079865455627441
6506.69140169275	1.0101372003555298
6506.73343935975	1.0108674764633179
6506.77547702675	1.0085103511810303
6506.81751469375	1.005723476409912
6506.85955236075	1.0062074661254883
6506.90159002775	1.0070950984954834
6506.94362769475	1.006845474243164
6506.98566536175	1.006537675857544
6507.02770302875	1.005799412727356
6507.069740695751	1.004873514175415
6507.111778362751	1.0050878524780273
6507.1538160297505	1.0053521394729614
6507.19585369675	1.0054055452346802
6507.23789136375	1.0053826570510864
6507.27992903075	1.004565715789795
6507.32196669775	1.003607153892517
6507.36400436475	1.0036088228225708
6507.40604203175	1.0035183429718018
6507.44807969875	1.0025604963302612
6507.49011736575	1.0017021894454956
6507.53215503275	0.9991832971572876
6507.57419269975	0.9959818720817566
6507.616230366751	1.0001511573791504
6507.658268033751	1.005797028541565
6507.7003057007505	1.004470944404602
6507.74234336775	1.001981258392334
6507.78438103475	1.0005629062652588
6507.82641870175	0.999019980430603
6507.86845636875	0.9972372055053711
6507.91049403575	0.9957864880561829
6507.95253170275	0.9989795088768005
6507.99456936975	1.003690481185913
6508.03660703675	1.0029579401016235
6508.07864470375	1.001617670059204
6508.12068237075	1.0023385286331177
6508.162720037751	1.0033338069915771
6508.204757704751	1.0027740001678467
6508.2467953717505	1.0010063648223877
6508.28883303875	0.9983989000320435
6508.33087070575	0.9950941801071167
6508.37290837275	0.9930933713912964
6508.41494603975	0.9908967018127441
6508.45698370675	0.987436830997467
6508.49902137375	0.983968198299408
6508.54105904075	0.9820377826690674
6508.58309670775	0.9805460572242737
6508.62513437475	0.9788506627082825
6508.66717204175	0.9782251119613647
6508.709209708751	0.9803598523139954
6508.751247375751	0.983974814414978
6508.7932850427505	0.9849119186401367
6508.8353227097505	0.9861139059066772
6508.87736037675	0.9892444610595703
6508.91939804375	0.9927520751953125
6508.96143571075	0.9961696267127991
6509.00347337775	1.0000115633010864
6509.04551104475	1.0032258033752441
6509.08754871175	1.005368947982788
6509.12958637875	1.006734848022461
6509.17162404575	1.006983757019043
6509.21366171275	1.006103515625
6509.25569937975	1.0051729679107666
6509.297737046751	1.0070831775665283
6509.339774713751	1.009845495223999
6509.3818123807505	1.0103636980056763
6509.42385004775	1.010766863822937
6509.46588771475	1.0078701972961426
6509.50792538175	1.004535436630249
6509.54996304875	1.0049606561660767
6509.59200071575	1.0057905912399292
6509.63403838275	1.0063453912734985
6509.67607604975	1.0066618919372559
6509.71811371675	1.0052103996276855
6509.76015138375	1.0032141208648682
6509.80218905075	1.0023484230041504
6509.844226717751	1.001900553703308
6509.886264384751	1.0022755861282349
6509.9283020517505	1.0033700466156006
6509.97033971875	1.0033451318740845
6510.01237738575	1.0037498474121094
6510.05441505275	1.0047343969345093
6510.09645271975	1.0053203105926514
6510.13849038675	1.0041818618774414
6510.18052805375	1.0026683807373047
6510.22256572075	1.0000883340835571
6510.26460338775	0.9983157515525818
6510.30664105475	0.9998316764831543
6510.34867872175	1.0024060010910034
6510.390716388751	1.0056959390640259
6510.432754055751	1.0088554620742798
6510.4747917227505	1.004749059677124
6510.5168293897505	0.9985213875770569
6510.55886705675	0.9996462464332581
6510.60090472375	1.0012357234954834
6510.64294239075	1.000093698501587
6510.68498005775	0.9984480142593384
6510.72701772475	0.9978446960449219
6510.76905539175	0.9967206120491028
6510.81109305875	0.9950816035270691
6510.85313072575	0.9939396381378174
6510.89516839275	0.9957893490791321
6510.93720605975	0.998887836933136
6510.979243726751	1.0001598596572876
6511.0212813937505	1.0014257431030273
6511.0633190607505	1.0015416145324707
6511.10535672775	1.001375675201416
6511.14739439475	1.0029780864715576
6511.18943206175	1.0048472881317139
6511.23146972875	1.0028843879699707
6511.27350739575	1.0003535747528076
6511.31554506275	1.0029351711273193
6511.35758272975	1.0059542655944824
6511.39962039675	1.0049800872802734
6511.44165806375	1.0034364461898804
6511.48369573075	1.0018677711486816
6511.525733397751	1.0002878904342651
6511.567771064751	0.9986711144447327
6511.6098087317505	0.9973100423812866
6511.65184639875	0.9973395466804504
6511.69388406575	0.997766375541687
6511.73592173275	0.9988046884536743
6511.77795939975	0.9997802972793579
6511.81999706675	0.9978501796722412
6511.86203473375	0.9950755834579468
6511.90407240075	0.9918541312217712
6511.94611006775	0.988286554813385
6511.98814773475	0.9848313331604004
6512.03018540175	0.9816931486129761
6512.072223068751	0.9792547225952148
6512.114260735751	0.9772777557373047
6512.1562984027505	0.9760062098503113
6512.19833606975	0.9761247038841248
6512.24037373675	0.9789603352546692
6512.28241140375	0.9822326302528381
6512.32444907075	0.9840520620346069
6512.36648673775	0.9862675070762634
6512.40852440475	0.9903454780578613
6512.45056207175	0.9950689077377319
6512.49259973875	1.0008604526519775
6512.53463740575	1.006525993347168
6512.57667507275	1.0097718238830566
6512.618712739751	1.011797308921814
6512.660750406751	1.011557936668396
6512.7027880737505	1.0110841989517212
6512.7448257407505	1.0131490230560303
6512.78686340775	1.0157411098480225
6512.82890107475	1.0169275999069214
6512.87093874175	1.0182045698165894
6512.91297640875	1.0213534832000732
6512.95501407575	1.0244596004486084
6512.99705174275	1.025791049003601
6513.03908940975	1.0262573957443237
6513.08112707675	1.025705099105835
6513.12316474375	1.0254333019256592
6513.16520241075	1.0271321535110474
6513.207240077751	1.0290350914001465
6513.2492777447505	1.0309538841247559
6513.2913154117505	1.0327733755111694
6513.33335307875	1.0332361459732056
6513.37539074575	1.0329790115356445
6513.41742841275	1.0309226512908936
6513.45946607975	1.0293992757797241
6513.50150374675	1.0313705205917358
6513.54354141375	1.032679557800293
6513.58557908075	1.0303674936294556
6513.62761674775	1.0279911756515503
6513.66965441475	1.028360366821289
6513.71169208175	1.0290178060531616
6513.753729748751	1.0312319993972778
6513.795767415751	1.033382534980774
6513.8378050827505	1.0322656631469727
6513.87984274975	1.0313808917999268
6513.92188041675	1.0337820053100586
6513.96391808375	1.0357507467269897
6514.00595575075	1.0360863208770752
6514.04799341775	1.036373257637024
6514.09003108475	1.0362910032272339
6514.13206875175	1.0359432697296143
6514.17410641875	1.0353394746780396
6514.21614408575	1.0341733694076538
6514.25818175275	1.0317132472991943
6514.300219419751	1.029370665550232
6514.342257086751	1.0291988849639893
6514.3842947537505	1.027235984802246
6514.42633242075	1.0201605558395386
6514.46837008775	1.0114911794662476
6514.51040775475	1.0021723508834839
6514.55244542175	0.993775486946106
6514.59448308875	0.9865841269493103
6514.63652075575	0.9807169437408447
6514.67855842275	0.9781535267829895
6514.72059608975	0.9753715991973877
6514.76263375675	0.9692559242248535
6514.80467142375	0.9657144546508789
6514.84670909075	0.9688886404037476
6514.888746757751	0.9746267199516296
6514.9307844247505	0.9804176688194275
6514.9728220917505	0.9880593419075012
6515.01485975875	1.0011038780212402
6515.05689742575	1.0120587348937988
6515.09893509275	1.0170108079910278
6515.14097275975	1.0205445289611816
6515.18301042675	1.0231218338012695
6515.22504809375	1.0252535343170166
6515.26708576075	1.0297335386276245
6515.30912342775	1.032383680343628
6515.35116109475	1.0320289134979248
6515.39319876175	1.0308713912963867
6515.435236428751	1.028581142425537
6515.4772740957505	1.0265851020812988
6515.5193117627505	1.0274379253387451
6515.56134942975	1.0274052619934082
6515.60338709675	1.0263574123382568
6515.64542476375	1.023808479309082
6515.68746243075	1.01856529712677
6515.72950009775	1.0136198997497559
6515.77153776475	1.009209156036377
6515.81357543175	1.0053168535232544
6515.85561309875	1.0024263858795166
6515.89765076575	1.0006109476089478
6515.93968843275	0.9997338652610779
6515.981726099751	1.0002635717391968
6516.023763766751	1.0040931701660156
6516.0658014337505	1.006669521331787
6516.10783910075	1.0071994066238403
6516.14987676775	1.006904125213623
6516.19191443475	1.0050392150878906
6516.23395210175	1.001267433166504
6516.27598976875	0.9966990947723389
6516.31802743575	0.9892046451568604
6516.36006510275	0.9738378524780273
6516.40210276975	0.959736168384552
6516.44414043675	0.9476017951965332
6516.48617810375	0.9362699389457703
6516.528215770751	0.9271294474601746
6516.570253437751	0.9205443263053894
6516.6122911047505	0.9164130091667175
6516.65432877175	0.9146775603294373
6516.69636643875	0.9168564677238464
6516.73840410575	0.9228025674819946
6516.78044177275	0.932349443435669
6516.82247943975	0.9412226676940918
6516.86451710675	0.9486165642738342
6516.90655477375	0.9573250412940979
6516.94859244075	0.9702867865562439
6516.99063010775	0.9800953269004822
6517.03266777475	0.9851856827735901
6517.07470544175	0.9893020391464233
6517.116743108751	0.9910685420036316
6517.1587807757505	0.993725597858429
6517.2008184427505	0.9963659048080444
6517.24285610975	0.9991971254348755
6517.28489377675	1.002538800239563
6517.32693144375	1.0057295560836792
6517.36896911075	1.0104470252990723
6517.41100677775	1.0140876770019531
6517.45304444475	1.0178427696228027
6517.49508211175	1.02089262008667
6517.53711977875	1.0231914520263672
6517.57915744575	1.0253046751022339
6517.62119511275	1.0278152227401733
6517.663232779751	1.0286003351211548
6517.705270446751	1.0244191884994507
6517.7473081137505	1.022528886795044
6517.78934578075	1.0222173929214478
6517.83138344775	1.0219045877456665
6517.87342111475	1.020105004310608
6517.91545878175	1.0182044506072998
6517.95749644875	1.01519775390625
6517.99953411575	1.0141371488571167
6518.04157178275	1.012971043586731
6518.08360944975	1.0140364170074463
6518.12564711675	1.0163244009017944
6518.16768478375	1.0189348459243774
6518.209722450751	1.0210219621658325
6518.251760117751	1.0239720344543457
6518.2937977847505	1.0272687673568726
6518.33583545175	1.0302705764770508
6518.37787311875	1.0326871871948242
6518.41991078575	1.0355647802352905
6518.46194845275	1.0392980575561523
6518.50398611975	1.0394786596298218
6518.54602378675	1.0363689661026
6518.58806145375	1.0351628065109253
6518.63009912075	1.0352810621261597
6518.67213678775	1.0365394353866577
6518.71417445475	1.038300633430481
6518.75621212175	1.0396355390548706
6518.798249788751	1.0401020050048828
6518.8402874557505	1.0391346216201782
6518.88232512275	1.035657286643982
6518.92436278975	1.034651517868042
6518.96640045675	1.0353899002075195
6519.00843812375	1.0351176261901855
6519.05047579075	1.033758282661438
6519.09251345775	1.0325933694839478
6519.13455112475	1.0311379432678223
6519.17658879175	1.0264703035354614
6519.21862645875	1.018544316291809
6519.26066412575	1.0140055418014526
6519.30270179275	1.0104010105133057
6519.344739459751	1.0073057413101196
6519.3867771267505	1.004960060119629
6519.4288147937505	1.002856731414795
6519.47085246075	1.000196933746338
6519.51289012775	0.9980501532554626
6519.55492779475	0.9964581727981567
6519.59696546175	0.9985362887382507
6519.63900312875	1.0031452178955078
6519.68104079575	1.005828857421875
6519.72307846275	1.0074067115783691
6519.76511612975	1.0107593536376953
6519.80715379675	1.015153408050537
6519.84919146375	1.019112467765808
6519.891229130751	1.0234206914901733
6519.933266797751	1.027598261833191
6519.9753044647505	1.0298336744308472
6520.01734213175	1.0312563180923462
6520.05937979875	1.0308781862258911
6520.10141746575	1.0305585861206055
6520.14345513275	1.0294889211654663
6520.18549279975	1.0285491943359375
6520.22753046675	1.027352213859558
6520.26956813375	1.023756980895996
6520.31160580075	1.0179580450057983
6520.35364346775	1.0173572301864624
6520.39568113475	1.0198496580123901
6520.437718801751	1.0237399339675903
6520.479756468751	1.0283653736114502
6520.5217941357505	1.0264643430709839
6520.56383180275	1.0206024646759033
6520.60586946975	1.0185093879699707
6520.64790713675	1.0175788402557373
6520.68994480375	1.017371416091919
6520.73198247075	1.0183289051055908
6520.77402013775	1.0178308486938477
6520.81605780475	1.0172253847122192
6520.85809547175	1.0153876543045044
6520.90013313875	1.0122876167297363
6520.94217080575	1.0140693187713623
6520.98420847275	1.0174226760864258
6521.026246139751	1.0169715881347656
6521.0682838067505	1.0155285596847534
6521.11032147375	1.0149626731872559
6521.15235914075	1.013000726699829
6521.19439680775	1.0126113891601562
6521.23643447475	1.012012004852295
6521.27847214175	1.011088252067566
6521.32050980875	1.0101341009140015
6521.36254747575	1.0058598518371582
6521.40458514275	1.000503420829773
6521.44662280975	1.001450777053833
6521.48866047675	1.0044492483139038
6521.53069814375	1.005039095878601
6521.572735810751	1.0052975416183472
6521.6147734777505	1.0049183368682861
6521.6568111447505	1.004086971282959
6521.69884881175	1.003286600112915
6521.74088647875	1.0023335218429565
6521.78292414575	0.9999253749847412
6521.82496181275	0.9973443746566772
6521.86699947975	0.9973633289337158
6521.90903714675	0.9982157945632935
6521.95107481375	0.9984440803527832
6521.99311248075	0.9980769157409668
6522.03515014775	0.994570791721344
6522.07718781475	0.990487813949585
6522.119225481751	0.991198718547821
6522.161263148751	0.9928494691848755
6522.2033008157505	0.9940065741539001
6522.24533848275	0.9953937530517578
6522.28737614975	0.9950902462005615
6522.32941381675	0.994638979434967
6522.37145148375	0.9961639046669006
6522.41348915075	0.9976539611816406
6522.45552681775	0.9988899827003479
6522.49756448475	0.9994388222694397
6522.53960215175	0.9993389844894409
6522.58163981875	0.9986893534660339
6522.62367748575	0.9981563091278076
6522.66571515275	0.9978251457214355
6522.707752819751	0.9960374236106873
6522.7497904867505	0.9945048093795776
6522.79182815375	0.9990103840827942
6522.83386582075	1.0028196573257446
6522.87590348775	0.9998925924301147
6522.91794115475	0.9975611567497253
6522.95997882175	0.9983892440795898
6523.00201648875	0.9989210963249207
6523.04405415575	0.9971981644630432
6523.08609182275	0.9960296154022217
6523.12812948975	0.9957985281944275
6523.17016715675	0.9946484565734863
6523.21220482375	0.9905807971954346
6523.254242490751	0.9881582260131836
6523.2962801577505	0.9886976480484009
6523.33831782475	0.98945152759552
6523.38035549175	0.9916518330574036
6523.42239315875	0.9914710521697998
6523.46443082575	0.9884942770004272
6523.50646849275	0.9846401810646057
6523.54850615975	0.9775897860527039
6523.59054382675	0.97173011302948
6523.63258149375	0.9705284237861633
6523.67461916075	0.9684028625488281
6523.71665682775	0.9647195339202881
6523.75869449475	0.961158812046051
6523.800732161751	0.9584124088287354
6523.8427698287505	0.955650806427002
6523.8848074957505	0.9511061310768127
6523.92684516275	0.9489931464195251
6523.96888282975	0.9582119584083557
6524.01092049675	0.9640988707542419
6524.05295816375	0.9677678346633911
6524.09499583075	0.9709753394126892
6524.13703349775	0.9737478494644165
6524.17907116475	0.9768857359886169
6524.22110883175	0.9824032783508301
6524.26314649875	0.9870487451553345
6524.30518416575	0.9901009202003479
6524.347221832751	0.9926869869232178
6524.389259499751	0.9941009283065796
6524.4312971667505	0.995147168636322
6524.47333483375	0.9971694946289062
6524.51537250075	0.9982444643974304
6524.55741016775	0.9986037015914917
6524.59944783475	0.9991275072097778
6524.64148550175	1.0010879039764404
6524.68352316875	1.001576542854309
6524.72556083575	1.0013083219528198
6524.76759850275	1.0008397102355957
6524.80963616975	0.99929279088974
6524.85167383675	0.9987432360649109
6524.89371150375	0.9998897910118103
6524.935749170751	0.9997897148132324
6524.9777868377505	0.9999231100082397
6525.01982450475	0.9994720816612244
6525.06186217175	0.9982588291168213
6525.10389983875	0.997982382774353
6525.14593750575	0.9987402558326721
6525.18797517275	0.9992758631706238
6525.23001283975	0.9986032247543335
6525.27205050675	1.0003427267074585
6525.31408817375	1.0068284273147583
6525.35612584075	1.0072096586227417
6525.39816350775	1.0026729106903076
6525.44020117475	1.0008407831192017
6525.482238841751	1.0005149841308594
6525.5242765087505	1.0013315677642822
6525.56631417575	1.0034668445587158
6525.60835184275	1.0015853643417358
6525.65038950975	0.9960123896598816
6525.69242717675	0.9951615333557129
6525.73446484375	0.9981656074523926
6525.77650251075	0.998609721660614
6525.81854017775	0.9976356029510498
6525.86057784475	0.9995503425598145
6525.90261551175	1.0021015405654907
6525.94465317875	1.00198495388031
6525.98669084575	1.000325322151184
6526.028728512751	1.0009081363677979
6526.0707661797505	1.0031930208206177
6526.1128038467505	1.0033988952636719
6526.15484151375	1.002964973449707
6526.19687918075	1.0026891231536865
6526.23891684775	1.0025627613067627
6526.28095451475	1.00150728225708
6526.32299218175	1.000330924987793
6526.36502984875	0.9996973276138306
6526.40706751575	0.9993919730186462
6526.44910518275	1.0003098249435425
6526.49114284975	1.0020406246185303
6526.53318051675	0.9992783665657043
6526.57521818375	0.9948838949203491
6526.617255850751	0.9953577518463135
6526.6592935177505	0.9968659281730652
6526.70133118475	0.9968846440315247
6526.74336885175	0.9966050386428833
6526.78540651875	0.9969727993011475
6526.82744418575	0.997484028339386
6526.86948185275	0.9990049004554749
6526.91151951975	1.0005112886428833
6526.95355718675	0.9992467761039734
6526.99559485375	0.9971373677253723
6527.03763252075	0.9992405772209167
6527.07967018775	1.0019068717956543
6527.12170785475	1.0029330253601074
6527.163745521751	1.003159999847412
6527.2057831887505	1.001981496810913
6527.24782085575	0.9999530911445618
6527.28985852275	0.9993835687637329
6527.33189618975	0.9994786977767944
6527.37393385675	1.0003042221069336
6527.41597152375	1.0013158321380615
6527.45800919075	1.0018888711929321
6527.50004685775	1.0020806789398193
6527.54208452475	0.9999764561653137
6527.58412219175	0.9979880452156067
6527.62615985875	0.9981957077980042
6527.66819752575	0.9983443021774292
6527.710235192751	0.9960281252861023
6527.7522728597505	0.9942446351051331
6527.79431052675	0.995468258857727
6527.83634819375	0.9966340661048889
6527.87838586075	0.9970775842666626
6527.92042352775	0.9976354241371155
6527.96246119475	0.9993975162506104
6528.00449886175	1.0009572505950928
6528.04653652875	0.9984906315803528
6528.08857419575	0.9970049262046814
6528.13061186275	1.0000478029251099
6528.17264952975	1.0018107891082764
6528.21468719675	0.9990252256393433
6528.256724863751	0.9977625608444214
6528.2987625307505	0.9987661242485046
6528.3408001977505	0.9988585710525513
6528.38283786475	0.9981999397277832
6528.42487553175	0.9984363913536072
6528.46691319875	1.0009528398513794
6528.50895086575	1.00272536277771
6528.55098853275	1.0026795864105225
6528.59302619975	1.0029611587524414
6528.63506386675	1.0029375553131104
6528.67710153375	1.0026111602783203
6528.71913920075	1.0027098655700684
6528.76117686775	1.0028287172317505
6528.80321453475	1.002073049545288
6528.845252201751	1.0020537376403809
6528.8872898687505	1.0015373229980469
6528.92932753575	1.0016416311264038
6528.97136520275	1.0024093389511108
6529.01340286975	1.0029699802398682
6529.05544053675	1.0054080486297607
6529.09747820375	1.0055418014526367
6529.13951587075	1.004176378250122
6529.18155353775	1.002751350402832
6529.22359120475	1.0017565488815308
6529.26562887175	1.0014389753341675
6529.30766653875	1.0022069215774536
6529.34970420575	1.003074049949646
6529.391741872751	1.0044705867767334
6529.4337795397505	1.0053151845932007
6529.47581720675	1.0051225423812866
6529.51785487375	1.0048737525939941
6529.55989254075	1.0036476850509644
6529.60193020775	1.0044504404067993
6529.64396787475	1.0077069997787476
6529.68600554175	1.0076788663864136
6529.72804320875	1.0040439367294312
6529.77008087575	1.003020167350769
6529.81211854275	1.0045644044876099
6529.85415620975	1.005352258682251
6529.89619387675	1.005435585975647
6529.938231543751	1.0063718557357788
6529.9802692107505	1.0086749792099
6530.02230687775	1.0068910121917725
6530.06434454475	1.0022722482681274
6530.10638221175	1.001209020614624
6530.14841987875	1.0028150081634521
6530.19045754575	1.0008655786514282
6530.23249521275	0.9983790516853333
6530.27453287975	0.9981281161308289
6530.31657054675	1.000065565109253
6530.35860821375	0.9998245239257812
6530.40064588075	0.9986433982849121
6530.44268354775	0.9990062117576599
6530.48472121475	0.9994280934333801
6530.5267588817505	0.9990166425704956
6530.5687965487505	0.9975443482398987
6530.61083421575	0.997658371925354
6530.65287188275	0.9989783763885498
6530.69490954975	0.9997001886367798
6530.73694721675	1.0008995532989502
6530.77898488375	1.0004935264587402
6530.82102255075	0.998841404914856
6530.86306021775	0.9999648332595825
6530.90509788475	1.00120210647583
6530.94713555175	1.0043970346450806
6530.98917321875	1.0086960792541504
6531.03121088575	1.0097486972808838
6531.073248552751	1.0109937191009521
6531.1152862197505	1.0097403526306152
6531.15732388675	1.0077017545700073
6531.19936155375	1.0074989795684814
6531.24139922075	1.007644534111023
6531.28343688775	1.0067999362945557
6531.32547455475	1.005777359008789
6531.36751222175	1.0048874616622925
6531.40954988875	1.0041711330413818
6531.45158755575	1.0047990083694458
6531.49362522275	1.0058746337890625
6531.53566288975	1.0047504901885986
6531.57770055675	1.0040369033813477
6531.619738223751	1.0058106184005737
6531.6617758907505	1.0070207118988037
6531.70381355775	1.0070143938064575
6531.74585122475	1.0069191455841064
6531.78788889175	1.0057733058929443
6531.82992655875	1.0045480728149414
6531.87196422575	1.005281925201416
6531.91400189275	1.0056710243225098
6531.95603955975	1.0043846368789673
6531.99807722675	1.0015709400177002
6532.04011489375	0.9969022870063782
6532.08215256075	0.9914150238037109
6532.12419022775	0.9845336079597473
6532.166227894751	0.9784089922904968
6532.2082655617505	0.974815309047699
6532.25030322875	0.972210168838501
6532.29234089575	0.9694635272026062
6532.33437856275	0.9672583937644958
6532.37641622975	0.9653143286705017
6532.41845389675	0.9638717770576477
6532.46049156375	0.9608859419822693
6532.50252923075	0.9596461057662964
6532.54456689775	0.9621795415878296
6532.58660456475	0.9670618772506714
6532.62864223175	0.9730790853500366
6532.67067989875	0.9794636368751526
6532.71271756575	0.9885074496269226
6532.7547552327505	0.9956796765327454
6532.7967928997505	0.9999924302101135
6532.83883056675	1.0028696060180664
6532.88086823375	1.0049068927764893
6532.92290590075	1.0051116943359375
6532.96494356775	1.0004785060882568
6533.00698123475	0.9990240335464478
6533.04901890175	1.002824068069458
6533.09105656875	1.00611412525177
6533.13309423575	1.009831190109253
6533.17513190275	1.0116550922393799
6533.21716956975	1.0128672122955322
6533.25920723675	1.0134468078613281
6533.301244903751	1.0129780769348145
6533.3432825707505	1.0119351148605347
6533.38532023775	1.0087225437164307
6533.42735790475	1.0082283020019531
6533.46939557175	1.0103721618652344
6533.51143323875	1.010667324066162
6533.55347090575	1.0093073844909668
6533.59550857275	1.0093533992767334
6533.63754623975	1.009265422821045
6533.67958390675	1.0093952417373657
6533.72162157375	1.0093071460723877
6533.76365924075	1.0062209367752075
6533.80569690775	0.998551607131958
6533.847734574751	0.9943990111351013
6533.8897722417505	0.9921470880508423
6533.93180990875	0.9921349883079529
6533.97384757575	0.9929062128067017
6534.01588524275	0.9909735918045044
6534.05792290975	0.9863737225532532
6534.09996057675	0.9837981462478638
6534.14199824375	0.9828493595123291
6534.18403591075	0.9837080836296082
6534.22607357775	0.9859638214111328
6534.26811124475	0.9877535104751587
6534.31014891175	0.9895285964012146
6534.35218657875	0.9924631714820862
6534.394224245751	0.9954361915588379
6534.4362619127505	0.9969698786735535
6534.4782995797505	0.998500406742096
6534.52033724675	1.0002200603485107
6534.56237491375	1.001652479171753
6534.60441258075	1.0027029514312744
6534.64645024775	1.0036897659301758
6534.68848791475	1.003611445426941
6534.73052558175	1.0032695531845093
6534.77256324875	1.0061899423599243
6534.81460091575	1.009769082069397
6534.85663858275	1.0081698894500732
6534.89867624975	1.0053571462631226
6534.94071391675	1.0072987079620361
6534.9827515837505	1.0096585750579834
6535.0247892507505	1.008419156074524
6535.06682691775	1.0073225498199463
6535.10886458475	1.0091221332550049
6535.15090225175	1.0109806060791016
6535.19293991875	1.009582757949829
6535.23497758575	1.0075589418411255
6535.27701525275	1.0093433856964111
6535.31905291975	1.01105797290802
6535.36109058675	1.0116369724273682
6535.40312825375	1.0124874114990234
6535.44516592075	1.0130116939544678
6535.48720358775	1.0132641792297363
6535.529241254751	1.015977144241333
6535.5712789217505	1.0177738666534424
6535.61331658875	1.01369309425354
6535.65535425575	1.0113686323165894
6535.69739192275	1.013740062713623
6535.73942958975	1.014577031135559
6535.78146725675	1.0117435455322266
6535.82350492375	1.010356068611145
6535.86554259075	1.012484073638916
6535.90758025775	1.0152270793914795
6535.94961792475	1.0176942348480225
6535.99165559175	1.0196372270584106
6536.03369325875	1.0201917886734009
6536.075730925751	1.0203676223754883
6536.1177685927505	1.020207405090332
6536.15980625975	1.0199840068817139
6536.20184392675	1.0200233459472656
6536.24388159375	1.019854187965393
6536.28591926075	1.0214102268218994
6536.32795692775	1.0208935737609863
6536.36999459475	1.018385410308838
6536.41203226175	1.015804409980774
6536.45406992875	1.0140562057495117
6536.49610759575	1.0118529796600342
6536.53814526275	1.0087884664535522
6536.58018292975	1.0069010257720947
6536.62222059675	1.0068188905715942
6536.6642582637505	1.006568431854248
6536.7062959307505	1.0075960159301758
6536.74833359775	1.0065330266952515
6536.79037126475	1.0040960311889648
6536.83240893175	1.0047798156738281
6536.87444659875	1.0081477165222168
6536.91648426575	1.009448528289795
6536.95852193275	1.0095583200454712
6537.00055959975	1.0100480318069458
6537.04259726675	1.0115487575531006
6537.08463493375	1.012034296989441
6537.12667260075	1.0118478536605835
6537.16871026775	1.0148143768310547
6537.2107479347505	1.0200836658477783
6537.2527856017505	1.021809458732605
6537.29482326875	1.022451639175415
6537.33686093575	1.0208452939987183
6537.37889860275	1.0173765420913696
6537.42093626975	1.0189321041107178
6537.46297393675	1.0215730667114258
6537.50501160375	1.0221242904663086
6537.54704927075	1.0217872858047485
6537.58908693775	1.0212106704711914
6537.63112460475	1.0204429626464844
6537.67316227175	1.021058440208435
6537.71519993875	1.0224252939224243
6537.757237605751	1.0239630937576294
6537.7992752727505	1.0252819061279297
6537.84131293975	1.025070309638977
6537.88335060675	1.0249018669128418
6537.92538827375	1.023659348487854
6537.96742594075	1.02243971824646
6538.00946360775	1.0228360891342163
6538.05150127475	1.0241115093231201
6538.09353894175	1.0260194540023804
6538.13557660875	1.0277718305587769
6538.17761427575	1.0285758972167969
6538.21965194275	1.0285100936889648
6538.26168960975	1.025348424911499
6538.303727276751	1.022878646850586
6538.3457649437505	1.0260409116744995
6538.38780261075	1.02824068069458
6538.42984027775	1.025448203086853
6538.47187794475	1.023560643196106
6538.51391561175	1.0250998735427856
6538.55595327875	1.0259987115859985
6538.59799094575	1.0251173973083496
6538.64002861275	1.024289608001709
6538.68206627975	1.024658441543579
6538.72410394675	1.0251846313476562
6538.76614161375	1.0260272026062012
6538.80817928075	1.0265060663223267
6538.85021694775	1.0269625186920166
6538.8922546147505	1.0266849994659424
6538.9342922817505	1.0252634286880493
6538.97632994875	1.0253857374191284
6539.01836761575	1.0270287990570068
6539.06040528275	1.0281457901000977
6539.10244294975	1.0287973880767822
6539.14448061675	1.0300973653793335
6539.18651828375	1.031302809715271
6539.22855595075	1.0311518907546997
6539.27059361775	1.0280537605285645
6539.31263128475	1.0280418395996094
6539.35466895175	1.0290120840072632
6539.39670661875	1.0304994583129883
6539.4387442857505	1.034744143486023
6539.4807819527505	1.0344411134719849
6539.52281961975	1.0291666984558105
6539.56485728675	1.028195858001709
6539.60689495375	1.0300943851470947
6539.64893262075	1.0300984382629395
6539.69097028775	1.0291823148727417
6539.73300795475	1.0295605659484863
6539.77504562175	1.029815912246704
6539.81708328875	1.03030526638031
6539.85912095575	1.0306812524795532
6539.90115862275	1.0324426889419556
6539.94319628975	1.034645676612854
6539.985233956751	1.035449743270874
6540.0272716237505	1.034854531288147
6540.06930929075	1.0350916385650635
6540.11134695775	1.0360779762268066
6540.15338462475	1.0336201190948486
6540.19542229175	1.029761552810669
6540.23745995875	1.0293991565704346
6540.27949762575	1.0311203002929688
6540.32153529275	1.0322773456573486
6540.36357295975	1.0332978963851929
6540.40561062675	1.035233497619629
6540.44764829375	1.0366555452346802
6540.48968596075	1.034607172012329
6540.53172362775	1.0309561491012573
6540.5737612947505	1.0332603454589844
6540.61579896175	1.0361647605895996
6540.65783662875	1.0366846323013306
6540.69987429575	1.0373053550720215
6540.74191196275	1.0372503995895386
6540.78394962975	1.0372865200042725
6540.82598729675	1.0368225574493408
6540.86802496375	1.036568522453308
6540.91006263075	1.0369219779968262
6540.95210029775	1.0371450185775757
6540.99413796475	1.0386875867843628
6541.03617563175	1.0404857397079468
6541.07821329875	1.0394556522369385
6541.1202509657505	1.039509892463684
6541.1622886327505	1.0397146940231323
6541.20432629975	1.0406427383422852
6541.24636396675	1.041374683380127
6541.28840163375	1.0425169467926025
6541.33043930075	1.045880675315857
6541.37247696775	1.046962022781372
6541.41451463475	1.0431571006774902
6541.45655230175	1.0409313440322876
6541.49858996875	1.0425587892532349
6541.54062763575	1.0433012247085571
6541.58266530275	1.0401500463485718
6541.62470296975	1.0411911010742188
6541.666740636751	1.0489089488983154
6541.7087783037505	1.0533391237258911
6541.75081597075	1.0548357963562012
6541.79285363775	1.0533329248428345
6541.83489130475	1.047811508178711
6541.87692897175	1.0444279909133911
6541.91896663875	1.0434354543685913
6541.96100430575	1.0412766933441162
6542.00304197275	1.038345456123352
6542.04507963975	1.0368393659591675
6542.08711730675	1.036319613456726
6542.12915497375	1.0352787971496582
6542.17119264075	1.0352073907852173
6542.213230307751	1.0332285165786743
6542.2552679747505	1.0299925804138184
6542.29730564175	1.0277730226516724
6542.33934330875	1.025302529335022
6542.38138097575	1.0262080430984497
6542.42341864275	1.032607913017273
6542.46545630975	1.032983422279358
6542.50749397675	1.0318872928619385
6542.54953164375	1.0335770845413208
6542.59156931075	1.0368053913116455
6542.63360697775	1.0393320322036743
6542.67564464475	1.0424963235855103
6542.71768231175	1.0461193323135376
6542.75971997875	1.0492023229599
6542.8017576457505	1.0470271110534668
6542.84379531275	1.0427658557891846
6542.88583297975	1.0456733703613281
6542.92787064675	1.050351858139038
6542.96990831375	1.0488594770431519
6543.01194598075	1.0463496446609497
6543.05398364775	1.0479789972305298
6543.09602131475	1.0498775243759155
6543.13805898175	1.0530112981796265
6543.18009664875	1.0559684038162231
6543.22213431575	1.0523748397827148
6543.26417198275	1.048364520072937
6543.30620964975	1.049190878868103
6543.3482473167505	1.050516963005066
6543.3902849837505	1.0527812242507935
6543.43232265075	1.0547091960906982
6543.47436031775	1.0524221658706665
6543.51639798475	1.0487377643585205
6543.55843565175	1.0448869466781616
6543.60047331875	1.0390586853027344
6543.64251098575	1.0319865942001343
6543.68454865275	1.0247384309768677
6543.72658631975	1.0157415866851807
6543.76862398675	1.0079604387283325
6543.81066165375	1.0028116703033447
6543.85269932075	0.9989293813705444
6543.894736987751	0.9973840117454529
6543.9367746547505	0.9963514804840088
6543.97881232175	0.9953051805496216
6544.02084998875	0.9943451881408691
6544.06288765575	0.9945995211601257
6544.10492532275	0.9977918863296509
6544.14696298975	1.0057480335235596
6544.18900065675	1.0144073963165283
6544.23103832375	1.0247200727462769
6544.27307599075	1.0320080518722534
6544.31511365775	1.0361766815185547
6544.35715132475	1.041102409362793
6544.39918899175	1.0465333461761475
6544.44122665875	1.0514837503433228
6544.4832643257505	1.0571967363357544
6544.52530199275	1.0606886148452759
6544.56733965975	1.0625234842300415
6544.60937732675	1.0644309520721436
6544.65141499375	1.0663212537765503
6544.69345266075	1.0671879053115845
6544.73549032775	1.0675126314163208
6544.77752799475	1.0653455257415771
6544.81956566175	1.0603960752487183
6544.86160332875	1.0602244138717651
6544.90364099575	1.0615017414093018
6544.94567866275	1.063381314277649
6544.98771632975	1.0660592317581177
6545.0297539967505	1.065286636352539
6545.07179166375	1.061070442199707
6545.11382933075	1.0621756315231323
6545.15586699775	1.0644652843475342
6545.19790466475	1.0671977996826172
6545.23994233175	1.0703450441360474
6545.28197999875	1.0694609880447388
6545.32401766575	1.06788969039917
6545.36605533275	1.068549633026123
6545.40809299975	1.070103645324707
6545.45013066675	1.0697449445724487
6545.49216833375	1.0685653686523438
6545.53420600075	1.0676478147506714
6545.5762436677505	1.0663632154464722
6545.6182813347505	1.065637469291687
6545.66031900175	1.0658071041107178
6545.70235666875	1.0668855905532837
6545.74439433575	1.067536473274231
6545.78643200275	1.0649021863937378
6545.82846966975	1.0630971193313599
6545.87050733675	1.0645161867141724
6545.91254500375	1.065805196762085
6545.95458267075	1.0668551921844482
6545.99662033775	1.06827712059021
6546.03865800475	1.070677399635315
6546.08069567175	1.0732020139694214
6546.122733338751	1.076669454574585
6546.1647710057505	1.0790637731552124
6546.20680867275	1.0779597759246826
6546.24884633975	1.0784105062484741
6546.29088400675	1.0833989381790161
6546.33292167375	1.0863295793533325
6546.37495934075	1.084803581237793
6546.41699700775	1.0838897228240967
6546.45903467475	1.0818734169006348
6546.50107234175	1.0813897848129272
6546.54311000875	1.0858031511306763
6546.58514767575	1.0876801013946533
6546.62718534275	1.086815357208252
6546.66922300975	1.086499571800232
6546.7112606767505	1.0876868963241577
6546.75329834375	1.0874513387680054
6546.79533601075	1.0867191553115845
6546.83737367775	1.0873889923095703
6546.87941134475	1.089547872543335
6546.92144901175	1.0903996229171753
6546.96348667875	1.0906325578689575
6547.00552434575	1.0908894538879395
6547.04756201275	1.0907384157180786
6547.08959967975	1.093431830406189
6547.13163734675	1.096682071685791
6547.17367501375	1.0945383310317993
6547.21571268075	1.0878591537475586
6547.2577503477505	1.088358759880066
6547.29978801475	1.090975284576416
6547.34182568175	1.0875537395477295
6547.38386334875	1.0823580026626587
6547.42590101575	1.079729437828064
6547.46793868275	1.0771781206130981
6547.50997634975	1.0773158073425293
6547.55201401675	1.077975869178772
6547.59405168375	1.0746887922286987
6547.63608935075	1.0705000162124634
6547.67812701775	1.0698622465133667
6547.72016468475	1.069778323173523
6547.76220235175	1.0731639862060547
6547.8042400187505	1.0771697759628296
6547.8462776857505	1.076827049255371
6547.88831535275	1.0770362615585327
6547.93035301975	1.0806365013122559
6547.97239068675	1.084390640258789
6548.01442835375	1.0862345695495605
6548.05646602075	1.0883201360702515
6548.09850368775	1.0938512086868286
6548.14054135475	1.0978978872299194
6548.18257902175	1.0977933406829834
6548.22461668875	1.0969520807266235
6548.26665435575	1.096439242362976
6548.30869202275	1.0953710079193115
6548.35072968975	1.0907429456710815
6548.3927673567505	1.0862998962402344
6548.43480502375	1.0822780132293701
6548.47684269075	1.0778125524520874
6548.51888035775	1.0742135047912598
6548.56091802475	1.0702265501022339
6548.60295569175	1.0642226934432983
6548.64499335875	1.0625884532928467
6548.68703102575	1.0667729377746582
6548.72906869275	1.0692654848098755
6548.77110635975	1.0707303285598755
6548.81314402675	1.0742913484573364
6548.85518169375	1.0778590440750122
6548.89721936075	1.082321047782898
6548.9392570277505	1.087967038154602
6548.98129469475	1.0931235551834106
6549.02333236175	1.0980572700500488
6549.06537002875	1.1025617122650146
6549.10740769575	1.1074851751327515
6549.14944536275	1.1126203536987305
6549.19148302975	1.1193432807922363
6549.23352069675	1.12273371219635
6549.27555836375	1.124666452407837
6549.31759603075	1.1274389028549194
6549.35963369775	1.130574107170105
6549.40167136475	1.1298842430114746
6549.44370903175	1.1258655786514282
6549.4857466987505	1.1279643774032593
6549.52778436575	1.1320630311965942
6549.56982203275	1.1322494745254517
6549.61185969975	1.1312071084976196
6549.65389736675	1.1340748071670532
6549.69593503375	1.1378718614578247
6549.73797270075	1.1371898651123047
6549.78001036775	1.1357903480529785
6549.82204803475	1.1383551359176636
6549.86408570175	1.1409629583358765
6549.90612336875	1.1422083377838135
6549.94816103575	1.1429076194763184
6549.99019870275	1.1415464878082275
6550.0322363697505	1.1409038305282593
6550.0742740367505	1.1481826305389404
6550.11631170375	1.1538591384887695
6550.15834937075	1.1501001119613647
6550.20038703775	1.147302508354187
6550.24242470475	1.1482447385787964
6550.28446237175	1.1495598554611206
6550.32650003875	1.1500297784805298
6550.36853770575	1.1508923768997192
6550.41057537275	1.1539143323898315
6550.45261303975	1.1558992862701416
6550.49465070675	1.1558977365493774
6550.53668837375	1.1568483114242554
6550.57872604075	1.1584804058074951
6550.6207637077505	1.1593986749649048
6550.66280137475	1.1597219705581665
6550.70483904175	1.1604318618774414
6550.74687670875	1.1583243608474731
6550.78891437575	1.160651683807373
6550.83095204275	1.1692025661468506
6550.87298970975	1.1737922430038452
6550.91502737675	1.1735923290252686
6550.95706504375	1.1746153831481934
6550.99910271075	1.1751495599746704
6551.04114037775	1.1752310991287231
6551.08317804475	1.1754205226898193
6551.12521571175	1.176708698272705
6551.1672533787505	1.1805356740951538
6551.20929104575	1.1802241802215576
6551.25132871275	1.1783076524734497
6551.29336637975	1.1786705255508423
6551.33540404675	1.1809481382369995
6551.37744171375	1.1822508573532104
6551.41947938075	1.1837519407272339
6551.46151704775	1.1846727132797241
6551.50355471475	1.1862437725067139
6551.54559238175	1.1871336698532104
6551.58763004875	1.188130497932434
6551.62966771575	1.1882685422897339
6551.67170538275	1.1880189180374146
6551.7137430497505	1.1899020671844482
6551.75578071675	1.1916834115982056
6551.79781838375	1.1906484365463257
6551.83985605075	1.1896991729736328
6551.88189371775	1.187693476676941
6551.92393138475	1.186323642730713
6551.96596905175	1.1942280530929565
6552.00800671875	1.2012416124343872
6552.05004438575	1.1968704462051392
6552.09208205275	1.1932061910629272
6552.13411971975	1.195537805557251
6552.17615738675	1.1967815160751343
6552.21819505375	1.1970703601837158
6552.26023272075	1.1968622207641602
6552.3022703877505	1.195307731628418
6552.34430805475	1.1912444829940796
6552.38634572175	1.1837753057479858
6552.42838338875	1.1783814430236816
6552.47042105575	1.1764941215515137
6552.51245872275	1.1750767230987549
6552.55449638975	1.1732840538024902
6552.59653405675	1.1715914011001587
6552.63857172375	1.1673170328140259
6552.68060939075	1.1666538715362549
6552.72264705775	1.1713577508926392
6552.76468472475	1.1749235391616821
6552.80672239175	1.1784090995788574
6552.8487600587505	1.1834349632263184
6552.89079772575	1.18843674659729
6552.93283539275	1.1971168518066406
6552.97487305975	1.211562156677246
6553.01691072675	1.2190742492675781
6553.05894839375	1.2221826314926147
6553.10098606075	1.2292345762252808
6553.14302372775	1.2376214265823364
6553.18506139475	1.2474031448364258
6553.22709906175	1.2569952011108398
6553.26913672875	1.2621656656265259
6553.31117439575	1.2644907236099243
6553.35321206275	1.2652477025985718
6553.3952497297505	1.2640427350997925
6553.43728739675	1.2670564651489258
6553.47932506375	1.2701916694641113
6553.52136273075	1.2689933776855469
6553.56340039775	1.2655667066574097
6553.60543806475	1.2651481628417969
6553.64747573175	1.2656229734420776
6553.68951339875	1.264833688735962
6553.73155106575	1.264583945274353
6553.77358873275	1.2663313150405884
6553.81562639975	1.2696361541748047
6553.85766406675	1.271471381187439
6553.89970173375	1.273546576499939
6553.9417394007505	1.277816891670227
6553.98377706775	1.2825976610183716
6554.02581473475	1.288921594619751
6554.06785240175	1.2953039407730103
6554.10989006875	1.3009307384490967
6554.15192773575	1.3068954944610596
6554.19396540275	1.3145018815994263
6554.23600306975	1.3210445642471313
6554.27804073675	1.3265658617019653
6554.32007840375	1.3296763896942139
6554.36211607075	1.3290667533874512
6554.40415373775	1.331626534461975
6554.44619140475	1.340799331665039
6554.48822907175	1.3457287549972534
6554.5302667387505	1.3461709022521973
6554.57230440575	1.3488742113113403
6554.61434207275	1.3536781072616577
6554.65637973975	1.3570106029510498
6554.69841740675	1.3597908020019531
6554.74045507375	1.3627369403839111
6554.78249274075	1.3654146194458008
6554.82453040775	1.3711127042770386
6554.86656807475	1.380347728729248
6554.90860574175	1.3841192722320557
6554.95064340875	1.3845794200897217
6554.99268107575	1.389552354812622
6555.03471874275	1.3959954977035522
6555.0767564097505	1.400168538093567
6555.11879407675	1.40471613407135
6555.16083174375	1.4091410636901855
6555.20286941075	1.4130462408065796
6555.24490707775	1.4181923866271973
6555.28694474475	1.422936201095581
6555.32898241175	1.4286668300628662
6555.37102007875	1.4347480535507202
6555.41305774575	1.4408073425292969
6555.45509541275	1.447106957435608
6555.49713307975	1.450914740562439
6555.53917074675	1.45450758934021
6555.58120841375	1.461917519569397
6555.6232460807505	1.4698845148086548
6555.66528374775	1.4731338024139404
6555.70732141475	1.4762046337127686
6555.74935908175	1.4815466403961182
6555.79139674875	1.488234281539917
6555.83343441575	1.4966299533843994
6555.87547208275	1.505161166191101
6555.91750974975	1.5124393701553345
6555.95954741675	1.5199682712554932
6556.00158508375	1.5279706716537476
6556.04362275075	1.5363292694091797
6556.08566041775	1.5460208654403687
6556.12769808475	1.5547760725021362
6556.16973575175	1.5613573789596558
6556.21177341875	1.5695592164993286
6556.25381108575	1.581194519996643
6556.29584875275	1.5903092622756958
6556.33788641975	1.5911277532577515
6556.37992408675	1.5974745750427246
6556.42196175375	1.6095913648605347
6556.46399942075	1.6210702657699585
6556.50603708775	1.6361721754074097
6556.54807475475	1.6427768468856812
6556.59011242175	1.638635277748108
6556.63215008875	1.645849347114563
6556.67418775575	1.6600184440612793
6556.71622542275	1.6707895994186401
6556.7582630897505	1.6821695566177368
6556.80030075675	1.6900523900985718
6556.84233842375	1.695488452911377
6556.88437609075	1.70248544216156
6556.92641375775	1.7101064920425415
6556.96845142475	1.716819167137146
6557.01048909175	1.7232892513275146
6557.05252675875	1.733368158340454
6557.09456442575	1.7442797422409058
6557.13660209275	1.7497663497924805
6557.17863975975	1.7536908388137817
6557.22067742675	1.768141269683838
6557.26271509375	1.785759687423706
6557.3047527607505	1.7971924543380737
6557.34679042775	1.808853030204773
6557.38882809475	1.8230355978012085
6557.43086576175	1.8406914472579956
6557.47290342875	1.8648239374160767
6557.51494109575	1.8883929252624512
6557.55697876275	1.905702829360962
6557.59901642975	1.9237345457077026
6557.64105409675	1.9483944177627563
6557.68309176375	1.97129487991333
6557.72512943075	1.9902476072311401
6557.76716709775	2.0078134536743164
6557.80920476475	2.014561653137207
6557.8512424317505	2.026937484741211
6557.89328009875	2.051982879638672
6557.93531776575	2.0713682174682617
6557.97735543275	2.080000877380371
6558.01939309975	2.0964090824127197
6558.06143076675	2.1227335929870605
6558.10346843375	2.1435468196868896
6558.14550610075	2.1600868701934814
6558.18754376775	2.17997407913208
6558.22958143475	2.2032415866851807
6558.27161910175	2.223468542098999
6558.31365676875	2.2413926124572754
6558.35569443575	2.2656564712524414
6558.39773210275	2.2923288345336914
6558.4397697697505	2.3225200176239014
6558.48180743675	2.3540616035461426
6558.52384510375	2.3833813667297363
6558.56588277075	2.4117064476013184
6558.60792043775	2.4396252632141113
6558.64995810475	2.4657952785491943
6558.69199577175	2.491007089614868
6558.73403343875	2.5143725872039795
6558.77607110575	2.5406696796417236
6558.81810877275	2.5684640407562256
6558.86014643975	2.5963118076324463
6558.90218410675	2.624594211578369
6558.94422177375	2.660654067993164
6558.9862594407505	2.6979706287384033
6559.02829710775	2.724973440170288
6559.07033477475	2.7520205974578857
6559.11237244175	2.7861759662628174
6559.15441010875	2.8193395137786865
6559.19644777575	2.846937656402588
6559.23848544275	2.8760344982147217
6559.28052310975	2.9060354232788086
6559.32256077675	2.9377036094665527
6559.36459844375	2.977064847946167
6559.40663611075	3.0148227214813232
6559.44867377775	3.0506365299224854
6559.49071144475	3.0840580463409424
6559.5327491117505	3.108328342437744
6559.57478677875	3.1391308307647705
6559.61682444575	3.1812691688537598
6559.65886211275	3.21814227104187
6559.70089977975	3.247284412384033
6559.74293744675	3.280944585800171
6559.78497511375	3.3199799060821533
6559.82701278075	3.354818820953369
6559.86905044775	3.3929171562194824
6559.91108811475	3.4248573780059814
6559.95312578175	3.453981876373291
6559.99516344875	3.4823813438415527
6560.03720111575	3.5092668533325195
6560.07923878275	3.535618782043457
6560.12127644975	3.5618062019348145
6560.16331411675	3.5919511318206787
6560.20535178375	3.6260180473327637
6560.24738945075	3.6514270305633545
6560.28942711775	3.670682430267334
6560.33146478475	3.6918013095855713
6560.37350245175	3.7140069007873535
6560.41554011875	3.7379817962646484
6560.45757778575	3.7618277072906494
6560.49961545275	3.7910571098327637
6560.54165311975	3.8220839500427246
6560.58369078675	3.843920946121216
6560.62572845375	3.8641061782836914
6560.6677661207505	3.875899076461792
6560.70980378775	3.888702392578125
6560.75184145475	3.9236810207366943
6560.79387912175	3.957937479019165
6560.83591678875	3.974740743637085
6560.87795445575	3.988766670227051
6560.91999212275	4.007593631744385
6560.96202978975	4.024270057678223
6561.00406745675	4.040931224822998
6561.04610512375	4.059092998504639
6561.08814279075	4.077777862548828
6561.13018045775	4.098183631896973
6561.17221812475	4.128467559814453
6561.2142557917505	4.153578281402588
6561.25629345875	4.168490409851074
6561.29833112575	4.19315767288208
6561.34036879275	4.227374076843262
6561.38240645975	4.260637283325195
6561.42444412675	4.295571804046631
6561.46648179375	4.331092357635498
6561.50851946075	4.369563102722168
6561.55055712775	4.401121616363525
6561.59259479475	4.430777072906494
6561.63463246175	4.466401100158691
6561.67667012875	4.507040977478027
6561.71870779575	4.545977592468262
6561.7607454627505	4.584505081176758
6561.80278312975	4.615171432495117
6561.84482079675	4.6422600746154785
6561.88685846375	4.676191806793213
6561.92889613075	4.709677696228027
6561.97093379775	4.743194103240967
6562.01297146475	4.774887561798096
6562.05500913175	4.793445110321045
6562.09704679875	4.808197975158691
6562.13908446575	4.830367565155029
6562.18112213275	4.852505207061768
6562.22315979975	4.865469932556152
6562.26519746675	4.874912738800049
6562.30723513375	4.876708507537842
6562.34927280075	4.878251552581787
6562.39131046775	4.888027191162109
6562.43334813475	4.897969722747803
6562.47538580175	4.9125823974609375
6562.51742346875	4.923949718475342
6562.55946113575	4.922106742858887
6562.60149880275	4.920480728149414
6562.64353646975	4.9182963371276855
6562.68557413675	4.919375419616699
6562.72761180375	4.931197166442871
6562.76964947075	4.936178207397461
6562.81168713775	4.930926322937012
6562.85372480475	4.92881441116333
6562.8957624717505	4.923250198364258
6562.93780013875	4.920730113983154
6562.97983780575	4.922309875488281
6563.02187547275	4.921397686004639
6563.06391313975	4.91704797744751
6563.10595080675	4.915804862976074
6563.14798847375	4.915835380554199
6563.19002614075	4.917613983154297
6563.23206380775	4.919369220733643
6563.27410147475	4.90598201751709
6563.31613914175	4.878934383392334
6563.35817680875	4.873730659484863
6563.40021447575	4.8794264793396
6563.4422521427505	4.87827730178833
6563.48428980975	4.8765130043029785
6563.52632747675	4.87189245223999
6563.56836514375	4.865408420562744
6563.61040281075	4.859190940856934
6563.65244047775	4.8536248207092285
6563.69447814475	4.848957538604736
6563.73651581175	4.844043254852295
6563.77855347875	4.841693878173828
6563.82059114575	4.835775375366211
6563.86262881275	4.820333480834961
6563.90466647975	4.801290988922119
6563.94670414675	4.7848358154296875
6563.98874181375	4.763542175292969
6564.03077948075	4.732494831085205
6564.07281714775	4.701432704925537
6564.11485481475	4.667779445648193
6564.15689248175	4.641380310058594
6564.19893014875	4.625492572784424
6564.24096781575	4.610368728637695
6564.28300548275	4.604539394378662
6564.32504314975	4.590686321258545
6564.36708081675	4.561169147491455
6564.40911848375	4.542383670806885
6564.45115615075	4.5300374031066895
6564.49319381775	4.517356872558594
6564.53523148475	4.508702754974365
6564.57726915175	4.489416599273682
6564.61930681875	4.459640026092529
6564.66134448575	4.438971996307373
6564.70338215275	4.424722671508789
6564.74541981975	4.3979058265686035
6564.78745748675	4.361996173858643
6564.82949515375	4.338836193084717
6564.87153282075	4.320770263671875
6564.91357048775	4.2881550788879395
6564.95560815475	4.250155925750732
6564.99764582175	4.224125385284424
6565.03968348875	4.199913501739502
6565.08172115575	4.165078163146973
6565.1237588227505	4.130339622497559
6565.16579648975	4.116735935211182
6565.20783415675	4.105226039886475
6565.24987182375	4.071188926696777
6565.29190949075	4.03902006149292
6565.33394715775	4.021385192871094
6565.37598482475	4.0033745765686035
6565.41802249175	3.98508882522583
6565.46006015875	3.965548515319824
6565.50209782575	3.9515035152435303
6565.54413549275	3.9365766048431396
6565.58617315975	3.918203353881836
6565.62821082675	3.897873878479004
6565.6702484937505	3.87593936920166
6565.71228616075	3.85451602935791
6565.75432382775	3.8311028480529785
6565.79636149475	3.804110527038574
6565.83839916175	3.77176570892334
6565.88043682875	3.745447874069214
6565.92247449575	3.7256228923797607
6565.96451216275	3.6999123096466064
6566.00654982975	3.667513847351074
6566.04858749675	3.6382226943969727
6566.09062516375	3.610948085784912
6566.13266283075	3.5814061164855957
6566.17470049775	3.550527334213257
6566.21673816475	3.5185697078704834
6566.25877583175	3.4850852489471436
6566.30081349875	3.4536917209625244
6566.34285116575	3.421961784362793
6566.38488883275	3.3866796493530273
6566.42692649975	3.34954571723938
6566.46896416675	3.319319009780884
6566.51100183375	3.291317939758301
6566.55303950075	3.258316993713379
6566.59507716775	3.2249138355255127
6566.63711483475	3.195701837539673
6566.67915250175	3.167090892791748
6566.72119016875	3.132316827774048
6566.76322783575	3.0971908569335938
6566.80526550275	3.0740108489990234
6566.84730316975	3.048013925552368
6566.88934083675	3.0090787410736084
6566.93137850375	2.9715375900268555
6566.97341617075	2.9378433227539062
6567.01545383775	2.9064838886260986
6567.05749150475	2.887559413909912
6567.09952917175	2.8613314628601074
6567.14156683875	2.817387342453003
6567.18360450575	2.7830870151519775
6567.22564217275	2.762308120727539
6567.26767983975	2.7335402965545654
6567.30971750675	2.6939175128936768
6567.3517551737505	2.6610605716705322
6567.39379284075	2.6331706047058105
6567.43583050775	2.6090612411499023
6567.47786817475	2.59010648727417
6567.51990584175	2.5637054443359375
6567.56194350875	2.5296268463134766
6567.60398117575	2.4997832775115967
6567.64601884275	2.4715006351470947
6567.68805650975	2.441692590713501
6567.73009417675	2.4109435081481934
6567.77213184375	2.391869068145752
6567.81416951075	2.377547025680542
6567.85620717775	2.346548318862915
6567.89824484475	2.313128709793091
6567.94028251175	2.2882957458496094
6567.98232017875	2.2652621269226074
6568.02435784575	2.2493059635162354
6568.06639551275	2.2354936599731445
6568.10843317975	2.218116521835327
6568.15047084675	2.199514865875244
6568.19250851375	2.1683971881866455
6568.23454618075	2.1385812759399414
6568.27658384775	2.120482921600342
6568.31862151475	2.1042909622192383
6568.36065918175	2.091353178024292
6568.40269684875	2.075416088104248
6568.44473451575	2.0500221252441406
6568.48677218275	2.027675151824951
6568.52880984975	2.011434316635132
6568.57084751675	1.9920095205307007
6568.61288518375	1.967665672302246
6568.65492285075	1.9474107027053833
6568.69696051775	1.929734230041504
6568.73899818475	1.9114938974380493
6568.78103585175	1.8941179513931274
6568.82307351875	1.8774824142456055
6568.86511118575	1.8588988780975342
6568.90714885275	1.8428270816802979
6568.94918651975	1.825123906135559
6568.99122418675	1.8155266046524048
6569.03326185375	1.8111567497253418
6569.07529952075	1.800739049911499
6569.11733718775	1.7893556356430054
6569.15937485475	1.773330807685852
6569.20141252175	1.753830075263977
6569.24345018875	1.7464499473571777
6569.28548785575	1.7440682649612427
6569.32752552275	1.730989933013916
6569.36956318975	1.716325044631958
6569.41160085675	1.7136965990066528
6569.45363852375	1.7108029127120972
6569.49567619075	1.6935826539993286
6569.53771385775	1.6771048307418823
6569.5797515247505	1.6691917181015015
6569.62178919175	1.6603667736053467
6569.66382685875	1.65034818649292
6569.70586452575	1.6404616832733154
6569.74790219275	1.6297786235809326
6569.78993985975	1.6204122304916382
6569.83197752675	1.6156271696090698
6569.87401519375	1.6087545156478882
6569.91605286075	1.5968265533447266
6569.95809052775	1.5856519937515259
6570.00012819475	1.5746335983276367
6570.04216586175	1.56588613986969
6570.08420352875	1.5609240531921387
6570.12624119575	1.5534815788269043
6570.16827886275	1.5435487031936646
6570.21031652975	1.5374391078948975
6570.25235419675	1.5335887670516968
6570.29439186375	1.526659369468689
6570.33642953075	1.516223669052124
6570.37846719775	1.5074198246002197
6570.42050486475	1.4987561702728271
6570.46254253175	1.4930164813995361
6570.50458019875	1.4898889064788818
6570.54661786575	1.4811806678771973
6570.58865553275	1.4712905883789062
6570.63069319975	1.4676573276519775
6570.67273086675	1.4648523330688477
6570.71476853375	1.4573701620101929
6570.75680620075	1.4492123126983643
6570.79884386775	1.441107153892517
6570.84088153475	1.4332752227783203
6570.88291920175	1.4281800985336304
6570.92495686875	1.423338532447815
6570.96699453575	1.4200713634490967
6571.00903220275	1.4158066511154175
6571.05106986975	1.406357765197754
6571.09310753675	1.3989758491516113
6571.13514520375	1.397675633430481
6571.17718287075	1.3951116800308228
6571.21922053775	1.3919742107391357
6571.26125820475	1.387441873550415
6571.30329587175	1.3771144151687622
6571.34533353875	1.3712245225906372
6571.38737120575	1.3728485107421875
6571.42940887275	1.3678250312805176
6571.47144653975	1.3595672845840454
6571.51348420675	1.3521538972854614
6571.55552187375	1.3457131385803223
6571.59755954075	1.3402695655822754
6571.63959720775	1.3378040790557861
6571.68163487475	1.3329640626907349
6571.72367254175	1.3287155628204346
6571.76571020875	1.3225085735321045
6571.80774787575	1.3164361715316772
6571.84978554275	1.3046133518218994
6571.89182320975	1.2890589237213135
6571.93386087675	1.282764196395874
6571.97589854375	1.27778959274292
6572.01793621075	1.272096037864685
6572.05997387775	1.2668299674987793
6572.10201154475	1.260851502418518
6572.14404921175	1.2561930418014526
6572.18608687875	1.2533165216445923
6572.22812454575	1.2511534690856934
6572.27016221275	1.249911904335022
6572.31219987975	1.2495657205581665
6572.35423754675	1.2507702112197876
6572.39627521375	1.252025842666626
6572.43831288075	1.252651572227478
6572.48035054775	1.2536433935165405
6572.52238821475	1.2562730312347412
6572.56442588175	1.258724331855774
6572.60646354875	1.2606157064437866
6572.64850121575	1.2602452039718628
6572.69053888275	1.2571672201156616
6572.73257654975	1.2551286220550537
6572.77461421675	1.2512990236282349
6572.81665188375	1.2495758533477783
6572.85868955075	1.250013828277588
6572.90072721775	1.2480565309524536
6572.94276488475	1.2441784143447876
6572.98480255175	1.2398873567581177
6573.02684021875	1.234476089477539
6573.06887788575	1.2322890758514404
6573.11091555275	1.2321462631225586
6573.15295321975	1.2287524938583374
6573.19499088675	1.2245949506759644
6573.23702855375	1.2244563102722168
6573.27906622075	1.2249544858932495
6573.32110388775	1.2207379341125488
6573.36314155475	1.2153693437576294
6573.40517922175	1.2125706672668457
6573.44721688875	1.2096097469329834
6573.48925455575	1.2041059732437134
6573.53129222275	1.1995480060577393
6573.57332988975	1.2016310691833496
6573.61536755675	1.2031697034835815
6573.65740522375	1.2009754180908203
6573.69944289075	1.1987932920455933
6573.74148055775	1.1924047470092773
6573.78351822475	1.1887117624282837
6573.82555589175	1.1906471252441406
6573.86759355875	1.1902363300323486
6573.90963122575	1.1866157054901123
6573.95166889275	1.184091567993164
6573.99370655975	1.179397463798523
6574.03574422675	1.1779322624206543
6574.07778189375	1.1813204288482666
6574.11981956075	1.1839922666549683
6574.16185722775	1.1878591775894165
6574.20389489475	1.1863036155700684
6574.24593256175	1.1825262308120728
6574.28797022875	1.1815268993377686
6574.33000789575	1.1818982362747192
6574.37204556275	1.1788665056228638
6574.41408322975	1.173603892326355
6574.45612089675	1.168846607208252
6574.49815856375	1.162714958190918
6574.54019623075	1.1561826467514038
6574.58223389775	1.1488813161849976
6574.62427156475	1.139719009399414
6574.66630923175	1.1313502788543701
6574.70834689875	1.1262927055358887
6574.75038456575	1.1207906007766724
6574.79242223275	1.1099293231964111
6574.83445989975	1.1011011600494385
6574.87649756675	1.0973623991012573
6574.91853523375	1.0964282751083374
6574.96057290075	1.0985658168792725
6575.00261056775	1.0998239517211914
6575.04464823475	1.0971565246582031
6575.08668590175	1.0982282161712646
6575.12872356875	1.106911063194275
6575.17076123575	1.1140702962875366
6575.21279890275	1.1183626651763916
6575.25483656975	1.1240133047103882
6575.29687423675	1.1318751573562622
6575.33891190375	1.1356736421585083
6575.38094957075	1.1366795301437378
6575.42298723775	1.1371994018554688
6575.46502490475	1.1386140584945679
6575.50706257175	1.137454628944397
6575.54910023875	1.1343114376068115
6575.59113790575	1.133987307548523
6575.63317557275	1.1345313787460327
6575.67521323975	1.1315916776657104
6575.7172509067495	1.1282716989517212
6575.75928857375	1.1301815509796143
6575.80132624075	1.1336997747421265
6575.84336390775	1.1355032920837402
6575.88540157475	1.1369268894195557
6575.92743924175	1.1332908868789673
6575.96947690875	1.1291313171386719
6576.01151457575	1.1262848377227783
6576.05355224275	1.1225430965423584
6576.09558990975	1.1192643642425537
6576.13762757675	1.1158803701400757
6576.17966524375	1.1129353046417236
6576.22170291075	1.1112260818481445
6576.26374057775	1.1135741472244263
6576.30577824475	1.1140586137771606
6576.34781591175	1.1108458042144775
6576.38985357875	1.10873281955719
6576.43189124575	1.1067590713500977
6576.47392891275	1.1061391830444336
6576.51596657975	1.105979323387146
6576.55800424675	1.1058162450790405
6576.60004191375	1.1066988706588745
6576.64207958075	1.1063238382339478
6576.68411724775	1.1055042743682861
6576.72615491475	1.1020444631576538
6576.76819258175	1.0964425802230835
6576.81023024875	1.0971089601516724
6576.85226791575	1.100872278213501
6576.89430558275	1.1011167764663696
6576.93634324975	1.1005109548568726
6576.97838091675	1.0985143184661865
6577.02041858375	1.0956016778945923
6577.06245625075	1.0931369066238403
6577.10449391775	1.0911402702331543
6577.14653158475	1.0953891277313232
6577.18856925175	1.0992431640625
6577.23060691875	1.098932147026062
6577.27264458575	1.0977838039398193
6577.31468225275	1.0910241603851318
6577.35671991975	1.0866644382476807
6577.39875758675	1.0905572175979614
6577.44079525375	1.0924267768859863
6577.48283292075	1.0911481380462646
6577.52487058775	1.0896018743515015
6577.56690825475	1.0891660451889038
6577.60894592175	1.0872184038162231
6577.65098358875	1.083573341369629
6577.69302125575	1.082642912864685
6577.73505892275	1.0864282846450806
6577.77709658975	1.0844076871871948
6577.81913425675	1.076718807220459
6577.86117192375	1.0760036706924438
6577.90320959075	1.0784047842025757
6577.9452472577495	1.0790263414382935
6577.98728492475	1.0806248188018799
6578.02932259175	1.0801769495010376
6578.07136025875	1.0795881748199463
6578.11339792575	1.077570915222168
6578.15543559275	1.0750195980072021
6578.19747325975	1.072098970413208
6578.23951092675	1.0696895122528076
6578.28154859375	1.072416067123413
6578.32358626075	1.0748720169067383
6578.36562392775	1.0735223293304443
6578.40766159475	1.071952223777771
6578.44969926175	1.0728758573532104
6578.49173692875	1.0736191272735596
6578.53377459575	1.0720304250717163
6578.57581226275	1.0703240633010864
6578.61784992975	1.0699089765548706
6578.65988759675	1.068913459777832
6578.70192526375	1.0672560930252075
6578.74396293075	1.0658165216445923
6578.78600059775	1.0632423162460327
6578.82803826475	1.0632139444351196
6578.87007593175	1.067140817642212
6578.91211359875	1.0663492679595947
6578.95415126575	1.061418890953064
6578.99618893275	1.0619864463806152
6579.03822659975	1.0664597749710083
6579.08026426675	1.0644383430480957
6579.12230193375	1.0602248907089233
6579.16433960075	1.058309555053711
6579.20637726775	1.0568315982818604
6579.24841493475	1.0569305419921875
6579.29045260175	1.0580377578735352
6579.33249026875	1.0573406219482422
6579.37452793575	1.056326150894165
6579.41656560275	1.0568169355392456
6579.45860326975	1.05716872215271
6579.50064093675	1.0554125308990479
6579.54267860375	1.053792953491211
6579.58471627075	1.0544672012329102
6579.6267539377495	1.054587483406067
6579.66879160475	1.053403377532959
6579.71082927175	1.0522749423980713
6579.75286693875	1.0515773296356201
6579.79490460575	1.051039218902588
6579.83694227275	1.0490621328353882
6579.87897993975	1.0489306449890137
6579.92101760675	1.0515031814575195
6579.96305527375	1.0523955821990967
6580.00509294075	1.0513391494750977
6580.04713060775	1.051944613456726
6580.08916827475	1.0546234846115112
6580.13120594175	1.053999423980713
6580.1732436087495	1.0532152652740479
6580.21528127575	1.0501688718795776
6580.25731894275	1.045344591140747
6580.29935660975	1.0452609062194824
6580.34139427675	1.0481703281402588
6580.38343194375	1.0479750633239746
6580.42546961075	1.0481925010681152
6580.46750727775	1.0431795120239258
6580.50954494475	1.0371257066726685
6580.55158261175	1.0356501340866089
6580.59362027875	1.0343077182769775
6580.63565794575	1.0330451726913452
6580.67769561275	1.0324372053146362
6580.71973327975	1.0289676189422607
6580.76177094675	1.027158260345459
6580.80380861375	1.0274908542633057
6580.84584628075	1.0286660194396973
6580.88788394775	1.0322043895721436
6580.92992161475	1.0327885150909424
6580.97195928175	1.0282821655273438
6581.01399694875	1.0260263681411743
6581.05603461575	1.0297459363937378
6581.09807228275	1.0308163166046143
6581.14010994975	1.0292028188705444
6581.18214761675	1.0299382209777832
6581.22418528375	1.0307999849319458
6581.26622295075	1.0323714017868042
6581.30826061775	1.0341241359710693
6581.35029828475	1.0363689661026
6581.39233595175	1.0392084121704102
6581.43437361875	1.036481261253357
6581.47641128575	1.0300989151000977
6581.51844895275	1.0313018560409546
6581.56048661975	1.0353856086730957
6581.60252428675	1.036603331565857
6581.64456195375	1.037534236907959
6581.68659962075	1.034680962562561
6581.72863728775	1.0320498943328857
6581.77067495475	1.0335413217544556
6581.81271262175	1.0358632802963257
6581.8547502887495	1.0358493328094482
6581.89678795575	1.0358693599700928
6581.93882562275	1.0338332653045654
6581.98086328975	1.0325926542282104
6582.02290095675	1.0345189571380615
6582.06493862375	1.035090446472168
6582.10697629075	1.0342528820037842
6582.14901395775	1.0332823991775513
6582.19105162475	1.032878041267395
6582.23308929175	1.0326288938522339
6582.27512695875	1.0323677062988281
6582.31716462575	1.032401204109192
6582.35920229275	1.0322978496551514
6582.40123995975	1.0301998853683472
6582.44327762675	1.0279905796051025
6582.48531529375	1.0287591218948364
6582.52735296075	1.0316637754440308
6582.56939062775	1.0304086208343506
6582.61142829475	1.0289971828460693
6582.65346596175	1.028998851776123
6582.69550362875	1.0300111770629883
6582.73754129575	1.0281602144241333
6582.77957896275	1.0270607471466064
6582.82161662975	1.028302788734436
6582.86365429675	1.029412031173706
6582.90569196375	1.0307822227478027
6582.94772963075	1.0306771993637085
6582.98976729775	1.0263115167617798
6583.03180496475	1.0228526592254639
6583.07384263175	1.0234335660934448
6583.11588029875	1.0240421295166016
6583.15791796575	1.0257441997528076
6583.19995563275	1.025911808013916
6583.24199329975	1.0258978605270386
6583.28403096675	1.0243916511535645
6583.32606863375	1.0192646980285645
6583.36810630075	1.0175552368164062
6583.41014396775	1.0186456441879272
6583.45218163475	1.0196449756622314
6583.49421930175	1.0206059217453003
6583.5362569687495	1.0195159912109375
6583.57829463575	1.0177719593048096
6583.62033230275	1.0174068212509155
6583.66236996975	1.0187592506408691
6583.70440763675	1.0212252140045166
6583.74644530375	1.0253517627716064
6583.78848297075	1.025132656097412
6583.83052063775	1.0248401165008545
6583.87255830475	1.020642876625061
6583.91459597175	1.0157667398452759
6583.95663363875	1.0171542167663574
6583.99867130575	1.0199772119522095
6584.04070897275	1.0242297649383545
6584.0827466397495	1.0276062488555908
6584.12478430675	1.0274250507354736
6584.16682197375	1.0268778800964355
6584.20885964075	1.0248816013336182
6584.25089730775	1.0241714715957642
6584.29293497475	1.0269638299942017
6584.33497264175	1.0286660194396973
6584.37701030875	1.0293790102005005
6584.41904797575	1.0296534299850464
6584.46108564275	1.0283429622650146
6584.50312330975	1.027747631072998
6584.54516097675	1.0246474742889404
6584.58719864375	1.024884581565857
6584.62923631075	1.0269969701766968
6584.67127397775	1.029274821281433
6584.71331164475	1.0326157808303833
6584.75534931175	1.0289655923843384
6584.79738697875	1.0213441848754883
6584.83942464575	1.0214459896087646
6584.88146231275	1.0242253541946411
6584.92349997975	1.0244673490524292
6584.96553764675	1.0245625972747803
6585.00757531375	1.0231139659881592
6585.04961298075	1.022020697593689
6585.09165064775	1.020339846611023
6585.13368831475	1.0184844732284546
6585.17572598175	1.0177174806594849
6585.21776364875	1.0163135528564453
6585.25980131575	1.0165148973464966
6585.30183898275	1.0164810419082642
6585.34387664975	1.0157536268234253
6585.38591431675	1.015433669090271
6585.42795198375	1.0153281688690186
6585.46998965075	1.0139873027801514
6585.51202731775	1.0101481676101685
6585.55406498475	1.0095677375793457
6585.59610265175	1.0120556354522705
6585.63814031875	1.01291024684906
6585.68017798575	1.0127384662628174
6585.72221565275	1.0122162103652954
6585.7642533197495	1.0116280317306519
6585.80629098675	1.010990858078003
6585.84832865375	1.0105891227722168
6585.89036632075	1.0092449188232422
6585.93240398775	1.0078728199005127
6585.97444165475	1.0106086730957031
6586.01647932175	1.0146654844284058
6586.05851698875	1.0130695104599
6586.10055465575	1.0111801624298096
6586.14259232275	1.0124627351760864
6586.18462998975	1.0124200582504272
6586.22666765675	1.0059138536453247
6586.26870532375	1.000902771949768
6586.3107429907495	1.0013103485107422
6586.35278065775	1.0002796649932861
6586.39481832475	0.9971576929092407
6586.43685599175	0.9940553903579712
6586.47889365875	0.9920909404754639
6586.52093132575	0.9890748858451843
6586.56296899275	0.9863442182540894
6586.60500665975	0.9836766719818115
6586.64704432675	0.9800085425376892
6586.68908199375	0.9814903736114502
6586.73111966075	0.988878071308136
6586.77315732775	0.9912776350975037
6586.81519499475	0.9916607141494751
6586.85723266175	0.9940686821937561
6586.89927032875	0.9968175292015076
6586.94130799575	0.9981086850166321
6586.98334566275	0.9985349774360657
6587.02538332975	1.0006012916564941
6587.06742099675	1.002259373664856
6587.10945866375	1.003139615058899
6587.15149633075	1.0034382343292236
6587.19353399775	1.0033453702926636
6587.23557166475	1.0037504434585571
6587.27760933175	1.0087738037109375
6587.31964699875	1.0118427276611328
6587.36168466575	1.0091896057128906
6587.40372233275	1.0069953203201294
6587.4457599997495	1.007335901260376
6587.48779766675	1.0068213939666748
6587.52983533375	1.0088670253753662
6587.57187300075	1.0075950622558594
6587.61391066775	1.0014784336090088
6587.65594833475	1.002098798751831
6587.69798600175	1.0061531066894531
6587.74002366875	1.008061408996582
6587.78206133575	1.0088367462158203
6587.82409900275	1.0078752040863037
6587.86613666975	1.005108118057251
6587.90817433675	1.0056463479995728
6587.95021200375	1.0080268383026123
6587.9922496707495	1.0078015327453613
6588.03428733775	1.007251501083374
6588.07632500475	1.004879117012024
6588.11836267175	1.0018185377120972
6588.16040033875	1.0014662742614746
6588.20243800575	1.0014662742614746
6588.24447567275	1.0037895441055298
6588.28651333975	1.0055783987045288
6588.32855100675	1.0049959421157837
6588.37058867375	1.004014492034912
6588.41262634075	1.0028858184814453
6588.45466400775	1.000862717628479
6588.49670167475	0.9969285130500793
6588.5387393417495	0.9969269037246704
6588.58077700875	1.0024409294128418
6588.62281467575	1.004475474357605
6588.66485234275	1.0031307935714722
6588.70689000975	1.0033166408538818
6588.74892767675	1.002941370010376
6588.79096534375	1.0023635625839233
6588.83300301075	1.0013905763626099
6588.87504067775	1.0029878616333008
6588.91707834475	1.0060323476791382
6588.95911601175	1.0057910680770874
6589.00115367875	1.0041828155517578
6589.04319134575	1.007143497467041
6589.08522901275	1.010758399963379
6589.12726667975	1.0100722312927246
6589.16930434675	1.0083389282226562
6589.21134201375	1.0060487985610962
6589.25337968075	1.00473952293396
6589.29541734775	1.0060064792633057
6589.33745501475	1.007209062576294
6589.37949268175	1.005902886390686
6589.42153034875	1.0055445432662964
6589.46356801575	1.0050029754638672
6589.50560568275	1.005000114440918
6589.54764334975	1.005792260169983
6589.58968101675	1.0059963464736938
6589.63171868375	1.0074533224105835
6589.6737563507495	1.0068271160125732
6589.71579401775	1.0027246475219727
6589.75783168475	1.0021370649337769
6589.79986935175	1.0031503438949585
6589.84190701875	1.0036054849624634
6589.88394468575	1.0030217170715332
6589.92598235275	1.0047578811645508
6589.96802001975	1.006772518157959
6590.01005768675	1.0039231777191162
6590.05209535375	0.9996919631958008
6590.09413302075	1.001132845878601
6590.13617068775	1.0031375885009766
6590.17820835475	1.0007386207580566
6590.2202460217495	0.9983053803443909
6590.26228368875	0.999638020992279
6590.30432135575	1.0007951259613037
6590.34635902275	1.0025606155395508
6590.38839668975	1.0022202730178833
6590.43043435675	0.997897207736969
6590.47247202375	0.9951774477958679
6590.51450969075	0.9958269000053406
6590.55654735775	0.9963778853416443
6590.59858502475	0.9968603849411011
6590.64062269175	0.9954141974449158
6590.68266035875	0.9906978011131287
6590.72469802575	0.989284098148346
6590.7667356927495	0.9903351068496704
6590.80877335975	0.9907494187355042
6590.85081102675	0.9922710061073303
6590.89284869375	0.9931846261024475
6590.93488636075	0.9936627745628357
6590.97692402775	0.9950699806213379
6591.01896169475	0.9961100816726685
6591.06099936175	0.9946129322052002
6591.10303702875	0.9922711253166199
6591.14507469575	0.9891207814216614
6591.18711236275	0.9862815737724304
6591.22915002975	0.9877333641052246
6591.27118769675	0.9891292452812195
6591.31322536375	0.9883792996406555
6591.3552630307495	0.9876424670219421
6591.39730069775	0.9889799356460571
6591.43933836475	0.9889988899230957
6591.48137603175	0.9855088591575623
6591.52341369875	0.9846827387809753
6591.56545136575	0.9869163632392883
6591.60748903275	0.9884757399559021
6591.64952669975	0.9903931617736816
6591.69156436675	0.9899500608444214
6591.73360203375	0.9875951409339905
6591.77563970075	0.9867080450057983
6591.81767736775	0.986760139465332
6591.85971503475	0.9865567684173584
6591.9017527017495	0.9850049614906311
6591.94379036875	0.9873999357223511
6591.98582803575	0.9912408590316772
6592.02786570275	0.9888832569122314
6592.06990336975	0.985500693321228
6592.11194103675	0.9852935075759888
6592.15397870375	0.9853706359863281
6592.19601637075	0.9835863709449768
6592.23805403775	0.9828329682350159
6592.28009170475	0.9869109392166138
6592.32212937175	0.9899317026138306
6592.36416703875	0.9899231195449829
6592.40620470575	0.9885817766189575
6592.4482423727495	0.98455810546875
6592.49028003975	0.9833208322525024
6592.53231770675	0.9867955446243286
6592.57435537375	0.9872403740882874
6592.61639304075	0.9850820899009705
6592.65843070775	0.9835470914840698
6592.70046837475	0.9821791648864746
6592.74250604175	0.9804704785346985
6592.78454370875	0.9785231351852417
6592.82658137575	0.9783639311790466
6592.86861904275	0.9793972373008728
6592.91065670975	0.9796388149261475
6592.95269437675	0.9798043966293335
6592.9947320437495	0.9797349572181702
6593.03676971075	0.9791836738586426
6593.07880737775	0.9789367914199829
6593.12084504475	0.97785484790802
6593.16288271175	0.9753845930099487
6593.20492037875	0.9737165570259094
6593.24695804575	0.976189911365509
6593.28899571275	0.9781295657157898
6593.33103337975	0.9815055727958679
6593.37307104675	0.9822274446487427
6593.41510871375	0.9779027104377747
6593.45714638075	0.9761441349983215
6593.49918404775	0.9764369130134583
6593.54122171475	0.9767540693283081
6593.5832593817495	0.9779053330421448
6593.62529704875	0.9780024290084839
6593.66733471575	0.9776065945625305
6593.70937238275	0.9773455262184143
6593.75141004975	0.9775564074516296
6593.79344771675	0.9786851406097412
6593.83548538375	0.9795752167701721
6593.87752305075	0.9802411794662476
6593.91956071775	0.9810330271720886
6593.96159838475	0.9814994931221008
6594.00363605175	0.9821106195449829
6594.04567371875	0.9767643809318542
6594.08771138575	0.9715086817741394
6594.1297490527495	0.9776845574378967
6594.17178671975	0.9819551706314087
6594.21382438675	0.9789494872093201
6594.25586205375	0.9769346714019775
6594.29789972075	0.9778926968574524
6594.33993738775	0.9771775007247925
6594.38197505475	0.9735652208328247
6594.42401272175	0.971278965473175
6594.46605038875	0.9710894823074341
6594.50808805575	0.9715979099273682
6594.55012572275	0.9726693630218506
6594.59216338975	0.9739961624145508
6594.63420105675	0.9759755730628967
6594.6762387237495	0.9748354554176331
6594.71827639075	0.9713180065155029
6594.76031405775	0.97466641664505
6594.80235172475	0.9820818901062012
6594.84438939175	0.9808592200279236
6594.88642705875	0.9774231910705566
6594.92846472575	0.980492889881134
6594.97050239275	0.9828870296478271
6595.01254005975	0.9787395596504211
6595.05457772675	0.9751816391944885
6595.09661539375	0.9766646027565002
6595.13865306075	0.9788728952407837
6595.18069072775	0.9812972545623779
6595.2227283947495	0.9828229546546936
6595.2647660617495	0.9822865128517151
6595.30680372875	0.9825474619865417
6595.34884139575	0.9832411408424377
6595.39087906275	0.984070897102356
6595.43291672975	0.9843934774398804
6595.47495439675	0.9846468567848206
6595.51699206375	0.9843652248382568
6595.55902973075	0.9833381175994873
6595.60106739775	0.981531023979187
6595.64310506475	0.9820740818977356
6595.68514273175	0.9841146469116211
6595.72718039875	0.9825621247291565
6595.76921806575	0.9795174598693848
6595.8112557327495	0.9800899624824524
6595.85329339975	0.9816068410873413
6595.89533106675	0.9817565679550171
6595.93736873375	0.9821030497550964
6595.97940640075	0.9815778136253357
6596.02144406775	0.9808828234672546
6596.06348173475	0.9807290434837341
6596.10551940175	0.9808562994003296
6596.14755706875	0.9803434610366821
6596.18959473575	0.979601263999939
6596.23163240275	0.978861927986145
6596.27367006975	0.9786524176597595
6596.31570773675	0.9791521430015564
6596.3577454037495	0.9793814420700073
6596.39978307075	0.9792020916938782
6596.44182073775	0.9789201617240906
6596.48385840475	0.9783853888511658
6596.52589607175	0.9794511795043945
6596.56793373875	0.9809510111808777
6596.60997140575	0.9809706807136536
6596.65200907275	0.9802099466323853
6596.69404673975	0.9786757826805115
6596.73608440675	0.9769672155380249
6596.77812207375	0.9769458770751953
6596.82015974075	0.9769560694694519
6596.86219740775	0.9779698252677917
6596.9042350747495	0.9785349369049072
6596.94627274175	0.9764608144760132
6596.98831040875	0.975032389163971
6597.03034807575	0.9760419130325317
6597.07238574275	0.9779505133628845
6597.11442340975	0.9836740493774414
6597.15646107675	0.9856706857681274
6597.19849874375	0.9820640087127686
6597.24053641075	0.9804059267044067
6597.28257407775	0.9802690148353577
6597.32461174475	0.9797590374946594
6597.36664941175	0.9795909523963928
6597.40868707875	0.9788714647293091
6597.4507247457495	0.977925717830658
6597.4927624127495	0.9771949052810669
6597.53480007975	0.9766709208488464
6597.57683774675	0.9785678386688232
6597.61887541375	0.9825906157493591
6597.66091308075	0.9831184148788452
6597.70295074775	0.9823131561279297
6597.74498841475	0.9816688895225525
6597.78702608175	0.9811452627182007
6597.82906374875	0.9826194643974304
6597.87110141575	0.9840351939201355
6597.91313908275	0.9829514026641846
6597.95517674975	0.9816928505897522
6597.99721441675	0.9805439114570618
6598.0392520837495	0.9795413613319397
6598.08128975075	0.9791049957275391
6598.12332741775	0.9787735939025879
6598.16536508475	0.9781885743141174
6598.20740275175	0.9776890277862549
6598.24944041875	0.9767688512802124
6598.29147808575	0.9778962135314941
6598.33351575275	0.9815933704376221
6598.37555341975	0.9818865060806274
6598.41759108675	0.9806989431381226
6598.45962875375	0.9797153472900391
6598.50166642075	0.9789050817489624
6598.54370408775	0.9786459803581238
6598.5857417547495	0.9791116714477539
6598.62777942175	0.9781137108802795
6598.66981708875	0.9775907397270203
6598.71185475575	0.9794373512268066
6598.75389242275	0.9807003140449524
6598.79593008975	0.9785999655723572
6598.83796775675	0.9765098094940186
6598.88000542375	0.9762845635414124
6598.92204309075	0.9754676222801208
6598.96408075775	0.9744188785552979
6599.00611842475	0.9726811051368713
6599.04815609175	0.967179000377655
6599.09019375875	0.9660378694534302
6599.1322314257495	0.9704764485359192
6599.1742690927495	0.9703971147537231
6599.21630675975	0.9681887626647949
6599.25834442675	0.967542827129364
6599.30038209375	0.9669662117958069
6599.34241976075	0.9674779176712036
6599.38445742775	0.9690524339675903
6599.42649509475	0.9665852189064026
6599.46853276175	0.9638509750366211
6599.51057042875	0.963117241859436
6599.55260809575	0.963685154914856
6599.59464576275	0.9674091935157776
6599.63668342975	0.9713175296783447
6599.6787210967495	0.9736517667770386
6599.7207587637495	0.9754816293716431
6599.76279643075	0.9738132357597351
6599.80483409775	0.9732708930969238
6599.84687176475	0.9769347906112671
6599.88890943175	0.9770436882972717
6599.93094709875	0.9764590859413147
6599.97298476575	0.9362453818321228
