6501.76391853	0.041459167
6501.7639185268	0.7205464839935303
6501.8053776937995	0.7195271253585815
6501.8468368608	0.7194940447807312
6501.8882960278	0.7212913036346436
6501.9297551948	0.723581850528717
6501.9712143618	0.7251697182655334
6502.0126735287995	0.7263102531433105
6502.0541326958	0.7263898849487305
6502.0955918628	0.7264968156814575
6502.1370510298	0.7284336686134338
6502.1785101968	0.7304692268371582
6502.2199693637995	0.7306915521621704
6502.2614285308	0.730070948600769
6502.3028876978	0.7295379042625427
6502.3443468648	0.7285595536231995
6502.3858060318	0.7265244722366333
6502.4272651988	0.7238709926605225
6502.4687243658	0.7210403084754944
6502.5101835328	0.719048023223877
6502.5516426998	0.7185163497924805
6502.5931018668	0.7179046869277954
6502.6345610338	0.7174603343009949
6502.6760202008	0.7181599140167236
6502.7174793678	0.7193397283554077
6502.7589385348	0.7203947305679321
6502.8003977018	0.721001148223877
6502.8418568688	0.7211887240409851
6502.8833160358	0.7208200693130493
6502.9247752027995	0.7208247780799866
6502.9662343698	0.7237797379493713
6503.0076935368	0.7281796336174011
6503.0491527038	0.7314755320549011
6503.0906118708	0.7342172265052795
6503.1320710377995	0.7348874807357788
6503.1735302048	0.7334986925125122
6503.2149893718	0.733006477355957
6503.2564485388	0.7334083318710327
6503.2979077058	0.7317203879356384
6503.3393668727995	0.7280874252319336
6503.3808260398	0.7253278493881226
6503.4222852068	0.7234090566635132
6503.4637443738	0.7210103273391724
6503.5052035408	0.7183129191398621
6503.546662707799	0.7158184051513672
6503.5881218748	0.7135462164878845
6503.6295810418	0.7119119763374329
6503.6710402088	0.7117267847061157
6503.7124993758	0.7145342826843262
6503.7539585428	0.7195308208465576
6503.7954177098	0.7245973348617554
6503.8368768768	0.7288679480552673
6503.8783360438	0.7310395836830139
6503.9197952108	0.7309475541114807
6503.9612543778	0.727620542049408
6504.0027135448	0.7212250828742981
6504.0441727118	0.7148942351341248
6504.0856318788	0.7095704674720764
6504.1270910458	0.7039710879325867
6504.1685502128	0.6984754800796509
6504.2100093798	0.6955292224884033
6504.2514685467995	0.6958290338516235
6504.2929277138	0.699644923210144
6504.3343868808	0.706610918045044
6504.3758460478	0.7133604884147644
6504.4173052148	0.7185097336769104
6504.4587643817995	0.723863422870636
6504.5002235488	0.7295189499855042
6504.5416827158	0.7332187294960022
6504.5831418828	0.7345834374427795
6504.6246010498	0.7349705100059509
6504.666060216799	0.7346091270446777
6504.7075193838	0.7336288094520569
6504.7489785508	0.7324822545051575
6504.7904377178	0.7316329479217529
6504.8318968848	0.731447696685791
6504.8733560518	0.7320386171340942
6504.9148152188	0.7333875894546509
6504.9562743858	0.7356609106063843
6504.9977335528	0.7390490770339966
6505.0391927198	0.7412552237510681
6505.0806518868	0.7402856945991516
6505.1221110538	0.7385851740837097
6505.1635702208	0.7383491396903992
6505.2050293878	0.7386071681976318
6505.2464885548	0.7384883761405945
6505.2879477218	0.7385936379432678
6505.3294068888	0.7391554117202759
6505.3708660557995	0.7394164204597473
6505.4123252228	0.7387744784355164
6505.4537843898	0.7379332184791565
6505.4952435568	0.738370954990387
6505.5367027238	0.7392839193344116
6505.5781618907995	0.7387837171554565
6505.6196210578	0.7368899583816528
6505.6610802248	0.7335407137870789
6505.7025393918	0.7304500341415405
6505.7439985588	0.7308104038238525
6505.7854577257995	0.7323868870735168
6505.8269168928	0.731731116771698
6505.8683760598	0.7306618094444275
6505.9098352268	0.7309357523918152
6505.9512943938	0.7315029501914978
6505.9927535608	0.732791006565094
6506.0342127278	0.7348214387893677
6506.0756718948	0.7351541519165039
6506.1171310618	0.734091579914093
6506.1585902288	0.7343164682388306
6506.2000493958	0.7355661988258362
6506.2415085628	0.7360157370567322
6506.2829677298	0.7360538840293884
6506.3244268968	0.736397922039032
6506.3658860638	0.7367696166038513
6506.4073452308	0.7374743223190308
6506.4488043978	0.7385820746421814
6506.4902635647995	0.7399114370346069
6506.5317227318	0.7409529089927673
6506.5731818988	0.7411453723907471
6506.6146410658	0.7407990097999573
6506.6561002328	0.7394102811813354
6506.6975593997995	0.7375178337097168
6506.7390185668	0.736936092376709
6506.7804777338	0.737304151058197
6506.8219369008	0.7369191646575928
6506.8633960678	0.7357375621795654
6506.9048552347995	0.7350539565086365
6506.9463144018	0.7350648641586304
6506.9877735688	0.7355484366416931
6507.0292327358	0.7365424036979675
6507.0706919028	0.7384821772575378
6507.112151069799	0.7409586906433105
6507.1536102368	0.7422157526016235
6507.1950694038	0.7422642111778259
6507.2365285708	0.7418686151504517
6507.2779877378	0.7408475875854492
6507.3194469048	0.7393146753311157
6507.3609060718	0.7382531762123108
6507.4023652388	0.7384381890296936
6507.4438244058	0.7385333776473999
6507.4852835728	0.7364410161972046
6507.5267427398	0.7327322363853455
6507.5682019068	0.7291736602783203
6507.6096610737995	0.7262056469917297
6507.6511202408	0.7244748473167419
6507.6925794078	0.7243205308914185
6507.7340385748	0.7244950532913208
6507.7754977418	0.72452312707901
6507.8169569087995	0.7266478538513184
6507.8584160758	0.7317317724227905
6507.8998752428	0.7369261980056763
6507.9413344098	0.7402637004852295
6507.9827935768	0.7415983080863953
6508.0242527437995	0.7415332794189453
6508.0657119108	0.7413958311080933
6508.1071710778	0.7413410544395447
6508.1486302448	0.7406520247459412
6508.1900894118	0.7393734455108643
6508.231548578799	0.7383268475532532
6508.2730077458	0.7373584508895874
6508.3144669128	0.7337206602096558
6508.3559260798	0.7256003618240356
6508.3973852468	0.7146551012992859
6508.4388444138	0.7021095156669617
6508.4803035808	0.6882568001747131
6508.5217627478	0.6737529635429382
6508.5632219148	0.6632619500160217
6508.6046810818	0.6619354486465454
6508.6461402488	0.6661834120750427
6508.6875994158	0.6722187399864197
6508.7290585828	0.680381715297699
6508.7705177498	0.6910490393638611
6508.8119769168	0.7035372257232666
6508.8534360838	0.7170883417129517
6508.8948952508	0.7286477088928223
6508.9363544177995	0.7344069480895996
6508.9778135848	0.7371541261672974
6509.0192727518	0.7398490309715271
6509.0607319188	0.7416651248931885
6509.1021910858	0.7416945695877075
6509.1436502527995	0.7412276268005371
6509.1851094198	0.7410867214202881
6509.2265685868	0.7405531406402588
6509.2680277538	0.7400084137916565
6509.3094869208	0.739812433719635
6509.3509460877995	0.7398880124092102
6509.3924052548	0.7400944828987122
6509.4338644218	0.7402984499931335
6509.4753235888	0.739963948726654
6509.5167827558	0.7384465932846069
6509.5582419228	0.7372989058494568
6509.5997010898	0.7381610870361328
6509.6411602568	0.7397152185440063
6509.6826194238	0.7412551045417786
6509.7240785908	0.742705225944519
6509.7655377578	0.743272066116333
6509.8069969248	0.7432012557983398
6509.8484560918	0.7429412007331848
6509.8899152588	0.7427960634231567
6509.9313744258	0.7430937886238098
6509.9728335928	0.7434526085853577
6510.0142927598	0.7432261109352112
6510.0557519267995	0.7427339553833008
6510.0972110938	0.7419780492782593
6510.1386702608	0.7405657768249512
6510.1801294278	0.7385870814323425
6510.2215885948	0.7367851734161377
6510.2630477617995	0.7364662885665894
6510.3045069288	0.7365545034408569
6510.3459660958	0.7350590229034424
6510.3874252628	0.7336082458496094
6510.4288844298	0.7349511981010437
6510.4703435967995	0.737549901008606
6510.5118027638	0.7380638122558594
6510.5532619308	0.7366710901260376
6510.5947210978	0.7353759407997131
6510.6361802648	0.7351816296577454
6510.677639431799	0.7362397313117981
6510.7190985988	0.7375123500823975
6510.7605577658	0.7376852035522461
6510.8020169328	0.737170398235321
6510.8434760998	0.7374377846717834
6510.8849352668	0.7386204600334167
6510.9263944338	0.7395630478858948
6510.9678536008	0.7400093078613281
6511.0093127678	0.7401574850082397
6511.0507719348	0.7398292422294617
6511.0922311018	0.7399215698242188
6511.1336902688	0.7408470511436462
6511.1751494357995	0.74099200963974
6511.2166086028	0.7403950095176697
6511.2580677698	0.7415584921836853
6511.2995269368	0.7442209124565125
6511.3409861038	0.7449256777763367
6511.3824452707995	0.7434279322624207
6511.4239044378	0.7429978847503662
6511.4653636048	0.7441848516464233
6511.5068227718	0.7445057034492493
6511.5482819388	0.7432970404624939
6511.5897411057995	0.7424440383911133
6511.6312002728	0.7431091070175171
6511.6726594398	0.7448092103004456
6511.7141186068	0.7456530332565308
6511.7555777738	0.7419326901435852
6511.797036940799	0.732915997505188
6511.8384961078	0.721031904220581
6511.8799552748	0.708154022693634
6511.9214144418	0.6973502039909363
6511.9628736088	0.690424919128418
6512.0043327758	0.6868022680282593
6512.0457919428	0.6855255961418152
6512.0872511098	0.6851925849914551
6512.1287102768	0.6852827072143555
6512.1701694438	0.6859123110771179
6512.2116286108	0.6874699592590332
6512.2530877778	0.6914312839508057
6512.2945469448	0.6988353729248047
6512.3360061118	0.7087660431861877
6512.3774652788	0.7198306322097778
6512.4189244458	0.7307977080345154
6512.4603836128	0.7410116195678711
6512.5018427797995	0.7496329545974731
6512.5433019468	0.755831241607666
6512.5847611138	0.7597967386245728
6512.6262202808	0.7613844871520996
6512.6676794478	0.762043297290802
6512.7091386147995	0.7634970545768738
6512.7505977818	0.764729380607605
6512.7920569488	0.7644326686859131
6512.8335161158	0.765011191368103
6512.8749752828	0.7691776156425476
6512.916434449799	0.7731844782829285
6512.9578936168	0.7728684544563293
6512.9993527838	0.770662784576416
6513.0408119508	0.7692844867706299
6513.0822711178	0.7689723968505859
6513.1237302848	0.770531177520752
6513.1651894518	0.7728001475334167
6513.2066486188	0.7736334800720215
6513.2481077858	0.7739143371582031
6513.2895669528	0.7751679420471191
6513.3310261198	0.7764021754264832
6513.3724852868	0.7753878235816956
6513.4139444538	0.7719581127166748
6513.4554036208	0.7676304578781128
6513.4968627878	0.7633346915245056
6513.5383219548	0.7582528591156006
6513.5797811218	0.7536572813987732
6513.6212402887995	0.7531010508537292
6513.6626994558	0.7548215985298157
6513.7041586228	0.7554225325584412
6513.7456177898	0.7562273144721985
6513.7870769568	0.7596368789672852
6513.8285361237995	0.7635972499847412
6513.8699952908	0.7659819722175598
6513.9114544578	0.767827570438385
6513.9529136248	0.769658088684082
6513.9943727918	0.7710752487182617
6514.0358319587995	0.7706279158592224
6514.0772911258	0.7676514983177185
6514.1187502928	0.7606934905052185
6514.1602094598	0.7517561912536621
6514.2016686268	0.7443889379501343
6514.243127793799	0.7387444376945496
6514.2845869608	0.7371525168418884
6514.3260461278	0.7378836274147034
6514.3675052948	0.7364804744720459
6514.4089644618	0.7330765724182129
6514.4504236288	0.7283918261528015
6514.4918827958	0.719910204410553
6514.5333419628	0.700016975402832
6514.5748011298	0.6718021035194397
6514.6162602968	0.6395493149757385
6514.6577194638	0.6072031855583191
6514.6991786308	0.5857442021369934
6514.7406377977995	0.5771368145942688
6514.7820969648	0.5873779654502869
6514.8235561318	0.610614001750946
6514.8650152988	0.6387959718704224
6514.9064744658	0.669724702835083
6514.9479336327995	0.6948896646499634
6514.9893927998	0.714982807636261
6515.0308519668	0.7310531735420227
6515.0723111338	0.7427582144737244
6515.1137703008	0.7497745752334595
6515.1552294677995	0.7535660266876221
6515.1966886348	0.7558530569076538
6515.2381478018	0.7566163539886475
6515.2796069688	0.7570138573646545
6515.3210661358	0.7571357488632202
6515.362525302799	0.756847083568573
6515.4039844698	0.7562509179115295
6515.4454436368	0.7548460960388184
6515.4869028038	0.7524480819702148
6515.5283619708	0.7494760751724243
6515.5698211378	0.7453792095184326
6515.6112803048	0.7379419803619385
6515.6527394718	0.7270768284797668
6515.6941986388	0.7136316895484924
6515.7356578058	0.6993354558944702
6515.7771169728	0.6874234080314636
6515.8185761398	0.6788955330848694
6515.8600353068	0.6765350103378296
6515.9014944738	0.6808757781982422
6515.9429536408	0.6903496980667114
6515.9844128078	0.7025484442710876
6516.0258719748	0.7136037945747375
6516.0673311417995	0.7228803634643555
6516.1087903088	0.7304843068122864
6516.1502494758	0.7355762124061584
6516.1917086428	0.735194981098175
6516.2331678098	0.7277914881706238
6516.2746269767995	0.7126186490058899
6516.3160861438	0.689777672290802
6516.3575453108	0.6590705513954163
6516.3990044778	0.6208133101463318
6516.4404636448	0.5767109394073486
6516.481922811799	0.5317428112030029
6516.5233819788	0.498091459274292
6516.5648411458	0.4808931350708008
6516.6063003128	0.4825994670391083
6516.6477594798	0.5031235814094543
6516.6892186468	0.5362936854362488
6516.7306778138	0.5770828723907471
6516.7721369808	0.6187037825584412
6516.8135961478	0.6557664275169373
6516.8550553148	0.6808983087539673
6516.8965144818	0.6910231709480286
6516.9379736488	0.6903049945831299
6516.9794328158	0.682112991809845
6517.0208919828	0.6724210381507874
6517.0623511498	0.666305422782898
6517.1038103168	0.668500542640686
6517.1452694838	0.6803246736526489
6517.1867286507995	0.6951386332511902
6517.2281878178	0.7095797061920166
6517.2696469848	0.7249577641487122
6517.3111061518	0.7408140897750854
6517.3525653188	0.7535682916641235
6517.3940244857995	0.7608993649482727
6517.4354836528	0.7638756036758423
6517.4769428198	0.7640384435653687
6517.5184019868	0.7651811838150024
6517.5598611538	0.769126296043396
6517.6013203207995	0.7718788981437683
6517.6427794878	0.7711341381072998
6517.6842386548	0.7687343955039978
6517.7256978218	0.7655120491981506
6517.7671569888	0.7604870200157166
6517.808616155799	0.7528482675552368
6517.8500753228	0.7422534823417664
6517.8915344898	0.7284377813339233
6517.9329936568	0.7147321701049805
6517.9744528238	0.7055178284645081
6518.0159119908	0.7025458812713623
6518.0573711578	0.7066702842712402
6518.0988303248	0.7152448296546936
6518.1402894918	0.7265681624412537
6518.1817486588	0.7391964197158813
6518.2232078258	0.7509558200836182
6518.2646669928	0.7603781223297119
6518.3061261597995	0.7653576731681824
6518.3475853268	0.7678037285804749
6518.3890444938	0.7699321508407593
6518.4305036608	0.7703665494918823
6518.4719628278	0.7677249312400818
6518.5134219947995	0.7646551728248596
6518.5548811618	0.7638617157936096
6518.5963403288	0.763339638710022
6518.6377994958	0.7606200575828552
6518.6792586628	0.7562323808670044
6518.7207178297995	0.7519306540489197
6518.7621769968	0.7502425909042358
6518.8036361638	0.7529768347740173
6518.8450953308	0.7563571929931641
6518.8865544978	0.7565911412239075
6518.928013664799	0.7542693018913269
6518.9694728318	0.7498860955238342
6519.0109319988	0.7440524101257324
6519.0523911658	0.7364605665206909
6519.0938503328	0.7292541861534119
6519.1353094998	0.7262654304504395
6519.1767686668	0.7237987518310547
6519.2182278338	0.7170311212539673
6519.2596870008	0.7066106796264648
6519.3011461678	0.6915029287338257
6519.3426053348	0.6732059121131897
6519.3840645018	0.6548063158988953
6519.4255236687995	0.6403012871742249
6519.4669828358	0.6364570260047913
6519.5084420028	0.6408112049102783
6519.5499011698	0.6525906324386597
6519.5913603368	0.6703040599822998
6519.6328195037995	0.6902187466621399
6519.6742786708	0.7098037004470825
6519.7157378378	0.725256621837616
6519.7571970048	0.7372857332229614
6519.7986561718	0.7447507977485657
6519.8401153387995	0.7486065626144409
6519.8815745058	0.7506314516067505
6519.9230336728	0.7507473230361938
6519.9644928398	0.7482648491859436
6520.0059520068	0.7460417151451111
6520.047411173799	0.7494471669197083
6520.0888703408	0.754194974899292
6520.1303295078	0.7543332576751709
6520.1717886748	0.7533705830574036
6520.2132478418	0.7555208802223206
6520.2547070088	0.7583760619163513
6520.2961661758	0.7592552304267883
6520.3376253428	0.7588608860969543
6520.3790845098	0.758267879486084
6520.4205436768	0.7575545310974121
6520.4620028438	0.7552204728126526
6520.5034620108	0.7522337436676025
6520.5449211778	0.751406729221344
6520.5863803448	0.751645565032959
6520.6278395118	0.7504376173019409
6520.6692986788	0.7485602498054504
6520.7107578458	0.7489237785339355
6520.7522170127995	0.7510175108909607
6520.7936761798	0.7538881897926331
6520.8351353468	0.7564147114753723
6520.8765945138	0.7543715238571167
6520.9180536808	0.7501563429832458
6520.9595128477995	0.7493371963500977
6521.0009720148	0.7502427697181702
6521.0424311818	0.750304639339447
6521.0838903488	0.7499564290046692
6521.1253495158	0.7494298219680786
6521.1668086827995	0.7487449645996094
6521.2082678498	0.7478830218315125
6521.2497270168	0.7469706535339355
6521.2911861838	0.7464578151702881
6521.3326453508	0.746124267578125
6521.374104517799	0.745513916015625
6521.4155636848	0.7449851036071777
6521.4570228518	0.7461245059967041
6521.4984820188	0.7487598061561584
6521.5399411858	0.7509122490882874
6521.5814003528	0.7513219118118286
6521.6228595198	0.7486595511436462
6521.6643186868	0.7447218298912048
6521.7057778538	0.7428367733955383
6521.7472370208	0.7421697974205017
6521.7886961878	0.7405256628990173
6521.8301553548	0.7379850149154663
6521.8716145217995	0.7351041436195374
6521.9130736888	0.7324132323265076
6521.9545328558	0.7310499548912048
6521.9959920228	0.729893147945404
6522.0374511898	0.7257939577102661
6522.0789103567995	0.7202989459037781
6522.1203695238	0.7177315950393677
6522.1618286908	0.7170565724372864
6522.2032878578	0.716332197189331
6522.2447470248	0.7169526219367981
6522.2862061917995	0.7207969427108765
6522.3276653588	0.7265341281890869
6522.3691245258	0.7318403124809265
6522.4105836928	0.7366218566894531
6522.4520428598	0.7410494685173035
6522.493502026799	0.7449222207069397
6522.5349611938	0.7465772032737732
6522.5764203608	0.7462257742881775
6522.6178795278	0.7462744116783142
6522.6593386948	0.7468076348304749
6522.7007978618	0.7474743723869324
6522.7422570288	0.7479124665260315
6522.7837161958	0.7454759478569031
6522.8251753628	0.7408095598220825
6522.8666345298	0.7384775280952454
6522.9080936968	0.7387163639068604
6522.9495528638	0.7390510439872742
6522.9910120307995	0.7392053604125977
6523.0324711978	0.7396140694618225
6523.0739303648	0.7395743727684021
6523.1153895318	0.7381055951118469
6523.1568486988	0.7351290583610535
6523.1983078657995	0.7291387915611267
6523.2397670328	0.72075355052948
6523.2812261998	0.7145309448242188
6523.3226853668	0.7120922207832336
6523.3641445338	0.7137451767921448
6523.4056037007995	0.7179014682769775
6523.4470628678	0.7196855545043945
6523.4885220348	0.7177495360374451
6523.5299812018	0.7130904197692871
6523.5714403688	0.706158459186554
6523.612899535799	0.6964250206947327
6523.6543587028	0.683030903339386
6523.6958178698	0.664617121219635
6523.7372770368	0.643388569355011
6523.7787362038	0.6267724633216858
6523.8201953708	0.6181913614273071
6523.8616545378	0.6199448704719543
6523.9031137048	0.6315643787384033
6523.9445728718	0.6488247513771057
6523.9860320388	0.6689378619194031
6524.0274912058	0.6887858510017395
6524.0689503728	0.7063295841217041
6524.1104095398	0.7190077304840088
6524.1518687068	0.7267482280731201
6524.1933278738	0.7325164675712585
6524.2347870408	0.7368530631065369
6524.2762462078	0.7396091222763062
6524.3177053747995	0.7415566444396973
6524.3591645418	0.7422802448272705
6524.4006237088	0.7417490482330322
6524.4420828758	0.7428770065307617
6524.4835420428	0.7462398409843445
6524.5250012097995	0.748252809047699
6524.5664603768	0.7477972507476807
6524.6079195438	0.7462290525436401
6524.6493787108	0.7444277405738831
6524.6908378778	0.7445870041847229
6524.732297044799	0.7473517060279846
6524.7737562118	0.7491072416305542
6524.8152153788	0.7485963106155396
6524.8566745458	0.7496376037597656
6524.8981337128	0.7530801296234131
6524.939592879799	0.7540474534034729
6524.9810520468	0.7511017918586731
6525.0225112138	0.7484456300735474
6525.0639703808	0.7476455569267273
6525.1054295478	0.7478175163269043
6525.1468887148	0.7491047382354736
6525.1883478818	0.7501384615898132
6525.2298070488	0.7495689988136292
6525.2712662158	0.7491963505744934
6525.3127253828	0.7503165006637573
6525.3541845498	0.7509161829948425
6525.3956437168	0.750019371509552
6525.4371028837995	0.7495681047439575
6525.4785620508	0.7500783205032349
6525.5200212178	0.749694287776947
6525.5614803848	0.7477747201919556
6525.6029395518	0.7455922961235046
6525.6443987187995	0.743449330329895
6525.6858578858	0.7402621507644653
6525.7273170528	0.7362699508666992
6525.7687762198	0.7336457371711731
6525.8102353868	0.7334556579589844
6525.8516945537995	0.7347168922424316
6525.8931537208	0.7364751696586609
6525.9346128878	0.7390013933181763
6525.9760720548	0.7427767515182495
6526.0175312218	0.7460573315620422
6526.058990388799	0.7476925849914551
6526.1004495558	0.7488343119621277
6526.1419087228	0.7497067451477051
6526.1833678898	0.7505878806114197
6526.2248270568	0.7521930932998657
6526.2662862238	0.753632664680481
6526.3077453908	0.7537742853164673
6526.3492045578	0.7527254223823547
6526.3906637248	0.7512156963348389
6526.4321228918	0.7497344613075256
6526.4735820588	0.7480799555778503
6526.5150412258	0.747757077217102
6526.5565003927995	0.7504490613937378
6526.5979595598	0.7536006569862366
6526.6394187268	0.754732608795166
6526.6808778938	0.7549227476119995
6526.7223370608	0.7555317282676697
6526.7637962277995	0.75632244348526
6526.8052553948	0.7566835284233093
6526.8467145618	0.7565362453460693
6526.8881737288	0.7556624412536621
6526.9296328958	0.7544866800308228
6526.9710920627995	0.7539178133010864
6527.0125512298	0.7542309165000916
6527.0540103968	0.7551557421684265
6527.0954695638	0.7555631399154663
6527.1369287308	0.7550097703933716
6527.178387897799	0.7543686628341675
6527.2198470648	0.7539395093917847
6527.2613062318	0.7538259029388428
6527.3027653988	0.7539563775062561
6527.3442245658	0.7528090476989746
6527.3856837328	0.7497406005859375
6527.4271428998	0.7468682527542114
6527.4686020668	0.745283305644989
6527.5100612338	0.7441418766975403
6527.5515204008	0.7435532808303833
6527.5929795678	0.7440340518951416
6527.6344387348	0.7455715537071228
6527.6758979017995	0.747727632522583
6527.7173570688	0.7498793601989746
6527.7588162358	0.7511531114578247
6527.8002754028	0.7512931227684021
6527.8417345698	0.7509817481040955
6527.8831937367995	0.7504532337188721
6527.9246529038	0.7496771216392517
6527.9661120708	0.7485315203666687
6528.0075712378	0.7481135129928589
6528.0490304048	0.750370979309082
6528.0904895717995	0.7548182010650635
6528.1319487388	0.7597689628601074
6528.1734079058	0.7623578310012817
6528.2148670728	0.7605568170547485
6528.2563262398	0.7579182982444763
6528.297785406799	0.7574689984321594
6528.3392445738	0.7583385705947876
6528.3807037408	0.7596842646598816
6528.4221629078	0.7602012753486633
6528.4636220748	0.7588964700698853
6528.505081241799	0.7577924728393555
6528.5465404088	0.7590855956077576
6528.5879995758	0.7605767250061035
6528.6294587428	0.7596503496170044
6528.6709179098	0.7584503889083862
6528.7123770768	0.7593121528625488
6528.7538362438	0.7609329223632812
6528.7952954108	0.7615634202957153
6528.8367545778	0.7614416480064392
6528.8782137448	0.7614902257919312
6528.9196729118	0.7615540027618408
6528.9611320788	0.7614186406135559
6529.0025912457995	0.7610514163970947
6529.0440504128	0.759372889995575
6529.0855095798	0.7571304440498352
6529.1269687468	0.7563762664794922
6529.1684279138	0.7568711042404175
6529.2098870807995	0.7582275867462158
6529.2513462478	0.7599284052848816
6529.2928054148	0.7611606121063232
6529.3342645818	0.7622743248939514
6529.3757237488	0.7625840902328491
6529.4171829157995	0.7610940337181091
6529.4586420828	0.7583093643188477
6529.5001012498	0.756433367729187
6529.5415604168	0.7573638558387756
6529.5830195838	0.7585752606391907
6529.624478750799	0.7569677233695984
6529.6659379178	0.7547305822372437
6529.7073970848	0.7541091442108154
6529.7488562518	0.753322184085846
6529.7903154188	0.7513558268547058
6529.8317745858	0.75022953748703
6529.8732337528	0.751416027545929
6529.9146929198	0.7538851499557495
6529.9561520868	0.7570865750312805
6529.9976112538	0.7591934204101562
6530.0390704208	0.7579333782196045
6530.0805295878	0.7567328214645386
6530.1219887547995	0.7586243748664856
6530.1634479218	0.7604683041572571
6530.2049070888	0.7598865032196045
6530.2463662558	0.7582988142967224
6530.2878254228	0.7565308213233948
6530.3292845897995	0.7542877197265625
6530.3707437568	0.7509522438049316
6530.4122029238	0.7458105087280273
6530.4536620908	0.738288164138794
6530.4951212578	0.7301989197731018
6530.5365804247995	0.7241507768630981
6530.5780395918	0.7209892272949219
6530.6194987588	0.721785306930542
6530.6609579258	0.7256299257278442
6530.7024170928	0.7316160202026367
6530.743876259799	0.7385925650596619
6530.7853354268	0.7449679970741272
6530.8267945938	0.7493667006492615
6530.8682537608	0.7506699562072754
6530.9097129278	0.7514005899429321
6530.9511720948	0.7528692483901978
6530.9926312618	0.7543254494667053
6531.0340904288	0.7558375000953674
6531.0755495958	0.7566887736320496
6531.1170087628	0.7561773061752319
6531.1584679298	0.7558898329734802
6531.1999270968	0.7575121521949768
6531.2413862637995	0.7589394450187683
6531.2828454308	0.7581567168235779
6531.3243045978	0.7572670578956604
6531.3657637648	0.7580395936965942
6531.4072229318	0.7596337199211121
6531.4486820987995	0.7612118124961853
6531.4901412658	0.7623531818389893
6531.5316004328	0.7627763152122498
6531.5730595998	0.7631504535675049
6531.6145187668	0.7649263739585876
6531.6559779337995	0.7665268778800964
6531.6974371008	0.76490718126297
6531.7388962678	0.7623059153556824
6531.7803554348	0.7614966034889221
6531.8218146018	0.7615761756896973
6531.863273768799	0.7615508437156677
6531.9047329358	0.7610476613044739
6531.9461921028	0.7599776387214661
6531.9876512698	0.7577371001243591
6532.0291104368	0.7538785338401794
6532.070569603799	0.7474669218063354
6532.1120287708	0.7353116869926453
6532.1534879378	0.7179437875747681
6532.1949471048	0.6965563297271729
6532.2364062718	0.6722345352172852
6532.2778654388	0.6465211510658264
6532.3193246058	0.626298725605011
6532.3607837728	0.621787965297699
6532.4022429398	0.6301867961883545
6532.4437021068	0.6491909027099609
6532.4851612738	0.6729293465614319
6532.5266204408	0.6938468813896179
6532.5680796077995	0.7127899527549744
6532.6095387748	0.7295743227005005
6532.6509979418	0.7437073588371277
6532.6924571088	0.7533811926841736
6532.7339162758	0.75872403383255
6532.7753754427995	0.7605342864990234
6532.8168346098	0.760715901851654
6532.8582937768	0.7613517045974731
6532.8997529438	0.7618299126625061
6532.9412121108	0.7612892985343933
6532.982671277799	0.7609847784042358
6533.0241304448	0.7635263204574585
6533.0655896118	0.766952633857727
6533.1070487788	0.768143355846405
6533.1485079458	0.7687753438949585
6533.189967112799	0.7709726095199585
6533.2314262798	0.7719848155975342
6533.2728854468	0.7680513262748718
6533.3143446138	0.7626261711120605
6533.3558037808	0.7604591250419617
6533.3972629478	0.7610989212989807
6533.4387221148	0.7638418078422546
6533.4801812818	0.7662208676338196
6533.5216404488	0.7659816741943359
6533.5630996158	0.765190601348877
6533.6045587828	0.7654655575752258
6533.6460179498	0.7656764984130859
6533.6874771167995	0.7640864253044128
6533.7289362838	0.7594279646873474
6533.7703954508	0.7505582571029663
6533.8118546178	0.7393310070037842
6533.8533137848	0.7269120812416077
6533.8947729517995	0.7132018804550171
6533.9362321188	0.6998494267463684
6533.9776912858	0.6908540725708008
6534.0191504528	0.6903411149978638
6534.0606096198	0.694412350654602
6534.1020687867995	0.699810266494751
6534.1435279538	0.7074262499809265
6534.1849871208	0.7172221541404724
6534.2264462878	0.7267534136772156
6534.2679054548	0.7340046763420105
6534.309364621799	0.7408910393714905
6534.3508237888	0.7474837899208069
6534.3922829558	0.7517661452293396
6534.4337421228	0.7533738017082214
6534.4752012898	0.753406286239624
6534.5166604568	0.7514672875404358
6534.5581196238	0.7487427592277527
6534.5995787908	0.7469837069511414
6534.6410379578	0.7455876469612122
6534.6824971248	0.7448773980140686
6534.7239562918	0.745469331741333
6534.7654154588	0.7480828762054443
6534.8068746257995	0.7515395879745483
6534.8483337928	0.75307297706604
6534.8897929598	0.7528074383735657
6534.9312521268	0.7523608207702637
6534.9727112938	0.7527698874473572
6535.0141704607995	0.7541968822479248
6535.0556296278	0.7552064657211304
6535.0970887948	0.7550225853919983
6535.1385479618	0.7548573613166809
6535.1800071288	0.7553889751434326
6535.2214662957995	0.7572696805000305
6535.2629254628	0.7615052461624146
6535.3043846298	0.7653961777687073
6535.3458437968	0.7662992477416992
6535.3873029638	0.7665895223617554
6535.428762130799	0.7682622075080872
6535.4702212978	0.7703710198402405
6535.5116804648	0.7720133066177368
6535.5531396318	0.7724332809448242
6535.5945987988	0.7704052925109863
6535.636057965799	0.7671761512756348
6535.6775171328	0.7654560208320618
6535.7189762998	0.7651069760322571
6535.7604354668	0.764606773853302
6535.8018946338	0.7642176747322083
6535.8433538008	0.7650638818740845
6535.8848129678	0.7666407227516174
6535.9262721348	0.7675968408584595
6535.9677313018	0.7668362259864807
6536.0091904688	0.7636924386024475
6536.0506496358	0.7601978778839111
6536.0921088028	0.7589848637580872
6536.1335679697995	0.7600359916687012
6536.1750271368	0.7624394297599792
6536.2164863038	0.7643980979919434
6536.2579454708	0.7646503448486328
6536.2994046378	0.7644762992858887
6536.3408638047995	0.7650911808013916
6536.3823229718	0.7652505040168762
6536.4237821388	0.763096034526825
6536.4652413058	0.7592321634292603
6536.5067004728	0.7542317509651184
6536.548159639799	0.746734619140625
6536.5896188068	0.7362965941429138
6536.6310779738	0.7262567281723022
6536.6725371408	0.7192534804344177
6536.7139963078	0.7149888873100281
6536.755455474799	0.7139443159103394
6536.7969146418	0.7169964909553528
6536.8383738088	0.7247415781021118
6536.8798329758	0.7342978715896606
6536.9212921428	0.7431579828262329
6536.9627513098	0.7512645125389099
6537.0042104768	0.7574547529220581
6537.0456696438	0.7608583569526672
6537.0871288108	0.761466920375824
6537.1285879778	0.7620416879653931
6537.1700471448	0.7647560238838196
6537.2115063118	0.7674087882041931
6537.2529654787995	0.7680413126945496
6537.2944246458	0.7662768959999084
6537.3358838128	0.7619829773902893
6537.3773429798	0.7586315870285034
6537.4188021468	0.7591891884803772
6537.4602613137995	0.7614540457725525
6537.5017204808	0.7637609243392944
6537.5431796478	0.765779972076416
6537.5846388148	0.7669211030006409
6537.6260979818	0.7677574753761292
6537.6675571487995	0.768727719783783
6537.7090163158	0.7697812914848328
6537.7504754828	0.7710322141647339
6537.7919346498	0.7721656560897827
6537.8333938168	0.773087203502655
6537.874852983799	0.773593544960022
6537.9163121508	0.7728599309921265
6537.9577713178	0.7718496322631836
6537.9992304848	0.7724595665931702
6538.0406896518	0.7750183343887329
6538.082148818799	0.7786319851875305
6538.1236079858	0.7797696590423584
6538.1650671528	0.7761587500572205
6538.2065263198	0.7721139788627625
6538.2479854868	0.771083652973175
6538.2894446538	0.7718530893325806
6538.3309038208	0.7736106514930725
6538.3723629877995	0.7757440805435181
6538.4138221548	0.7774870991706848
6538.4552813218	0.7786867618560791
6538.4967404888	0.7792034149169922
6538.5381996558	0.7794536352157593
6538.5796588227995	0.7797871828079224
6538.6211179898	0.779615044593811
6538.6625771568	0.7785702347755432
6538.7040363238	0.7777011394500732
6538.7454954908	0.7777774930000305
6538.7869546577995	0.7775397300720215
6538.8284138248	0.7764070630073547
6538.8698729918	0.7763738036155701
6538.9113321588	0.7781684398651123
6538.9527913258	0.78043133020401
6538.994250492799	0.782670795917511
6539.0357096598	0.7841268181800842
6539.0771688268	0.784039318561554
6539.1186279938	0.7829633951187134
6539.1600871608	0.781650185585022
6539.201546327799	0.7809453010559082
6539.2430054948	0.780971348285675
6539.2844646618	0.7806588411331177
6539.3259238288	0.7791942358016968
6539.3673829958	0.7771283984184265
6539.4088421628	0.775879979133606
6539.4503013298	0.7762482762336731
6539.4917604967995	0.7776266932487488
6539.5332196638	0.7788377404212952
6539.5746788308	0.7794159054756165
6539.6161379978	0.7794952988624573
6539.6575971648	0.779365599155426
6539.6990563317995	0.7795971035957336
6539.7405154988	0.7806911468505859
6539.7819746658	0.7825781106948853
6539.8234338328	0.7847869992256165
6539.8648929998	0.7873285412788391
6539.9063521667995	0.7896634936332703
6539.9478113338	0.7895965576171875
6539.9892705008	0.7877339720726013
6540.0307296678	0.7873589992523193
6540.0721888348	0.7880319356918335
6540.113648001799	0.7876481413841248
6540.1551071688	0.7868052124977112
6540.1965663358	0.7867845296859741
6540.2380255028	0.7872400879859924
6540.2794846698	0.785926342010498
6540.320943836799	0.7822138071060181
6540.3624030038	0.7787325978279114
6540.4038621708	0.7768508791923523
6540.4453213378	0.7752419710159302
6540.4867805048	0.773614227771759
6540.5282396718	0.7751352190971375
6540.5696988388	0.7803870439529419
6540.6111580058	0.7850356101989746
6540.6526171728	0.7876793742179871
6540.6940763398	0.7901101112365723
6540.7355355068	0.7923465371131897
6540.7769946738	0.7931423187255859
6540.8184538407995	0.7926470041275024
6540.8599130078	0.7928728461265564
6540.9013721748	0.7944146394729614
6540.9428313418	0.7948712706565857
6540.9842905088	0.7940213084220886
6541.0257496757995	0.795036256313324
6541.0672088428	0.7975291609764099
6541.1086680098	0.7968982458114624
6541.1501271768	0.7937801480293274
6541.1915863438	0.7941905856132507
6541.2330455107995	0.797734797000885
6541.2745046778	0.7992839217185974
6541.3159638448	0.7981700301170349
6541.3574230118	0.794935405254364
6541.3988821788	0.7908453941345215
6541.440341345799	0.7897095680236816
6541.4818005128	0.7918063998222351
6541.5232596798	0.7953274846076965
6541.5647188468	0.798589825630188
6541.6061780138	0.7985014915466309
6541.6476371808	0.7958711385726929
6541.6890963478	0.794605553150177
6541.7305555148	0.7953653931617737
6541.7720146818	0.7966398596763611
6541.8134738488	0.7970767617225647
6541.8549330158	0.7952263951301575
6541.8963921828	0.7919643521308899
6541.9378513497995	0.790066659450531
6541.9793105168	0.789457380771637
6542.0207696838	0.7881066203117371
6542.0622288508	0.7848541140556335
6542.1036880178	0.7781535387039185
6542.1451471847995	0.7679907083511353
6542.1866063518	0.7530438899993896
6542.2280655188	0.7353454828262329
6542.2695246858	0.7220389246940613
6542.3109838528	0.7160685658454895
6542.3524430197995	0.7211092710494995
6542.3939021868	0.7338622212409973
6542.4353613538	0.7488294243812561
6542.4768205208	0.7644514441490173
6542.5182796878	0.7767506241798401
6542.559738854799	0.7858946919441223
6542.6011980218	0.7920814156532288
6542.6426571888	0.7951722145080566
6542.6841163558	0.7964812517166138
6542.7255755228	0.797014057636261
6542.767034689799	0.7969577312469482
6542.8084938568	0.7959657311439514
6542.8499530238	0.7943114042282104
6542.8914121908	0.7925702333450317
6542.9328713578	0.7904328107833862
6542.9743305248	0.7884294390678406
6543.0157896918	0.7894123792648315
6543.0572488587995	0.7923245429992676
6543.0987080258	0.7955693602561951
6543.1401671928	0.7988958954811096
6543.1816263598	0.8002868890762329
6543.2230855268	0.8003843426704407
6543.2645446937995	0.7993987798690796
6543.3060038608	0.7980361580848694
6543.3474630278	0.8009932041168213
6543.3889221948	0.80573970079422
6543.4303813618	0.8046490550041199
6543.4718405287995	0.8001335263252258
6543.5132996958	0.796140730381012
6543.5547588628	0.7910022735595703
6543.5962180298	0.7851030826568604
6543.6376771968	0.7774395942687988
6543.679136363799	0.7611889839172363
6543.7205955308	0.7360590100288391
6543.7620546978	0.6996880769729614
6543.8035138648	0.6577995419502258
6543.8449730318	0.6212055087089539
6543.886432198799	0.5952666997909546
6543.9278913658	0.5968244075775146
6543.9693505328	0.617965817451477
6544.0108096998	0.649692177772522
6544.0522688668	0.6877487897872925
6544.0937280338	0.7203223705291748
6544.1351872008	0.7478679418563843
6544.1766463678	0.7688855528831482
6544.2181055348	0.7844750285148621
6544.2595647018	0.7931681871414185
6544.3010238688	0.7973663210868835
6544.3424830358	0.8024247884750366
6544.3839422027995	0.8061814904212952
6544.4254013698	0.8063188195228577
6544.4668605368	0.8056118488311768
6544.5083197038	0.8077523112297058
6544.5497788708	0.8105016946792603
6544.5912380377995	0.8111600279808044
6544.6326972048	0.8113117814064026
6544.6741563718	0.8135710954666138
6544.7156155388	0.8170155882835388
6544.7570747058	0.818000316619873
6544.798533872799	0.8166100382804871
6544.8399930398	0.816241979598999
6544.8814522068	0.8162066340446472
6544.9229113738	0.8131692409515381
6544.9643705408	0.8086673021316528
6545.005829707799	0.8057210445404053
6545.0472888748	0.8047336935997009
6545.0887480418	0.805891215801239
6545.1302072088	0.8085835576057434
6545.1716663758	0.813265860080719
6545.213125542799	0.8181864619255066
6545.2545847098	0.8200727105140686
6545.2960438768	0.8197660446166992
6545.3375030438	0.8179211616516113
6545.3789622108	0.8164564967155457
6545.4204213778	0.8182292580604553
6545.4618805448	0.8209130764007568
6545.5033397117995	0.8218612670898438
6545.5447988788	0.8201965689659119
6545.5862580458	0.8140212893486023
6545.6277172128	0.805592954158783
6545.6691763798	0.7982960939407349
6545.7106355467995	0.7926541566848755
6545.7520947138	0.7887130975723267
6545.7935538808	0.786018431186676
6545.8350130478	0.7854912877082825
6545.8764722148	0.7889835834503174
6545.9179313817995	0.7970244288444519
6545.9593905488	0.8054906725883484
6546.0008497158	0.8116130828857422
6546.0423088828	0.817785382270813
6546.0837680498	0.8245425820350647
6546.125227216799	0.8293284773826599
6546.1666863838	0.8307830095291138
6546.2081455508	0.8303049802780151
6546.2496047178	0.8284583687782288
6546.2910638848	0.8274185657501221
6546.332523051799	0.8301900029182434
6546.3739822188	0.8338053226470947
6546.4154413858	0.8342726230621338
6546.4569005528	0.8325448632240295
6546.4983597198	0.8307310342788696
6546.5398188868	0.8301248550415039
6546.5812780538	0.8313742280006409
6546.6227372207995	0.8328568339347839
6546.6641963878	0.8330202698707581
6546.7056555548	0.8323975205421448
6546.7471147218	0.8316538333892822
6546.7885738888	0.8322509527206421
6546.8300330557995	0.835223913192749
6546.8714922228	0.8381086587905884
6546.9129513898	0.8389403820037842
6546.9544105568	0.838154673576355
6546.9958697238	0.8366948366165161
6547.0373288907995	0.8367141485214233
6547.0787880578	0.8387883305549622
6547.1202472248	0.8407250046730042
6547.1617063918	0.8416518568992615
6547.2031655588	0.8416887521743774
6547.244624725799	0.8408783078193665
6547.2860838928	0.840302050113678
6547.3275430598	0.8400064706802368
6547.3690022268	0.8394286632537842
6547.4104613938	0.8380202054977417
6547.451920560799	0.832140326499939
6547.4933797278	0.820320188999176
6547.5348388948	0.8045772314071655
6547.5762980618	0.7864689826965332
6547.6177572288	0.7681712508201599
6547.6592163958	0.7531854510307312
6547.7006755628	0.748552143573761
6547.7421347298	0.7548938393592834
6547.7835938968	0.7673462629318237
6547.8250530638	0.7838013172149658
6547.8665122308	0.8009415864944458
6547.9079713978	0.8162040114402771
6547.9494305647995	0.828597903251648
6547.9908897318	0.8378245234489441
6548.0323488988	0.8438676595687866
6548.0738080658	0.8476851582527161
6548.1152672328	0.8500497341156006
6548.1567263997995	0.8505464792251587
6548.1981855668	0.8478909730911255
6548.2396447338	0.8430590629577637
6548.2811039008	0.8404348492622375
6548.3225630678	0.8386691212654114
6548.364022234799	0.8307735323905945
6548.4054814018	0.8153877854347229
6548.4469405688	0.7914319634437561
6548.4883997358	0.7612290978431702
6548.5298589028	0.7308435440063477
6548.571318069799	0.7047910094261169
6548.6127772368	0.6919019222259521
6548.6542364038	0.6931259632110596
6548.6956955708	0.7096338272094727
6548.7371547378	0.73757004737854
6548.7786139048	0.768813967704773
6548.8200730718	0.7995254397392273
6548.8615322388	0.8234826922416687
6548.9029914058	0.8404731750488281
6548.9444505728	0.847625195980072
6548.9859097398	0.8476420640945435
6549.0273689068	0.8477959036827087
6549.0688280737995	0.8484210968017578
6549.1102872408	0.8503360748291016
6549.1517464078	0.8535255193710327
6549.1932055748	0.8571560978889465
6549.2346647418	0.8609156012535095
6549.2761239087995	0.8650460243225098
6549.3175830758	0.8694343566894531
6549.3590422428	0.8722984790802002
6549.4005014098	0.8740941286087036
6549.4419605768	0.8767153024673462
6549.4834197437995	0.8798644542694092
6549.5248789108	0.8840327262878418
6549.5663380778	0.8886304497718811
6549.6077972448	0.890163242816925
6549.6492564118	0.8891932368278503
6549.690715578799	0.8882570266723633
6549.7321747458	0.8875385522842407
6549.7736339128	0.8864174485206604
6549.8150930798	0.8852567672729492
6549.8565522468	0.8853439688682556
6549.898011413799	0.8866655230522156
6549.9394705808	0.8889558911323547
6549.9809297478	0.891387403011322
6550.0223889148	0.8943396806716919
6550.0638480818	0.8974795937538147
6550.1053072488	0.8979065418243408
6550.1467664158	0.8968987464904785
6550.1882255827995	0.8972350358963013
6550.2296847498	0.8988723158836365
6550.2711439168	0.9013591408729553
6550.3126030838	0.9034146666526794
6550.3540622508	0.9038950204849243
6550.3955214177995	0.9040449857711792
6550.4369805848	0.9055965542793274
6550.4784397518	0.9081345796585083
6550.5198989188	0.9100610017776489
6550.5613580858	0.9110117554664612
6550.6028172527995	0.9119939208030701
6550.6442764198	0.9136229753494263
6550.6857355868	0.9153715968132019
6550.7271947538	0.9163025617599487
6550.7686539208	0.9166586399078369
6550.810113087799	0.9177539944648743
6550.8515722548	0.9195497035980225
6550.8930314218	0.9212262630462646
6550.9344905888	0.9227415919303894
6550.9759497558	0.9229810237884521
6551.017408922799	0.9212916493415833
6551.0588680898	0.9208140969276428
6551.1003272568	0.9233672618865967
6551.1417864238	0.9269946813583374
6551.1832455908	0.9308174848556519
6551.2247047578	0.9329710006713867
6551.2661639248	0.9316138625144958
6551.3076230917995	0.9312503337860107
6551.3490822588	0.9354062080383301
6551.3905414258	0.9397567510604858
6551.4320005928	0.940794050693512
6551.4734597598	0.9396376013755798
6551.5149189267995	0.9371896386146545
6551.5563780938	0.9352576732635498
6551.5978372608	0.9359906315803528
6551.6392964278	0.9374098777770996
6551.6807555948	0.9368103742599487
6551.7222147617995	0.9361609220504761
6551.7636739288	0.9382760524749756
6551.8051330958	0.9420835971832275
6551.8465922628	0.9447809457778931
6551.8880514298	0.9434482455253601
6551.929510596799	0.9380720853805542
6551.9709697638	0.9326841831207275
6552.0124289308	0.9295462965965271
6552.0538880978	0.9285959005355835
6552.0953472648	0.9298745393753052
6552.136806431799	0.9347270131111145
6552.1782655988	0.9427884817123413
6552.2197247658	0.9488979578018188
6552.2611839328	0.9502094984054565
6552.3026430998	0.9475643634796143
6552.344102266799	0.940869927406311
6552.3855614338	0.9277428388595581
6552.4270206008	0.906710147857666
6552.4684797678	0.8757755756378174
6552.5099389348	0.8371339440345764
6552.5513981018	0.7991985082626343
6552.5928572688	0.7690107822418213
6552.6343164357995	0.757766604423523
6552.6757756028	0.7675836086273193
6552.7172347698	0.795425534248352
6552.7586939368	0.8362802267074585
6552.8001531038	0.8780515193939209
6552.8416122707995	0.9152095913887024
6552.8830714378	0.9443550705909729
6552.9245306048	0.9656552672386169
6552.9659897718	0.980886697769165
6553.0074489388	0.9913753271102905
6553.0489081057995	1.0003029108047485
6553.0903672728	1.0081243515014648
6553.1318264398	1.012840986251831
6553.1732856068	1.015273928642273
6553.2147447738	1.0172460079193115
6553.256203940799	1.0187339782714844
6553.2976631078	1.0204514265060425
6553.3391222748	1.0229997634887695
6553.3805814418	1.0263108015060425
6553.4220406088	1.029024600982666
6553.463499775799	1.0299746990203857
6553.5049589428	1.028928279876709
6553.5464181098	1.0231094360351562
6553.5878772768	1.0125882625579834
6553.6293364438	0.9977834820747375
6553.6707956108	0.9814030528068542
6553.7122547778	0.9704527258872986
6553.7537139447995	0.9652337431907654
6553.7951731118	0.965935230255127
6553.8366322788	0.9729189872741699
6553.8780914458	0.9874160289764404
6553.9195506128	1.0067182779312134
6553.9610097797995	1.027862548828125
6554.0024689468	1.0476911067962646
6554.0439281138	1.0585718154907227
6554.0853872808	1.0643832683563232
6554.1268464478	1.0683467388153076
6554.1683056147995	1.070674180984497
6554.2097647818	1.073621153831482
6554.2512239488	1.0774633884429932
6554.2926831158	1.0854417085647583
6554.3341422828	1.0944441556930542
6554.375601449799	1.0978279113769531
6554.4170606168	1.0995475053787231
6554.4585197838	1.1047550439834595
6554.4999789508	1.1111046075820923
6554.5414381178	1.1157549619674683
6554.582897284799	1.1185038089752197
6554.6243564518	1.1186367273330688
6554.6658156188	1.1189242601394653
6554.7072747858	1.1232582330703735
6554.7487339528	1.1292320489883423
6554.7901931198	1.1356098651885986
6554.8316522868	1.1426875591278076
6554.8731114537995	1.1494406461715698
6554.9145706208	1.156819224357605
6554.9560297878	1.1652321815490723
6554.9974889548	1.1711889505386353
6555.0389481218	1.170751690864563
6555.0804072887995	1.1686071157455444
6555.1218664558	1.1717427968978882
6555.1633256228	1.179875135421753
6555.2047847898	1.1910622119903564
6555.2462439568	1.2005250453948975
6555.2877031237995	1.2039517164230347
6555.3291622908	1.2066078186035156
6555.3706214578	1.2131835222244263
6555.4120806248	1.2208329439163208
6555.4535397918	1.2271922826766968
6555.494998958799	1.2328541278839111
6555.5364581258	1.239060878753662
6555.5779172928	1.248372197151184
6555.6193764598	1.2621078491210938
6555.6608356268	1.275010108947754
6555.702294793799	1.282541275024414
6555.7437539608	1.2873926162719727
6555.7852131278	1.2925888299942017
6555.8266722948	1.2992119789123535
6555.8681314618	1.3076895475387573
6555.9095906288	1.3191088438034058
6555.9510497958	1.333220362663269
6555.9925089628	1.3442455530166626
6556.0339681298	1.3500230312347412
6556.0754272968	1.3554245233535767
6556.1168864638	1.3625718355178833
6556.1583456308	1.3711975812911987
6556.1998047977995	1.3812309503555298
6556.2412639648	1.3911687135696411
6556.2827231318	1.4006267786026
6556.3241822988	1.4113084077835083
6556.3656414658	1.4235210418701172
6556.4071006327995	1.4364428520202637
6556.4485597998	1.4495973587036133
6556.4900189668	1.4621913433074951
6556.5314781338	1.474257469177246
6556.5729373008	1.4850234985351562
6556.614396467799	1.493902325630188
6556.6558556348	1.5030862092971802
6556.6973148018	1.5143883228302002
6556.7387739688	1.5288927555084229
6556.7802331358	1.544202208518982
6556.821692302799	1.555370807647705
6556.8631514698	1.5620694160461426
6556.9046106368	1.564199686050415
6556.9460698038	1.5607482194900513
6556.9875289708	1.548204779624939
6557.028988137799	1.5276217460632324
6557.0704473048	1.5012067556381226
6557.1119064718	1.475324273109436
6557.1533656388	1.4663677215576172
6557.1948248058	1.4769614934921265
6557.2362839728	1.5119507312774658
6557.2777431398	1.5644780397415161
6557.3192023067995	1.620143175125122
6557.3606614738	1.675574541091919
6557.4021206408	1.7260611057281494
6557.4435798078	1.7712557315826416
6557.4850389748	1.8061305284500122
6557.5264981417995	1.8323962688446045
6557.5679573088	1.8542882204055786
6557.6094164758	1.8746073246002197
6557.6508756428	1.8980814218521118
6557.6923348098	1.922123670578003
6557.7337939767995	1.9459021091461182
6557.7752531438	1.9675097465515137
6557.8167123108	1.9791183471679688
6557.8581714778	1.9861371517181396
6557.8996306448	1.997351884841919
6557.941089811799	2.00830078125
6557.9825489788	2.0126984119415283
6558.0240081458	2.0134353637695312
6558.0654673128	2.01644229888916
6558.1069264798	2.026153802871704
6558.148385646799	2.0498876571655273
6558.1898448138	2.086202383041382
6558.2313039808	2.134016275405884
6558.2727631478	2.1870312690734863
6558.3142223148	2.2375030517578125
6558.3556814818	2.2857658863067627
6558.3971406488	2.3284707069396973
6558.4385998157995	2.3648533821105957
6558.4800589828	2.394697904586792
6558.5215181498	2.4199345111846924
6558.5629773168	2.4436187744140625
6558.6044364838	2.4694859981536865
6558.6458956507995	2.501556158065796
6558.6873548178	2.5384960174560547
6558.7288139848	2.5787696838378906
6558.7702731518	2.6193909645080566
6558.8117323188	2.6579720973968506
6558.8531914857995	2.6961092948913574
6558.8946506528	2.734257698059082
6558.9361098198	2.7712254524230957
6558.9775689868	2.8070812225341797
6559.0190281538	2.8414676189422607
6559.060487320799	2.8723788261413574
6559.1019464878	2.8999900817871094
6559.1434056548	2.925694227218628
6559.1848648218	2.9491772651672363
6559.2263239888	2.9700050354003906
6559.267783155799	2.9913079738616943
6559.3092423228	3.0151376724243164
6559.3507014898	3.0389151573181152
6559.3921606568	3.0608394145965576
6559.4336198238	3.0814452171325684
6559.475078990799	3.1019694805145264
6559.5165381578	3.120605707168579
6559.5579973247995	3.135641574859619
6559.5994564918	3.151989221572876
6559.6409156588	3.1721668243408203
6559.6823748258	3.190732717514038
6559.7238339928	3.203784227371216
6559.7652931597995	3.2093417644500732
6559.8067523268	3.2114126682281494
6559.8482114938	3.22279691696167
6559.8896706608	3.243499517440796
6559.9311298278	3.26138973236084
6559.9725889947995	3.2732491493225098
6560.0140481618	3.2812769412994385
6560.0555073288	3.287593126296997
6560.0969664958	3.295053005218506
6560.1384256628	3.3038413524627686
6560.179884829799	3.3121674060821533
6560.2213439968	3.318213701248169
6560.2628031638	3.318626880645752
6560.3042623308	3.311997175216675
6560.3457214978	3.294152021408081
6560.387180664799	3.2699742317199707
6560.4286398318	3.253903388977051
6560.4700989988	3.2529351711273193
6560.5115581658	3.2782227993011475
6560.5530173328	3.324866533279419
6560.594476499799	3.387815237045288
6560.6359356668	3.4615204334259033
6560.6773948338	3.535641670227051
6560.7188540008	3.6061346530914307
6560.7603131678	3.660682201385498
6560.8017723348	3.704608917236328
6560.8432315018	3.7498514652252197
6560.8846906687995	3.7890005111694336
6560.9261498358	3.8029959201812744
6560.9676090028	3.8015289306640625
6561.0090681698	3.7980687618255615
6561.0505273368	3.7931764125823975
6561.0919865037995	3.798835515975952
6561.1334456708	3.8185160160064697
6561.1749048378	3.8533356189727783
6561.2163640048	3.8960862159729004
6561.2578231718	3.9394211769104004
6561.2992823387995	3.981351375579834
6561.3407415058	4.01668643951416
6561.3822006728	4.044069766998291
6561.4236598398	4.058762073516846
6561.4651190068	4.063423156738281
6561.506578173799	4.0620646476745605
6561.5480373408	4.056146621704102
6561.5894965078	4.048724174499512
6561.6309556748	4.0420145988464355
6561.6724148418	4.037266731262207
6561.713874008799	4.029130458831787
6561.7553331758	4.014158248901367
6561.7967923428	4.001948833465576
6561.8382515098	3.9995052814483643
6561.8797106768	3.9997522830963135
6561.9211698438	3.9998626708984375
6561.9626290108	4.000222206115723
6562.0040881777995	3.9978885650634766
6562.0455473448	3.9932193756103516
6562.0870065118	3.988234519958496
6562.1284656788	3.9840521812438965
6562.1699248458	3.979039192199707
6562.2113840127995	3.9689366817474365
6562.2528431798	3.9521076679229736
6562.2943023468	3.930030345916748
6562.3357615138	3.9059202671051025
6562.3772206808	3.8857789039611816
6562.4186798477995	3.8720664978027344
6562.4601390148	3.8657970428466797
6562.5015981818	3.868220329284668
6562.5430573488	3.876603603363037
6562.5845165158	3.8889596462249756
6562.625975682799	3.905773639678955
6562.6674348498	3.9240293502807617
6562.7088940168	3.936016798019409
6562.7503531838	3.9397921562194824
6562.7918123508	3.935621738433838
6562.833271517799	3.9265992641448975
6562.8747306848	3.922426223754883
6562.9161898518	3.9227728843688965
6562.9576490188	3.919674873352051
6562.9991081858	3.9112601280212402
6563.0405673528	3.8983492851257324
6563.0820265198	3.8840887546539307
6563.1234856867995	3.8701233863830566
6563.1649448538	3.8539679050445557
6563.2064040208	3.835073947906494
6563.2478631878	3.8106086254119873
6563.2893223548	3.7702505588531494
6563.3307815217995	3.717372417449951
6563.3722406888	3.660062789916992
6563.4136998558	3.60135555267334
6563.4551590228	3.5435988903045654
6563.4966181898	3.4911394119262695
6563.5380773567995	3.461777925491333
6563.5795365238	3.4518320560455322
6563.6209956908	3.451965570449829
6563.6624548578	3.4580373764038086
6563.7039140248	3.4652833938598633
6563.745373191799	3.4681918621063232
6563.7868323588	3.448002576828003
6563.8282915258	3.407322645187378
6563.8697506928	3.3488380908966064
6563.9112098598	3.27604603767395
6563.952669026799	3.194338083267212
6563.9941281938	3.100074291229248
6564.0355873608	2.9870336055755615
6564.0770465278	2.870138168334961
6564.1185056948	2.7734169960021973
6564.159964861799	2.7050623893737793
6564.2014240288	2.6860249042510986
6564.2428831958	2.7083137035369873
6564.2843423628	2.7622339725494385
6564.3258015298	2.837271213531494
6564.3672606968	2.9163899421691895
6564.4087198638	2.986845016479492
6564.4501790307995	3.031446933746338
6564.4916381978	3.0580670833587646
6564.5330973648	3.0718297958374023
6564.5745565318	3.0727643966674805
6564.6160156988	3.0637624263763428
6564.6574748657995	3.050708532333374
6564.6989340328	3.038282871246338
6564.7403931998	3.024242401123047
6564.7818523668	3.008965015411377
6564.8233115338	2.995392322540283
6564.864770700799	2.983771800994873
6564.9062298678	2.9711110591888428
6564.9476890348	2.957730293273926
6564.9891482018	2.944352865219116
6565.0306073688	2.9290051460266113
6565.072066535799	2.911245584487915
6565.1135257028	2.892474412918091
6565.1549848698	2.874140977859497
6565.1964440368	2.856126546859741
6565.2379032038	2.836103677749634
6565.279362370799	2.813023090362549
6565.3208215378	2.7873852252960205
6565.3622807048	2.7601325511932373
6565.4037398718	2.7323789596557617
6565.4451990388	2.704054117202759
6565.4866582058	2.6750946044921875
6565.5281173728	2.6465444564819336
6565.5695765397995	2.6188621520996094
6565.6110357068	2.5918872356414795
6565.6524948738	2.5683672428131104
6565.6939540408	2.5482096672058105
6565.7354132078	2.5254831314086914
6565.7768723747995	2.4985785484313965
6565.8183315418	2.470341920852661
6565.8597907088	2.441892147064209
6565.9012498758	2.41216778755188
6565.9427090428	2.382514715194702
6565.9841682097995	2.355990409851074
6566.0256273768	2.3310883045196533
6566.0670865438	2.3062222003936768
6566.1085457108	2.280918836593628
6566.1500048778	2.253830671310425
6566.191464044799	2.226975679397583
6566.2329232118	2.202338695526123
6566.2743823788	2.177748441696167
6566.3158415458	2.153040885925293
6566.3573007128	2.1284916400909424
6566.398759879799	2.098444938659668
6566.4402190468	2.064138174057007
6566.4816782138	2.0323808193206787
6566.5231373808	2.004458427429199
6566.5645965478	1.9815911054611206
6566.606055714799	1.961995244026184
6566.6475148818	1.943511962890625
6566.6889740487995	1.926513433456421
6566.7304332158	1.911549687385559
6566.7718923828	1.8965559005737305
6566.8133515498	1.8785046339035034
6566.8548107168	1.8603812456130981
6566.8962698837995	1.8445085287094116
6566.9377290508	1.8282411098480225
6566.9791882178	1.8099393844604492
6567.0206473848	1.7905250787734985
6567.0621065518	1.7709559202194214
6567.1035657187995	1.7523313760757446
6567.1450248858	1.7357299327850342
6567.1864840528	1.7219752073287964
6567.2279432198	1.7109227180480957
6567.2694023868	1.6991121768951416
6567.310861553799	1.6842529773712158
6567.3523207208	1.666629672050476
6567.3937798878	1.6467732191085815
6567.4352390548	1.6268399953842163
6567.4766982218	1.6072717905044556
6567.518157388799	1.5889930725097656
6567.5596165558	1.5741909742355347
6567.6010757228	1.560910701751709
6567.6425348898	1.5473006963729858
6567.6839940568	1.534726858139038
6567.725453223799	1.52354097366333
6567.7669123908	1.5120930671691895
6567.8083715578	1.4995828866958618
6567.8498307248	1.4863932132720947
6567.8912898918	1.4733879566192627
6567.9327490588	1.4619944095611572
6567.9742082258	1.4518933296203613
6568.0156673927995	1.4422438144683838
6568.0571265598	1.432997465133667
6568.0985857268	1.4226042032241821
6568.1400448938	1.410477638244629
6568.1815040608	1.3972660303115845
6568.2229632277995	1.384088158607483
6568.2644223948	1.3733121156692505
6568.3058815618	1.3642346858978271
6568.3473407288	1.3553025722503662
6568.3887998958	1.3465540409088135
6568.430259062799	1.3363585472106934
6568.4717182298	1.3239647150039673
6568.5131773968	1.3099654912948608
6568.5546365638	1.2944655418395996
6568.5960957308	1.276175618171692
6568.637554897799	1.2563116550445557
6568.6790140648	1.2356743812561035
6568.7204732318	1.21457839012146
6568.7619323988	1.1973800659179688
6568.8033915658	1.1858865022659302
6568.844850732799	1.1818253993988037
6568.8863098998	1.1812087297439575
6568.9277690668	1.1792993545532227
6568.9692282338	1.179459571838379
6569.0106874008	1.1855379343032837
6569.052146567799	1.1930086612701416
6569.0936057348	1.196022391319275
6569.1350649017995	1.195559024810791
6569.1765240688	1.1905707120895386
6569.2179832358	1.1828877925872803
6569.2594424028	1.1761634349822998
6569.3009015698	1.169730544090271
6569.3423607367995	1.1628443002700806
6569.3838199038	1.156422734260559
6569.4252790708	1.1518934965133667
6569.4667382378	1.149657964706421
6569.5081974048	1.14907968044281
6569.5496565717995	1.147438883781433
6569.5911157388	1.1431304216384888
6569.6325749058	1.1383640766143799
6569.6740340728	1.1347291469573975
6569.7154932398	1.1315730810165405
6569.756952406799	1.1281540393829346
6569.7984115738	1.1242300271987915
6569.8398707408	1.1196738481521606
6569.8813299078	1.1141904592514038
6569.9227890748	1.1081700325012207
6569.964248241799	1.1033046245574951
6570.0057074088	1.0995569229125977
6570.0471665758	1.0941983461380005
6570.0886257428	1.087392807006836
6570.1300849098	1.0832659006118774
6570.1715440768	1.0821266174316406
6570.2130032438	1.0802611112594604
6570.2544624107995	1.0766741037368774
6570.2959215778	1.0729118585586548
6570.3373807448	1.0700467824935913
6570.3788399118	1.0678000450134277
6570.4202990788	1.0644057989120483
6570.4617582457995	1.0574382543563843
6570.5032174128	1.0487196445465088
6570.5446765798	1.0419855117797852
6570.5861357468	1.0362471342086792
6570.6275949138	1.029061198234558
6570.6690540807995	1.021756887435913
6570.7105132478	1.0182514190673828
6570.7519724148	1.0178602933883667
6570.7934315818	1.0183385610580444
6570.8348907488	1.0181045532226562
6570.876349915799	1.0141609907150269
6570.9178090828	1.008837342262268
6570.9592682498	1.006411075592041
6571.0007274168	1.0056939125061035
6571.0421865838	1.003210186958313
6571.083645750799	0.9993518590927124
6571.1251049178	0.9975224137306213
6571.1665640848	0.9978048205375671
6571.2080232518	0.9983918070793152
6571.2494824188	0.9974079728126526
6571.290941585799	0.9929031729698181
6571.3324007528	0.9879835247993469
6571.3738599197995	0.9867671132087708
6571.4153190868	0.9858291149139404
6571.4567782538	0.9805968999862671
6571.4982374208	0.9751062989234924
6571.5396965878	0.9742691516876221
6571.5811557547995	0.9751880168914795
6571.6226149218	0.9741920232772827
6571.6640740888	0.9705251455307007
6571.7055332558	0.964480996131897
6571.7469924228	0.9580832719802856
6571.7884515897995	0.9515243768692017
6571.8299107568	0.9410733580589294
6571.8713699238	0.9234922528266907
6571.9128290908	0.8980292677879333
6571.9542882578	0.8657779097557068
6571.995747424799	0.8317540884017944
6572.0372065918	0.8012983202934265
6572.0786657588	0.7834268808364868
6572.1201249258	0.7838523983955383
6572.1615840928	0.799346923828125
6572.203043259799	0.8252272009849548
6572.2445024268	0.8536093235015869
6572.2859615938	0.8790168762207031
6572.3274207608	0.8985567688941956
6572.3688799278	0.9116577506065369
6572.410339094799	0.919582724571228
6572.4517982618	0.9239002466201782
6572.4932574288	0.9273940324783325
6572.5347165958	0.9299883842468262
6572.5761757628	0.9295141696929932
6572.6176349298	0.9272242784500122
6572.6590940968	0.9253024458885193
6572.7005532637995	0.9231568574905396
6572.7420124308	0.9216678142547607
6572.7834715978	0.9218677878379822
6572.8249307648	0.9222603440284729
6572.8663899318	0.9216318726539612
6572.9078490987995	0.9211881756782532
6572.9493082658	0.9212019443511963
6572.9907674328	0.9182060360908508
6573.0322265998	0.913139283657074
6573.0736857668	0.9117287993431091
6573.1151449337995	0.912592351436615
6573.1566041008	0.9102404117584229
6573.1980632678	0.9062539339065552
6573.2395224348	0.9054449200630188
6573.2809816018	0.905658483505249
6573.322440768799	0.9012991189956665
6573.3638999358	0.894586443901062
6573.4053591028	0.89019775390625
6573.4468182698	0.8876686096191406
6573.4882774368	0.8866766095161438
6573.529736603799	0.8864621520042419
6573.5711957708	0.884995698928833
6573.6126549378	0.8825936913490295
6573.6541141048	0.8805496096611023
6573.6955732718	0.8795655369758606
6573.737032438799	0.8800275325775146
6573.7784916058	0.8806242942810059
6573.8199507727995	0.8804908990859985
6573.8614099398	0.8807960748672485
6573.9028691068	0.8819605112075806
6573.9443282738	0.8835474848747253
6573.9857874408	0.8847930431365967
6574.0272466077995	0.8837785720825195
6574.0687057748	0.8803437352180481
6574.1101649418	0.8777350783348083
6574.1516241088	0.8771377205848694
6574.1930832758	0.8766759634017944
6574.2345424427995	0.8755349516868591
6574.2760016098	0.8740088939666748
6574.3174607768	0.8727442026138306
6574.3589199438	0.8722782135009766
6574.4003791108	0.871500551700592
6574.441838277799	0.868364691734314
6574.4832974448	0.8631311655044556
6574.5247566118	0.8580098152160645
6574.5662157788	0.8516876101493835
6574.6076749458	0.8384422063827515
6574.649134112799	0.8167875409126282
6574.6905932798	0.7850825190544128
6574.7320524468	0.7462565302848816
6574.7735116138	0.7077716588973999
6574.8149707808	0.6763810515403748
6574.856429947799	0.663875937461853
6574.8978891148	0.6679995656013489
6574.9393482817995	0.6860480308532715
6574.9808074488	0.7144672870635986
6575.0222666158	0.7488803267478943
6575.0637257828	0.7846638560295105
6575.1051849498	0.8098220825195312
6575.1466441167995	0.8269784450531006
6575.1881032838	0.8393027186393738
6575.2295624508	0.8465186953544617
6575.2710216178	0.8479655385017395
6575.3124807848	0.8464662432670593
6575.3539399517995	0.847653329372406
6575.3953991188	0.8500187993049622
6575.4368582858	0.8516253232955933
6575.4783174528	0.851791501045227
6575.5197766198	0.8498479127883911
6575.561235786799	0.8471012115478516
6575.6026949538	0.8447749614715576
6575.6441541208	0.8441511988639832
6575.6856132878	0.8465728163719177
6575.7270724548	0.8486468195915222
6575.768531621799	0.84758061170578
6575.8099907888	0.8461280465126038
6575.8514499558	0.8465360999107361
6575.8929091228	0.8463019132614136
6575.9343682898	0.8432165384292603
6575.975827456799	0.8405163288116455
6576.0172866238	0.8405089974403381
6576.0587457908	0.8407819867134094
6576.1002049578	0.839965283870697
6576.1416641248	0.8382366299629211
6576.183123291799	0.8354619741439819
6576.2245824588	0.8322081565856934
6576.2660416257995	0.8292450308799744
6576.3075007928	0.8262700438499451
6576.3489599598	0.8233862519264221
6576.3904191268	0.8229345083236694
6576.4318782938	0.8246138095855713
6576.4733374607995	0.8249001502990723
6576.5147966278	0.8241422176361084
6576.5562557948	0.8252926468849182
6576.5977149618	0.8278899788856506
6576.6391741288	0.8301214575767517
6576.680633295799	0.8318002820014954
6576.7220924628	0.8320708274841309
6576.7635516298	0.8308839201927185
6576.8050107968	0.8301293253898621
6576.8464699638	0.8294456005096436
6576.887929130799	0.8263150453567505
6576.9293882978	0.8226456642150879
6576.9708474648	0.8220621943473816
6577.0123066318	0.8223733901977539
6577.0537657988	0.8212085962295532
6577.095224965799	0.8204911947250366
6577.1366841328	0.821852445602417
6577.1781432998	0.8235229849815369
6577.2196024668	0.823024332523346
6577.2610616338	0.8217025995254517
6577.3025208008	0.8228769898414612
6577.3439799678	0.8245111107826233
6577.3854391347995	0.8221362829208374
6577.4268983018	0.8188616037368774
6577.4683574688	0.8188396692276001
6577.5098166358	0.8201176524162292
6577.5512758028	0.8213237524032593
6577.5927349697995	0.8221074342727661
6577.6341941368	0.8219224214553833
6577.6756533038	0.8222070932388306
6577.7171124708	0.8231657147407532
6577.7585716378	0.8221216797828674
6577.8000308047995	0.8181673884391785
6577.8414899718	0.8150713443756104
6577.8829491388	0.8148912787437439
6577.9244083058	0.8154479265213013
6577.9658674728	0.8157403469085693
6578.007326639799	0.8155226111412048
6578.0487858068	0.8144184947013855
6578.0902449738	0.8139740824699402
6578.1317041408	0.814577043056488
6578.1731633078	0.8128839135169983
6578.214622474799	0.8083569407463074
6578.2560816418	0.8060880899429321
6578.2975408088	0.8076317310333252
6578.3389999758	0.8094027638435364
6578.3804591428	0.809800386428833
6578.421918309799	0.8090517520904541
6578.4633774768	0.8079624176025391
6578.5048366437995	0.8080219030380249
6578.5462958108	0.808343768119812
6578.5877549778	0.8075162172317505
6578.6292141448	0.806349515914917
6578.6706733118	0.8048520088195801
6578.7121324787995	0.803027868270874
6578.7535916458	0.8021734952926636
6578.7950508128	0.8020877242088318
6578.8365099798	0.80186527967453
6578.8779691468	0.801457405090332
6578.9194283137995	0.8010677695274353
6578.9608874808	0.8002668619155884
6579.0023466478	0.7974984645843506
6579.0438058148	0.7938764095306396
6579.0852649818	0.7922914028167725
6579.126724148799	0.791828989982605
6579.1681833158	0.7904950976371765
6579.2096424828	0.7894142866134644
6579.2511016498	0.7908705472946167
6579.2925608168	0.7936676144599915
6579.334019983799	0.7948620915412903
6579.3754791508	0.7943935990333557
6579.4169383178	0.7936208248138428
6579.4583974848	0.7937935590744019
6579.4998566518	0.7957770228385925
6579.541315818799	0.7978229522705078
6579.5827749858	0.7980086803436279
6579.6242341527995	0.7967604994773865
6579.6656933198	0.7944567203521729
6579.7071524868	0.7919323444366455
6579.7486116538	0.7903738617897034
6579.7900708208	0.7909948229789734
6579.8315299877995	0.7940163612365723
6579.8729891548	0.796653151512146
6579.9144483218	0.7972992658615112
6579.9559074888	0.7969438433647156
6579.9973666558	0.7962512969970703
6580.0388258227995	0.7950171232223511
6580.0802849898	0.7928012609481812
6580.1217441568	0.7908802628517151
6580.1632033238	0.7906922698020935
6580.2046624908	0.790934145450592
6580.246121657799	0.7909446954727173
6580.2875808248	0.7926552295684814
6580.3290399918	0.7948740124702454
6580.3704991588	0.794180154800415
6580.4119583258	0.7918490171432495
6580.453417492799	0.7899060249328613
6580.4948766598	0.7876619696617126
6580.5363358268	0.7841261625289917
6580.5777949938	0.7785071134567261
6580.6192541608	0.7685479521751404
6580.660713327799	0.7557815909385681
6580.7021724948	0.7434811592102051
6580.7436316618	0.7337900400161743
6580.7850908288	0.7314693331718445
6580.8265499958	0.7338061332702637
6580.868009162799	0.7366799116134644
6580.9094683298	0.7412974238395691
6580.9509274967995	0.7497028112411499
6580.9923866638	0.7600134611129761
6581.0338458308	0.7688524723052979
6581.0753049978	0.7759562730789185
6581.1167641648	0.7800752520561218
6581.1582233317995	0.7815291285514832
6581.1996824988	0.781475305557251
6581.2411416658	0.7810271978378296
6581.2826008328	0.7814762592315674
6581.3240599998	0.7829687595367432
6581.3655191667995	0.7852723002433777
6581.4069783338	0.7868656516075134
6581.4484375008	0.7866251468658447
6581.4898966678	0.7862484455108643
6581.5313558348	0.7871798276901245
6581.572815001799	0.7883875370025635
6581.6142741688	0.7888176441192627
6581.6557333358	0.7885316014289856
6581.6971925028	0.7881540656089783
6581.7386516698	0.7883780598640442
6581.780110836799	0.7885832190513611
6581.8215700038	0.7874643802642822
6581.8630291708	0.785382866859436
6581.9044883378	0.7832972407341003
6581.9459475048	0.7818280458450317
6581.987406671799	0.7819543480873108
6582.0288658388	0.7831352949142456
6582.0703250057995	0.7838345766067505
6582.1117841728	0.7836032509803772
6582.1532433398	0.781916081905365
6582.1947025068	0.7790185809135437
6582.2361616738	0.7767931818962097
6582.2776208407995	0.7762100100517273
6582.3190800078	0.7762558460235596
6582.3605391748	0.7760104537010193
6582.4019983418	0.7761741876602173
6582.4434575088	0.7769577503204346
6582.4849166757995	0.7773582339286804
6582.5263758428	0.7774617075920105
6582.5678350098	0.7782554626464844
6582.6092941768	0.7793854475021362
6582.6507533438	0.780229926109314
6582.692212510799	0.7799669504165649
6582.7336716778	0.7777442336082458
6582.7751308448	0.7761471271514893
6582.8165900118	0.7776428461074829
6582.8580491788	0.7798711657524109
6582.899508345799	0.7802206873893738
6582.9409675128	0.7801908850669861
6582.9824266798	0.7815409302711487
6583.0238858468	0.7822316288948059
6583.0653450138	0.780381441116333
6583.106804180799	0.7768729329109192
6583.1482633478	0.7723388075828552
6583.1897225147995	0.7673017382621765
6583.2311816818	0.7624428272247314
6583.2726408488	0.7578206062316895
6583.314100015799	0.7539951205253601
6583.3555591828	0.752830982208252
6583.3970183497995	0.7537769079208374
6583.4384775168	0.7521713972091675
6583.4799366838	0.7478281259536743
6583.5213958508	0.7467047572135925
6583.5628550178	0.7501330971717834
6583.6043141847995	0.755280613899231
6583.6457733518	0.7609140872955322
6583.6872325188	0.7671155333518982
6583.7286916858	0.7731151580810547
6583.7701508528	0.7768052220344543
6583.811610019799	0.7784884572029114
6583.8530691868	0.779083788394928
6583.8945283538	0.7792246341705322
6583.9359875208	0.7797023057937622
6583.9774466878	0.7804057002067566
6584.018905854799	0.7815008163452148
6584.0603650218	0.7825695276260376
6584.1018241888	0.7828401327133179
6584.1432833558	0.7827195525169373
6584.1847425228	0.7824844121932983
6584.226201689799	0.7819824814796448
6584.2676608568	0.7814674973487854
6584.3091200238	0.7807175517082214
6584.3505791908	0.7794767618179321
6584.3920383578	0.7784658074378967
6584.4334975248	0.7778617739677429
6584.4749566918	0.7781067490577698
6584.5164158587995	0.7801499366760254
6584.5578750258	0.781407356262207
6584.5993341928	0.7792611718177795
6584.6407933598	0.7761402130126953
6584.6822525268	0.7742308378219604
6584.7237116937995	0.7732130289077759
6584.7651708608	0.7731783390045166
6584.8066300278	0.7747686505317688
6584.8480891948	0.7775919437408447
6584.8895483618	0.7786668539047241
6584.9310075287995	0.7774893045425415
6584.9724666958	0.776850700378418
6585.0139258628	0.7762323617935181
6585.0553850298	0.7739500999450684
6585.0968441968	0.771653950214386
6585.138303363799	0.7709110975265503
6585.1797625308	0.7703142762184143
6585.2212216978	0.7693305015563965
6585.2626808648	0.7687851190567017
6585.3041400318	0.7678796052932739
6585.345599198799	0.7669618725776672
6585.3870583658	0.7678981423377991
6585.4285175328	0.7694801688194275
6585.4699766998	0.7701007127761841
6585.5114358668	0.7693684101104736
6585.552895033799	0.765238881111145
6585.5943542008	0.7597585916519165
6585.6358133677995	0.7560061812400818
6585.6772725348	0.7528955936431885
6585.7187317018	0.7510379552841187
6585.7601908688	0.7505403757095337
6585.8016500358	0.7508420348167419
6585.8431092027995	0.7534555792808533
6585.8845683698	0.7592727541923523
6585.9260275368	0.7641667127609253
6585.9674867038	0.7642002105712891
6586.0089458708	0.7628425359725952
6586.0504050377995	0.7630709409713745
6586.0918642048	0.7642738223075867
6586.1333233718	0.7656564116477966
6586.1747825388	0.7645760774612427
6586.2162417058	0.7597753405570984
6586.257700872799	0.7540801763534546
6586.2991600398	0.7477484941482544
6586.3406192068	0.7375168204307556
6586.3820783738	0.7228925824165344
6586.4235375408	0.7088047862052917
6586.464996707799	0.6987671852111816
6586.5064558748	0.6914833784103394
6586.5479150418	0.6864876747131348
6586.5893742088	0.685734748840332
6586.6308333758	0.689612090587616
6586.672292542799	0.6978849172592163
6586.7137517098	0.7091459631919861
6586.7552108767995	0.7191697955131531
6586.7966700438	0.7269632816314697
6586.8381292108	0.7345588803291321
6586.8795883778	0.7420690059661865
6586.9210475448	0.7476121187210083
6586.9625067117995	0.7511703968048096
6587.0039658788	0.7536016702651978
6587.0454250458	0.755512535572052
6587.0868842128	0.7580312490463257
6587.1283433798	0.760636031627655
6587.1698025467995	0.762192964553833
6587.2112617138	0.762532651424408
6587.2527208808	0.7606024742126465
6587.2941800478	0.7587295770645142
6587.3356392148	0.7607640027999878
6587.377098381799	0.7640171051025391
6587.4185575488	0.7656840682029724
6587.4600167158	0.7663469314575195
6587.5014758828	0.7658695578575134
6587.5429350498	0.7651128172874451
6587.584394216799	0.765450656414032
6587.6258533838	0.7663858532905579
6587.6673125508	0.7668953537940979
6587.7087717178	0.7659901976585388
6587.7502308848	0.7634325623512268
6587.791690051799	0.7617954611778259
6587.8331492188	0.7627038955688477
6587.8746083858	0.7634989023208618
6587.9160675528	0.7628109455108643
6587.9575267198	0.7626950740814209
6587.998985886799	0.7641106247901917
6588.0404450538	0.7666065096855164
6588.0819042207995	0.7695041298866272
6588.1233633878	0.7714850306510925
6588.1648225548	0.7724207043647766
6588.2062817218	0.7720023989677429
6588.2477408888	0.7696074843406677
6588.2892000557995	0.7672328352928162
6588.3306592228	0.7665714025497437
6588.3721183898	0.7651199102401733
6588.4135775568	0.7615119814872742
6588.4550367238	0.7590137124061584
6588.496495890799	0.757856011390686
6588.5379550578	0.7553256750106812
6588.5794142248	0.7524865865707397
6588.6208733918	0.7518253326416016
6588.6623325588	0.7530772089958191
6588.703791725799	0.7557623982429504
6588.7452508928	0.7588726878166199
6588.7867100598	0.7603840827941895
6588.8281692268	0.7613885998725891
6588.8696283938	0.7648701071739197
6588.911087560799	0.7684956789016724
6588.9525467278	0.7677798271179199
6588.9940058948	0.7651984691619873
6589.0354650618	0.7642723917961121
6589.0769242288	0.7646649479866028
6589.118383395799	0.765284538269043
6589.1598425628	0.764470100402832
6589.2013017297995	0.761841356754303
6589.2427608968	0.7603734731674194
6589.2842200638	0.7615940570831299
6589.3256792308	0.7627177834510803
6589.3671383978	0.7620719075202942
6589.4085975647995	0.7605149149894714
6589.4500567318	0.7589131593704224
6589.4915158988	0.7582692503929138
6589.5329750658	0.7587189078330994
6589.5744342328	0.7590005397796631
6589.6158933997995	0.7585756778717041
6589.6573525668	0.7585442662239075
6589.6988117338	0.7595961093902588
6589.7402709008	0.7601073384284973
6589.7817300678	0.7590834498405457
6589.823189234799	0.75809246301651
6589.8646484018	0.757975161075592
6589.9061075688	0.7579647302627563
6589.9475667358	0.7578728199005127
6589.9890259028	0.758109986782074
6590.030485069799	0.7583969235420227
6590.0719442368	0.7594518065452576
6590.1134034038	0.7615523934364319
6590.1548625708	0.7627747058868408
6590.1963217378	0.7627086639404297
6590.237780904799	0.762123703956604
6590.2792400718	0.761252760887146
6590.3206992387995	0.7598239779472351
6590.3621584058	0.75873202085495
6590.4036175728	0.7593070268630981
6590.445076739799	0.7598149180412292
6590.4865359068	0.7585089206695557
6590.5279950737995	0.7562143206596375
6590.5694542408	0.7538350224494934
6590.6109134078	0.7521981596946716
6590.6523725748	0.7521418333053589
6590.6938317418	0.7538036108016968
6590.7352909087995	0.7567875981330872
6590.7767500758	0.7580755352973938
6590.8182092428	0.7555436491966248
6590.8596684098	0.7526837587356567
6590.9011275768	0.752023458480835
6590.942586743799	0.7515523433685303
6590.9840459108	0.7500792145729065
6591.0255050778	0.7489499449729919
6591.0669642448	0.7488420009613037
6591.1084234118	0.748867928981781
6591.149882578799	0.7487083673477173
6591.1913417458	0.7489081621170044
6591.2328009128	0.7496446967124939
6591.2742600798	0.7501422166824341
6591.3157192468	0.7496987581253052
6591.357178413799	0.7488002181053162
6591.3986375808	0.7481134533882141
6591.4400967477995	0.747830867767334
6591.4815559148	0.7475935220718384
6591.5230150818	0.7474657893180847
6591.564474248799	0.7483134865760803
6591.6059334158	0.7497046589851379
6591.6473925827995	0.7498875856399536
6591.6888517498	0.7475592494010925
6591.7303109168	0.7453243136405945
6591.7717700838	0.7466323375701904
6591.8132292508	0.7489038705825806
6591.8546884177995	0.7492230534553528
6591.8961475848	0.7485472559928894
6591.9376067518	0.7476975917816162
6591.9790659188	0.747786283493042
6592.0205250858	0.7495737671852112
6592.061984252799	0.7512485384941101
6592.1034434198	0.7518489956855774
6592.1449025868	0.7515293955802917
6592.1863617538	0.7498694062232971
6592.2278209208	0.7480716109275818
6592.269280087799	0.7472461462020874
6592.3107392548	0.7468249797821045
6592.3521984218	0.7463447451591492
6592.3936575888	0.7456895112991333
6592.4351167558	0.7451782822608948
6592.476575922799	0.7460952401161194
6592.5180350898	0.7481981515884399
6592.5594942568	0.7487842440605164
6592.6009534238	0.7479257583618164
6592.6424125908	0.7486220002174377
6592.683871757799	0.7503756284713745
6592.7253309248	0.75025475025177
6592.7667900917995	0.7489274144172668
6592.8082492588	0.7481937408447266
6592.8497084258	0.747209906578064
6592.8911675928	0.7450287342071533
6592.9326267598	0.7427192330360413
6592.9740859267995	0.7407190203666687
6593.0155450938	0.7384485602378845
6593.0570042608	0.7370876669883728
6593.0984634278	0.7371780872344971
6593.1399225948	0.7383674383163452
6593.1813817617995	0.7402749061584473
6593.2228409288	0.7431939840316772
6593.2643000958	0.7461080551147461
6593.3057592628	0.7465874552726746
6593.3472184298	0.7452366352081299
6593.388677596799	0.7426995635032654
6593.4301367638	0.7407233715057373
6593.4715959308	0.7417749762535095
6593.5130550978	0.7441306710243225
6593.5545142648	0.7458170652389526
6593.595973431799	0.7463756799697876
6593.6374325988	0.7456859350204468
6593.6788917658	0.7445212602615356
6593.7203509328	0.7436883449554443
6593.7618100998	0.7443886995315552
6593.803269266799	0.747162401676178
6593.8447284338	0.750494122505188
6593.8861876007995	0.7527644634246826
6593.9276467678	0.7536239624023438
6593.9691059348	0.7533329725265503
6594.0105651018	0.7511975765228271
6594.0520242688	0.7476763129234314
6594.0934834357995	0.7447767853736877
6594.1349426028	0.7424169182777405
6594.1764017698	0.7388892769813538
6594.2178609368	0.7337663769721985
6594.2593201038	0.7276241779327393
6594.3007792707995	0.7221302390098572
6594.3422384378	0.7192040681838989
6594.3836976048	0.7187970876693726
6594.4251567718	0.7223334908485413
6594.4666159388	0.7279437780380249
6594.508075105799	0.731762170791626
6594.5495342728	0.7344386577606201
6594.5909934398	0.7369188070297241
6594.6324526068	0.7397993803024292
6594.6739117738	0.7443867325782776
6594.715370940799	0.7484729886054993
6594.7568301078	0.748742401599884
6594.7982892748	0.7485723495483398
6594.8397484418	0.7515676021575928
6594.8812076088	0.7545943856239319
6594.922666775799	0.7550895810127258
6594.9641259428	0.7544689774513245
6595.0055851097995	0.7537282109260559
6595.0470442768	0.7535827159881592
6595.0885034438	0.7543905973434448
6595.129962610799	0.7554385662078857
6595.1714217778	0.7556051015853882
6595.2128809447995	0.7526438236236572
6595.2543401118	0.747970700263977
6595.2957992788	0.7464984059333801
6595.3372584458	0.7477945685386658
6595.3787176128	0.748567521572113
6595.4201767797995	0.7487264275550842
6595.4616359468	0.7495885491371155
6595.5030951138	0.7504623532295227
6595.5445542808	0.7485750913619995
6595.5860134478	0.7452728748321533
6595.627472614799	0.7445239424705505
6595.6689317818	0.7457144856452942
6595.7103909488	0.7466819286346436
6595.7518501158	0.7471476793289185
6595.7933092828	0.7483300566673279
6595.834768449799	0.7501703500747681
6595.8762276168	0.7502570748329163
6595.9176867838	0.7493483424186707
6595.9591459508	0.7501175403594971
6596.0006051178	0.7512044906616211
6596.042064284799	0.7502750754356384
6596.0835234518	0.7482552528381348
6596.1249826188	0.7468898296356201
6596.1664417858	0.7467488646507263
6596.2079009528	0.7469307780265808
6596.249360119799	0.7455732822418213
6596.2908192868	0.7427817583084106
6596.3322784537995	0.7413787245750427
6596.3737376208	0.742302656173706
6596.4151967878	0.7428637146949768
6596.4566559548	0.7418710589408875
6596.4981151218	0.7410884499549866
6596.5395742887995	0.7416103482246399
6596.5810334558	0.7424825429916382
6596.6224926228	0.7425517439842224
6596.6639517898	0.7425142526626587
6596.7054109568	0.7430885434150696
6596.746870123799	0.7433850765228271
6596.7883292908	0.7435089349746704
6596.8297884578	0.7445151805877686
6596.8712476248	0.7449967265129089
6596.9127067918	0.7419021725654602
6596.954165958799	0.7376846075057983
6596.9956251258	0.7380216121673584
6597.0370842928	0.7403287887573242
6597.0785434598	0.7403458952903748
6597.1200026268	0.740268349647522
6597.161461793799	0.740410327911377
6597.2029209608	0.7400602102279663
6597.2443801278	0.741830050945282
6597.2858392948	0.7446559071540833
6597.3272984618	0.7454851865768433
6597.368757628799	0.7454347610473633
6597.4102167958	0.7460581064224243
6597.4516759627995	0.7464700937271118
6597.4931351298	0.7457270622253418
6597.5345942968	0.744672954082489
6597.576053463799	0.7443118095397949
6597.6175126308	0.7449658513069153
6597.6589717977995	0.7461015582084656
6597.7004309648	0.746588945388794
6597.7418901318	0.7467411756515503
6597.7833492988	0.7473529577255249
6597.8248084658	0.7483225464820862
6597.8662676327995	0.7494575381278992
6597.9077267998	0.7497996091842651
6597.9491859668	0.7476834058761597
6597.9906451338	0.7445802688598633
6598.0321043008	0.7433056235313416
6598.073563467799	0.7431681752204895
6598.1150226348	0.7440025806427002
6598.1564818018	0.7458413243293762
6598.1979409688	0.7460423111915588
6598.2394001358	0.7451818585395813
6598.280859302799	0.7460120916366577
6598.3223184698	0.7470811605453491
6598.3637776368	0.7453993558883667
6598.4052368038	0.7429375052452087
6598.4466959708	0.7435036897659302
6598.488155137799	0.7451756000518799
6598.5296143048	0.7451436519622803
6598.5710734717995	0.7454527616500854
6598.6125326388	0.7473650574684143
6598.6539918058	0.7476645112037659
6598.695450972799	0.7447739243507385
6598.7369101398	0.7424324154853821
6598.7783693067995	0.7428044676780701
6598.8198284738	0.7443783283233643
6598.8612876408	0.7460799217224121
6598.9027468078	0.746778130531311
6598.9442059748	0.7457852959632874
6598.9856651417995	0.7431421875953674
6599.0271243088	0.7394362092018127
6599.0685834758	0.7366006970405579
6599.1100426428	0.7342116832733154
6599.1515018098	0.7279784679412842
6599.192960976799	0.717795193195343
6599.2344201438	0.7084105014801025
6599.2758793108	0.701758623123169
6599.3173384778	0.6986455917358398
6599.3587976448	0.6994735598564148
6599.400256811799	0.7042793035507202
6599.4417159788	0.7107250094413757
6599.4831751458	0.7167606949806213
6599.5246343128	0.722421407699585
6599.5660934798	0.7267103791236877
6599.607552646799	0.7304531931877136
6599.6490118138	0.7332650423049927
6599.6904709808	0.7348411679267883
6599.7319301478	0.7370041012763977
6599.7733893148	0.7388033270835876
6599.814848481799	0.7384423017501831
6599.8563076488	0.7386648058891296
6599.8977668157995	0.7419207692146301
6599.9392259828	0.745204746723175
6599.9806851498	0.7462255954742432
6600.0221443168	0.7455737590789795
6600.0636034838	0.7443283200263977
6600.1050626507995	0.7450416088104248
6600.1465218178	0.7477911710739136
6600.1879809848	0.7486318349838257
6600.2294401518	0.7467224597930908
6600.2708993188	0.7449994087219238
6600.312358485799	0.7444167137145996
6600.3538176528	0.744901180267334
6600.3952768198	0.7462623119354248
6600.4367359868	0.7460503578186035
6600.4781951538	0.7436782121658325
6600.519654320799	0.741420567035675
6600.5611134878	0.7403128743171692
6600.6025726548	0.7391261458396912
6600.6440318218	0.7378389835357666
6600.6854909888	0.7389765381813049
6600.726950155799	0.7412612438201904
6600.7684093228	0.7429152727127075
6600.8098684898	0.7448944449424744
6600.8513276568	0.7464115023612976
6600.8927868238	0.7464665770530701
6600.934245990799	0.744461715221405
6600.9757051578	0.7427223920822144
6601.0171643247995	0.7445068955421448
6601.0586234918	0.7464797496795654
6601.1000826588	0.7449639439582825
6601.1415418258	0.7425609827041626
6601.1830009928	0.7414743900299072
6601.2244601597995	0.7411078214645386
6601.2659193268	0.7412779331207275
6601.3073784938	0.7415338754653931
6601.3488376608	0.741136908531189
6601.3902968278	0.7409061193466187
6601.4317559947995	0.741804301738739
6601.4732151618	0.7436800003051758
6601.5146743288	0.7454707622528076
6601.5561334958	0.7446298003196716
6601.5975926628	0.7416418790817261
6601.639051829799	0.7398207783699036
6601.6805109968	0.7387338280677795
6601.7219701638	0.7358365058898926
6601.7634293308	0.7318177223205566
6601.8048884978	0.7291697859764099
6601.846347664799	0.7278155088424683
6601.8878068318	0.7258002161979675
6601.9292659988	0.7227343320846558
6601.9707251658	0.7200941443443298
6602.0121843328	0.7180668711662292
6602.053643499799	0.7159326672554016
6602.0951026668	0.7142953276634216
6602.1365618337995	0.7142646908760071
6602.1780210008	0.7160454988479614
6602.2194801678	0.7191381454467773
6602.260939334799	0.7223315238952637
6602.3023985018	0.7252763509750366
6602.3438576687995	0.7280029058456421
6602.3853168358	0.7300664186477661
6602.4267760028	0.7328296303749084
6602.4682351698	0.7371980547904968
6602.5096943368	0.7403198480606079
6602.5511535037995	0.7402663230895996
6602.5926126708	0.7385095953941345
6602.6340718378	0.7364792823791504
6602.6755310048	0.7356892228126526
6602.7169901718	0.7362695932388306
6602.758449338799	0.7366077303886414
6602.7999085058	0.7364965677261353
6602.8413676728	0.7370611429214478
6602.8828268398	0.7381662130355835
6602.9242860068	0.7381013035774231
6602.965745173799	0.7369434237480164
6603.0072043408	0.7358822226524353
6603.0486635078	0.7353166341781616
6603.0901226748	0.7353547811508179
6603.1315818418	0.7353692054748535
6603.173041008799	0.736659824848175
6603.2145001758	0.7394753098487854
6603.2559593427995	0.7411836385726929
6603.2974185098	0.7412106990814209
6603.3388776768	0.7408276796340942
6603.380336843799	0.7407791614532471
6603.4217960108	0.7403878569602966
6603.4632551777995	0.7396995425224304
6603.5047143448	0.7395321726799011
6603.5461735118	0.7390097379684448
6603.5876326788	0.7371140122413635
6603.6290918458	0.7349950075149536
6603.6705510127995	0.733828067779541
6603.7120101798	0.7341512441635132
6603.7534693468	0.736384391784668
6603.7949285138	0.7386460304260254
6603.8363876808	0.7396159172058105
6603.877846847799	0.7404413223266602
6603.9193060148	0.7415106296539307
6603.9607651818	0.7426193356513977
6604.0022243488	0.7437615990638733
6604.0436835158	0.7444173693656921
6604.085142682799	0.7442184090614319
6604.1266018498	0.743180513381958
6604.1680610168	0.7423809170722961
6604.2095201838	0.7428086996078491
6604.2509793508	0.7432186603546143
6604.292438517799	0.7418750524520874
6604.3338976848	0.739662230014801
6604.3753568518	0.738909900188446
6604.4168160188	0.7399718165397644
6604.4582751858	0.7419033050537109
6604.499734352799	0.7429431676864624
6604.5411935198	0.742193341255188
6604.5826526867995	0.7412182688713074
6604.6241118538	0.740832507610321
6604.6655710208	0.7398339509963989
6604.707030187799	0.737464964389801
6604.7484893548	0.7364621758460999
6604.7899485217995	0.7387722134590149
6604.8314076888	0.7412037253379822
6604.8728668558	0.7417495846748352
6604.9143260228	0.7412100434303284
6604.9557851898	0.7395986318588257
6604.9972443567995	0.7360965013504028
6605.0387035238	0.7316678166389465
6605.0801626908	0.7305276989936829
6605.1216218578	0.7330605387687683
6605.1630810248	0.7359670400619507
6605.204540191799	0.7382344007492065
6605.2459993588	0.7385349869728088
6605.2874585258	0.7370617389678955
6605.3289176928	0.7368892431259155
6605.3703768598	0.7374048829078674
6605.411836026799	0.7348586320877075
6605.4532951938	0.7306167483329773
6605.4947543608	0.7275978922843933
6605.5362135278	0.7258523106575012
6605.5776726948	0.7259070873260498
6605.619131861799	0.7271766066551208
6605.6605910288	0.7287628054618835
6605.7020501957995	0.7299036979675293
6605.7435093628	0.7300077676773071
6605.7849685298	0.730276882648468
6605.826427696799	0.7317687273025513
6605.8678868638	0.7343963384628296
6605.9093460307995	0.7375194430351257
6605.9508051978	0.7394014596939087
6605.9922643648	0.7393307089805603
6606.0337235318	0.7390528917312622
6606.0751826988	0.7393755316734314
6606.1166418657995	0.7394046783447266
6606.1581010328	0.7390295267105103
6606.1995601998	0.7388342618942261
6606.2410193668	0.7384752035140991
6606.2824785338	0.7382939457893372
6606.323937700799	0.738842785358429
6606.3653968678	0.7386850714683533
6606.4068560348	0.737230658531189
6606.4483152018	0.7350070476531982
6606.4897743688	0.7330623269081116
6606.531233535799	0.7331298589706421
6606.5726927028	0.7343246936798096
6606.6141518698	0.7349128127098083
6606.6556110368	0.7344894409179688
6606.6970702038	0.7335219979286194
6606.738529370799	0.7334277033805847
6606.7799885378	0.7340294718742371
6606.8214477047995	0.7335019111633301
6606.8629068718	0.7314169406890869
6606.9043660388	0.7297316789627075
6606.945825205799	0.7297064065933228
6606.9872843728	0.7297039031982422
6607.0287435397995	0.7287795543670654
6607.0702027068	0.7288475036621094
6607.1116618738	0.7308757901191711
6607.1531210408	0.7331237196922302
6607.1945802078	0.7343892455101013
6607.2360393747995	0.7348372936248779
6607.2774985418	0.7347043752670288
6607.3189577088	0.7339800000190735
6607.3604168758	0.732810914516449
6607.4018760428	0.7311216592788696
6607.443335209799	0.7291206121444702
6607.4847943768	0.7282035946846008
6607.5262535438	0.7285727262496948
6607.5677127108	0.7298198938369751
6607.6091718778	0.731249988079071
6607.650631044799	0.7311201095581055
6607.6920902118	0.7297762036323547
6607.7335493788	0.7283033728599548
6607.7750085458	0.727422833442688
6607.8164677128	0.7285433411598206
6607.857926879799	0.7302780151367188
6607.8993860468	0.7303908467292786
6607.9408452138	0.7295011281967163
6607.9823043808	0.7283558249473572
6608.0237635478	0.7277820706367493
6608.065222714799	0.7290343642234802
6608.1066818818	0.7309320569038391
6608.1481410487995	0.7318248748779297
6608.1896002158	0.732241153717041
6608.2310593828	0.7327539324760437
6608.2725185498	0.7325330972671509
6608.3139777168	0.7316651940345764
6608.3554368837995	0.7327636480331421
6608.3968960508	0.7358190417289734
6608.4383552178	0.7364721894264221
6608.4798143848	0.7343917489051819
6608.5212735518	0.7333805561065674
6608.562732718799	0.7336555123329163
6608.6041918858	0.7340962886810303
6608.6456510528	0.7343373894691467
6608.6871102198	0.7321811318397522
6608.7285693868	0.7291106581687927
6608.770028553799	0.7286988496780396
6608.8114877208	0.7297117114067078
6608.8529468878	0.7310776114463806
6608.8944060548	0.7327995896339417
6608.9358652218	0.7354456782341003
6608.977324388799	0.7380266785621643
6609.0187835558	0.7368532419204712
6609.0602427228	0.7338638305664062
6609.1017018898	0.7324016094207764
6609.1431610568	0.7313550710678101
6609.184620223799	0.7300322651863098
6609.2260793908	0.729556143283844
6609.2675385577995	0.7303063273429871
6609.3089977248	0.7306330800056458
6609.3504568918	0.7298423051834106
6609.391916058799	0.7293537855148315
6609.4333752258	0.729520320892334
6609.4748343927995	0.7292503714561462
6609.5162935598	0.7283465266227722
6609.5577527268	0.7279613614082336
6609.5992118938	0.7283534407615662
6609.6406710608	0.7289905548095703
6609.6821302277995	0.7296378016471863
6609.7235893948	0.7293553948402405
6609.7650485618	0.7284622192382812
6609.8065077288	0.7287131547927856
6609.8479668958	0.7296569347381592
6609.889426062799	0.7299197316169739
6609.9308852298	0.7292667031288147
6609.9723443968	0.7281777858734131
6610.0138035638	0.7276062369346619
