6493.11334077	0.0927675964206
6493.11334077	0.9805068373680115
6493.20610836642	0.9962748289108276
6493.2988759628415	1.0133568048477173
6493.391643559262	1.022817611694336
6493.484411155682	1.0194011926651
6493.577178752103	1.0222920179367065
6493.669946348524	1.0391111373901367
6493.762713944944	1.0409507751464844
6493.8554815413645	1.0375343561172485
6493.948249137786	1.032804012298584
6494.041016734206	1.025182843208313
6494.133784330626	1.0180871486663818
6494.226551927047	1.0236059427261353
6494.319319523468	1.0199267864227295
6494.412087119888	1.0230803489685059
6494.504854716309	1.0136196613311768
6494.597622312729	1.0073124170303345
6494.69038990915	1.0138823986053467
6494.783157505571	1.0107288360595703
6494.875925101991	1.0086263418197632
6494.968692698412	1.012042760848999
6495.061460294833	1.0104659795761108
6495.154227891253	1.0083636045455933
6495.246995487673	1.0062612295150757
6495.339763084095	1.0081008672714233
6495.432530680515	0.997063159942627
6495.525298276935	0.9939096570014954
6495.6180658733565	0.9860256314277649
6495.710833469777	0.9707831740379333
6495.803601066197	0.9518616199493408
6495.8963686626175	0.9279468059539795
6495.989136259039	0.9158579707145691
6496.081903855459	0.926632821559906
6496.1746714518795	0.9544896483421326
6496.267439048301	0.9736739993095398
6496.360206644721	0.977616012096405
6496.452974241141	0.9786671996116638
6496.545741837562	0.9752508401870728
6496.638509433983	0.9765648245811462
6496.731277030403	0.9763020277023315
6496.824044626824	0.974199652671814
6496.916812223245	0.9757763743400574
6497.009579819665	0.972622811794281
6497.102347416086	0.9744623899459839
6497.195115012506	0.9752508401870728
6497.287882608927	0.972622811794281
6497.380650205348	0.9639503955841064
6497.473417801768	0.951073169708252
6497.566185398188	0.943452000617981
6497.6589529946095	0.9429263472557068
6497.75172059103	0.9413496255874634
6497.84448818745	0.946868360042572
6497.9372557838715	0.9581688046455383
6498.030023380292	0.9618480205535889
6498.122790976712	0.9589571952819824
6498.2155585731325	0.9694691896438599
6498.308326169554	0.967629611492157
6498.401093765974	0.9626363515853882
6498.4938613623945	0.9600083827972412
6498.586628958816	0.9639503955841064
6498.679396555236	0.9660528302192688
6498.772164151656	0.9652643799781799
6498.864931748077	0.9657899737358093
6498.957699344498	0.9623736143112183
6499.050466940918	0.9581688046455383
6499.143234537339	0.955803632736206
6499.23600213376	0.9571176171302795
6499.32876973018	0.9589571952819824
6499.421537326601	0.9607968330383301
6499.514304923021	0.9579060077667236
6499.607072519442	0.9576432108879089
6499.699840115863	0.9631620049476624
6499.792607712283	0.9665783643722534
6499.885375308704	0.9636876583099365
6499.9781429051245	0.9631620049476624
6500.070910501545	0.9647388458251953
6500.163678097965	0.9618480205535889
6500.2564456943865	0.9600083827972412
6500.349213290807	0.9579060077667236
6500.441980887227	0.9555408358573914
6500.5347484836475	0.958694338798523
6500.627516080069	0.9602711796760559
6500.720283676489	0.9542267918586731
6500.813051272909	0.9534383416175842
6500.905818869331	0.9631620049476624
6500.998586465751	0.9668411612510681
6501.091354062171	0.9686807990074158
6501.184121658592	0.9623736143112183
6501.276889255013	0.9597456455230713
6501.369656851433	0.9576432108879089
6501.462424447854	0.9663156270980835
6501.555192044275	0.9749879837036133
6501.647959640695	0.9605339765548706
6501.740727237116	0.9505476355552673
6501.833494833536	0.9563291668891907
6501.926262429957	0.9573803544044495
6502.019030026378	0.9573803544044495
6502.111797622798	0.958694338798523
6502.204565219219	0.9623736143112183
6502.2973328156395	0.9655271768569946
6502.39010041206	0.9581688046455383
6502.48286800848	0.9623736143112183
6502.575635604901	0.9618480205535889
6502.668403201322	0.9607968330383301
6502.761170797742	0.9628992080688477
6502.8539383941625	0.9736739993095398
6502.946705990584	0.9689436554908752
6503.039473587004	0.9678923487663269
6503.132241183424	0.974199652671814
6503.225008779846	0.9731483459472656
6503.317776376266	0.9678923487663269
6503.410543972686	0.9665783643722534
6503.503311569107	0.9613223671913147
6503.596079165528	0.9605339765548706
6503.688846761948	0.967629611492157
6503.781614358369	0.9692063927650452
6503.87438195479	0.9734112024307251
6503.96714955121	0.9744623899459839
6504.059917147631	0.9755136370658875
6504.152684744051	0.9610596299171448
6504.245452340472	0.9628992080688477
6504.3382199368925	0.9665783643722534
6504.430987533313	0.9671040177345276
6504.523755129734	0.9805068373680115
6504.6165227261545	0.9797183871269226
6504.709290322575	0.9799811840057373
6504.802057918995	0.9889163970947266
6504.894825515416	0.986814022064209
6504.987593111837	0.9876023530960083
6505.080360708257	0.986814022064209
6505.173128304678	0.980243980884552
6505.265895901099	0.972622811794281
6505.358663497519	0.9697319865226746
6505.451431093939	0.980243980884552
6505.544198690361	0.9812951683998108
6505.636966286781	0.9794556498527527
6505.729733883201	0.9755136370658875
6505.822501479622	0.9749879837036133
6505.915269076043	0.9749879837036133
6506.008036672463	0.9765648245811462
6506.100804268884	0.9781416058540344
6506.193571865305	0.9786671996116638
6506.286339461725	0.9815580248832703
6506.379107058146	0.9828720092773438
6506.471874654566	0.9823463559150696
6506.564642250987	0.9836603403091431
6506.6574098474075	0.9805068373680115
6506.750177443828	0.9786671996116638
6506.842945040249	0.9794556498527527
6506.935712636669	0.9791927933692932
6507.02848023309	0.9784043431282043
6507.12124782951	0.9794556498527527
6507.214015425931	0.9823463559150696
6507.306783022352	0.985237181186676
6507.399550618772	0.9849743843078613
6507.492318215193	0.9805068373680115
6507.585085811614	0.9786671996116638
6507.677853408034	0.9768276214599609
6507.770621004454	0.9718343615531921
6507.863388600876	0.9755136370658875
6507.956156197296	0.9823463559150696
6508.048923793716	0.9794556498527527
6508.141691390138	0.9760391712188721
6508.234458986558	0.9786671996116638
6508.327226582978	0.9770903587341309
6508.419994179399	0.9678923487663269
6508.51276177582	0.956066370010376
6508.60552937224	0.9466056227684021
6508.6982969686605	0.9515988230705261
6508.791064565081	0.9636876583099365
6508.883832161502	0.971045970916748
6508.9765997579225	0.9797183871269226
6509.069367354343	0.9841859936714172
6509.162134950764	0.982609212398529
6509.254902547184	0.9831348061561584
6509.347670143605	0.9797183871269226
6509.440437740025	0.9784043431282043
6509.533205336446	0.9799811840057373
6509.625972932867	0.9810323715209961
6509.718740529287	0.9815580248832703
6509.811508125708	0.9847116470336914
6509.904275722129	0.9854999780654907
6509.997043318549	0.9805068373680115
6510.089810914969	0.9807696342468262
6510.182578511391	0.9849743843078613
6510.275346107811	0.9870768189430237
6510.368113704231	0.9870768189430237
6510.4608813006525	0.9839231967926025
6510.553648897073	0.982609212398529
6510.646416493493	0.9836603403091431
6510.739184089914	0.9791927933692932
6510.831951686335	0.9752508401870728
6510.924719282755	0.9784043431282043
6511.0174868791755	0.9849743843078613
6511.110254475596	0.9904931783676147
6511.203022072017	0.992858350276947
6511.2957896684375	0.9876023530960083
6511.388557264858	0.9828720092773438
6511.481324861279	0.9860256314277649
6511.574092457699	0.9881280064582825
6511.66686005412	0.985237181186676
6511.75962765054	0.9805068373680115
6511.852395246961	0.9747251868247986
6511.945162843382	0.9610596299171448
6512.037930439802	0.9544896483421326
6512.130698036223	0.9607968330383301
6512.223465632644	0.9665783643722534
6512.316233229064	0.9697319865226746
6512.409000825484	0.9778788089752197
6512.501768421906	0.9910188317298889
6512.594536018326	0.9957491755485535
6512.687303614746	1.0002168416976929
6512.7800712111675	1.006786823272705
6512.872838807588	1.0083636045455933
6512.965606404008	1.0036331415176392
6513.058374000429	1.0038959980010986
6513.15114159685	1.0091520547866821
6513.24390919327	1.014407992362976
6513.3366767896905	1.0194011926651
6513.429444386112	1.017824411392212
6513.522211982532	1.0125683546066284
6513.614979578952	1.0162476301193237
6513.707747175373	1.0186128616333008
6513.800514771794	1.017561674118042
6513.893282368214	1.0233432054519653
6513.986049964635	1.0283364057540894
6514.078817561055	1.0264967679977417
6514.171585157476	1.0230803489685059
6514.264352753897	1.0194011926651
6514.357120350317	1.011780023574829
6514.449887946738	0.9968003630638123
6514.542655543159	0.9799811840057373
6514.635423139579	0.9613223671913147
6514.728190735999	0.9439776539802551
6514.820958332421	0.9408239722251892
6514.913725928841	0.9607968330383301
6515.006493525261	0.9912816286087036
6515.0992611216825	1.0081008672714233
6515.192028718103	1.0159847736358643
6515.284796314523	1.0212408304214478
6515.3775639109435	1.022554874420166
6515.470331507365	1.0204523801803589
6515.563099103785	1.0136196613311768
6515.6558667002055	1.0038959980010986
6515.748634296627	0.9939096570014954
6515.841401893047	0.9831348061561584
6515.934169489467	0.9791927933692932
6516.026937085888	0.9870768189430237
6516.119704682309	0.9941723942756653
6516.212472278729	0.9949608445167542
6516.30523987515	0.977616012096405
6516.398007471571	0.9487079977989197
6516.490775067991	0.912704348564148
6516.583542664412	0.8816940188407898
6516.676310260832	0.886687159538269
6516.769077857253	0.9197999835014343
6516.861845453674	0.948445200920105
6516.954613050094	0.9642131924629211
6517.047380646514	0.9684180021286011
6517.1401482429355	0.9736739993095398
6517.232915839356	0.9889163970947266
6517.325683435776	1.0028448104858398
6517.4184510321975	1.0107288360595703
6517.511218628618	1.017035961151123
6517.603986225038	1.0186128616333008
6517.6967538214585	1.017035961151123
6517.78952141788	1.014407992362976
6517.8822890143	1.006786823272705
6517.9750566107205	1.0028448104858398
6518.067824207142	1.0057356357574463
6518.160591803562	1.017824411392212
6518.253359399982	1.02781081199646
6518.346126996403	1.032804012298584
6518.438894592824	1.035431981086731
6518.531662189244	1.0312272310256958
6518.624429785665	1.0257083177566528
6518.717197382086	1.0243943929672241
6518.809964978506	1.0275479555130005
6518.902732574927	1.0280736684799194
6518.995500171347	1.0222920179367065
6519.088267767768	1.0141451358795166
6519.181035364189	1.0099403858184814
6519.273802960609	1.004158854484558
6519.366570557029	0.9931212067604065
6519.4593381534505	0.9857628345489502
6519.552105749871	0.9823463559150696
6519.644873346291	0.9873396158218384
6519.7376409427125	1.0007423162460327
6519.830408539133	1.0125683546066284
6519.923176135553	1.017824411392212
6520.0159437319735	1.0130939483642578
6520.108711328395	1.0107288360595703
6520.201478924815	1.012042760848999
6520.294246521235	1.0109915733337402
6520.387014117657	1.0109915733337402
6520.479781714077	1.0091520547866821
6520.572549310497	1.0036331415176392
6520.665316906918	1.0059983730316162
6520.758084503339	1.0099403858184814
6520.850852099759	1.0086263418197632
6520.94361969618	1.004158854484558
6521.036387292601	1.0049471855163574
6521.129154889021	1.0038959980010986
6521.221922485442	0.9981143474578857
6521.314690081862	0.9946979880332947
6521.407457678283	0.9915443658828735
6521.500225274704	0.9891791939735413
6521.592992871124	0.9949608445167542
6521.685760467545	0.9975888133049011
6521.7785280639655	0.9949608445167542
6521.871295660386	0.9907559752464294
6521.964063256806	0.9862883687019348
6522.056830853227	0.9839231967926025
6522.149598449648	0.981820821762085
6522.242366046068	0.9841859936714172
6522.3351336424885	0.9910188317298889
6522.42790123891	0.9941723942756653
6522.52066883533	0.9939096570014954
6522.61343643175	0.9949608445167542
6522.706204028172	0.9946979880332947
6522.798971624592	0.9936468005180359
6522.891739221012	0.9946979880332947
6522.984506817433	0.9936468005180359
6523.077274413854	0.9899676442146301
6523.170042010274	0.9854999780654907
6523.262809606695	0.9794556498527527
6523.355577203116	0.9749879837036133
6523.448344799536	0.9749879837036133
6523.541112395957	0.9755136370658875
6523.633879992377	0.9615851640701294
6523.726647588798	0.9410868287086487
6523.8194151852185	0.9355679750442505
6523.912182781639	0.944240391254425
6524.00495037806	0.9584316611289978
6524.0977179744805	0.9692063927650452
6524.190485570901	0.9815580248832703
6524.283253167321	0.9883908033370972
6524.376020763742	0.9936468005180359
6524.468788360163	0.9946979880332947
6524.561555956583	0.9891791939735413
6524.654323553004	0.9899676442146301
6524.747091149425	0.9907559752464294
6524.839858745845	0.9878652095794678
6524.932626342265	0.986814022064209
6525.025393938687	0.9907559752464294
6525.118161535107	0.9931212067604065
6525.210929131527	0.9949608445167542
6525.303696727948	0.9981143474578857
6525.396464324369	0.992858350276947
6525.489231920789	0.9923328161239624
6525.58199951721	0.9931212067604065
6525.674767113631	0.9902303814888
6525.767534710051	0.9899676442146301
6525.860302306472	0.9925956130027771
6525.953069902892	0.9899676442146301
6526.045837499313	0.992858350276947
6526.1386050957335	0.9983772039413452
6526.231372692154	0.9999539852142334
6526.324140288575	0.999428391456604
6526.416907884995	0.9960119724273682
6526.509675481416	0.9952236413955688
6526.602443077836	0.9999539852142334
6526.695210674257	1.0028448104858398
6526.787978270678	0.999428391456604
6526.880745867098	0.9960119724273682
6526.973513463519	0.9962748289108276
6527.06628105994	0.9952236413955688
6527.15904865636	0.9912816286087036
6527.25181625278	0.989441990852356
6527.344583849202	0.9891791939735413
6527.437351445622	0.9902303814888
6527.530119042042	0.9939096570014954
6527.622886638463	0.9973260164260864
6527.715654234884	0.9965376257896423
6527.808421831304	0.9965376257896423
6527.901189427725	1.0015307664871216
6527.993957024146	1.0028448104858398
6528.086724620566	1.0002168416976929
6528.179492216987	0.9996911883354187
6528.272259813407	1.0002168416976929
6528.365027409828	1.001793622970581
6528.4577950062485	1.0023192167282104
6528.550562602669	1.0012680292129517
6528.64333019909	1.0049471855163574
6528.73609779551	1.0059983730316162
6528.828865391931	1.0012680292129517
6528.921632988351	1.002056360244751
6529.014400584772	1.0033704042434692
6529.107168181193	1.0007423162460327
6529.199935777613	1.0012680292129517
6529.292703374034	1.0059983730316162
6529.385470970455	1.005210041999817
6529.478238566875	1.0033704042434692
6529.571006163295	1.0025819540023804
6529.663773759717	1.001793622970581
6529.756541356137	1.001793622970581
6529.849308952557	0.9996911883354187
6529.942076548979	1.0015307664871216
6530.034844145399	1.0038959980010986
6530.127611741819	1.0054727792739868
6530.22037933824	1.0125683546066284
6530.313146934661	1.0141451358795166
6530.405914531081	1.0015307664871216
6530.4986821275015	0.9941723942756653
6530.591449723922	0.9962748289108276
6530.684217320343	0.9999539852142334
6530.7769849167635	1.0031076669692993
6530.869752513184	1.0070496797561646
6530.962520109605	1.0062612295150757
6531.055287706025	1.0054727792739868
6531.148055302446	1.0091520547866821
6531.240822898866	1.0104659795761108
6531.333590495287	1.0075751543045044
6531.426358091708	1.0012680292129517
6531.519125688128	0.9960119724273682
6531.611893284549	0.9978516101837158
6531.70466088097	1.0031076669692993
6531.79742847739	1.0049471855163574
6531.89019607381	1.006786823272705
6531.982963670232	1.0073124170303345
6532.075731266652	0.9986400008201599
6532.168498863072	0.9784043431282043
6532.2612664594935	0.9602711796760559
6532.354034055914	0.9534383416175842
6532.446801652334	0.956066370010376
6532.539569248755	0.974199652671814
6532.632336845176	0.9983772039413452
6532.725104441596	1.0070496797561646
6532.8178720380165	1.0054727792739868
6532.910639634438	1.0007423162460327
6533.003407230858	1.0012680292129517
6533.096174827278	1.0025819540023804
6533.188942423699	1.004684329032898
6533.28171002012	1.0081008672714233
6533.37447761654	1.0112543106079102
6533.467245212961	1.0151963233947754
6533.560012809381	1.0159847736358643
6533.652780405802	1.0104659795761108
6533.745548002223	1.0031076669692993
6533.838315598643	0.997063159942627
6533.931083195064	0.9912816286087036
6534.023850791485	0.9854999780654907
6534.116618387905	0.9878652095794678
6534.209385984325	0.9933840036392212
6534.302153580747	1.0010051727294922
6534.394921177167	1.0057356357574463
6534.487688773587	1.0062612295150757
6534.5804563700085	1.0091520547866821
6534.673223966429	1.012831211090088
6534.765991562849	1.0107288360595703
6534.8587591592695	1.0083636045455933
6534.951526755691	1.0123056173324585
6535.044294352111	1.0141451358795166
6535.1370619485315	1.0194011926651
6535.229829544953	1.0233432054519653
6535.322597141373	1.0241316556930542
6535.415364737793	1.0272852182388306
6535.508132334214	1.022029161453247
6535.600899930635	1.0172988176345825
6535.693667527055	1.0217664241790771
6535.786435123476	1.0259711742401123
6535.879202719896	1.025182843208313
6535.971970316317	1.0196640491485596
6536.064737912738	1.0157220363616943
6536.157505509158	1.0204523801803589
6536.250273105579	1.020189642906189
6536.343040702	1.017035961151123
6536.43580829842	1.0204523801803589
6536.52857589484	1.017824411392212
6536.6213434912615	1.0125683546066284
6536.714111087682	1.0107288360595703
6536.806878684102	1.011780023574829
6536.8996462805235	1.0165103673934937
6536.992413876944	1.020189642906189
6537.085181473364	1.0241316556930542
6537.1779490697845	1.025445580482483
6537.270716666206	1.022554874420166
6537.363484262626	1.0204523801803589
6537.4562518590465	1.0215036869049072
6537.549019455468	1.0243943929672241
6537.641787051888	1.025445580482483
6537.734554648308	1.0243943929672241
6537.827322244729	1.0259711742401123
6537.92008984115	1.0333296060562134
6538.01285743757	1.0385856628417969
6538.105625033991	1.037797212600708
6538.198392630412	1.0325411558151245
6538.291160226832	1.032804012298584
6538.383927823253	1.0349063873291016
6538.476695419673	1.0364831686019897
6538.569463016094	1.043578863143921
6538.662230612515	1.043053150177002
6538.754998208935	1.0372716188430786
6538.847765805355	1.0372716188430786
6538.9405334017765	1.0409507751464844
6539.033300998197	1.0383228063583374
6539.126068594617	1.032804012298584
6539.2188361910385	1.0370087623596191
6539.311603787459	1.0385856628417969
6539.404371383879	1.037797212600708
6539.4971389802995	1.0375343561172485
6539.589906576721	1.0409507751464844
6539.682674173141	1.0401623249053955
6539.775441769561	1.0412136316299438
6539.868209365983	1.045418381690979
6539.960976962403	1.0493603944778442
6540.053744558823	1.0496231317520142
6540.146512155244	1.050148844718933
6540.239279751665	1.0493603944778442
6540.332047348085	1.0462068319320679
6540.424814944506	1.0472580194473267
6540.517582540927	1.0459439754486084
6540.610350137347	1.0456812381744385
6540.703117733768	1.0464696884155273
6540.795885330188	1.0469951629638672
6540.888652926609	1.0462068319320679
6540.98142052303	1.045155644416809
6541.07418811945	1.0459439754486084
6541.166955715871	1.0522512197494507
6541.2597233122915	1.0582956075668335
6541.352490908712	1.0559303760528564
6541.445258505132	1.0598723888397217
6541.538026101553	1.0632888078689575
6541.630793697974	1.0617120265960693
6541.723561294394	1.065391182899475
6541.8163288908145	1.0627632141113281
6541.909096487236	1.0538280010223389
6542.001864083656	1.048046350479126
6542.094631680076	1.043053150177002
6542.187399276498	1.0351691246032715
6542.280166872918	1.0349063873291016
6542.372934469338	1.0433160066604614
6542.465702065759	1.0548791885375977
6542.55846966218	1.0640771389007568
6542.6512372586	1.0651283264160156
6542.744004855021	1.063814401626587
6542.836772451442	1.063551664352417
6542.929540047862	1.0646028518676758
6543.022307644283	1.0643399953842163
6543.115075240703	1.0619747638702393
6543.207842837124	1.066179633140564
6543.3006104335445	1.0724867582321167
6543.393378029965	1.0706472396850586
6543.486145626386	1.0614491701126099
6543.5789132228065	1.047783613204956
6543.671680819227	1.0275479555130005
6543.764448415647	1.0059983730316162
6543.857216012068	0.9941723942756653
6543.949983608489	0.9939096570014954
6544.042751204909	1.0162476301193237
6544.135518801329	1.0485719442367554
6544.228286397751	1.0614491701126099
6544.321053994171	1.0667052268981934
6544.413821590591	1.0748519897460938
6544.506589187013	1.078794002532959
6544.599356783433	1.0801080465316772
6544.692124379853	1.0806336402893066
6544.784891976274	1.0772172212600708
6544.877659572695	1.0798451900482178
6544.970427169115	1.0851011276245117
6545.063194765536	1.0882548093795776
6545.155962361957	1.093773603439331
6545.248729958377	1.0921968221664429
6545.341497554798	1.091408371925354
6545.434265151218	1.0919339656829834
6545.527032747639	1.0866780281066895
6545.6198003440595	1.0808963775634766
6545.71256794048	1.0851011276245117
6545.805335536901	1.0845756530761719
6545.8981031333215	1.0827360153198242
6545.990870729742	1.0903571844100952
6546.083638326162	1.0974527597427368
6546.176405922583	1.1027088165283203
6546.269173519004	1.1082276105880737
6546.361941115424	1.1111183166503906
6546.454708711845	1.112169623374939
6546.547476308266	1.1137464046478271
6546.640243904686	1.1137464046478271
6546.733011501106	1.114009141921997
6546.825779097528	1.1119067668914795
6546.918546693948	1.1077020168304443
6547.011314290368	1.1100671291351318
6547.104081886789	1.1155860424041748
6547.19684948321	1.1192651987075806
6547.28961707963	1.1211048364639282
6547.382384676051	1.1179511547088623
6547.475152272472	1.1040228605270386
6547.567919868892	1.094036340713501
6547.660687465313	1.0856268405914307
6547.753455061733	1.0840500593185425
6547.846222658154	1.1016576290130615
6547.9389902545745	1.1200536489486694
6548.031757850995	1.1316168308258057
6548.124525447416	1.132142424583435
6548.217293043836	1.1300400495529175
6548.310060640257	1.1211048364639282
6548.402828236677	1.1008691787719727
6548.495595833098	1.0824731588363647
6548.588363429519	1.0748519897460938
6548.681131025939	1.0801080465316772
6548.77389862236	1.1024459600448608
6548.866666218781	1.1289888620376587
6548.959433815201	1.1450196504592896
6549.052201411621	1.148173213005066
6549.144969008043	1.150801181793213
6549.237736604463	1.1565828323364258
6549.330504200883	1.160787582397461
6549.423271797305	1.1618387699127197
6549.516039393725	1.159999132156372
6549.608806990145	1.1636784076690674
6549.701574586566	1.1705111265182495
6549.794342182987	1.170773983001709
6549.887109779407	1.1723507642745972
6549.9798773758275	1.178920865058899
6550.072644972248	1.183125615119934
6550.165412568669	1.18654203414917
6550.2581801650895	1.1931120157241821
6550.35094776151	1.1962655782699585
6550.443715357931	1.2002075910568237
6550.536482954351	1.2033611536026
6550.629250550772	1.2046751976013184
6550.722018147192	1.2099311351776123
6550.814785743613	1.21177077293396
6550.907553340034	1.2125592231750488
6551.000320936454	1.2175524234771729
6551.093088532875	1.2207059860229492
6551.185856129296	1.2214943170547485
6551.278623725716	1.2233339548110962
6551.371391322136	1.2262247800827026
6551.464158918558	1.2285900115966797
6551.556926514978	1.232532024383545
6551.649694111398	1.2359483242034912
6551.7424617078195	1.23673677444458
6551.83522930424	1.242781162261963
6551.92799690066	1.2504023313522339
6552.020764497081	1.2504023313522339
6552.113532093502	1.2527676820755005
6552.206299689922	1.257760763168335
6552.2990672863425	1.249876856803894
6552.391834882763	1.229115605354309
6552.484602479184	1.2054636478424072
6552.577370075604	1.1912723779678345
6552.670137672025	1.199156403541565
6552.762905268446	1.2296411991119385
6552.855672864866	1.27037513256073
6552.948440461287	1.2971807718276978
6553.041208057707	1.3069043159484863
6553.133975654128	1.3158396482467651
6553.226743250549	1.327139973640442
6553.319510846969	1.3366007804870605
6553.41227844339	1.3323960304260254
6553.505046039811	1.3308191299438477
6553.597813636231	1.3358123302459717
6553.690581232651	1.3400171995162964
6553.783348829073	1.3429080247879028
6553.876116425493	1.3589386940002441
6553.968884021913	1.3810139894485474
6554.0616516183345	1.3994100093841553
6554.154419214755	1.4086079597473145
6554.247186811175	1.4086079597473145
6554.3399544075955	1.4193826913833618
6554.432722004017	1.4335739612579346
6554.525489600437	1.4451372623443604
6554.6182571968575	1.451444387435913
6554.711024793279	1.459854006767273
6554.803792389699	1.4714173078536987
6554.896559986119	1.4869223833084106
6554.98932758254	1.502953290939331
6555.082095178961	1.5092604160308838
6555.174862775381	1.5176700353622437
6555.267630371802	1.531072735786438
6555.360397968222	1.5481547117233276
6555.453165564643	1.569967269897461
6555.545933161064	1.5936192274093628
6555.638700757484	1.6067593097686768
6555.731468353905	1.6196364164352417
6555.824235950326	1.644339680671692
6555.917003546746	1.6750872135162354
6556.009771143166	1.689803957939148
6556.1025387395875	1.6990020275115967
6556.195306336008	1.715558409690857
6556.288073932428	1.742889642715454
6556.3808415288495	1.773637294769287
6556.47360912527	1.7951867580413818
6556.56637672169	1.8085895776748657
6556.6591443181105	1.83828604221344
6556.751911914532	1.8719244003295898
6556.844679510952	1.883487582206726
6556.9374471073725	1.8863784074783325
6557.030214703794	1.8955763578414917
6557.122982300214	1.914497971534729
6557.215749896634	1.9489247798919678
6557.308517493055	2.0112082958221436
6557.401285089476	2.079799175262451
6557.494052685896	2.136826753616333
6557.586820282317	2.1864960193634033
6557.679587878738	2.2366907596588135
6557.772355475158	2.2818922996520996
6557.865123071579	2.3176331520080566
6557.957890667999	2.345752716064453
6558.05065826442	2.392793893814087
6558.143425860841	2.4571800231933594
6558.236193457261	2.524982452392578
6558.328961053681	2.5948872566223145
6558.4217286501025	2.674515724182129
6558.514496246523	2.7575604915618896
6558.607263842943	2.830881357192993
6558.7000314393645	2.8957931995391846
6558.792799035785	2.9638586044311523
6558.885566632205	3.0534732341766357
6558.9783342286255	3.1501834392547607
6559.071101825047	3.2392728328704834
6559.163869421467	3.322317361831665
6559.256637017887	3.4121952056884766
6559.349404614309	3.5044379234313965
6559.442172210729	3.6016740798950195
6559.534939807149	3.706268548965454
6559.62770740357	3.8021905422210693
6559.720474999991	3.897061347961426
6559.813242596411	3.998239278793335
6559.906010192832	4.094161033630371
6559.998777789253	4.189032077789307
6560.091545385673	4.272602558135986
6560.184312982094	4.332258224487305
6560.277080578514	4.385869026184082
6560.369848174935	4.4350128173828125
6560.462615771356	4.480477333068848
6560.555383367776	4.543811798095703
6560.648150964196	4.623703479766846
6560.7409185606175	4.7054338455200195
6560.833686157038	4.75457763671875
6560.926453753458	4.784011363983154
6561.019221349879	4.831052303314209
6561.1119889463	4.894649982452393
6561.20475654272	4.977957248687744
6561.2975241391405	5.0796613693237305
6561.390291735562	5.190299987792969
6561.483059331982	5.310136795043945
6561.575826928402	5.43102502822876
6561.668594524824	5.5329909324646
6561.761362121244	5.614721775054932
6561.854129717664	5.693298816680908
6561.946897314085	5.766095161437988
6562.039664910506	5.7999958992004395
6562.132432506926	5.824173450469971
6562.225200103347	5.844408988952637
6562.317967699768	5.822333812713623
6562.410735296188	5.79868221282959
6562.503502892609	5.791323661804199
6562.596270489029	5.768197059631348
6562.68903808545	5.744808197021484
6562.7818056818705	5.737186908721924
6562.874573278291	5.713534832000732
6562.967340874712	5.681999206542969
6563.0601084711325	5.674115180969238
6563.152876067553	5.658872604370117
6563.245643663973	5.63285493850708
6563.338411260394	5.603947162628174
6563.431178856815	5.568469047546387
6563.523946453235	5.552700996398926
6563.6167140496555	5.542451858520508
6563.709481646077	5.496725082397461
6563.802249242497	5.4170966148376465
6563.895016838917	5.300938606262207
6563.987784435339	5.159552574157715
6564.080552031759	5.0273637771606445
6564.173319628179	4.93012809753418
6564.2660872246	4.88834285736084
6564.358854821021	4.873626232147217
6564.451622417441	4.850499629974365
6564.544390013862	4.801618576049805
6564.637157610283	4.725932598114014
6564.729925206703	4.645778656005859
6564.822692803124	4.5785017013549805
6564.915460399544	4.543811798095703
6565.008227995965	4.5117506980896
6565.1009955923855	4.456299304962158
6565.193763188806	4.412412166595459
6565.286530785227	4.3790364265441895
6565.3792983816475	4.339879035949707
6565.472065978068	4.290998458862305
6565.564833574488	4.241854667663574
6565.657601170909	4.199281215667725
6565.75036876733	4.142253398895264
6565.84313636375	4.071034908294678
6565.935903960171	4.0000786781311035
6566.028671556592	3.9225528240203857
6566.121439153012	3.833989381790161
6566.214206749432	3.7501559257507324
6566.306974345854	3.665271520614624
6566.399741942274	3.5746054649353027
6566.492509538694	3.4844653606414795
6566.585277135115	3.394850492477417
6566.678044731536	3.3110172748565674
6566.770812327956	3.2287607192993164
6566.863579924377	3.144927501678467
6566.956347520798	3.06661319732666
6567.049115117218	2.9932920932769775
6567.141882713639	2.9278547763824463
6567.234650310059	2.858738422393799
6567.32741790648	2.780949354171753
6567.4201855029005	2.7113075256347656
6567.512953099321	2.6445562839508057
6567.605720695742	2.5843753814697266
6567.698488292162	2.5333919525146484
6567.791255888583	2.4721596240997314
6567.884023485003	2.4111900329589844
6567.976791081424	2.360995292663574
6568.069558677845	2.3134284019470215
6568.162326274265	2.2611312866210938
6568.255093870686	2.209359645843506
6568.347861467107	2.157850742340088
6568.440629063527	2.10581636428833
6568.533396659947	2.065608024597168
6568.626164256369	2.0311813354492188
6568.718931852789	1.993863582611084
6568.811699449209	1.948399305343628
6568.90446704563	1.909504771232605
6568.997234642051	1.8900576829910278
6569.090002238471	1.868770718574524
6569.182769834892	1.835132360458374
6569.275537431313	1.807275652885437
6569.368305027733	1.7896679639816284
6569.4610726241535	1.7696952819824219
6569.553840220574	1.7499852180480957
6569.646607816995	1.7284356355667114
6569.7393754134155	1.7034696340560913
6569.832143009836	1.6850736141204834
6569.924910606257	1.669568419456482
6570.017678202677	1.6527493000030518
6570.110445799098	1.6309367418289185
6570.203213395518	1.607547640800476
6570.295980991939	1.5883632898330688
6570.38874858836	1.571806788444519
6570.48151618478	1.5565643310546875
6570.574283781201	1.5379055738449097
6570.667051377622	1.5229259729385376
6570.759818974042	1.5176700353622437
6570.852586570462	1.5132023096084595
6570.945354166884	1.5011136531829834
6571.038121763304	1.487973690032959
6571.130889359724	1.4737824201583862
6571.2236569561455	1.4606423377990723
6571.316424552566	1.4506560564041138
6571.409192148986	1.4372532367706299
6571.501959745407	1.423587679862976
6571.594727341828	1.410447597503662
6571.687494938248	1.3962563276290894
6571.7802625346685	1.3736556768417358
6571.873030131089	1.3450103998184204
6571.96579772751	1.3250375986099243
6572.05856532393	1.3113720417022705
6572.151332920351	1.311109185218811
6572.244100516772	1.3284540176391602
6572.336868113192	1.3408056497573853
6572.429635709613	1.3436963558197021
6572.522403306033	1.3423823118209839
6572.615170902454	1.3355495929718018
6572.707938498875	1.3255631923675537
6572.800706095295	1.3221467733383179
6572.893473691716	1.3182047605514526
6572.986241288137	1.3076927661895752
6573.079008884557	1.2969180345535278
6573.171776480977	1.2864060401916504
6573.264544077399	1.280098795890808
6573.357311673819	1.2798360586166382
6573.450079270239	1.2722147703170776
6573.5428468666605	1.265907645225525
6573.635614463081	1.2653820514678955
6573.728382059501	1.2653820514678955
6573.8211496559215	1.265119194984436
6573.913917252343	1.2606515884399414
6574.006684848763	1.2540816068649292
6574.0994524451835	1.2504023313522339
6574.192220041605	1.2469860315322876
6574.284987638025	1.2435696125030518
6574.377755234445	1.2364740371704102
6574.470522830866	1.2178151607513428
6574.563290427287	1.1933748722076416
6574.656058023707	1.1723507642745972
6574.748825620128	1.1494871377944946
6574.841593216548	1.1379239559173584
6574.934360812969	1.1502755880355835
6575.02712840939	1.173927664756775
6575.11989600581	1.1946887969970703
6575.212663602231	1.2057263851165771
6575.305431198652	1.2086172103881836
6575.398198795072	1.2073031663894653
6575.490966391492	1.2007331848144531
6575.583733987914	1.199156403541565
6575.676501584334	1.2007331848144531
6575.769269180754	1.198893666267395
6575.8620367771755	1.1970540285110474
6575.954804373596	1.1928491592407227
6576.047571970016	1.1820743083953857
6576.1403395664365	1.1794463396072388
6576.233107162858	1.1820743083953857
6576.325874759278	1.1773439645767212
6576.4186423556985	1.1736648082733154
6576.51140995212	1.1744531393051147
6576.60417754854	1.1699856519699097
6576.69694514496	1.1634156703948975
6576.789712741381	1.1618387699127197
6576.882480337802	1.1594736576080322
6576.975247934222	1.1621016263961792
6577.068015530643	1.1642040014266968
6577.160783127063	1.1578967571258545
6577.253550723484	1.1534291505813599
6577.346318319905	1.15290367603302
6577.439085916325	1.1510640382766724
6577.531853512746	1.150801181793213
6577.624621109167	1.1494871377944946
6577.717388705587	1.14475679397583
6577.810156302007	1.1434428691864014
6577.9029238984285	1.1434428691864014
6577.995691494849	1.1381868124008179
6578.088459091269	1.135558843612671
6578.1812266876905	1.1381868124008179
6578.273994284111	1.1410776376724243
6578.366761880531	1.1408147811889648
6578.4595294769515	1.1387124061584473
6578.552297073373	1.1352959871292114
6578.645064669793	1.129777193069458
6578.737832266213	1.1263607740402222
6578.830599862635	1.127411961555481
6578.923367459055	1.1229443550109863
6579.016135055475	1.1142719984054565
6579.108902651896	1.1132208108901978
6579.201670248317	1.1184768676757812
6579.294437844737	1.1234699487686157
6579.387205441158	1.1208419799804688
6579.479973037579	1.1132208108901978
6579.572740633999	1.1082276105880737
6579.66550823042	1.106387972831726
6579.75827582684	1.1061252355575562
6579.851043423261	1.1040228605270386
6579.943811019682	1.1029716730117798
6580.036578616102	1.1042855978012085
6580.129346212522	1.1019203662872314
6580.2221138089435	1.098766803741455
6580.314881405364	1.0942991971969604
6580.407649001784	1.0893059968948364
6580.500416598205	1.088517665863037
6580.593184194626	1.0832616090774536
6580.685951791046	1.0743263959884644
6580.7787193874665	1.068807601928711
6580.871486983888	1.0714356899261475
6580.964254580308	1.0801080465316772
6581.057022176728	1.0872036218643188
6581.14978977315	1.0879919528961182
6581.24255736957	1.0829988718032837
6581.33532496599	1.081947684288025
6581.428092562411	1.0861523151397705
6581.520860158832	1.0916712284088135
6581.613627755252	1.0906200408935547
6581.706395351673	1.0824731588363647
6581.799162948094	1.0782684087753296
6581.891930544514	1.0801080465316772
6581.984698140935	1.081159234046936
6582.077465737355	1.0780056715011597
6582.170233333776	1.0748519897460938
6582.2630009301965	1.0706472396850586
6582.355768526617	1.066179633140564
6582.448536123038	1.0701216459274292
6582.5413037194585	1.0753775835037231
6582.634071315879	1.0748519897460938
6582.726838912299	1.0766916275024414
6582.81960650872	1.0795823335647583
6582.912374105141	1.0759031772613525
6583.005141701561	1.0672308206558228
6583.0979092979815	1.0593467950820923
6583.190676894403	1.0564559698104858
6583.283444490823	1.057770013809204
6583.376212087243	1.0572444200515747
6583.468979683665	1.0564559698104858
6583.561747280085	1.0590840578079224
6583.654514876505	1.063025951385498
6583.747282472926	1.0659167766571045
6583.840050069347	1.068019151687622
6583.932817665767	1.073012351989746
6584.025585262188	1.0772172212600708
6584.118352858609	1.0740636587142944
6584.211120455029	1.0695960521697998
6584.30388805145	1.0719611644744873
6584.39665564787	1.0745891332626343
6584.489423244291	1.073012351989746
6584.5821908407115	1.068544864654541
6584.674958437132	1.0719611644744873
6584.767726033553	1.0777428150177002
6584.8604936299735	1.0753775835037231
6584.953261226394	1.0743263959884644
6585.046028822814	1.0672308206558228
6585.138796419235	1.0622376203536987
6585.231564015656	1.0619747638702393
6585.324331612076	1.0625003576278687
6585.417099208496	1.0611863136291504
6585.509866804918	1.0572444200515747
6585.602634401338	1.0559303760528564
6585.695401997758	1.0564559698104858
6585.78816959418	1.0585583448410034
6585.8809371906	1.0593467950820923
6585.97370478702	1.0567188262939453
6586.066472383441	1.0530396699905396
6586.159239979862	1.0493603944778442
6586.252007576282	1.0448927879333496
6586.344775172703	1.0314899682998657
6586.437542769124	1.0238687992095947
6586.530310365544	1.0230803489685059
6586.623077961965	1.0238687992095947
6586.715845558385	1.0280736684799194
6586.808613154806	1.0367460250854492
6586.9013807512265	1.0443671941757202
6586.994148347647	1.0483092069625854
6587.086915944068	1.0469951629638672
6587.179683540488	1.050411581993103
6587.272451136909	1.0517256259918213
6587.365218733329	1.0493603944778442
6587.45798632975	1.0467324256896973
6587.550753926171	1.050148844718933
6587.643521522591	1.0530396699905396
6587.736289119012	1.0519883632659912
6587.829056715433	1.0525139570236206
6587.921824311853	1.047783613204956
6588.014591908273	1.0469951629638672
6588.107359504695	1.050674319267273
6588.200127101115	1.0572444200515747
6588.292894697535	1.0598723888397217
6588.385662293956	1.0533024072647095
6588.478429890377	1.0464696884155273
6588.571197486797	1.0462068319320679
6588.663965083218	1.0493603944778442
6588.756732679639	1.0514627695083618
6588.849500276059	1.0525139570236206
6588.9422678724795	1.0517256259918213
6589.0350354689	1.0483092069625854
6589.127803065321	1.0485719442367554
6589.2205706617415	1.050674319267273
6589.313338258162	1.056193232536316
6589.406105854583	1.050674319267273
6589.498873451003	1.045418381690979
6589.591641047424	1.0446300506591797
6589.684408643844	1.0475207567214966
6589.777176240265	1.050148844718933
6589.869943836686	1.0475207567214966
6589.962711433106	1.0475207567214966
6590.055479029527	1.0469951629638672
6590.148246625948	1.0488348007202148
6590.241014222368	1.045155644416809
6590.333781818788	1.0375343561172485
6590.42654941521	1.0396368503570557
6590.51931701163	1.0446300506591797
6590.61208460805	1.0438416004180908
6590.7048522044715	1.0406880378723145
6590.797619800892	1.0401623249053955
6590.890387397312	1.037797212600708
6590.983154993733	1.032804012298584
6591.075922590154	1.0314899682998657
6591.168690186574	1.0280736684799194
6591.2614577829945	1.0264967679977417
6591.354225379415	1.0322784185409546
6591.446992975836	1.0356948375701904
6591.5397605722565	1.0299131870269775
6591.632528168677	1.02781081199646
6591.725295765098	1.0238687992095947
6591.818063361518	1.0209779739379883
6591.910830957939	1.0267596244812012
6592.003598554359	1.030438780784607
6592.09636615078	1.0283364057540894
6592.189133747201	1.0257083177566528
6592.281901343621	1.017561674118042
6592.374668940042	1.012042760848999
6592.467436536463	1.0194011926651
6592.560204132883	1.022554874420166
6592.652971729303	1.020189642906189
6592.745739325725	1.0172988176345825
6592.838506922145	1.0130939483642578
6592.931274518565	1.0109915733337402
6593.0240421149865	1.010203242301941
6593.116809711407	1.0088891983032227
6593.209577307827	1.0125683546066284
6593.302344904248	1.0154591798782349
6593.395112500669	1.011780023574829
6593.487880097089	1.010203242301941
6593.5806476935095	1.014407992362976
6593.67341528993	1.0199267864227295
6593.766182886351	1.0233432054519653
6593.858950482771	1.0199267864227295
6593.951718079192	1.0154591798782349
6594.044485675613	1.0123056173324585
6594.137253272033	1.0104659795761108
6594.230020868454	1.0073124170303345
6594.322788464874	1.0057356357574463
6594.415556061295	1.0033704042434692
6594.508323657716	1.004158854484558
6594.601091254136	1.010203242301941
6594.693858850557	1.0088891983032227
6594.786626446978	1.0062612295150757
6594.879394043398	1.006786823272705
6594.972161639818	1.012042760848999
6595.06492923624	1.012831211090088
6595.15769683266	1.0091520547866821
6595.25046442908	1.012831211090088
6595.3432320255015	1.0146708488464355
6595.435999621922	1.0130939483642578
6595.528767218342	1.0081008672714233
6595.6215348147625	1.0099403858184814
6595.714302411184	1.0151963233947754
6595.807070007604	1.017561674118042
6595.8998376040245	1.0151963233947754
6595.992605200446	1.0141451358795166
6596.085372796866	1.0123056173324585
6596.178140393286	1.0086263418197632
6596.270907989707	1.006786823272705
6596.363675586128	1.0049471855163574
6596.456443182548	1.0091520547866821
6596.549210778969	1.0109915733337402
6596.641978375389	1.0038959980010986
6596.73474597181	1.0002168416976929
6596.827513568231	1.0038959980010986
6596.920281164651	1.004421591758728
6597.013048761072	1.0057356357574463
6597.105816357493	1.0099403858184814
6597.198583953913	1.009414792060852
6597.291351550333	1.0075751543045044
6597.3841191467545	1.0057356357574463
6597.476886743175	1.0075751543045044
6597.569654339595	1.010203242301941
6597.6624219360165	1.0025819540023804
6597.755189532437	1.001793622970581
6597.847957128857	1.004684329032898
6597.9407247252775	1.001793622970581
6598.033492321699	0.9973260164260864
6598.126259918119	0.9939096570014954
6598.219027514539	1.002056360244751
6598.311795110961	1.0075751543045044
6598.404562707381	1.0023192167282104
6598.497330303801	0.9968003630638123
6598.590097900222	0.9973260164260864
6598.682865496643	0.9991656541824341
6598.775633093063	0.9999539852142334
6598.868400689484	1.005210041999817
6598.961168285905	1.0015307664871216
6599.053935882325	0.9912816286087036
6599.146703478746	0.9833976030349731
6599.239471075166	0.9810323715209961
6599.332238671587	0.9844487905502319
6599.425006268008	0.9918071627616882
6599.517773864428	0.9952236413955688
6599.610541460848	0.997063159942627
6599.7033090572695	0.9996911883354187
6599.79607665369	0.9989027976989746
6599.88884425011	0.9962748289108276
6599.981611846531	0.9989027976989746
6600.074379442952	1.004684329032898
6600.167147039372	1.005210041999817
6600.2599146357925	1.0038959980010986
6600.352682232214	1.0023192167282104
6600.445449828634	1.0012680292129517
6600.538217425054	0.9978516101837158
6600.630985021476	0.99443519115448
6600.723752617896	0.9978516101837158
6600.816520214316	1.0031076669692993
6600.909287810737	1.0059983730316162
6601.002055407158	1.0065239667892456
6601.094823003578	1.0015307664871216
6601.187590599999	0.9989027976989746
6601.28035819642	0.9981143474578857
6601.37312579284	0.9962748289108276
6601.465893389261	1.0015307664871216
6601.558660985681	1.0031076669692993
6601.651428582102	0.9991656541824341
6601.7441961785225	0.9965376257896423
6601.836963774943	0.9952236413955688
6601.929731371363	0.99443519115448
6602.0224989677845	0.992858350276947
6602.115266564205	0.9865511655807495
6602.208034160625	0.9828720092773438
6602.300801757046	0.9910188317298889
6602.393569353467	0.9968003630638123
6602.486336949887	0.9989027976989746
6602.5791045463075	1.0023192167282104
6602.671872142729	1.0002168416976929
6602.764639739149	0.9949608445167542
6602.857407335569	0.99443519115448
6602.950174931991	1.0033704042434692
6603.042942528411	1.0065239667892456
6603.135710124831	1.0007423162460327
6603.228477721252	1.0002168416976929
6603.321245317673	1.004158854484558
6603.414012914093	1.0086263418197632
6603.506780510514	1.0109915733337402
6603.599548106935	1.010203242301941
6603.692315703355	1.0036331415176392
6603.785083299776	1.0004795789718628
6603.877850896196	1.0007423162460327
6603.970618492617	0.9996911883354187
6604.0633860890375	1.0010051727294922
6604.156153685458	1.0012680292129517
6604.248921281879	1.002056360244751
6604.3416888782995	1.004158854484558
6604.43445647472	1.0038959980010986
6604.52722407114	1.0057356357574463
6604.619991667561	1.0025819540023804
6604.712759263982	0.999428391456604
6604.805526860402	1.0015307664871216
6604.898294456822	1.0004795789718628
6604.991062053244	1.0036331415176392
6605.083829649664	1.004421591758728
6605.176597246084	0.9975888133049011
6605.269364842506	0.9946979880332947
6605.362132438926	0.9952236413955688
6605.454900035346	0.9978516101837158
6605.547667631767	0.9983772039413452
6605.640435228188	0.9946979880332947
6605.733202824608	0.9933840036392212
6605.825970421029	0.9962748289108276
6605.91873801745	0.999428391456604
6606.01150561387	1.0004795789718628
6606.104273210291	0.999428391456604
6606.197040806711	0.9941723942756653
6606.289808403132	0.9907559752464294
6606.3825759995525	0.9923328161239624
6606.475343595973	0.9957491755485535
6606.568111192394	0.999428391456604
6606.660878788814	1.004158854484558
6606.753646385235	1.0054727792739868
6606.846413981655	1.001793622970581
6606.939181578076	0.9999539852142334
6607.031949174497	1.0002168416976929
6607.124716770917	1.0028448104858398
6607.217484367338	1.0057356357574463
6607.310251963759	1.004421591758728
6607.403019560179	1.0010051727294922
6607.495787156599	0.999428391456604
6607.588554753021	0.9973260164260864
6607.681322349441	0.9965376257896423
6607.774089945861	0.9960119724273682
6607.866857542282	0.9946979880332947
6607.959625138703	0.9968003630638123
6608.052392735123	0.9978516101837158
6608.145160331544	0.9933840036392212
6608.237927927965	0.9975888133049011
6608.330695524385	0.999428391456604
6608.4234631208055	0.9962748289108276
6608.516230717226	0.9925956130027771
6608.608998313647	0.9918071627616882
6608.7017659100675	0.9936468005180359
6608.794533506488	0.9907559752464294
6608.887301102909	0.9873396158218384
6608.980068699329	0.9918071627616882
6609.07283629575	0.9918071627616882
6609.16560389217	0.9933840036392212
6609.258371488591	0.9939096570014954
6609.351139085012	0.9923328161239624
6609.443906681432	0.9881280064582825
6609.536674277853	0.9847116470336914
6609.629441874274	0.9870768189430237
6609.722209470694	0.9904931783676147
6609.814977067114	0.9902303814888
6609.907744663536	0.9925956130027771
6610.000512259956	0.9965376257896423
6610.093279856376	0.9962748289108276
6610.186047452797	0.9907559752464294
6610.278815049218	0.9897047877311707
6610.371582645638	1.0015307664871216
6610.464350242059	1.0078380107879639
6610.55711783848	0.997063159942627
6610.6498854349	0.9878652095794678
6610.7426530313205	0.9820836186408997
6610.835420627741	0.9865511655807495
6610.928188224162	0.9847116470336914
6611.0209558205825	0.9847116470336914
6611.113723417003	0.9897047877311707
6611.206491013424	0.9847116470336914
6611.299258609844	0.9828720092773438
6611.392026206265	0.9860256314277649
6611.484793802685	0.9857628345489502
6611.577561399106	0.9865511655807495
6611.670328995527	0.9870768189430237
6611.763096591947	0.9831348061561584
6611.855864188368	0.9820836186408997
6611.948631784789	0.9878652095794678
6612.041399381209	0.9933840036392212
6612.134166977629	0.9939096570014954
6612.226934574051	0.9870768189430237
6612.319702170471	0.9823463559150696
6612.412469766891	0.981820821762085
6612.5052373633125	0.980243980884552
6612.598004959733	0.9823463559150696
6612.690772556153	0.9854999780654907
6612.783540152574	0.9886536598205566
6612.876307748995	0.9915443658828735
6612.969075345415	0.9923328161239624
6613.0618429418355	0.9904931783676147
6613.154610538256	0.9865511655807495
6613.247378134677	0.9881280064582825
6613.340145731097	0.9878652095794678
6613.432913327518	0.980243980884552
6613.525680923939	0.9773531556129456
6613.618448520359	0.9784043431282043
6613.71121611678	0.9844487905502319
6613.8039837132	0.9857628345489502
6613.896751309621	0.985237181186676
6613.989518906042	0.9823463559150696
6614.082286502462	0.9791927933692932
6614.175054098883	0.9836603403091431
6614.267821695304	0.9899676442146301
6614.360589291724	0.9907559752464294
6614.453356888144	0.9902303814888
6614.546124484566	0.9886536598205566
6614.638892080986	0.9881280064582825
6614.731659677406	0.9865511655807495
6614.8244272738275	0.9854999780654907
6614.917194870248	0.989441990852356
6615.009962466668	0.9965376257896423
6615.1027300630885	0.9936468005180359
6615.19549765951	0.9912816286087036
6615.28826525593	0.9847116470336914
6615.3810328523505	0.981820821762085
6615.473800448772	0.9810323715209961
6615.566568045192	0.9823463559150696
6615.659335641612	0.9912816286087036
6615.752103238033	0.9962748289108276
6615.844870834454	0.9973260164260864
6615.937638430874	0.9931212067604065
6616.030406027295	0.9923328161239624
6616.123173623715	0.9936468005180359
6616.215941220136	0.9952236413955688
6616.308708816557	0.9936468005180359
6616.401476412977	0.9883908033370972
6616.494244009398	0.989441990852356
6616.587011605819	0.99443519115448
6616.679779202239	0.9946979880332947
6616.772546798659	0.9925956130027771
6616.8653143950805	0.9899676442146301
6616.958081991501	0.9881280064582825
6617.050849587921	0.992858350276947
6617.1436171843425	0.99443519115448
6617.236384780763	0.9886536598205566
6617.329152377183	0.9873396158218384
6617.4219199736035	0.9912816286087036
6617.514687570025	0.9933840036392212
6617.607455166445	0.9897047877311707
6617.700222762865	0.9889163970947266
6617.792990359287	0.9910188317298889
6617.885757955707	0.9915443658828735
6617.978525552127	0.9899676442146301
6618.071293148548	0.9862883687019348
6618.164060744969	0.9886536598205566
6618.256828341389	0.9910188317298889
6618.34959593781	0.9933840036392212
6618.44236353423	0.9949608445167542
6618.535131130651	0.9965376257896423
6618.627898727072	0.9968003630638123
6618.720666323492	0.9939096570014954
6618.813433919913	0.9925956130027771
6618.906201516334	0.9915443658828735
6618.998969112754	0.9918071627616882
6619.091736709174	0.9918071627616882
6619.1845043055955	0.9954863786697388
6619.277271902016	1.002056360244751
6619.370039498436	0.999428391456604
6619.462807094857	0.9968003630638123
6619.555574691278	0.9975888133049011
6619.648342287698	0.9952236413955688
6619.7411098841185	0.9952236413955688
6619.83387748054	0.9939096570014954
6619.92664507696	0.9952236413955688
6620.01941267338	0.9960119724273682
6620.112180269802	0.9946979880332947
6620.204947866222	0.9912816286087036
6620.297715462642	0.9891791939735413
6620.390483059063	0.9912816286087036
6620.483250655484	0.9925956130027771
6620.576018251904	0.9939096570014954
6620.668785848325	0.9989027976989746
6620.761553444746	1.004684329032898
6620.854321041166	1.0033704042434692
6620.947088637587	1.0010051727294922
6621.039856234007	1.001793622970581
6621.132623830428	1.0015307664871216
6621.225391426849	1.001793622970581
6621.318159023269	1.005210041999817
6621.410926619689	1.0028448104858398
6621.5036942161105	0.9978516101837158
6621.596461812531	0.9960119724273682
6621.689229408951	0.9996911883354187
6621.781997005372	0.9989027976989746
6621.874764601793	0.9991656541824341
6621.967532198213	0.9999539852142334
6622.0602997946335	0.9978516101837158
6622.153067391055	1.0010051727294922
6622.245834987475	1.0036331415176392
6622.338602583895	1.0015307664871216
6622.431370180317	0.997063159942627
6622.524137776737	1.001793622970581
6622.616905373157	1.0109915733337402
6622.709672969578	1.0081008672714233
6622.802440565999	1.004158854484558
6622.895208162419	1.005210041999817
6622.98797575884	1.0088891983032227
6623.080743355261	1.0096776485443115
6623.173510951681	1.0083636045455933
6623.266278548102	1.0078380107879639
6623.359046144522	1.0065239667892456
6623.451813740943	1.0049471855163574
6623.5445813373635	1.0023192167282104
6623.637348933784	1.002056360244751
6623.730116530205	1.0031076669692993
6623.8228841266255	1.004684329032898
6623.915651723046	1.004684329032898
6624.008419319466	1.0062612295150757
6624.101186915887	1.0057356357574463
6624.193954512308	1.0033704042434692
6624.286722108728	1.001793622970581
6624.379489705148	1.004158854484558
6624.47225730157	1.005210041999817
6624.56502489799	1.0033704042434692
6624.65779249441	1.0002168416976929
6624.750560090832	1.0007423162460327
6624.843327687252	1.0036331415176392
6624.936095283672	1.0012680292129517
6625.028862880093	1.004684329032898
6625.121630476514	1.0096776485443115
6625.214398072934	1.0112543106079102
6625.307165669355	1.010203242301941
6625.399933265776	1.0062612295150757
6625.492700862196	1.0038959980010986
6625.585468458617	1.0010051727294922
6625.678236055037	0.999428391456604
6625.771003651458	0.9991656541824341
6625.8637712478785	0.999428391456604
6625.956538844299	0.999428391456604
6626.04930644072	1.0012680292129517
6626.14207403714	0.9978516101837158
6626.234841633561	0.9978516101837158
6626.327609229981	1.001793622970581
6626.420376826402	1.001793622970581
6626.513144422823	1.0015307664871216
6626.605912019243	1.006786823272705
6626.698679615663	1.005210041999817
6626.791447212085	1.0078380107879639
6626.884214808505	1.0099403858184814
6626.976982404925	1.006786823272705
6627.069750001347	1.0038959980010986
6627.162517597767	1.0086263418197632
6627.255285194187	1.0096776485443115
6627.348052790608	1.004421591758728
6627.440820387029	0.9999539852142334
6627.533587983449	1.0023192167282104
6627.62635557987	1.0025819540023804
6627.719123176291	1.0004795789718628
6627.811890772711	1.0023192167282104
6627.9046583691315	1.0057356357574463
6627.997425965552	1.004158854484558
6628.090193561973	0.9981143474578857
6628.1829611583935	0.9975888133049011
6628.275728754814	1.0054727792739868
6628.368496351235	1.0049471855163574
6628.461263947655	0.9996911883354187
6628.554031544076	1.0036331415176392
6628.646799140496	1.0081008672714233
6628.739566736917	1.0033704042434692
6628.832334333338	1.0049471855163574
6628.925101929758	1.004158854484558
6629.017869526179	1.002056360244751
6629.1106371226	1.0088891983032227
6629.20340471902	1.010203242301941
6629.29617231544	1.0112543106079102
6629.388939911862	1.0123056173324585
6629.481707508282	1.0078380107879639
6629.574475104702	1.0028448104858398
6629.667242701123	1.0059983730316162
6629.760010297544	1.0104659795761108
6629.852777893964	1.0088891983032227
6629.945545490385	1.0070496797561646
6630.038313086806	1.0057356357574463
6630.131080683226	1.0059983730316162
6630.2238482796465	1.0036331415176392
6630.316615876067	1.0062612295150757
6630.409383472488	1.0057356357574463
6630.5021510689085	1.004158854484558
6630.594918665329	1.0057356357574463
6630.68768626175	1.0086263418197632
6630.78045385817	1.006786823272705
6630.873221454591	1.006786823272705
6630.965989051011	1.0075751543045044
6631.058756647432	1.0062612295150757
6631.151524243853	1.0049471855163574
6631.244291840273	1.0033704042434692
6631.337059436694	1.0062612295150757
6631.429827033115	1.010203242301941
6631.522594629535	1.0073124170303345
6631.615362225955	1.0059983730316162
6631.708129822377	1.0104659795761108
6631.800897418797	1.0112543106079102
6631.893665015217	1.0088891983032227
6631.9864326116385	1.0075751543045044
6632.079200208059	1.009414792060852
6632.171967804479	1.0099403858184814
6632.2647354009	1.0088891983032227
6632.357502997321	1.0081008672714233
6632.450270593741	1.004684329032898
6632.5430381901615	1.0012680292129517
6632.635805786582	1.0057356357574463
6632.728573383003	1.010203242301941
6632.821340979423	1.0157220363616943
6632.914108575844	1.017824411392212
6633.006876172265	1.0165103673934937
6633.099643768685	1.017035961151123
6633.192411365106	1.0172988176345825
6633.285178961526	1.010203242301941
6633.377946557947	1.0073124170303345
6633.470714154368	1.0057356357574463
6633.563481750788	1.0057356357574463
6633.656249347209	1.0078380107879639
6633.74901694363	1.009414792060852
6633.84178454005	1.0123056173324585
6633.93455213647	1.0109915733337402
6634.027319732892	1.0109915733337402
6634.120087329312	1.0125683546066284
6634.212854925732	1.0133568048477173
6634.3056225221535	1.0125683546066284
6634.398390118574	1.0070496797561646
6634.491157714994	1.0099403858184814
6634.5839253114145	1.0154591798782349
6634.676692907836	1.0099403858184814
6634.769460504256	1.0083636045455933
6634.8622281006765	1.0138823986053467
6634.954995697097	1.0141451358795166
6635.047763293518	1.0083636045455933
6635.140530889938	1.0062612295150757
6635.233298486359	1.0096776485443115
6635.32606608278	1.0154591798782349
6635.4188336792	1.0149335861206055
6635.511601275621	1.009414792060852
6635.604368872041	1.0130939483642578
6635.697136468462	1.022029161453247
6635.789904064883	1.0217664241790771
6635.882671661303	1.0107288360595703
6635.975439257724	1.0109915733337402
6636.068206854145	1.0123056173324585
6636.160974450565	1.0078380107879639
6636.253742046985	1.004421591758728
6636.3465096434065	1.0086263418197632
6636.439277239827	1.0130939483642578
6636.532044836247	1.0136196613311768
6636.6248124326685	1.0130939483642578
6636.717580029089	1.0107288360595703
6636.810347625509	1.0109915733337402
6636.9031152219295	1.0081008672714233
6636.995882818351	1.0057356357574463
6637.088650414771	1.0086263418197632
6637.181418011191	1.0125683546066284
6637.274185607613	1.0159847736358643
6637.366953204033	1.010203242301941
6637.459720800453	1.0065239667892456
6637.552488396874	1.0088891983032227
6637.645255993295	1.0099403858184814
6637.738023589715	1.0130939483642578
6637.830791186136	1.009414792060852
6637.923558782556	1.006786823272705
6638.016326378977	1.0115171670913696
6638.109093975398	1.0183500051498413
6638.201861571818	1.0165103673934937
6638.294629168239	1.009414792060852
6638.38739676466	1.0057356357574463
6638.48016436108	1.004158854484558
6638.5729319575	1.004684329032898
6638.6656995539215	1.0099403858184814
6638.758467150342	1.0151963233947754
6638.851234746762	1.0107288360595703
6638.9440023431835	1.0088891983032227
6639.036769939604	1.0057356357574463
6639.129537536024	1.0078380107879639
6639.2223051324445	1.0081008672714233
6639.315072728866	1.014407992362976
6639.407840325286	1.017035961151123
6639.500607921706	1.0151963233947754
6639.593375518128	1.017824411392212
6639.686143114548	1.017561674118042
6639.778910710968	1.0165103673934937
6639.871678307389	1.0157220363616943
6639.96444590381	1.0115171670913696
6640.05721350023	1.0130939483642578
6640.149981096651	1.0159847736358643
6640.242748693072	1.0167732238769531
6640.335516289492	1.0207152366638184
6640.428283885913	1.0207152366638184
6640.521051482333	1.0180871486663818
6640.613819078754	1.0183500051498413
6640.706586675175	1.0162476301193237
6640.799354271595	1.0136196613311768
6640.892121868015	1.017824411392212
6640.9848894644365	1.0194011926651
6641.077657060857	1.0159847736358643
6641.170424657277	1.0162476301193237
6641.263192253698	1.0146708488464355
6641.355959850119	1.012831211090088
6641.448727446539	1.017561674118042
6641.5414950429595	1.0233432054519653
6641.634262639381	1.022029161453247
6641.727030235801	1.0194011926651
6641.819797832221	1.0186128616333008
6641.912565428643	1.0183500051498413
6642.005333025063	1.017561674118042
6642.098100621483	1.0204523801803589
6642.190868217904	1.017824411392212
6642.283635814325	1.0125683546066284
6642.376403410745	1.010203242301941
6642.469171007166	1.0123056173324585
6642.561938603587	1.017824411392212
6642.654706200007	1.0172988176345825
6642.747473796428	1.0125683546066284
6642.840241392848	1.0104659795761108
6642.933008989269	1.0151963233947754
6643.0257765856895	1.0138823986053467
6643.11854418211	1.010203242301941
6643.21131177853	1.0096776485443115
6643.3040793749515	1.009414792060852
6643.396846971372	1.0115171670913696
6643.489614567792	1.0146708488464355
6643.582382164213	1.0154591798782349
6643.675149760634	1.0086263418197632
6643.767917357054	1.0054727792739868
6643.860684953474	1.004684329032898
6643.953452549896	0.9957491755485535
6644.046220146316	0.9999539852142334
6644.138987742736	1.0049471855163574
6644.231755339158	1.004158854484558
6644.324522935578	1.0007423162460327
6644.417290531998	0.9965376257896423
6644.510058128419	0.9897047877311707
6644.60282572484	0.9910188317298889
6644.69559332126	0.992858350276947
6644.788360917681	0.9902303814888
6644.881128514102	0.9920700192451477
6644.973896110522	0.992858350276947
6645.066663706943	0.9904931783676147
6645.159431303363	0.9873396158218384
6645.252198899784	0.9810323715209961
6645.3449664962045	0.9833976030349731
6645.437734092625	0.9844487905502319
6645.530501689046	0.9768276214599609
6645.623269285466	0.9765648245811462
6645.716036881887	0.9723600149154663
6645.808804478307	0.9652643799781799
6645.901572074728	0.9673668146133423
6645.994339671149	0.9713088274002075
6646.087107267569	0.9692063927650452
6646.179874863989	0.9663156270980835
6646.272642460411	0.9628992080688477
6646.365410056831	0.9597456455230713
6646.458177653251	0.9592199921607971
6646.550945249673	0.9592199921607971
6646.643712846093	0.9636876583099365
6646.736480442513	0.9636876583099365
6646.829248038934	0.9579060077667236
6646.922015635355	0.9508103728294373
