6399.63827939	0.260066636
6399.6382793874	1.10361647605896
6399.8983460234	1.1033512353897095
6400.1584126594	1.1047468185424805
6400.4184792954	1.1034047603607178
6400.6785459314	1.103598952293396
6400.9386125674	1.1038148403167725
6401.1986792034	1.1059941053390503
6401.4587458394	1.1026630401611328
6401.7188124754	1.102707862854004
6401.9788791114	1.1045291423797607
6402.2389457474	1.1053612232208252
6402.4990123833995	1.1074298620224
6402.7590790194	1.1065475940704346
6403.0191456554	1.104985237121582
6403.2792122914	1.1071110963821411
6403.5392789274	1.1102042198181152
6403.7993455634	1.1072918176651
6404.0594121994	1.1105018854141235
6404.3194788354	1.1054251194000244
6404.5795454714	1.1075561046600342
6404.8396121074	1.1082171201705933
6405.0996787434	1.1095304489135742
6405.3597453794	1.1061211824417114
6405.6198120154	1.1022617816925049
6405.8798786514	1.1034348011016846
6406.1399452874	1.1058580875396729
6406.4000119234	1.1024410724639893
6406.6600785594	1.1003471612930298
6406.9201451953995	1.1031345129013062
6407.1802118314	1.1043081283569336
6407.4402784674	1.101305365562439
6407.7003451034	1.1050134897232056
6407.9604117394	1.1033599376678467
6408.2204783754	1.1003061532974243
6408.4805450114	1.1068297624588013
6408.7406116474	1.1029536724090576
6409.0006782834	1.105251431465149
6409.2607449194	1.1024681329727173
6409.5208115554	1.1062195301055908
6409.7808781914	1.107735514640808
6410.0409448274	1.1086663007736206
6410.3010114634	1.1093229055404663
6410.5610780994	1.108877420425415
6410.8211447354	1.1065990924835205
6411.0812113714	1.1051181554794312
6411.3412780073995	1.1044319868087769
6411.6013446434	1.1057546138763428
6411.8614112794	1.107164978981018
6412.1214779154	1.1065845489501953
6412.3815445514	1.1110743284225464
6412.6416111874	1.1101253032684326
6412.9016778234	1.1078449487686157
6413.1617444594	1.1147443056106567
6413.4218110954	1.113142967224121
6413.6818777314	1.1194756031036377
6413.9419443674	1.123356819152832
6414.2020110034	1.1262500286102295
6414.4620776394	1.1227941513061523
6414.7221442754	1.123012900352478
6414.9822109114	1.1225330829620361
6415.2422775474	1.1190248727798462
6415.5023441834	1.1205030679702759
6415.7624108194	1.1205672025680542
6416.0224774554	1.1154155731201172
6416.2825440914	1.1187211275100708
6416.5426107274	1.114923119544983
6416.8026773634	1.1115607023239136
6417.0627439994	1.1151704788208008
6417.3228106354	1.1164668798446655
6417.5828772714	1.11467444896698
6417.8429439074	1.1174519062042236
6418.1030105434	1.1160451173782349
6418.3630771794	1.1145660877227783
6418.6231438154	1.1163339614868164
6418.8832104514	1.115412712097168
6419.1432770874	1.1164623498916626
6419.4033437234	1.1194188594818115
6419.6634103594	1.1227202415466309
6419.9234769954	1.1214230060577393
6420.1835436314	1.1187463998794556
6420.4436102674	1.1159746646881104
6420.7036769034	1.1123861074447632
6420.9637435394	1.115525245666504
6421.2238101754	1.113189458847046
6421.4838768114	1.1110626459121704
6421.7439434474	1.10887610912323
6422.0040100834	1.102084755897522
6422.2640767194	1.1027897596359253
6422.5241433554	1.10220205783844
6422.7842099914	1.1015515327453613
6423.0442766274	1.102702260017395
6423.3043432634	1.0969581604003906
6423.5644098994	1.0997999906539917
6423.8244765354	1.1002542972564697
6424.0845431714	1.1008585691452026
6424.3446098074	1.0987848043441772
6424.6046764434	1.0992162227630615
6424.8647430794	1.0988097190856934
6425.1248097154	1.096760869026184
6425.3848763514	1.0997204780578613
6425.6449429874	1.0966988801956177
6425.9050096234	1.0932031869888306
6426.1650762594	1.0976003408432007
6426.4251428954	1.09962797164917
6426.6852095314	1.100568175315857
6426.9452761674	1.1032377481460571
6427.2053428034	1.102790117263794
6427.4654094394	1.101689338684082
6427.7254760754	1.1019017696380615
6427.9855427114	1.10472571849823
6428.2456093474	1.1093029975891113
6428.5056759834	1.1097526550292969
6428.7657426194	1.1067744493484497
6429.0258092554	1.1107287406921387
6429.2858758914	1.1169862747192383
6429.5459425274	1.1178990602493286
6429.8060091634	1.1213799715042114
6430.0660757994	1.1267235279083252
6430.3261424354	1.1267306804656982
6430.5862090714	1.1244616508483887
6430.8462757074	1.1260370016098022
6431.1063423434	1.1275489330291748
6431.3664089794	1.1214646100997925
6431.6264756154	1.1165906190872192
6431.8865422514	1.1186244487762451
6432.1466088874	1.1173655986785889
6432.4066755234	1.1146446466445923
6432.6667421594	1.1113088130950928
6432.9268087954	1.1103482246398926
6433.1868754314	1.1139501333236694
6433.4469420674	1.1145782470703125
6433.7070087034	1.1152838468551636
6433.9670753394	1.1162548065185547
6434.2271419754	1.11368727684021
6434.4872086114	1.1197375059127808
6434.7472752474	1.1214772462844849
6435.0073418834	1.1219359636306763
6435.2674085194	1.1237295866012573
6435.5274751554	1.1249209642410278
6435.7875417914	1.1255830526351929
6436.0476084274	1.1235311031341553
6436.3076750634	1.1178851127624512
6436.5677416994	1.114855408668518
6436.8278083354	1.1112686395645142
6437.0878749714	1.1101405620574951
6437.3479416074	1.1051944494247437
6437.6080082434	1.1033681631088257
6437.8680748794	1.102231740951538
6438.1281415154	1.1080812215805054
6438.3882081514	1.1038657426834106
6438.6482747874	1.103095293045044
6438.9083414234	1.1041325330734253
6439.1684080594005	1.1052541732788086
6439.4284746954	1.1043139696121216
6439.6885413314	1.1054891347885132
6439.9486079674	1.1066035032272339
6440.2086746034	1.1121940612792969
6440.4687412394	1.1126716136932373
6440.7288078754	1.1106098890304565
6440.9888745114	1.11248779296875
6441.2489411474	1.1137367486953735
6441.5090077834	1.115464448928833
6441.7690744194	1.1103421449661255
6442.0291410554	1.1149325370788574
6442.2892076914	1.1146438121795654
6442.5492743274	1.1140774488449097
6442.8093409634	1.1162322759628296
6443.0694075994	1.1086363792419434
6443.3294742354	1.109553575515747
6443.5895408714005	1.1145286560058594
6443.8496075074	1.1116005182266235
6444.1096741434	1.1114422082901
6444.3697407794	1.1090425252914429
6444.6298074154	1.1129270792007446
6444.8898740514	1.1110087633132935
6445.1499406874	1.1135022640228271
6445.4100073234	1.1142146587371826
6445.6700739594	1.1157337427139282
6445.9301405954	1.1113301515579224
6446.1902072314	1.1096805334091187
6446.4502738674	1.1084171533584595
6446.7103405034	1.1051812171936035
6446.9704071394	1.1055915355682373
6447.2304737754	1.1076618432998657
6447.4905404114	1.10374915599823
6447.7506070474	1.1018922328948975
6448.0106736834005	1.0991859436035156
6448.2707403194	1.0990755558013916
6448.5308069554	1.099771499633789
6448.7908735914	1.1043957471847534
6449.0509402274	1.0995979309082031
6449.3110068634	1.0978753566741943
6449.5710734994	1.0992282629013062
6449.8311401354	1.0988740921020508
6450.0912067714	1.1033254861831665
6450.3512734074	1.102306604385376
6450.6113400434	1.1050573587417603
6450.8714066794	1.103318691253662
6451.1314733154	1.1028860807418823
6451.3915399514	1.1042436361312866
6451.6516065874	1.1105810403823853
6451.9116732234	1.1145910024642944
6452.1717398594	1.1151548624038696
6452.4318064954	1.1235703229904175
6452.6918731314	1.1291491985321045
6452.9519397674	1.1347486972808838
6453.2120064034	1.1413060426712036
6453.4720730394	1.1421114206314087
6453.7321396754	1.1459864377975464
6453.9922063114	1.1463068723678589
6454.2522729474	1.1496126651763916
6454.5123395834	1.150987982749939
6454.7724062194	1.1473009586334229
6455.0324728554	1.1431138515472412
6455.2925394914	1.1409344673156738
6455.5526061274	1.1344631910324097
6455.8126727634	1.1298797130584717
6456.0727393994	1.1281359195709229
6456.3328060354	1.1305230855941772
6456.5928726714	1.128239631652832
6456.8529393074	1.125162124633789
6457.1130059434	1.1251771450042725
6457.3730725794	1.1319267749786377
6457.6331392154	1.1370261907577515
6457.8932058514	1.1374521255493164
6458.1532724874	1.1413801908493042
6458.4133391234	1.14176607131958
6458.6734057594	1.136268138885498
6458.9334723954	1.1355847120285034
6459.1935390314	1.1382460594177246
6459.4536056674	1.1335513591766357
6459.7136723034	1.1271177530288696
6459.9737389394	1.124984622001648
6460.2338055754	1.1223700046539307
6460.4938722114	1.1161932945251465
6460.7539388474	1.114275336265564
6461.0140054834	1.1103882789611816
6461.2740721194	1.105303168296814
6461.5341387554	1.100591778755188
6461.7942053914	1.0963135957717896
6462.0542720274	1.0923398733139038
6462.3143386634	1.0922645330429077
6462.5744052994	1.0920926332473755
6462.8344719354	1.0901440382003784
6463.0945385714	1.0840445756912231
6463.3546052074	1.0813087224960327
6463.6146718434	1.081774115562439
6463.8747384794	1.0813508033752441
6464.1348051154	1.081737756729126
6464.3948717514	1.0804216861724854
6464.6549383874	1.0813542604446411
6464.9150050234	1.0841569900512695
6465.1750716594	1.0845001935958862
6465.4351382954	1.087463617324829
6465.6952049314	1.085313320159912
6465.9552715674	1.0828346014022827
6466.2153382034	1.078978419303894
6466.4754048394	1.0766046047210693
6466.7354714754	1.0785527229309082
6466.9955381114	1.0807194709777832
6467.2556047474	1.0839769840240479
6467.5156713834	1.078352928161621
6467.7757380194	1.0776923894882202
6468.0358046554	1.07997465133667
6468.2958712914	1.0782763957977295
6468.5559379274	1.0795435905456543
6468.8160045634	1.0819270610809326
6469.0760711994	1.0791468620300293
6469.3361378354	1.0726399421691895
6469.5962044714	1.0660351514816284
6469.8562711074	1.0616689920425415
6470.1163377434	1.0687761306762695
6470.3764043794	1.078622579574585
6470.6364710154	1.0802785158157349
6470.8965376514	1.079543948173523
6471.1566042874	1.0795356035232544
6471.4166709234005	1.0807485580444336
6471.6767375594	1.0831624269485474
6471.9368041954	1.0806788206100464
6472.1968708314	1.069968819618225
6472.4569374674	1.063817024230957
6472.7170041034	1.0599356889724731
6472.9770707394	1.0558249950408936
6473.2371373754	1.0604348182678223
6473.4972040114	1.0689544677734375
6473.7572706474	1.070194959640503
6474.0173372834	1.0738980770111084
6474.2774039194	1.0758299827575684
6474.5374705554	1.0673493146896362
6474.7975371914	1.0486332178115845
6475.0576038274	1.0354729890823364
6475.3176704634	1.0252323150634766
6475.5777370994	1.0188900232315063
6475.8378037354005	1.0304266214370728
6476.0978703714	1.0428566932678223
6476.3579370074	1.0529974699020386
6476.6180036434	1.0613120794296265
6476.8780702794	1.0593582391738892
6477.1381369154	1.0574318170547485
6477.3982035514	1.0580596923828125
6477.6582701874	1.0658860206604004
6477.9183368234	1.072607159614563
6478.1784034594	1.0763453245162964
6478.4384700954	1.0783065557479858
6478.6985367314	1.0729939937591553
6478.9586033674	1.0640610456466675
6479.2186700034	1.0653102397918701
6479.4787366394	1.0575562715530396
6479.7388032754	1.0482505559921265
6479.9988699114	1.0416990518569946
6480.2589365474005	1.0456559658050537
6480.5190031834	1.0617923736572266
6480.7790698194	1.0716807842254639
6481.0391364554	1.0760756731033325
6481.2992030914	1.075738787651062
6481.5592697274	1.075762391090393
6481.8193363634	1.0761483907699585
6482.0794029994	1.0773545503616333
6482.3394696354	1.0794035196304321
6482.5995362714	1.0741621255874634
6482.8596029074	1.0646793842315674
6483.1196695434	1.0476629734039307
6483.3797361794	1.0398480892181396
6483.6398028154	1.031045913696289
6483.8998694514	1.0387632846832275
6484.1599360874	1.0484248399734497
6484.4200027234	1.0545932054519653
6484.6800693594005	1.062506914138794
6484.9401359954	1.0709441900253296
6485.2002026314	1.0769885778427124
6485.4602692674	1.0694541931152344
6485.7203359034	1.0689858198165894
6485.9804025394	1.0753531455993652
6486.2404691754	1.0735632181167603
6486.5005358114	1.0683242082595825
6486.7606024474	1.0711498260498047
6487.0206690834	1.0698970556259155
6487.2807357194	1.0699297189712524
6487.5408023554	1.0757724046707153
6487.8008689914	1.0775343179702759
6488.0609356274	1.080692172050476
6488.3210022634	1.0811797380447388
6488.5810688994	1.086660623550415
6488.8411355354	1.0840513706207275
6489.1012021714005	1.0851970911026
6489.3612688074	1.0882622003555298
6489.6213354434	1.0935297012329102
6489.8814020794	1.098463535308838
6490.1414687154	1.097825527191162
6490.4015353514005	1.0798192024230957
6490.6616019874	1.0686843395233154
6490.9216686234	1.0692129135131836
6491.1817352594	1.075006365776062
6491.4418018954	1.0942671298980713
6491.7018685314	1.1008518934249878
6491.9619351674	1.1001075506210327
6492.2220018034	1.0951024293899536
6492.4820684394	1.081724762916565
6492.7421350754	1.068159580230713
6493.0022017114	1.0620859861373901
6493.2622683474	1.0695234537124634
6493.5223349834005	1.0833890438079834
6493.7824016194	1.0965079069137573
6494.0424682554	1.0929034948349
6494.3025348914	1.0956971645355225
6494.5626015274	1.094751238822937
6494.8226681634005	1.0942292213439941
6495.0827347994	1.0929949283599854
6495.3428014354	1.085862159729004
6495.6028680714	1.0693950653076172
6495.8629347074	1.0567831993103027
6496.1230013434	1.0621693134307861
6496.3830679794	1.069603681564331
6496.6431346154	1.0783504247665405
6496.9032012514	1.082674264907837
6497.1632678874	1.0752787590026855
6497.4233345234	1.066408634185791
6497.6834011594	1.0621501207351685
6497.9434677954005	1.067001461982727
6498.2035344314	1.070385217666626
6498.4636010674	1.0709325075149536
6498.7236677034	1.0705680847167969
6498.9837343394	1.0730077028274536
6499.2438009754005	1.0710328817367554
6499.5038676114	1.0692665576934814
6499.7639342474	1.0667369365692139
6500.0240008834	1.0639095306396484
6500.2840675194	1.0650335550308228
6500.5441341554	1.0638500452041626
6500.8042007914	1.0687150955200195
6501.0642674274	1.06342613697052
6501.3243340634	1.061722755432129
6501.5844006994	1.0583199262619019
6501.8444673354	1.0603306293487549
6502.1045339714	1.0624322891235352
6502.3646006074005	1.060835599899292
6502.6246672434	1.0626925230026245
6502.8847338794	1.066723108291626
6503.1448005154	1.0653917789459229
6503.4048671514	1.0651153326034546
6503.6649337874005	1.0648932456970215
6503.9250004234	1.0609257221221924
6504.1850670594	1.0619620084762573
6504.4451336954	1.060192346572876
6504.7052003314	1.0674583911895752
6504.9652669674	1.0703922510147095
6505.2253336034	1.0715197324752808
6505.4854002394	1.0688073635101318
6505.7454668754	1.0669177770614624
6506.0055335114	1.067161202430725
6506.2656001474	1.067853331565857
6506.5256667834	1.0700242519378662
6506.7857334194005	1.0685126781463623
6507.0458000554	1.0658605098724365
6507.3058666914	1.0665159225463867
6507.5659333274	1.063334584236145
6507.8259999634	1.0650569200515747
6508.0860665994005	1.062859058380127
6508.3461332354	1.0532039403915405
6508.6061998714	1.0549161434173584
6508.8662665074	1.0558584928512573
6509.1263331434	1.0625842809677124
6509.3863997794	1.0652151107788086
6509.6464664154	1.0632400512695312
6509.9065330514	1.0675303936004639
6510.1665996874	1.0667049884796143
6510.4266663234	1.064766526222229
6510.6867329594	1.065937876701355
6510.9467995954	1.0645800828933716
6511.2068662314	1.0602086782455444
6511.4669328674	1.0585730075836182
6511.7269995034	1.0549262762069702
6511.9870661394	1.0516201257705688
6512.2471327754	1.0581700801849365
6512.5071994114005	1.0677826404571533
6512.7672660474	1.0794581174850464
6513.0273326834	1.0908855199813843
6513.2873993194	1.0924921035766602
6513.5474659554	1.0988446474075317
6513.8075325914	1.0970211029052734
6514.0675992274	1.0972232818603516
6514.3276658634	1.0836299657821655
6514.5877324994	1.0684690475463867
6514.8477991354	1.066713571548462
6515.1078657714	1.071223258972168
6515.3679324074	1.0790605545043945
6515.6279990434	1.079725742340088
6515.8880656794	1.0735318660736084
6516.1481323154	1.0506916046142578
6516.4081989514	1.0282052755355835
6516.6682655874	1.0229029655456543
6516.9283322234005	1.0301181077957153
6517.1883988594	1.0530426502227783
6517.4484654954	1.0770487785339355
6517.7085321314	1.082598090171814
6517.9685987674	1.089062213897705
6518.2286654034	1.0933198928833008
6518.4887320394	1.097272515296936
6518.7487986754	1.1006767749786377
6519.0088653114	1.0920476913452148
6519.2689319474	1.0794944763183594
6519.5289985834	1.0739911794662476
6519.7890652194	1.0817254781723022
6520.0491318554	1.0858566761016846
6520.3091984914	1.0880076885223389
6520.5692651274	1.0832370519638062
6520.8293317634	1.0755667686462402
6521.0893983994	1.0747325420379639
6521.3494650354005	1.0746166706085205
6521.6095316714	1.0690641403198242
6521.8695983074	1.0649443864822388
6522.1296649434	1.058332920074463
6522.3897315794	1.0590989589691162
6522.6497982154	1.0596888065338135
6522.9098648514	1.056065559387207
6523.1699314874	1.0505748987197876
6523.4299981234	1.0433249473571777
6523.6900647594	1.0358093976974487
6523.9501313954	1.0319193601608276
6524.2101980314	1.044101595878601
6524.4702646674	1.053189992904663
6524.7303313034	1.0570671558380127
6524.9903979394	1.0594905614852905
6525.2504645754	1.0597944259643555
6525.5105312114	1.0585739612579346
6525.7705978474005	1.062319040298462
6526.0306644834	1.0621156692504883
6526.2907311194	1.0618276596069336
6526.5507977554	1.0631800889968872
6526.8108643914	1.0653526782989502
6527.070931027401	1.06614089012146
6527.3309976634	1.0650315284729004
6527.5910642994	1.063615083694458
6527.8511309354	1.0651001930236816
6528.1111975714	1.0641272068023682
6528.3712642074	1.064024806022644
6528.6313308434	1.0682544708251953
6528.8913974794	1.0659148693084717
6529.1514641154	1.0648550987243652
6529.4115307514	1.067337155342102
6529.6715973874	1.0688170194625854
6529.9316640234	1.067225456237793
6530.1917306594005	1.0640721321105957
6530.4517972954	1.0614346265792847
6530.7118639314	1.0620701313018799
6530.9719305674	1.0634329319000244
6531.2319972034	1.0646110773086548
6531.4920638394005	1.069475531578064
6531.7521304754	1.063124418258667
6532.0121971114	1.0471657514572144
6532.2722637474	1.0436396598815918
6532.5323303834	1.0458660125732422
6532.7923970194	1.048344373703003
6533.0524636554	1.0593570470809937
6533.3125302914	1.0650972127914429
6533.5725969274	1.0624399185180664
6533.8326635634	1.058436393737793
6534.0927301994	1.056092381477356
6534.3527968354	1.0598242282867432
6534.6128634714005	1.0683119297027588
6534.8729301074	1.0474756956100464
6535.1329967434	1.0554027557373047
6535.3930633794	1.0775917768478394
6535.6531300154	1.0721919536590576
6535.9131966514005	1.0762510299682617
6536.1732632874	1.0770617723464966
6536.4333299234	1.0722519159317017
6536.6933965594	1.072709560394287
6536.9534631954	1.074094533920288
6537.2135298314	1.0742582082748413
6537.4735964674	1.077346920967102
6537.7336631034	1.080826759338379
6537.9937297394	1.0838629007339478
6538.2537963754	1.0836478471755981
6538.5138630114	1.0834726095199585
6538.7739296474	1.0876520872116089
6539.0339962834005	1.0860176086425781
6539.2940629194	1.0857421159744263
6539.5541295554	1.0901825428009033
6539.8141961914	1.0903797149658203
6540.0742628274	1.0936802625656128
6540.3343294634005	1.092176079750061
6540.5943960994	1.0937368869781494
6540.8544627354	1.0990650653839111
6541.1145293714	1.0991408824920654
6541.3745960074	1.1024205684661865
6541.634662643401	1.1030056476593018
6541.8947292794	1.0984525680541992
6542.1547959154	1.0947282314300537
6542.4148625514	1.092714548110962
6542.6749291874	1.0935404300689697
6542.9349958234	1.0988980531692505
6543.1950624594	1.1044106483459473
6543.4551290954005	1.098305344581604
6543.7151957314	1.082303762435913
6543.9752623674	1.078542947769165
6544.2353290034	1.090820550918579
6544.4953956394	1.108950138092041
6544.7554622754005	1.1224071979522705
6545.0155289114	1.128515601158142
6545.2755955474	1.1312909126281738
6545.5356621834	1.1302932500839233
6545.7957288194	1.1317299604415894
6546.055795455401	1.1349811553955078
6546.3158620914	1.1397467851638794
6546.5759287274	1.1434857845306396
6546.8359953634	1.1464015245437622
6547.0960619994	1.150966763496399
6547.3561286354	1.1504411697387695
6547.6161952714	1.147446632385254
6547.8762619074005	1.1509710550308228
6548.1363285434	1.1504606008529663
6548.3963951794	1.144791603088379
6548.6564618154	1.1473934650421143
6548.9165284514	1.1558458805084229
6549.1765950874005	1.1736934185028076
6549.4366617234	1.1886147260665894
6549.6967283594	1.1993499994277954
6549.9567949954	1.2110264301300049
6550.2168616314	1.2180776596069336
6550.476928267401	1.221985101699829
6550.7369949034	1.2309385538101196
6550.9970615394	1.241967797279358
6551.2571281754	1.2497280836105347
6551.5171948114	1.2579286098480225
6551.7772614474	1.2601491212844849
6552.0373280834	1.263920783996582
6552.2973947194005	1.26132333278656
6552.5574613554	1.2570514678955078
6552.8175279914	1.2770421504974365
6553.0775946274	1.304739236831665
6553.3376612634	1.326434850692749
6553.5977278994005	1.3473011255264282
6553.8577945354	1.3636231422424316
6554.1178611714	1.3858497142791748
6554.3779278074	1.4151462316513062
6554.6379944434	1.4469558000564575
6554.898061079401	1.4780691862106323
6555.1581277154	1.5061227083206177
6555.4181943514	1.5413168668746948
6555.6782609874	1.5848222970962524
6555.9383276234	1.6314878463745117
6556.1983942594	1.679787516593933
6556.4584608954	1.7358083724975586
6556.7185275314005	1.7924389839172363
6556.9785941674	1.8526387214660645
6557.2386608034	1.9379875659942627
6557.4987274394	2.0428171157836914
6557.7587940754	2.1555356979370117
6558.0188607114005	2.2786474227905273
6558.2789273474	2.4266529083251953
6558.5389939834	2.592832565307617
6558.7990606194	2.7821712493896484
6559.0591272554	2.978147506713867
6559.319193891401	3.185441017150879
6559.5792605274	3.400143623352051
6559.8393271634	3.6036972999572754
6560.0993937994	3.7928526401519775
6560.3594604354	3.957470655441284
6560.6195270714	4.104615688323975
6560.8795937074	4.238340854644775
6561.1396603434005	4.386563777923584
6561.3997269794	4.563614845275879
6561.6597936154	4.771677017211914
6561.9198602514	4.977391242980957
6562.1799268874	5.141862869262695
6562.4399935234005	5.246204376220703
6562.7000601594	5.283753871917725
6562.9601267954	5.290205478668213
6563.2201934314	5.280638217926025
6563.4802600674	5.250064849853516
6563.740326703401	5.182260990142822
6564.0003933394	5.072382926940918
6564.2604599754	4.93129301071167
6564.5205266114	4.7775373458862305
6564.7805932474	4.627640247344971
6565.0406598834	4.491117000579834
6565.3007265194	4.348069190979004
6565.5607931554005	4.191686630249023
6565.8208597914	4.021481513977051
6566.0809264274	3.8259472846984863
6566.3409930634	3.6234805583953857
6566.6010596994	3.4054086208343506
6566.8611263354005	3.1874136924743652
6567.1211929714	2.9874820709228516
6567.3812596074	2.7956671714782715
6567.6413262434	2.6144278049468994
6567.9013928794	2.4516942501068115
6568.161459515401	2.304946184158325
6568.4215261514	2.1756069660186768
6568.6815927874	2.058706521987915
6568.9416594234	1.9540361166000366
6569.2017260594	1.8659827709197998
6569.4617926954	1.7987289428710938
6569.7218593314	1.737389087677002
6569.9819259674005	1.674750804901123
6570.2419926034	1.6239290237426758
6570.5020592394	1.5757951736450195
6570.7621258754	1.5284053087234497
6571.0221925114	1.4933335781097412
6571.2822591474005	1.4656741619110107
6571.5423257834	1.4298533201217651
6571.8023924194	1.3890341520309448
6572.0624590554	1.362278938293457
6572.3225256914	1.3466805219650269
6572.582592327401	1.3215404748916626
6572.8426589634	1.3125593662261963
6573.1027255994	1.3124383687973022
6573.3627922354	1.2949590682983398
6573.6228588714	1.2835267782211304
6573.8829255074	1.2694653272628784
6574.1429921434	1.2553428411483765
6574.4030587794	1.2330034971237183
6574.6631254154	1.2079036235809326
6574.9231920514	1.1962907314300537
6575.1832586874	1.1951295137405396
6575.4433253234	1.2016375064849854
6575.7033919594005	1.2027016878128052
6575.9634585954	1.1934380531311035
6576.2235252314	1.1839483976364136
6576.4835918674	1.1778132915496826
6576.7436585034	1.1748299598693848
6577.003725139401	1.1711976528167725
6577.2637917754	1.1646382808685303
6577.5238584114	1.158136010169983
6577.7839250474	1.1524258852005005
6578.0439916834	1.1474653482437134
6578.3040583194	1.1438844203948975
6578.5641249554	1.1400293111801147
6578.8241915914	1.1340168714523315
6579.0842582274	1.1305373907089233
6579.3443248634	1.1309187412261963
6579.6043914994	1.1260550022125244
6579.8644581354	1.1217927932739258
6580.1245247714005	1.116809606552124
6580.3845914074	1.1087177991867065
6580.6446580434	1.1055597066879272
6580.9047246794	1.1016966104507446
6581.1647913154	1.0987132787704468
6581.424857951401	1.1000927686691284
6581.6849245874	1.1003804206848145
6581.9449912234	1.1000314950942993
6582.2050578594	1.0986957550048828
6582.4651244954	1.097983717918396
6582.725191131401	1.0958447456359863
6582.9852577674	1.0930862426757812
6583.2453244034	1.0915287733078003
6583.5053910394	1.0897175073623657
6583.7654576754	1.0927929878234863
6584.0255243114	1.094800353050232
6584.2855909474	1.094286561012268
6584.5456575834005	1.0917127132415771
6584.8057242194	1.090951681137085
6585.0657908554	1.0892378091812134
6585.3258574914	1.0828016996383667
6585.5859241274	1.0784316062927246
6585.845990763401	1.0790667533874512
6586.1060573994	1.0758510828018188
6586.3661240354	1.0656797885894775
6586.6261906714	1.0595970153808594
6586.8862573074	1.0597434043884277
6587.146323943401	1.0646754503250122
6587.4063905794	1.0683413743972778
6587.6664572154	1.0665154457092285
6587.9265238514	1.0668964385986328
6588.1865904874	1.0709648132324219
6588.4466571234	1.0693895816802979
6588.7067237594	1.0688457489013672
6588.9667903954005	1.0680882930755615
6589.2268570314	1.0675650835037231
6589.4869236674	1.0671800374984741
6589.7469903034	1.0697522163391113
6590.0070569394	1.0681463479995728
6590.267123575401	1.0612432956695557
6590.5271902114	1.0607208013534546
6590.7872568474	1.0554677248001099
6591.0473234834	1.0521079301834106
6591.3073901194	1.0505471229553223
6591.567456755401	1.0494585037231445
6591.8275233914	1.0484237670898438
6592.0875900274	1.047007441520691
6592.3476566634	1.047265887260437
6592.6077232994	1.0456516742706299
6592.8677899354	1.0440853834152222
6593.1278565714	1.0422862768173218
6593.3879232074005	1.0394495725631714
6593.6479898434	1.0421483516693115
6593.9080564794	1.0397772789001465
6594.1681231154	1.0373668670654297
6594.4281897514	1.0409891605377197
6594.6882563874005	1.0370817184448242
6594.9483230234	1.0384619235992432
6595.2083896594	1.042873740196228
6595.4684562954	1.0443437099456787
6595.7285229314	1.040345311164856
6595.988589567401	1.038216471672058
6596.2486562034	1.041893720626831
6596.5087228394	1.039266586303711
6596.7687894754	1.0378308296203613
6597.0288561114	1.03769850730896
6597.288922747401	1.0352953672409058
6597.5489893834	1.0377963781356812
6597.8090560194005	1.0402718782424927
6598.0691226554	1.0368967056274414
6598.3291892914	1.0340754985809326
6598.5892559274	1.0347973108291626
6598.8493225634	1.0301368236541748
6599.1093891994005	1.025240182876587
6599.3694558354	1.0247166156768799
6599.6295224714	1.0255372524261475
6599.8895891074	1.0284522771835327
6600.1496557434	1.0301973819732666
6600.409722379401	1.0304512977600098
6600.6697890154	1.031350016593933
6600.9298556514	1.0329753160476685
6601.1899222874	1.031278133392334
6601.4499889234	1.0262905359268188
6601.710055559401	1.0278640985488892
6601.9701221954	1.027685284614563
6602.2301888314005	1.025413990020752
6602.4902554674	1.0237778425216675
6602.7503221034	1.025753140449524
6603.0103887394	1.0296227931976318
6603.2704553754	1.0295501947402954
6603.5305220114005	1.026631236076355
6603.7905886474	1.0273970365524292
6604.0506552834	1.0277738571166992
6604.3107219194	1.0285130739212036
6604.5707885554	1.0258750915527344
6604.830855191401	1.0243648290634155
6605.0909218274	1.0216931104660034
6605.3509884634	1.0197957754135132
6605.6110550994	1.0193864107131958
6605.8711217354	1.0180798768997192
6606.131188371401	1.0171644687652588
6606.3912550074	1.0187824964523315
6606.6513216434005	1.0205045938491821
6606.9113882794	1.0233782529830933
6607.1714549154	1.01773202419281
6607.4315215514	1.0166826248168945
6607.6915881874	1.0165045261383057
6607.9516548234005	1.0155309438705444
6608.2117214594	1.016842007637024
6608.4717880954	1.019382357597351
6608.7318547314	1.0183414220809937
6608.9919213674	1.017690658569336
6609.251988003401	1.016218662261963
6609.5120546394	1.0132865905761719
6609.7721212754	1.01479172706604
6610.0321879114	1.0150612592697144
6610.2922545474	1.0142136812210083
6610.552321183401	1.0169261693954468
6610.8123878194	1.0164552927017212
6611.0724544554005	1.0150052309036255
6611.3325210914	1.0162835121154785
6611.5925877274	1.0162805318832397
6611.8526543634	1.0156313180923462
6612.1127209994	1.01442289352417
6612.3727876354005	1.0090010166168213
6612.6328542714	1.006826639175415
6612.8929209074	1.0064886808395386
6613.1529875434	1.0082361698150635
6613.4130541794	1.0099250078201294
6613.673120815401	1.0113844871520996
6613.9331874514	1.0089824199676514
6614.1932540874	1.0077531337738037
6614.4533207234	1.0100324153900146
6614.7133873594	1.0112382173538208
6614.973453995401	1.0130398273468018
6615.2335206314	1.0077908039093018
6615.4935872674005	1.009812355041504
6615.7536539034	1.0111432075500488
6616.0137205394	1.009736180305481
6616.2737871754	1.0124887228012085
6616.5338538114	1.0127791166305542
6616.7939204474005	1.0096042156219482
6617.0539870834	1.0115079879760742
6617.3140537194	1.0110689401626587
6617.5741203554	1.0119924545288086
6617.8341869914	1.0132759809494019
6618.094253627401	1.0125017166137695
6618.3543202634	1.01389741897583
6618.6143868994	1.0093626976013184
6618.8744535354	1.0123851299285889
6619.1345201714	1.0107842683792114
6619.394586807401	1.0083794593811035
6619.6546534434	1.0059689283370972
6619.9147200794005	1.007933497428894
6620.1747867154	1.0069146156311035
6620.4348533514	1.0043340921401978
6620.6949199874	1.0040419101715088
6620.9549866234	1.0058807134628296
6621.2150532594005	1.0085914134979248
6621.4751198954	1.0087281465530396
6621.7351865314	1.0055848360061646
6621.9952531674	1.0074621438980103
6622.2553198034	1.0052855014801025
6622.515386439401	1.004939317703247
6622.7754530754	1.0067896842956543
6623.0355197114	1.0052512884140015
6623.2955863474	1.00615394115448
6623.5556529834	1.0087249279022217
6623.815719619401	1.0085973739624023
6624.0757862554	1.004700779914856
6624.3358528914005	1.007152795791626
6624.5959195274	1.0062000751495361
6624.8559861634	1.006230354309082
6625.1160527994	1.0122839212417603
6625.3761194354	1.0065971612930298
6625.6361860714005	1.0082730054855347
6625.8962527074	1.0104368925094604
6626.1563193434	1.0029010772705078
6626.4163859794	1.0041961669921875
6626.6764526154	1.0019688606262207
6626.936519251401	1.0049529075622559
6627.1965858874	1.0006427764892578
6627.4566525234	1.0074998140335083
6627.7167191594	1.0069386959075928
6627.9767857954	1.004128336906433
6628.236852431401	1.0007277727127075
6628.4969190674	0.99969083070755
6628.7569857034005	1.0009804964065552
6629.0170523394	1.0033968687057495
6629.2771189754	1.0036342144012451
6629.5371856114	1.0048946142196655
6629.7972522474	1.0026955604553223
6630.0573188834005	1.0018161535263062
6630.3173855194	1.0006377696990967
6630.5774521554	1.0020599365234375
6630.8375187914	1.0011698007583618
6631.0975854274	1.0037846565246582
6631.357652063401	1.0035412311553955
6631.6177186994	1.0010566711425781
6631.8777853354	1.000913143157959
6632.1378519714	1.0023733377456665
6632.3979186074	1.001332402229309
6632.657985243401	0.9990647435188293
6632.9180518794	0.9993564486503601
6633.1781185154005	1.0009732246398926
6633.4381851514	0.996972382068634
6633.6982517874	0.9978030323982239
6633.9583184234	0.9974742531776428
6634.2183850594	1.0015621185302734
6634.4784516954005	1.0001705884933472
6634.7385183314	1.0029147863388062
6634.9985849674	0.9956579208374023
6635.2586516034	0.9949454069137573
6635.5187182394	0.9933057427406311
6635.778784875401	0.9958540797233582
6636.0388515114	0.9967172145843506
6636.2989181474	0.9957002997398376
6636.5589847834	0.998570442199707
6636.8190514194	0.9975885152816772
6637.079118055401	0.9965283274650574
6637.3391846914	0.9960373640060425
6637.5992513274	0.9954612255096436
6637.8593179634	0.9950302839279175
6638.1193845994	0.9939290881156921
6638.379451235401	0.9952154755592346
6638.6395178714	0.9971882700920105
6638.8995845074005	0.9952919483184814
6639.1596511434	0.995279848575592
6639.4197177794	0.9952341318130493
6639.6797844154	0.9955540299415588
6639.9398510514	0.9961147904396057
6640.199917687401	0.9936752319335938
6640.4599843234	0.9977319240570068
6640.7200509594	0.9949597716331482
6640.9801175954	0.9925590753555298
6641.2401842314	0.9917365312576294
6641.500250867401	0.9908720254898071
6641.7603175034	0.9919220209121704
6642.0203841394	0.9924876093864441
6642.2804507754	0.9955024123191833
6642.5405174114	0.9919273257255554
6642.800584047401	0.9861526489257812
6643.0606506834	0.9881822466850281
6643.3207173194005	0.9920156598091125
6643.5807839554	0.9909292459487915
6643.8408505914	0.9950817227363586
6644.1009172274	0.9915621876716614
6644.3609838634	0.9903098344802856
6644.621050499401	0.989007294178009
6644.8811171354	0.9907699823379517
6645.1411837714	0.9910076856613159
6645.4012504074	0.9900649189949036
6645.6613170434	0.9888783097267151
6645.921383679401	0.9898597002029419
6646.1814503154	0.9913396239280701
6646.4415169514	0.9933058619499207
6646.7015835874	0.9907914400100708
6646.9616502234	0.9913655519485474
6647.221716859401	0.9909824728965759
6647.4817834954	0.9898713231086731
6647.7418501314005	0.9905697107315063
6648.0019167674	0.9937549829483032
6648.2619834034	0.9873351454734802
6648.522050039401	0.9885160326957703
6648.7821166754	0.991075873374939
6649.042183311401	0.9913163185119629
6649.3022499474	0.9881105422973633
6649.5623165834	0.9893900156021118
6649.8223832194	0.9920084476470947
6650.0824498554	0.9914007186889648
6650.342516491401	0.9882085919380188
6650.6025831274	0.9881705641746521
6650.8626497634	0.9901940226554871
6651.1227163994	0.9903256893157959
6651.3827830354	0.992609977722168
6651.642849671401	0.9911326169967651
6651.9029163074	0.9875646829605103
6652.1629829434005	0.9900217652320862
6652.4230495794	0.9894946813583374
6652.6831162154	0.9874379634857178
6652.943182851401	0.9824406504631042
6653.2032494874	0.9873236417770386
6653.463316123401	0.9897717237472534
6653.7233827594	0.9854350090026855
6653.9834493954	0.9837687611579895
6654.2435160314	0.9852423667907715
6654.5035826674	0.9837104082107544
6654.763649303401	0.9869048595428467
6655.0237159394	0.990068256855011
6655.2837825754	0.9850932359695435
6655.5438492114	0.9820290207862854
6655.8039158474	0.9852011799812317
6656.063982483401	0.9825971722602844
6656.3240491194	0.9847474694252014
6656.5841157554005	0.9857140779495239
6656.8441823914	0.9847508072853088
6657.1042490274	0.9816031455993652
6657.364315663401	0.9815816879272461
6657.6243822994	0.9875129461288452
6657.8844489354005	0.9785060882568359
6658.1445155714	0.9820730090141296
6658.4045822074	0.9883394837379456
6658.6646488434	0.9836781024932861
6658.9247154794	0.9845708012580872
6659.184782115401	0.9844738841056824
6659.4448487514	0.9820687770843506
6659.7049153874	0.9806984066963196
6659.9649820234	0.9812831878662109
6660.2250486594	0.9828394055366516
6660.485115295401	0.9814367890357971
6660.7451819314	0.9809322953224182
6661.0052485674005	0.9809523224830627
6661.2653152034	0.9770049452781677
6661.5253818394	0.9777698516845703
6661.785448475401	0.9791085720062256
6662.0455151114	0.9798614382743835
6662.3055817474005	0.9797827005386353
6662.5656483834	0.9788646101951599
6662.8257150194	0.9775746464729309
6663.0857816554	0.9765392541885376
6663.3458482914	0.9774125814437866
6663.605914927401	0.977748692035675
6663.8659815634	0.9755280613899231
6664.1260481994	0.9754912257194519
6664.3861148354	0.9759719967842102
6664.6461814714	0.9762491583824158
6664.906248107401	0.9768580794334412
6665.1663147434	0.9765191674232483
6665.4263813794005	0.975480318069458
6665.6864480154	0.9752504825592041
6665.9465146514	0.9800444841384888
6666.206581287401	0.9798659682273865
6666.4666479234	0.9751322269439697
6666.7267145594005	0.9778834581375122
6666.9867811954	0.9747111797332764
6667.2468478314	0.9722965359687805
6667.5069144674	0.9760708808898926
6667.7669811034	0.9740741848945618
6668.027047739401	0.9748324751853943
6668.2871143754	0.9740479588508606
6668.5471810114	0.9760377407073975
6668.8072476474	0.9744053483009338
6669.0673142834	0.9757490158081055
6669.327380919401	0.9735273718833923
6669.5874475554	0.973065972328186
6669.8475141914005	0.9716304540634155
6670.1075808274	0.9708091020584106
6670.3676474634	0.9657459259033203
6670.627714099401	0.9644383788108826
6670.8877807354	0.9649156332015991
6671.1478473714005	0.9586021900177002
6671.4079140074	0.9570814371109009
6671.6679806434	0.9579178690910339
6671.9280472794	0.9548016786575317
6672.1881139154	0.9488407969474792
6672.448180551401	0.9465017914772034
6672.7082471874	0.9437259435653687
6672.9683138234	0.9454666376113892
6673.2283804594	0.9470536708831787
6673.4884470954	0.9496509432792664
6673.748513731401	0.9517594575881958
6674.0085803674	0.9553846120834351
6674.2686470034005	0.9581565856933594
6674.5287136394	0.9636865258216858
6674.7887802754	0.966678261756897
6675.048846911401	0.9711428284645081
6675.3089135474	0.9762678146362305
6675.5689801834005	0.9780028462409973
6675.8290468194	0.9818181395530701
6676.0891134554	0.9803929328918457
6676.3491800914	0.9828373789787292
6676.6092467274	0.9800360202789307
6676.869313363401	0.9764299392700195
6677.1293799994	0.9702311754226685
6677.3894466354	0.9670664072036743
6677.6495132714	0.9627138376235962
6677.9095799074	0.9592140913009644
6678.169646543401	0.9569649696350098
6678.4297131794	0.9576884508132935
6678.6897798154005	0.9564966559410095
6678.9498464514	0.9568642973899841
6679.2099130874	0.9577441215515137
6679.469979723401	0.9599348306655884
6679.7300463594	0.9648030400276184
6679.9901129954005	0.9648841023445129
6680.2501796314	0.9688807725906372
6680.5102462674	0.971595823764801
6680.7703129034	0.9729139804840088
6681.0303795394	0.9710920453071594
6681.290446175401	0.9732277989387512
6681.5505128114	0.9676666259765625
6681.8105794474	0.9656689763069153
6682.0706460834	0.9655355215072632
6682.3307127194	0.9586512446403503
6682.590779355401	0.954221785068512
6682.8508459914	0.9523804783821106
6683.1109126274005	0.952678918838501
6683.3709792634	0.9476556181907654
6683.6310458994	0.9482161998748779
6683.891112535401	0.9442547559738159
6684.1511791714	0.9481416344642639
6684.4112458074005	0.9469040036201477
6684.6713124434	0.948393702507019
6684.9313790794	0.9473167657852173
6685.1914457154	0.9468041062355042
6685.4515123514	0.948157012462616
6685.711578987401	0.9502934813499451
6685.9716456234	0.9531747698783875
6686.2317122594	0.9517274498939514
6686.4917788954	0.957262396812439
6686.7518455314	0.9575939774513245
6687.011912167401	0.9588581919670105
6687.2719788034	0.9609251022338867
6687.5320454394005	0.9657629728317261
6687.7921120754	0.967697262763977
6688.0521787114	0.9621861577033997
6688.312245347401	0.9664276242256165
6688.5723119834	0.9622085690498352
6688.8323786194005	0.9608706831932068
6689.0924452554	0.9611148834228516
6689.3525118914	0.9604854583740234
6689.6125785274	0.9611892104148865
6689.8726451634	0.9601887464523315
6690.132711799401	0.960178554058075
6690.3927784354	0.9585282802581787
6690.6528450714	0.9586777687072754
6690.9129117074	0.9612209796905518
6691.1729783434	0.9583585858345032
6691.433044979401	0.9607881903648376
6691.6931116154	0.9573225975036621
6691.9531782514005	0.9568078517913818
6692.2132448874	0.9561238884925842
6692.4733115234	0.9544220566749573
6692.733378159401	0.9572930335998535
6692.9934447954	0.9587463736534119
6693.2535114314005	0.9566619992256165
6693.5135780674	0.959187388420105
6693.7736447034	0.9594956040382385
6694.0337113394	0.9563420414924622
6694.2937779754	0.9544268846511841
6694.553844611401	0.9546800255775452
6694.8139112474	0.9557921290397644
6695.0739778834	0.9595740437507629
6695.334044519401	0.9607202410697937
6695.5941111554	0.9570351839065552
6695.854177791401	0.9542556405067444
6696.1142444274	0.9565407037734985
6696.3743110634005	0.9543443322181702
6696.6343776994	0.9550248980522156
6696.8944443354	0.9552016854286194
6697.154510971401	0.9541897773742676
6697.4145776074	0.953464150428772
6697.6746442434005	0.9511737823486328
6697.9347108794	0.9502463340759277
6698.1947775154	0.9494497776031494
6698.454844151401	0.954353392124176
6698.7149107874	0.9538764357566833
6698.974977423401	0.9541385173797607
6699.2350440594	0.9536839127540588
6699.4951106954	0.9519143104553223
6699.755177331401	0.9529463052749634
6700.0152439674	0.9512504935264587
6700.275310603401	0.9528578519821167
6700.5353772394	0.9514580368995667
6700.7954438754	0.9512093663215637
6701.0555105114	0.9499724507331848
6701.3155771474	0.9491249322891235
6701.575643783401	0.949094831943512
6701.8357104194	0.9477298259735107
6702.0957770554005	0.9494076371192932
6702.3558436914	0.9489948749542236
6702.6159103274	0.951259434223175
6702.875976963401	0.9500417709350586
6703.1360435994	0.9481220245361328
6703.396110235401	0.9514366388320923
6703.6561768714	0.9477832317352295
6703.9162435074	0.9485918879508972
6704.176310143401	0.9516171216964722
6704.4363767794	0.949948251247406
6704.696443415401	0.9483773112297058
6704.9565100514	0.9473528861999512
6705.2165766874	0.9475569128990173
6705.4766433234	0.9477797746658325
6705.7367099594	0.9495632648468018
6705.996776595401	0.9498350024223328
6706.2568432314	0.9490418434143066
6706.5169098674005	0.9485270977020264
6706.7769765034	0.9490590691566467
6707.0370431394	0.9481846690177917
6707.297109775401	0.9490243792533875
6707.5571764114	0.9494954943656921
6707.817243047401	0.9480652213096619
6708.0773096834	0.9466522932052612
6708.3373763194	0.9477975368499756
6708.597442955401	0.9463282823562622
6708.8575095914	0.9424187541007996
6709.117576227401	0.9454977512359619
6709.3776428634	0.9452930688858032
6709.6377094994	0.9478595852851868
6709.8977761354	0.947146475315094
6710.1578427714	0.9459927678108215
6710.417909407401	0.9491324424743652
6710.6779760434	0.9470409154891968
6710.9380426794005	0.9470766186714172
6711.1981093154	0.944484531879425
6711.4581759514	0.9486936926841736
6711.718242587401	0.9469832181930542
6711.9783092234	0.9470039010047913
6712.238375859401	0.9471439719200134
6712.4984424954	0.9457206130027771
6712.7585091314	0.9408004879951477
6713.018575767401	0.942126989364624
6713.2786424034	0.9409795999526978
6713.538709039401	0.947893500328064
6713.7987756754	0.9442140460014343
6714.0588423114	0.9465942978858948
6714.3189089474	0.9439215660095215
6714.5789755834	0.9465042948722839
6714.839042219401	0.9454748034477234
6715.0991088554	0.9443260431289673
6715.3591754914005	0.9438117742538452
6715.6192421274	0.9405789971351624
6715.8793087634	0.9429578185081482
6716.139375399401	0.9421718716621399
6716.3994420354	0.9397009015083313
6716.6595086714005	0.9382867217063904
6716.9195753074	0.9399645328521729
6717.1796419434	0.939243733882904
6717.439708579401	0.9429269433021545
6717.6997752154	0.9432836174964905
6717.959841851401	0.9392786026000977
6718.2199084874	0.937149167060852
6718.4799751234	0.9400870203971863
6718.7400417594	0.9415814280509949
6719.0001083954	0.9397514462471008
6719.260175031401	0.9398742318153381
6719.5202416674	0.9384297728538513
6719.7803083034005	0.9417475461959839
6720.0403749394	0.9402588605880737
