6433.09375	0.2470703125
6433.09375	160220.0
6433.3408203125	158910.5
6433.587890625	158386.046875
6433.8349609375	158947.046875
6434.08203125	158961.28125
6434.3291015625	159171.828125
6434.576171875	159567.953125
6434.8232421875	158941.703125
6435.0703125	159211.546875
6435.3173828125	159430.0
6435.564453125	159110.09375
6435.8115234375	160066.71875
6436.05859375	159691.265625
6436.3056640625	159765.5
6436.552734375	160586.265625
6436.7998046875	159522.140625
6437.046875	159390.984375
6437.2939453125	158866.859375
6437.541015625	157327.3125
6437.7880859375	157070.640625
6438.03515625	157875.671875
6438.2822265625	157503.5625
6438.529296875	156753.78125
6438.7763671875	156768.1875
6439.0234375	157594.9375
6439.2705078125	157713.46875
6439.517578125	158050.359375
6439.7646484375	157035.734375
6440.01171875	156292.328125
6440.2587890625	157529.8125
6440.505859375	157412.9375
6440.7529296875	157726.21875
6441.0	158588.3125
6441.2470703125	157222.828125
6441.494140625	158666.671875
6441.7412109375	158743.953125
6441.98828125	158847.59375
6442.2353515625	158758.125
6442.482421875	159146.640625
6442.7294921875	158425.921875
6442.9765625	156789.28125
6443.2236328125	157812.390625
6443.470703125	157710.625
6443.7177734375	158272.90625
6443.96484375	158522.171875
6444.2119140625	157679.546875
6444.458984375	156649.25
6444.7060546875	156964.671875
6444.953125	157551.0
6445.2001953125	157547.796875
6445.447265625	157641.765625
6445.6943359375	157112.515625
6445.94140625	157553.4375
6446.1884765625	156558.796875
6446.435546875	156702.390625
6446.6826171875	157443.78125
6446.9296875	158407.296875
6447.1767578125	158241.203125
6447.423828125	156691.796875
6447.6708984375	157395.15625
6447.91796875	157021.71875
6448.1650390625	156297.59375
6448.412109375	155602.078125
6448.6591796875	156201.375
6448.90625	156118.34375
6449.1533203125	155217.796875
6449.400390625	154850.28125
6449.6474609375	155395.15625
6449.89453125	156155.84375
6450.1416015625	156341.859375
6450.388671875	155471.125
6450.6357421875	156173.375
6450.8828125	156963.671875
6451.1298828125	156059.75
6451.376953125	155665.375
6451.6240234375	156502.171875
6451.87109375	156417.03125
6452.1181640625	157200.890625
6452.365234375	157833.265625
6452.6123046875	157998.21875
6452.859375	158298.640625
6453.1064453125	159982.03125
6453.353515625	160907.0625
6453.6005859375	161683.578125
6453.84765625	162380.296875
6454.0947265625	161523.8125
6454.341796875	161305.546875
6454.5888671875	161535.484375
6454.8359375	162291.40625
6455.0830078125	161800.8125
6455.330078125	160266.796875
6455.5771484375	160574.4375
6455.82421875	160834.546875
6456.0712890625	161140.453125
6456.318359375	160960.171875
6456.5654296875	159818.3125
6456.8125	159507.328125
6457.0595703125	159522.09375
6457.306640625	159845.046875
6457.5537109375	159513.71875
6457.80078125	159986.5
6458.0478515625	159468.859375
6458.294921875	160696.796875
6458.5419921875	162200.65625
6458.7890625	161737.953125
6459.0361328125	160738.078125
6459.283203125	160415.15625
6459.5302734375	160662.46875
6459.77734375	160490.515625
6460.0244140625	159389.484375
6460.271484375	158421.0
6460.5185546875	156968.59375
6460.765625	156508.25
6461.0126953125	157555.796875
6461.259765625	157236.90625
6461.5068359375	156830.109375
6461.75390625	155862.671875
6462.0009765625	155265.4375
6462.248046875	154532.28125
6462.4951171875	154148.28125
6462.7421875	154856.953125
6462.9892578125	155135.203125
6463.236328125	154299.578125
6463.4833984375	153483.828125
6463.73046875	153717.09375
6463.9775390625	152985.65625
6464.224609375	152591.046875
6464.4716796875	152290.203125
6464.71875	152141.5625
6464.9658203125	152635.015625
6465.212890625	152594.859375
6465.4599609375	153101.71875
6465.70703125	153296.703125
6465.9541015625	153568.625
6466.201171875	153496.734375
6466.4482421875	152493.6875
6466.6953125	151273.3125
6466.9423828125	151898.0
6467.189453125	153344.453125
6467.4365234375	152417.921875
6467.68359375	151768.484375
6467.9306640625	151519.09375
6468.177734375	150916.484375
6468.4248046875	151536.203125
6468.671875	152707.09375
6468.9189453125	154052.53125
6469.166015625	151634.984375
6469.4130859375	151094.546875
6469.66015625	150681.34375
6469.9072265625	149807.34375
6470.154296875	149862.15625
6470.4013671875	151289.046875
6470.6484375	151388.921875
6470.8955078125	151024.734375
6471.142578125	153227.4375
6471.3896484375	152572.40625
6471.63671875	153302.921875
6471.8837890625	153489.03125
6472.130859375	152255.6875
6472.3779296875	151615.0
6472.625	150344.40625
6472.8720703125	149403.15625
6473.119140625	148240.921875
6473.3662109375	149479.3125
6473.61328125	150505.625
6473.8603515625	149742.0
6474.107421875	150651.421875
6474.3544921875	151985.328125
6474.6015625	151102.734375
6474.8486328125	148964.828125
6475.095703125	146832.296875
6475.3427734375	144555.984375
6475.58984375	144501.734375
6475.8369140625	142993.078125
6476.083984375	144185.609375
6476.3310546875	146830.546875
6476.578125	147673.84375
6476.8251953125	148708.203125
6477.072265625	149150.140625
6477.3193359375	149456.859375
6477.56640625	150037.484375
6477.8134765625	149506.15625
6478.060546875	150781.28125
6478.3076171875	152940.421875
6478.5546875	152396.65625
6478.8017578125	151875.1875
6479.048828125	151485.546875
6479.2958984375	151133.9375
6479.54296875	150337.9375
6479.7900390625	148681.609375
6480.037109375	147523.3125
6480.2841796875	147458.421875
6480.53125	148425.46875
6480.7783203125	149384.640625
6481.025390625	150989.71875
6481.2724609375	151765.796875
6481.51953125	151359.78125
6481.7666015625	153255.59375
6482.013671875	152840.703125
6482.2607421875	152814.703125
6482.5078125	152984.171875
6482.7548828125	152314.046875
6483.001953125	150131.125
6483.2490234375	147997.40625
6483.49609375	145892.96875
6483.7431640625	143832.25
6483.990234375	144135.4375
6484.2373046875	146697.4375
6484.484375	148021.140625
6484.7314453125	148530.71875
6484.978515625	151609.8125
6485.2255859375	152080.75
6485.47265625	152333.046875
6485.7197265625	151946.125
6485.966796875	151724.640625
6486.2138671875	153330.921875
6486.4609375	152065.265625
6486.7080078125	150545.953125
6486.955078125	150999.09375
6487.2021484375	150317.21875
6487.44921875	150063.515625
6487.6962890625	152044.296875
6487.943359375	152718.59375
6488.1904296875	152031.65625
6488.4375	153233.703125
6488.6845703125	154347.359375
6488.931640625	154455.828125
6489.1787109375	154701.3125
6489.42578125	155215.046875
6489.6728515625	154867.6875
6489.919921875	155259.234375
6490.1669921875	155702.71875
6490.4140625	152950.03125
6490.6611328125	152064.265625
6490.908203125	151544.015625
6491.1552734375	151463.890625
6491.40234375	152543.4375
6491.6494140625	154410.609375
6491.896484375	156350.921875
6492.1435546875	156867.9375
6492.390625	155171.84375
6492.6376953125	152068.0
6492.884765625	151572.109375
6493.1318359375	150226.453125
6493.37890625	150452.53125
6493.6259765625	152952.734375
6493.873046875	154651.609375
6494.1201171875	154953.890625
6494.3671875	154182.109375
6494.6142578125	154601.359375
6494.861328125	155360.03125
6495.1083984375	155776.671875
6495.35546875	155224.671875
6495.6025390625	152669.671875
6495.849609375	149850.3125
6496.0966796875	149356.328125
6496.34375	150652.046875
6496.5908203125	153183.875
6496.837890625	154511.734375
6497.0849609375	152791.9375
6497.33203125	152059.53125
6497.5791015625	151362.640625
6497.826171875	150393.390625
6498.0732421875	151864.171875
6498.3203125	152270.796875
6498.5673828125	152354.59375
6498.814453125	152762.296875
6499.0615234375	151594.265625
6499.30859375	152771.65625
6499.5556640625	152030.296875
6499.802734375	152043.28125
6500.0498046875	152383.6875
6500.296875	151131.671875
6500.5439453125	152498.96875
6500.791015625	151470.03125
6501.0380859375	151798.09375
6501.28515625	152317.1875
6501.5322265625	151199.3125
6501.779296875	152003.609375
6502.0263671875	153633.375
6502.2734375	151091.125
6502.5205078125	150095.84375
6502.767578125	151645.15625
6503.0146484375	151805.171875
6503.26171875	152132.140625
6503.5087890625	151529.90625
6503.755859375	150304.109375
6504.0029296875	150178.875
6504.25	150881.203125
6504.4970703125	152067.96875
6504.744140625	152499.1875
6504.9912109375	152247.375
6505.23828125	152296.9375
6505.4853515625	153086.78125
6505.732421875	153014.734375
6505.9794921875	152175.71875
6506.2265625	152015.59375
6506.4736328125	152382.859375
6506.720703125	151986.234375
6506.9677734375	152726.9375
6507.21484375	152587.96875
6507.4619140625	153085.515625
6507.708984375	152061.859375
6507.9560546875	151073.4375
6508.203125	150476.265625
6508.4501953125	149109.015625
6508.697265625	149788.140625
6508.9443359375	150250.5625
6509.19140625	150130.671875
6509.4384765625	152723.46875
6509.685546875	151975.6875
6509.9326171875	151152.25
6510.1796875	152559.953125
6510.4267578125	151969.734375
6510.673828125	153313.390625
6510.9208984375	153161.15625
6511.16796875	151465.171875
6511.4150390625	151983.703125
6511.662109375	150941.015625
6511.9091796875	150191.875
6512.15625	149748.96875
6512.4033203125	150711.109375
6512.650390625	151850.53125
6512.8974609375	153704.59375
6513.14453125	154806.65625
6513.3916015625	155423.921875
6513.638671875	154973.390625
6513.8857421875	156213.109375
6514.1328125	155599.640625
6514.3798828125	152284.96875
6514.626953125	150078.734375
6514.8740234375	149641.125
6515.12109375	151713.40625
6515.3681640625	152672.171875
6515.615234375	151503.03125
6515.8623046875	152176.859375
6516.109375	148348.90625
6516.3564453125	144775.171875
6516.603515625	144116.09375
6516.8505859375	142561.84375
6517.09765625	146161.703125
6517.3447265625	148576.84375
6517.591796875	150943.890625
6517.8388671875	152866.5625
6518.0859375	153907.578125
6518.3330078125	154232.546875
6518.580078125	154779.03125
6518.8271484375	155156.65625
6519.07421875	153029.328125
6519.3212890625	151580.78125
6519.568359375	151857.53125
6519.8154296875	152632.859375
6520.0625	153869.96875
6520.3095703125	153755.96875
6520.556640625	153749.609375
6520.8037109375	152677.15625
6521.05078125	151982.84375
6521.2978515625	152432.046875
6521.544921875	151563.015625
6521.7919921875	150327.640625
6522.0390625	150942.671875
6522.2861328125	150054.515625
6522.533203125	148926.421875
6522.7802734375	150270.6875
6523.02734375	150126.984375
6523.2744140625	147636.1875
6523.521484375	145516.21875
6523.7685546875	146721.09375
6524.015625	146954.84375
6524.2626953125	145478.296875
6524.509765625	147240.28125
6524.7568359375	150406.46875
6525.00390625	150048.4375
6525.2509765625	149333.6875
6525.498046875	148552.25
6525.7451171875	149666.671875
6525.9921875	150729.921875
6526.2392578125	149916.359375
6526.486328125	149056.25
6526.7333984375	149291.09375
6526.98046875	150703.96875
6527.2275390625	150767.5625
6527.474609375	150638.5
6527.7216796875	150102.28125
6527.96875	150824.9375
6528.2158203125	149675.46875
6528.462890625	150292.578125
6528.7099609375	151120.21875
6528.95703125	150623.34375
6529.2041015625	151494.953125
6529.451171875	150339.265625
6529.6982421875	149341.140625
6529.9453125	150234.296875
6530.1923828125	151148.5625
6530.439453125	151656.5625
6530.6865234375	150257.6875
6530.93359375	150444.625
6531.1806640625	149536.40625
6531.427734375	150592.921875
6531.6748046875	150389.296875
6531.921875	147984.40625
6532.1689453125	146051.984375
6532.416015625	146885.03125
6532.6630859375	147466.375
6532.91015625	147898.296875
6533.1572265625	148799.046875
6533.404296875	149542.46875
6533.6513671875	149315.03125
6533.8984375	149086.28125
6534.1455078125	149248.140625
6534.392578125	149451.703125
6534.6396484375	150575.015625
6534.88671875	149624.9375
6535.1337890625	150218.859375
6535.380859375	151402.703125
6535.6279296875	151190.4375
6535.875	150533.25
6536.1220703125	151795.390625
6536.369140625	150947.65625
6536.6162109375	150057.53125
6536.86328125	149554.859375
6537.1103515625	151040.6875
6537.357421875	150940.0
6537.6044921875	151368.75
6537.8515625	153039.671875
6538.0986328125	152481.4375
6538.345703125	152435.15625
6538.5927734375	153061.078125
6538.83984375	151786.328125
6539.0869140625	153548.296875
6539.333984375	153709.375
6539.5810546875	153113.203125
6539.828125	154060.34375
6540.0751953125	153818.53125
6540.322265625	154202.53125
6540.5693359375	153723.546875
6540.81640625	154191.34375
6541.0634765625	154703.015625
6541.310546875	154480.234375
6541.5576171875	153945.328125
6541.8046875	154328.046875
6542.0517578125	154215.078125
6542.298828125	152753.09375
6542.5458984375	152399.5
6542.79296875	153967.921875
6543.0400390625	155030.265625
6543.287109375	153997.171875
6543.5341796875	151451.328125
6543.78125	150296.546875
6544.0283203125	149960.890625
6544.275390625	151825.109375
6544.5224609375	153777.5625
6544.76953125	155415.609375
6545.0166015625	157929.046875
6545.263671875	156908.9375
6545.5107421875	157499.921875
6545.7578125	157971.8125
6546.0048828125	157980.03125
6546.251953125	158875.15625
6546.4990234375	158832.640625
6546.74609375	160517.671875
6546.9931640625	159453.65625
6547.240234375	159432.40625
6547.4873046875	159289.984375
6547.734375	159288.109375
6547.9814453125	160522.375
6548.228515625	157869.890625
6548.4755859375	157759.09375
6548.72265625	159389.46875
6548.9697265625	159532.375
6549.216796875	162054.0625
6549.4638671875	163473.703125
6549.7109375	164828.953125
6549.9580078125	167080.8125
6550.205078125	168861.53125
6550.4521484375	170366.90625
6550.69921875	170630.109375
6550.9462890625	171942.765625
6551.193359375	172384.828125
6551.4404296875	173893.3125
6551.6875	175249.90625
6551.9345703125	175721.328125
6552.181640625	173949.203125
6552.4287109375	173309.546875
6552.67578125	174580.90625
6552.9228515625	176851.3125
6553.169921875	180323.703125
6553.4169921875	184152.59375
6553.6640625	186541.34375
6553.9111328125	188092.234375
6554.158203125	191152.515625
6554.4052734375	195729.96875
6554.65234375	199498.359375
6554.8994140625	202426.859375
6555.146484375	206957.75
6555.3935546875	211275.296875
6555.640625	215563.390625
6555.8876953125	222644.453125
6556.134765625	228603.359375
6556.3818359375	236097.640625
6556.62890625	243271.359375
6556.8759765625	250635.453125
6557.123046875	259418.3125
6557.3701171875	270601.78125
6557.6171875	285537.5625
6557.8642578125	301689.625
6558.111328125	319553.0
6558.3583984375	338034.46875
6558.60546875	359472.78125
6558.8525390625	385200.96875
6559.099609375	410765.375
6559.3466796875	436570.59375
6559.59375	460937.9375
6559.8408203125	485187.71875
6560.087890625	508903.53125
6560.3349609375	528423.0625
6560.58203125	550095.5625
6560.8291015625	572510.0
6561.076171875	597045.6875
6561.3232421875	626404.625
6561.5703125	654860.875
6561.8173828125	675732.25
6562.064453125	686771.375
6562.3115234375	698746.5625
6562.55859375	702489.5
6562.8056640625	702166.3125
6563.052734375	697463.25
6563.2998046875	692948.5
6563.546875	688251.5625
6563.7939453125	678570.1875
6564.041015625	661701.125
6564.2880859375	645935.625
6564.53515625	627217.625
6564.7822265625	609892.625
6565.029296875	593535.625
6565.2763671875	575370.0
6565.5234375	561643.875
6565.7705078125	541202.0625
6566.017578125	519049.8125
6566.2646484375	496883.1875
6566.51171875	471047.40625
6566.7587890625	444458.3125
6567.005859375	415955.40625
6567.2529296875	391075.28125
6567.5	369409.59375
6567.7470703125	345580.4375
6567.994140625	326703.03125
6568.2412109375	308229.5
6568.48828125	292497.40625
6568.7353515625	278351.28125
6568.982421875	264220.84375
6569.2294921875	253907.0625
6569.4765625	246025.0625
6569.7236328125	237895.71875
6569.970703125	231428.625
6570.2177734375	223868.078125
6570.46484375	216961.171875
6570.7119140625	213128.4375
6570.958984375	209255.859375
6571.2060546875	203141.40625
6571.453125	199042.828125
6571.7001953125	194768.828125
6571.947265625	190416.265625
6572.1943359375	188554.3125
6572.44140625	184177.140625
6572.6884765625	182910.296875
6572.935546875	183957.125
6573.1826171875	182511.46875
6573.4296875	179452.0
6573.6767578125	177557.765625
6573.923828125	177569.859375
6574.1708984375	176267.515625
6574.41796875	173811.921875
6574.6650390625	169788.609375
6574.912109375	168180.78125
6575.1591796875	169307.1875
6575.40625	168076.3125
6575.6533203125	168580.03125
6575.900390625	169558.65625
6576.1474609375	168957.4375
6576.39453125	168166.46875
6576.6416015625	167301.59375
6576.888671875	167637.3125
6577.1357421875	167620.390625
6577.3828125	166929.890625
6577.6298828125	167060.265625
6577.876953125	165551.34375
6578.1240234375	164664.0625
6578.37109375	163405.90625
6578.6181640625	163304.09375
6578.865234375	163322.21875
6579.1123046875	162817.171875
6579.359375	162050.578125
6579.6064453125	159762.0625
6579.853515625	159669.8125
6580.1005859375	158656.265625
6580.34765625	159269.1875
6580.5947265625	158590.984375
6580.841796875	157313.5
6581.0888671875	156210.53125
6581.3359375	155752.609375
6581.5830078125	155777.171875
6581.830078125	156659.078125
6582.0771484375	155498.46875
6582.32421875	155358.125
6582.5712890625	155301.671875
6582.818359375	153873.5
6583.0654296875	152731.265625
6583.3125	152555.78125
6583.5595703125	153250.609375
6583.806640625	151903.265625
6584.0537109375	151841.21875
6584.30078125	152759.046875
6584.5478515625	152426.25
6584.794921875	152067.03125
6585.0419921875	151517.71875
6585.2890625	150837.734375
6585.5361328125	150160.421875
6585.783203125	148998.078125
6586.0302734375	148534.359375
6586.27734375	148128.671875
6586.5244140625	147212.765625
6586.771484375	148119.59375
6587.0185546875	148061.984375
6587.265625	147562.09375
6587.5126953125	147972.203125
6587.759765625	149029.078125
6588.0068359375	149271.921875
6588.25390625	147634.015625
6588.5009765625	148361.140625
6588.748046875	148597.484375
6588.9951171875	147771.953125
6589.2421875	147050.25
6589.4892578125	146148.078125
6589.736328125	147978.390625
6589.9833984375	149342.09375
6590.23046875	147129.109375
6590.4775390625	146056.6875
6590.724609375	146106.234375
6590.9716796875	145946.28125
6591.21875	146495.3125
6591.4658203125	145429.546875
6591.712890625	143096.015625
6591.9599609375	145367.71875
6592.20703125	145313.40625
6592.4541015625	144425.046875
6592.701171875	144552.4375
6592.9482421875	142854.796875
6593.1953125	144577.390625
6593.4423828125	143976.5
6593.689453125	144463.03125
6593.9365234375	145293.078125
6594.18359375	144487.53125
6594.4306640625	143522.4375
6594.677734375	142600.453125
6594.9248046875	143951.40625
6595.171875	143708.40625
6595.4189453125	143550.953125
6595.666015625	143218.53125
6595.9130859375	144225.03125
6596.16015625	144085.5625
6596.4072265625	143474.5625
6596.654296875	143880.09375
6596.9013671875	143712.828125
6597.1484375	142689.34375
6597.3955078125	143835.609375
6597.642578125	143354.0
6597.8896484375	143596.984375
6598.13671875	142569.1875
6598.3837890625	142742.234375
6598.630859375	143436.453125
6598.8779296875	142397.890625
6599.125	140898.296875
6599.3720703125	142121.109375
6599.619140625	141255.984375
6599.8662109375	141190.5
6600.11328125	142140.484375
6600.3603515625	142046.296875
6600.607421875	142149.09375
6600.8544921875	143045.453125
6601.1015625	142306.875
6601.3486328125	142279.921875
6601.595703125	143024.296875
6601.8427734375	141950.671875
6602.08984375	141396.96875
6602.3369140625	141370.4375
6602.583984375	140432.46875
6602.8310546875	141534.828125
6603.078125	140919.6875
6603.3251953125	141454.484375
6603.572265625	142564.265625
6603.8193359375	141446.796875
6604.06640625	140584.203125
6604.3134765625	140044.4375
6604.560546875	141647.3125
6604.8076171875	141484.28125
6605.0546875	140579.796875
6605.3017578125	140384.3125
6605.548828125	140170.40625
6605.7958984375	140712.53125
6606.04296875	141092.53125
6606.2900390625	141425.625
6606.537109375	140623.890625
6606.7841796875	139806.625
6607.03125	140405.71875
6607.2783203125	141521.453125
6607.525390625	141357.984375
6607.7724609375	141117.015625
6608.01953125	140391.6875
6608.2666015625	140786.46875
6608.513671875	140909.0625
6608.7607421875	140290.21875
6609.0078125	140705.5
6609.2548828125	140697.484375
6609.501953125	140379.265625
6609.7490234375	139283.46875
6609.99609375	140598.078125
6610.2431640625	139987.796875
6610.490234375	139764.40625
6610.7373046875	140184.9375
6610.984375	140385.390625
6611.2314453125	140672.21875
6611.478515625	140641.84375
6611.7255859375	140824.015625
6611.97265625	139712.0625
6612.2197265625	139647.203125
6612.466796875	138933.1875
6612.7138671875	139303.671875
6612.9609375	139167.0625
6613.2080078125	140370.703125
6613.455078125	138653.5625
6613.7021484375	138587.75
6613.94921875	140589.296875
6614.1962890625	139910.9375
6614.443359375	139213.6875
6614.6904296875	139623.453125
6614.9375	139805.109375
6615.1845703125	139053.921875
6615.431640625	139646.90625
6615.6787109375	139672.578125
6615.92578125	139008.734375
6616.1728515625	139937.703125
6616.419921875	140488.0
6616.6669921875	139478.8125
6616.9140625	139150.328125
6617.1611328125	139263.1875
6617.408203125	140437.796875
6617.6552734375	140340.96875
6617.90234375	139334.671875
6618.1494140625	140044.25
6618.396484375	139622.359375
6618.6435546875	139399.9375
6618.890625	139709.28125
6619.1376953125	139138.46875
6619.384765625	138928.90625
6619.6318359375	137642.65625
6619.87890625	138834.234375
6620.1259765625	140398.328125
6620.373046875	139498.296875
6620.6201171875	138310.203125
6620.8671875	139244.9375
6621.1142578125	138270.546875
6621.361328125	139329.671875
6621.6083984375	138892.359375
6621.85546875	137724.140625
6622.1025390625	138949.9375
6622.349609375	138565.921875
6622.5966796875	139228.125
6622.84375	138827.125
6623.0908203125	138077.0625
6623.337890625	139592.390625
6623.5849609375	139302.96875
6623.83203125	138301.34375
6624.0791015625	137401.5
6624.326171875	139093.640625
6624.5732421875	139835.578125
6624.8203125	137022.765625
6625.0673828125	138535.796875
6625.314453125	138977.84375
6625.5615234375	138578.0625
6625.80859375	138817.125
6626.0556640625	139234.703125
6626.302734375	138822.34375
6626.5498046875	138291.921875
6626.796875	138513.546875
6627.0439453125	138505.546875
6627.291015625	138703.1875
6627.5380859375	136966.640625
6627.78515625	137975.609375
6628.0322265625	137887.5
6628.279296875	137904.140625
6628.5263671875	138480.546875
6628.7734375	138274.078125
6629.0205078125	138402.625
6629.267578125	137987.9375
6629.5146484375	137808.390625
6629.76171875	138084.796875
6630.0087890625	138560.8125
6630.255859375	138623.21875
6630.5029296875	138377.578125
6630.75	138491.625
6630.9970703125	137915.96875
6631.244140625	138056.8125
6631.4912109375	136836.4375
6631.73828125	137411.828125
6631.9853515625	136974.625
6632.232421875	136567.59375
6632.4794921875	137135.328125
6632.7265625	137639.625
6632.9736328125	136829.453125
6633.220703125	137237.328125
6633.4677734375	136743.328125
6633.71484375	136683.03125
6633.9619140625	137968.09375
6634.208984375	136950.78125
6634.4560546875	136096.203125
6634.703125	137272.453125
6634.9501953125	138101.03125
6635.197265625	137508.171875
6635.4443359375	137579.96875
6635.69140625	137450.46875
6635.9384765625	136752.734375
6636.185546875	138061.84375
6636.4326171875	137451.671875
6636.6796875	136901.921875
6636.9267578125	135655.625
6637.173828125	136669.25
6637.4208984375	137121.90625
6637.66796875	136959.859375
6637.9150390625	136964.734375
6638.162109375	136741.4375
6638.4091796875	136668.890625
6638.65625	136287.765625
6638.9033203125	137028.5
6639.150390625	136793.078125
6639.3974609375	136191.34375
6639.64453125	136783.125
6639.8916015625	135796.3125
6640.138671875	136437.984375
6640.3857421875	137010.125
6640.6328125	136541.6875
6640.8798828125	136996.921875
6641.126953125	136835.875
6641.3740234375	137669.0625
6641.62109375	136936.671875
6641.8681640625	135514.03125
6642.115234375	135343.875
6642.3623046875	136080.96875
6642.609375	135931.09375
6642.8564453125	135236.3125
6643.103515625	136380.796875
6643.3505859375	136380.0625
6643.59765625	134854.328125
6643.8447265625	135250.328125
6644.091796875	135172.53125
6644.3388671875	134526.75
6644.5859375	134873.640625
6644.8330078125	135371.484375
6645.080078125	135703.796875
6645.3271484375	135324.125
6645.57421875	135851.5625
6645.8212890625	136176.234375
6646.068359375	136316.15625
6646.3154296875	135684.96875
6646.5625	135173.375
6646.8095703125	136639.765625
6647.056640625	136915.15625
6647.3037109375	135949.046875
6647.55078125	136536.765625
6647.7978515625	136294.9375
6648.044921875	135658.265625
6648.2919921875	135351.734375
6648.5390625	136978.328125
6648.7861328125	135930.765625
6649.033203125	134562.390625
6649.2802734375	135996.8125
6649.52734375	136095.078125
6649.7744140625	135579.359375
6650.021484375	136520.859375
6650.2685546875	135991.421875
6650.515625	135897.25
6650.7626953125	136738.84375
6651.009765625	136455.4375
6651.2568359375	135989.125
6651.50390625	135587.765625
6651.7509765625	135975.484375
6651.998046875	136150.25
6652.2451171875	135814.234375
6652.4921875	135659.21875
6652.7392578125	135930.625
6652.986328125	135889.8125
6653.2333984375	135057.109375
6653.48046875	134553.453125
6653.7275390625	134267.296875
6653.974609375	134360.140625
6654.2216796875	134560.78125
6654.46875	135823.5625
6654.7158203125	135322.171875
6654.962890625	135069.984375
6655.2099609375	134514.15625
6655.45703125	135086.234375
6655.7041015625	135157.9375
6655.951171875	135046.625
6656.1982421875	134907.015625
6656.4453125	136311.125
6656.6923828125	136600.296875
6656.939453125	134672.046875
6657.1865234375	135112.78125
6657.43359375	135551.953125
6657.6806640625	135064.609375
6657.927734375	134944.6875
6658.1748046875	134147.234375
6658.421875	134830.21875
6658.6689453125	134423.484375
6658.916015625	134066.65625
6659.1630859375	134387.78125
6659.41015625	135021.265625
6659.6572265625	134194.40625
6659.904296875	134648.296875
6660.1513671875	135551.28125
6660.3984375	134824.125
6660.6455078125	134107.984375
6660.892578125	134908.953125
6661.1396484375	134391.734375
6661.38671875	134076.125
6661.6337890625	134754.75
6661.880859375	134055.078125
6662.1279296875	133833.71875
6662.375	134811.984375
6662.6220703125	134388.625
6662.869140625	133940.46875
6663.1162109375	134214.296875
6663.36328125	134216.96875
6663.6103515625	134057.234375
6663.857421875	134484.671875
6664.1044921875	134777.9375
6664.3515625	134815.421875
6664.5986328125	133834.171875
6664.845703125	134695.171875
6665.0927734375	133639.234375
6665.33984375	133214.109375
6665.5869140625	133981.15625
6665.833984375	134801.578125
6666.0810546875	132863.46875
6666.328125	133547.671875
6666.5751953125	133693.46875
6666.822265625	134024.09375
6667.0693359375	133956.8125
6667.31640625	134589.890625
6667.5634765625	134440.78125
6667.810546875	133344.5
6668.0576171875	133175.703125
6668.3046875	133512.609375
6668.5517578125	133866.671875
6668.798828125	132998.5625
6669.0458984375	132236.09375
6669.29296875	133634.078125
6669.5400390625	133276.6875
6669.787109375	133211.265625
6670.0341796875	133404.1875
6670.28125	132492.203125
6670.5283203125	132249.9375
6670.775390625	132551.390625
6671.0224609375	131943.171875
6671.26953125	130953.09375
6671.5166015625	131453.5
6671.763671875	130995.53125
6672.0107421875	131071.5234375
6672.2578125	131458.71875
6672.5048828125	131636.578125
6672.751953125	131848.703125
6672.9990234375	131049.6015625
6673.24609375	130024.5625
6673.4931640625	130744.6484375
6673.740234375	130136.3046875
6673.9873046875	130862.4609375
6674.234375	130606.671875
6674.4814453125	131321.359375
6674.728515625	132708.0
6674.9755859375	132478.40625
6675.22265625	133234.65625
6675.4697265625	134375.203125
6675.716796875	134416.359375
6675.9638671875	134130.390625
6676.2109375	135178.421875
6676.4580078125	134846.0
6676.705078125	134663.640625
6676.9521484375	134758.6875
6677.19921875	133065.90625
6677.4462890625	132464.734375
6677.693359375	131518.78125
6677.9404296875	131708.046875
6678.1875	131827.984375
6678.4345703125	131846.34375
6678.681640625	131072.453125
6678.9287109375	130340.2890625
6679.17578125	131829.96875
6679.4228515625	131976.375
6679.669921875	131253.234375
6679.9169921875	131288.828125
6680.1640625	132133.953125
6680.4111328125	133013.671875
6680.658203125	134459.984375
6680.9052734375	134170.8125
6681.15234375	134067.4375
6681.3994140625	134230.234375
6681.646484375	133644.25
6681.8935546875	132458.140625
6682.140625	134102.921875
6682.3876953125	133731.34375
6682.634765625	131753.265625
6682.8818359375	131168.171875
6683.12890625	131374.40625
6683.3759765625	130482.1484375
6683.623046875	129260.609375
6683.8701171875	129408.421875
6684.1171875	130766.6171875
6684.3642578125	130225.265625
6684.611328125	129626.296875
6684.8583984375	129428.9453125
6685.10546875	130298.125
6685.3525390625	130136.1171875
6685.599609375	130188.65625
6685.8466796875	130643.921875
6686.09375	130744.078125
6686.3408203125	130805.6953125
6686.587890625	131698.890625
6686.8349609375	131372.65625
6687.08203125	131881.625
6687.3291015625	132694.046875
6687.576171875	132606.125
6687.8232421875	132515.328125
6688.0703125	132557.96875
6688.3173828125	131091.890625
6688.564453125	131517.34375
6688.8115234375	132600.890625
6689.05859375	132457.59375
6689.3056640625	132242.671875
6689.552734375	131117.765625
6689.7998046875	131645.484375
6690.046875	132876.0625
6690.2939453125	132619.9375
6690.541015625	130905.9609375
6690.7880859375	131462.3125
6691.03515625	132354.1875
6691.2822265625	132159.9375
6691.529296875	130819.734375
6691.7763671875	131648.734375
6692.0234375	131735.90625
6692.2705078125	131847.15625
6692.517578125	132158.890625
6692.7646484375	130999.53125
6693.01171875	132089.640625
6693.2587890625	131243.296875
6693.505859375	131598.796875
6693.7529296875	132948.578125
6694.0	132268.046875
6694.2470703125	131232.015625
6694.494140625	130995.1328125
6694.7412109375	131592.078125
6694.98828125	131959.125
6695.2353515625	131441.90625
6695.482421875	131566.203125
6695.7294921875	131282.34375
6695.9765625	132183.109375
6696.2236328125	130756.7265625
6696.470703125	130183.265625
6696.7177734375	132271.28125
6696.96484375	131723.28125
6697.2119140625	130683.65625
6697.458984375	131520.15625
6697.7060546875	131565.234375
6697.953125	131563.859375
6698.2001953125	132100.5625
6698.447265625	132214.015625
6698.6943359375	131664.6875
6698.94140625	131563.265625
6699.1884765625	131396.5
6699.435546875	130388.6875
6699.6826171875	131119.4375
6699.9296875	131397.140625
6700.1767578125	130931.25
6700.423828125	131700.171875
6700.6708984375	131720.765625
6700.91796875	130720.84375
6701.1650390625	130606.7421875
6701.412109375	130633.515625
6701.6591796875	131734.234375
6701.90625	132609.640625
6702.1533203125	130405.0703125
6702.400390625	130538.5390625
6702.6474609375	132294.34375
6702.89453125	131760.015625
6703.1416015625	131585.96875
6703.388671875	132126.609375
6703.6357421875	131290.734375
6703.8828125	129794.828125
6704.1298828125	131190.484375
6704.376953125	132177.296875
6704.6240234375	132273.265625
6704.87109375	130853.625
6705.1181640625	130837.671875
6705.365234375	130260.390625
6705.6123046875	130964.3828125
6705.859375	131332.453125
6706.1064453125	131853.71875
6706.353515625	131056.109375
6706.6005859375	130029.6015625
6706.84765625	131429.890625
6707.0947265625	131398.828125
6707.341796875	131782.90625
6707.5888671875	130972.109375
6707.8359375	131434.8125
6708.0830078125	131423.9375
6708.330078125	131049.7734375
6708.5771484375	131074.546875
6708.82421875	131138.328125
6709.0712890625	131344.859375
6709.318359375	131111.59375
6709.5654296875	130733.984375
6709.8125	131927.546875
6710.0595703125	132343.671875
6710.306640625	130583.7265625
6710.5537109375	132128.625
6710.80078125	131365.875
6711.0478515625	130091.921875
6711.294921875	130948.5390625
6711.5419921875	130822.1640625
6711.7890625	130664.3828125
6712.0361328125	130529.4296875
6712.283203125	131482.0
6712.5302734375	132762.234375
6712.77734375	131716.484375
6713.0244140625	130057.71875
6713.271484375	130748.4453125
6713.5185546875	131133.6875
6713.765625	131752.828125
6714.0126953125	132726.125
6714.259765625	131608.921875
6714.5068359375	131446.203125
6714.75390625	131690.703125
6715.0009765625	130268.8359375
6715.248046875	130591.0234375
6715.4951171875	129760.1875
6715.7421875	130141.34375
6715.9892578125	130516.484375
6716.236328125	131156.3125
6716.4833984375	131752.625
6716.73046875	130676.5078125
6716.9775390625	130486.5859375
6717.224609375	130736.3671875
6717.4716796875	130640.921875
6717.71875	130207.671875
6717.9658203125	130140.3359375
6718.212890625	130094.734375
6718.4599609375	130942.015625
6718.70703125	130965.1328125
6718.9541015625	131341.859375
6719.201171875	130221.671875
6719.4482421875	130406.8828125
6719.6953125	130417.6640625
6719.9423828125	131162.484375
6720.189453125	130366.921875
6720.4365234375	129917.359375
6720.68359375	130718.59375
6720.9306640625	131213.71875
6721.177734375	130140.3671875
6721.4248046875	129245.4609375
6721.671875	130830.953125
6721.9189453125	129868.734375
6722.166015625	130427.1953125
6722.4130859375	131187.515625
6722.66015625	131632.265625
6722.9072265625	130732.4921875
6723.154296875	130822.65625
6723.4013671875	129793.9921875
6723.6484375	130395.4296875
6723.8955078125	130643.5703125
6724.142578125	129794.5546875
6724.3896484375	130225.0625
6724.63671875	131892.171875
6724.8837890625	131158.8125
6725.130859375	131233.84375
6725.3779296875	130405.6953125
6725.625	129567.0703125
6725.8720703125	130611.5234375
6726.119140625	129926.7578125
6726.3662109375	130139.3984375
6726.61328125	130764.2265625
6726.8603515625	130278.4921875
6727.107421875	128737.8828125
6727.3544921875	129952.625
6727.6015625	130284.9921875
6727.8486328125	129632.21875
6728.095703125	130468.3515625
6728.3427734375	129822.5078125
6728.58984375	130068.3125
6728.8369140625	130320.7890625
6729.083984375	130688.9921875
6729.3310546875	130513.2734375
6729.578125	130163.4609375
6729.8251953125	130113.21875
6730.072265625	130588.125
6730.3193359375	130438.0625
6730.56640625	129395.8359375
6730.8134765625	131007.8515625
6731.060546875	130284.6875
6731.3076171875	130215.859375
6731.5546875	130376.34375
6731.8017578125	130455.6953125
6732.048828125	130972.1796875
6732.2958984375	129568.8125
6732.54296875	129593.78125
6732.7900390625	129800.78125
6733.037109375	130822.6640625
6733.2841796875	130744.015625
6733.53125	130857.3984375
6733.7783203125	130169.7890625
6734.025390625	130629.40625
6734.2724609375	131022.3984375
6734.51953125	131325.28125
6734.7666015625	130725.8828125
6735.013671875	129561.6640625
6735.2607421875	130754.140625
6735.5078125	131184.125
6735.7548828125	131176.6875
6736.001953125	130933.71875
6736.2490234375	129362.1484375
6736.49609375	130166.984375
6736.7431640625	131713.15625
6736.990234375	130353.3671875
6737.2373046875	129996.921875
6737.484375	130086.5390625
6737.7314453125	129907.453125
6737.978515625	129004.703125
6738.2255859375	129263.75
6738.47265625	130152.0
6738.7197265625	130122.578125
6738.966796875	130159.578125
6739.2138671875	128984.7578125
6739.4609375	129125.765625
6739.7080078125	130604.453125
6739.955078125	131113.6875
6740.2021484375	130797.421875
6740.44921875	129897.2109375
6740.6962890625	130439.578125
6740.943359375	129896.0546875
6741.1904296875	129568.328125
6741.4375	129126.4453125
6741.6845703125	130403.0546875
6741.931640625	130969.53125
6742.1787109375	129690.578125
6742.42578125	129430.4296875
6742.6728515625	130142.546875
6742.919921875	130797.4296875
6743.1669921875	131134.59375
6743.4140625	130776.5859375
6743.6611328125	131938.828125
6743.908203125	130124.4765625
6744.1552734375	128480.4140625
6744.40234375	129644.9765625
6744.6494140625	129795.0078125
6744.896484375	129877.46875
6745.1435546875	128596.546875
6745.390625	129251.921875
6745.6376953125	130362.765625
6745.884765625	131011.796875
6746.1318359375	130200.0078125
6746.37890625	130265.640625
6746.6259765625	129985.2890625
6746.873046875	129782.59375
6747.1201171875	129397.1484375
6747.3671875	129829.84375
6747.6142578125	131040.9375
6747.861328125	130742.96875
6748.1083984375	130532.9453125
6748.35546875	128842.03125
6748.6025390625	130099.28125
6748.849609375	130637.375
6749.0966796875	129669.4453125
6749.34375	129406.25
6749.5908203125	130553.84375
6749.837890625	131164.921875
6750.0849609375	131460.703125
6750.33203125	131155.65625
6750.5791015625	130369.5390625
6750.826171875	130209.203125
6751.0732421875	129343.8046875
6751.3203125	129353.9609375
6751.5673828125	130134.7265625
6751.814453125	129384.09375
6752.0615234375	129091.9375
6752.30859375	129705.7265625
6752.5556640625	130332.109375
6752.802734375	130268.1015625
6753.0498046875	130177.0546875
6753.296875	130372.3125
6753.5439453125	131416.15625
6753.791015625	130043.765625
6754.0380859375	129131.3984375
6754.28515625	130087.5390625
6754.5322265625	130518.734375
6754.779296875	130196.0234375
6755.0263671875	131761.546875
6755.2734375	130685.7265625
6755.5205078125	129966.4453125
6755.767578125	130237.484375
6756.0146484375	131022.296875
6756.26171875	130269.640625
6756.5087890625	128452.1015625
6756.755859375	128875.640625
6757.0029296875	129283.4765625
6757.25	129961.640625
6757.4970703125	127902.015625
6757.744140625	128688.0625
6757.9912109375	128897.4296875
6758.23828125	129201.203125
6758.4853515625	130510.234375
6758.732421875	128744.6796875
6758.9794921875	130379.734375
6759.2265625	129148.265625
6759.4736328125	129020.90625
6759.720703125	129630.8515625
6759.9677734375	129009.0234375
6760.21484375	129797.2421875
6760.4619140625	128334.765625
6760.708984375	128423.421875
6760.9560546875	128282.7890625
6761.203125	128091.1875
6761.4501953125	129025.1171875
6761.697265625	129187.9453125
6761.9443359375	128966.2109375
6762.19140625	128306.9765625
6762.4384765625	128681.890625
6762.685546875	129365.890625
6762.9326171875	128724.5546875
6763.1796875	128505.7109375
6763.4267578125	129562.6484375
6763.673828125	128438.8671875
6763.9208984375	129204.8046875
6764.16796875	128043.5703125
6764.4150390625	127523.421875
6764.662109375	128402.2890625
6764.9091796875	126995.703125
6765.15625	127270.5
6765.4033203125	128719.59375
6765.650390625	128452.0625
6765.8974609375	127687.296875
6766.14453125	128156.9296875
6766.3916015625	129147.640625
