6459.22558594	0.6865234375
6459.2255859375	164380.0
6459.912109375	162136.375
6460.5986328125	160842.34375
6461.28515625	160503.6875
6461.9716796875	159614.6875
6462.658203125	158192.34375
6463.3447265625	157629.640625
6464.03125	156735.6875
6464.7177734375	156219.1875
6465.404296875	156875.859375
6466.0908203125	156735.65625
6466.77734375	156325.078125
6467.4638671875	155826.671875
6468.150390625	155772.34375
6468.8369140625	155549.46875
6469.5234375	155526.765625
6470.2099609375	155499.484375
6470.896484375	156559.328125
6471.5830078125	156174.21875
6472.26953125	154750.734375
6472.9560546875	154436.046875
6473.642578125	153515.4375
6474.3291015625	151633.765625
6475.015625	150179.296875
6475.7021484375	149569.84375
6476.388671875	151454.328125
6477.0751953125	154570.5
6477.76171875	155707.015625
6478.4482421875	156633.375
6479.134765625	154585.40625
6479.8212890625	155442.15625
6480.5078125	156779.78125
6481.1943359375	157801.796875
6481.880859375	156361.5625
6482.5673828125	155019.703125
6483.25390625	152322.140625
6483.9404296875	153012.90625
6484.626953125	156722.5
6485.3134765625	158871.5625
6486.0	158375.5625
6486.6865234375	158595.5
6487.373046875	159088.34375
6488.0595703125	160406.625
6488.74609375	160576.734375
6489.4326171875	160552.390625
6490.119140625	160375.890625
6490.8056640625	158768.421875
6491.4921875	160545.546875
6492.1787109375	161127.453125
6492.865234375	159977.125
6493.5517578125	160810.0
6494.23828125	160892.484375
6494.9248046875	160308.5
6495.611328125	157792.484375
6496.2978515625	158829.15625
6496.984375	159049.25
6497.6708984375	159266.953125
6498.357421875	160578.0
6499.0439453125	161157.109375
6499.73046875	160379.046875
6500.4169921875	160867.5625
6501.103515625	159049.40625
6501.7900390625	159899.046875
6502.4765625	158288.890625
6503.1630859375	159048.046875
6503.849609375	158920.53125
6504.5361328125	159395.4375
6505.22265625	160106.265625
6505.9091796875	160080.453125
6506.595703125	159013.984375
6507.2822265625	157901.015625
6507.96875	157672.734375
6508.6552734375	158698.84375
6509.341796875	158726.8125
6510.0283203125	158449.25
6510.71484375	158516.625
6511.4013671875	158885.921875
6512.087890625	158949.78125
6512.7744140625	160575.71875
6513.4609375	160419.375
6514.1474609375	159109.109375
6514.833984375	155578.328125
6515.5205078125	154871.125
6516.20703125	153008.625
6516.8935546875	154582.375
6517.580078125	158877.21875
6518.2666015625	161017.0625
6518.953125	161087.015625
6519.6396484375	159651.859375
6520.326171875	160459.6875
6521.0126953125	158889.890625
6521.69921875	156816.28125
6522.3857421875	156005.609375
6523.072265625	154385.890625
6523.7587890625	154859.484375
6524.4453125	156445.5625
6525.1318359375	158140.40625
6525.818359375	157454.171875
6526.5048828125	157181.578125
6527.19140625	156951.53125
6527.8779296875	156895.203125
6528.564453125	157449.890625
6529.2509765625	158856.484375
6529.9375	157157.53125
6530.6240234375	157731.625
6531.310546875	157867.5625
6531.9970703125	156318.09375
6532.68359375	156955.453125
6533.3701171875	158204.984375
6534.056640625	157943.875
6534.7431640625	158907.859375
6535.4296875	159499.203125
6536.1162109375	159323.625
6536.802734375	159256.875
6537.4892578125	161248.359375
6538.17578125	161114.890625
6538.8623046875	162733.484375
6539.548828125	162971.53125
6540.2353515625	163537.828125
6540.921875	163950.34375
6541.6083984375	162981.65625
6542.294921875	162121.921875
6542.9814453125	162270.046875
6543.66796875	162286.28125
6544.3544921875	165459.625
6545.041015625	168282.375
6545.7275390625	169416.671875
6546.4140625	170375.421875
6547.1005859375	169688.96875
6547.787109375	170537.75
6548.4736328125	172702.796875
6549.16015625	176623.296875
6549.8466796875	180302.96875
6550.533203125	182951.71875
6551.2197265625	185074.09375
6551.90625	187306.46875
6552.5927734375	190987.859375
6553.279296875	201233.46875
6553.9658203125	211502.734375
6554.65234375	223596.046875
6555.3388671875	240170.765625
6556.025390625	260239.875
6556.7119140625	289777.78125
6557.3984375	331224.875
6558.0849609375	392425.75
6558.771484375	460271.5625
6559.4580078125	530722.0625
6560.14453125	595736.8125
6560.8310546875	653600.875
6561.517578125	699214.375
6562.2041015625	718641.0625
6562.890625	708291.125
6563.5771484375	681322.75
6564.263671875	639885.4375
6564.9501953125	585777.5625
6565.63671875	518269.5
6566.3232421875	446152.71875
6567.009765625	380025.59375
6567.6962890625	324882.4375
6568.3828125	283872.0625
6569.0693359375	255612.90625
6569.755859375	236742.828125
6570.4423828125	221323.6875
6571.12890625	210567.0
6571.8154296875	201679.171875
6572.501953125	196553.921875
6573.1884765625	192506.703125
6573.875	188128.75
6574.5615234375	182847.328125
6575.248046875	180736.640625
6575.9345703125	179925.640625
6576.62109375	177484.6875
6577.3076171875	176101.296875
6577.994140625	174167.1875
6578.6806640625	174437.28125
6579.3671875	173341.3125
6580.0537109375	170614.03125
6580.740234375	168503.984375
6581.4267578125	166812.96875
6582.11328125	166136.796875
6582.7998046875	165483.109375
6583.486328125	165271.265625
6584.1728515625	166936.234375
6584.859375	165445.546875
6585.5458984375	163623.75
6586.232421875	162177.40625
6586.9189453125	163028.625
6587.60546875	163704.171875
6588.2919921875	163982.953125
6588.978515625	162538.421875
6589.6650390625	162243.703125
6590.3515625	160888.109375
6591.0380859375	160196.25
6591.724609375	159593.328125
6592.4111328125	159588.40625
6593.09765625	158920.1875
6593.7841796875	158252.390625
6594.470703125	158537.375
6595.1572265625	158911.9375
6595.84375	158799.953125
6596.5302734375	158666.578125
6597.216796875	158156.96875
6597.9033203125	157692.25
6598.58984375	157006.1875
6599.2763671875	158140.25
6599.962890625	157366.75
6600.6494140625	157903.71875
6601.3359375	158219.6875
6602.0224609375	157225.703125
6602.708984375	158832.46875
6603.3955078125	158284.390625
6604.08203125	157959.1875
6604.7685546875	157946.078125
6605.455078125	157444.09375
6606.1416015625	157721.84375
6606.828125	157844.75
6607.5146484375	158013.109375
6608.201171875	158761.890625
6608.8876953125	158397.25
6609.57421875	157587.046875
6610.2607421875	157937.375
6610.947265625	158445.046875
6611.6337890625	158216.953125
6612.3203125	157900.1875
6613.0068359375	157338.125
6613.693359375	156776.421875
6614.3798828125	157579.421875
6615.06640625	157108.46875
6615.7529296875	157600.515625
6616.439453125	158384.9375
6617.1259765625	157243.921875
6617.8125	158411.421875
6618.4990234375	158616.515625
6619.185546875	157588.625
6619.8720703125	156493.21875
6620.55859375	157283.84375
6621.2451171875	157357.09375
6621.931640625	157610.96875
6622.6181640625	158225.640625
6623.3046875	157874.1875
6623.9912109375	158108.328125
6624.677734375	157893.0625
6625.3642578125	158128.9375
6626.05078125	157644.375
6626.7373046875	156528.453125
6627.423828125	157488.21875
6628.1103515625	157411.0625
6628.796875	157515.21875
6629.4833984375	157597.546875
6630.169921875	158042.3125
6630.8564453125	157719.046875
6631.54296875	157214.984375
6632.2294921875	158092.609375
6632.916015625	157045.484375
6633.6025390625	157471.703125
6634.2890625	157399.875
6634.9755859375	157442.03125
6635.662109375	158574.96875
6636.3486328125	156369.140625
6637.03515625	156526.125
6637.7216796875	156729.3125
6638.408203125	157183.65625
6639.0947265625	157616.15625
6639.78125	156522.78125
6640.4677734375	156044.28125
6641.154296875	156683.703125
6641.8408203125	155977.265625
6642.52734375	155704.4375
6643.2138671875	156620.34375
6643.900390625	155685.171875
6644.5869140625	156694.484375
6645.2734375	157087.015625
6645.9599609375	156105.671875
6646.646484375	156155.15625
6647.3330078125	155562.671875
6648.01953125	155497.703125
6648.7060546875	155892.25
6649.392578125	154862.609375
6650.0791015625	154314.890625
6650.765625	154318.984375
6651.4521484375	154921.90625
6652.138671875	154650.234375
6652.8251953125	155485.0625
6653.51171875	155029.09375
6654.1982421875	154919.0
6654.884765625	155478.65625
6655.5712890625	154698.546875
6656.2578125	154796.390625
6656.9443359375	156074.671875
6657.630859375	155316.671875
6658.3173828125	155021.15625
6659.00390625	154910.765625
6659.6904296875	155217.765625
6660.376953125	154967.90625
6661.0634765625	155298.328125
6661.75	155140.90625
6662.4365234375	155983.359375
6663.123046875	155174.15625
6663.8095703125	155434.984375
6664.49609375	156791.25
6665.1826171875	156236.765625
6665.869140625	157151.375
6666.5556640625	156479.140625
6667.2421875	155829.046875
6667.9287109375	155925.859375
6668.615234375	155718.34375
6669.3017578125	155510.125
6669.98828125	154411.25
6670.6748046875	153333.921875
6671.361328125	153427.265625
6672.0478515625	152511.296875
6672.734375	153096.21875
6673.4208984375	153610.734375
6674.107421875	154219.28125
6674.7939453125	156497.828125
6675.48046875	157342.828125
6676.1669921875	157246.21875
6676.853515625	154439.234375
6677.5400390625	154127.03125
6678.2265625	152610.8125
6678.9130859375	153499.328125
6679.599609375	154506.0
6680.2861328125	154922.203125
6680.97265625	155243.421875
6681.6591796875	154097.515625
6682.345703125	154132.671875
6683.0322265625	152248.859375
6683.71875	151522.84375
6684.4052734375	151577.203125
6685.091796875	151867.625
6685.7783203125	152299.515625
6686.46484375	153490.265625
6687.1513671875	153825.96875
6687.837890625	155229.953125
6688.5244140625	155160.078125
6689.2109375	155207.59375
6689.8974609375	155134.828125
6690.583984375	155608.09375
6691.2705078125	155365.84375
6691.95703125	154859.75
6692.6435546875	154995.21875
6693.330078125	155224.609375
6694.0166015625	154689.21875
6694.703125	154986.953125
6695.3896484375	155378.640625
6696.076171875	155243.484375
6696.7626953125	155440.890625
6697.44921875	155397.640625
6698.1357421875	153942.109375
6698.822265625	154085.796875
6699.5087890625	153821.046875
6700.1953125	154080.484375
6700.8818359375	153787.578125
6701.568359375	153683.96875
6702.2548828125	153817.609375
6702.94140625	154667.671875
6703.6279296875	154940.984375
6704.314453125	153606.8125
6705.0009765625	154139.046875
6705.6875	153974.0625
6706.3740234375	154334.015625
6707.060546875	154619.71875
6707.7470703125	155142.796875
6708.43359375	155783.359375
6709.1201171875	155198.296875
6709.806640625	155114.1875
6710.4931640625	154259.8125
6711.1796875	155657.5
6711.8662109375	156044.984375
6712.552734375	155182.234375
6713.2392578125	154820.359375
6713.92578125	155750.9375
6714.6123046875	154711.578125
6715.298828125	155132.390625
6715.9853515625	155693.96875
6716.671875	156540.078125
6717.3583984375	155704.4375
6718.044921875	156951.4375
6718.7314453125	162676.9375
