6502.94246286	0.03586726865
6502.94246285712	0.7631369829177856
6502.978330125769	0.764574408531189
6503.014197394419	0.76674884557724
6503.05006466307	0.7693342566490173
6503.08593193172	0.7716758847236633
6503.121799200369	0.7730127573013306
6503.157666469019	0.7728609442710876
6503.19353373767	0.7713284492492676
6503.22940100632	0.7691454291343689
6503.2652682749695	0.7672485709190369
6503.301135543619	0.7661426067352295
6503.33700281227	0.7655958533287048
6503.37287008092	0.7649564146995544
6503.4087373495695	0.7637140154838562
6503.444604618219	0.7617652416229248
6503.48047188687	0.7592908143997192
6503.51633915552	0.756536602973938
6503.5522064241695	0.7537364959716797
6503.588073692819	0.7511966824531555
6503.62394096147	0.7494050860404968
6503.65980823012	0.7489410638809204
6503.69567549877	0.7500850558280945
6503.731542767419	0.7524226903915405
6503.76741003607	0.7549285888671875
6503.80327730472	0.7565758228302002
6503.83914457337	0.7569409012794495
6503.875011842019	0.7563204765319824
6503.910879110669	0.7553398609161377
6503.94674637932	0.7543477416038513
6503.98261364797	0.7530747056007385
6504.018480916619	0.750954806804657
6504.054348185269	0.7478575110435486
6504.09021545392	0.7443856596946716
6504.12608272257	0.741365373134613
6504.161949991219	0.7392056584358215
6504.197817259869	0.7379177808761597
6504.23368452852	0.7375932931900024
6504.26955179717	0.7385409474372864
6504.3054190658195	0.7408803701400757
6504.341286334469	0.7441864609718323
6504.37715360312	0.7476635575294495
6504.41302087177	0.7506648898124695
6504.4488881404195	0.7530890703201294
6504.484755409069	0.755379855632782
6504.52062267772	0.7581239938735962
6504.55648994637	0.7615050673484802
6504.59235721502	0.7650577425956726
6504.628224483669	0.7679340243339539
6504.66409175232	0.7694066166877747
6504.69995902097	0.7692150473594666
6504.73582628962	0.7676423192024231
6504.771693558269	0.7654072642326355
6504.80756082692	0.7634376883506775
6504.84342809557	0.7625341415405273
6504.87929536422	0.7630119919776917
6504.915162632869	0.7645643353462219
6504.951029901519	0.766508162021637
6504.98689717017	0.7682103514671326
6505.02276443882	0.7693217396736145
6505.058631707469	0.769721269607544
6505.094498976119	0.769389271736145
6505.13036624477	0.7683941125869751
6505.16623351342	0.7669597268104553
6505.2021007820695	0.7654874920845032
6505.237968050719	0.7644632458686829
6505.27383531937	0.7642620205879211
6505.30970258802	0.7649401426315308
6505.3455698566695	0.7661579847335815
6505.381437125319	0.7673161029815674
6505.41730439397	0.7678520679473877
6505.45317166262	0.7675527930259705
6505.4890389312695	0.7666919827461243
6505.524906199919	0.7658374309539795
6505.56077346857	0.7654185891151428
6505.59664073722	0.7653937935829163
6505.63250800587	0.7652802467346191
6505.668375274519	0.7645430564880371
6505.70424254317	0.7631255984306335
6505.74010981182	0.7617088556289673
6505.77597708047	0.7613365650177002
6505.811844349119	0.7626072764396667
6505.847711617769	0.7651346325874329
6505.88357888642	0.7677246928215027
6505.91944615507	0.7690814733505249
6505.955313423719	0.7685622572898865
6505.991180692369	0.7665401101112366
6506.02704796102	0.7641249895095825
6506.06291522967	0.7624347805976868
6506.098782498319	0.7619733214378357
6506.134649766969	0.7625073194503784
6506.17051703562	0.7633912563323975
6506.20638430427	0.7640553712844849
6506.2422515729195	0.7643441557884216
6506.278118841569	0.7644801735877991
6506.31398611022	0.7647445797920227
6506.34985337887	0.7652393579483032
6506.3857206475195	0.7659252285957336
6506.421587916169	0.76673823595047
6506.45745518482	0.767558753490448
6506.49332245347	0.7681224942207336
6506.52918972212	0.7681088447570801
6506.565056990769	0.7673906087875366
6506.60092425942	0.766170084476471
6506.63679152807	0.7648664712905884
6506.67265879672	0.7639209628105164
6506.708526065369	0.7637075781822205
6506.74439333402	0.7644693851470947
6506.78026060267	0.7661256194114685
6506.81612787132	0.7680946588516235
6506.851995139969	0.7695119380950928
6506.887862408619	0.7698460817337036
6506.92372967727	0.7692996263504028
6506.95959694592	0.7685021758079529
6506.995464214569	0.7678764462471008
6507.031331483219	0.7674568295478821
6507.06719875187	0.7672528624534607
6507.10306602052	0.767496645450592
6507.1389332891695	0.7683780193328857
6507.174800557819	0.7696447372436523
6507.21066782647	0.7706039547920227
6507.24653509512	0.7705774903297424
6507.2824023637695	0.7694644927978516
6507.318269632419	0.7679510712623596
6507.35413690107	0.766994059085846
6507.39000416972	0.766828179359436
6507.4258714383695	0.7665644884109497
6507.461738707019	0.7650635838508606
6507.49760597567	0.7621747255325317
6507.53347324432	0.7588655352592468
6507.56934051297	0.7562079429626465
6507.605207781619	0.7545432448387146
6507.64107505027	0.7536194324493408
6507.67694231892	0.7531549334526062
6507.71280958757	0.753036618232727
6507.748676856219	0.753171443939209
6507.784544124869	0.7534805536270142
6507.82041139352	0.7541069388389587
6507.85627866217	0.7554256319999695
6507.892145930819	0.7576736211776733
6507.928013199469	0.7605836391448975
6507.96388046812	0.7634530067443848
6507.99974773677	0.7655858397483826
6508.0356150054195	0.7667143940925598
6508.071482274069	0.767090380191803
6508.10734954272	0.767151415348053
6508.14321681137	0.7669787406921387
6508.1790840800195	0.7660864591598511
6508.214951348669	0.763861894607544
6508.25081861732	0.7601815462112427
6508.28668588597	0.7554616332054138
6508.3225531546195	0.7501287460327148
6508.358420423269	0.7441840171813965
6508.39428769192	0.7373033165931702
6508.43015496057	0.7292804718017578
6508.46602222922	0.7204137444496155
6508.501889497869	0.7116138935089111
6508.53775676652	0.7041966319084167
6508.57362403517	0.6994587182998657
6508.60949130382	0.698225736618042
6508.645358572469	0.7005509734153748
6508.68122584112	0.7056975960731506
6508.71709310977	0.7124350666999817
6508.75296037842	0.7195062041282654
6508.788827647069	0.7260273098945618
6508.824694915719	0.7316656112670898
6508.86056218437	0.7365546226501465
6508.89642945302	0.7410168647766113
6508.932296721669	0.7452813386917114
6508.968163990319	0.7493617534637451
6509.00403125897	0.7531147599220276
6509.03989852762	0.7563859820365906
6509.0757657962695	0.7591106295585632
6509.111633064919	0.7612501978874207
6509.14750033357	0.7626311779022217
6509.18336760222	0.7629754543304443
6509.2192348708695	0.7622590065002441
6509.255102139519	0.7610153555870056
6509.29096940817	0.7600862383842468
6509.32683667682	0.7599802017211914
6509.36270394547	0.7605514526367188
6509.398571214119	0.7613152265548706
6509.43443848277	0.761940598487854
6509.47030575142	0.7623913288116455
6509.50617302007	0.7627612948417664
6509.542040288719	0.7631611227989197
6509.57790755737	0.7637308835983276
6509.61377482602	0.7645472884178162
6509.64964209467	0.7653815746307373
6509.685509363319	0.7656534910202026
6509.721376631969	0.7648300528526306
6509.75724390062	0.7629348039627075
6509.79311116927	0.7605957984924316
6509.828978437919	0.7585827708244324
6509.864845706569	0.7573348879814148
6509.90071297522	0.7568480372428894
6509.93658024387	0.756852924823761
6509.9724475125195	0.7570500373840332
6510.008314781169	0.7572504281997681
6510.04418204982	0.7573719620704651
6510.08004931847	0.7573654651641846
6510.1159165871195	0.7572028040885925
6510.151783855769	0.7569460868835449
6510.18765112442	0.7567486763000488
6510.22351839307	0.7566909790039062
6510.2593856617195	0.7566208839416504
6510.295252930369	0.7562487125396729
6510.33112019902	0.7554646730422974
6510.36698746767	0.7545690536499023
6510.40285473632	0.7541907429695129
6510.438722004969	0.7549276947975159
6510.47458927362	0.7569058537483215
6510.51045654227	0.7595386505126953
6510.54632381092	0.7617249488830566
6510.582191079569	0.7624377012252808
6510.61805834822	0.7613488435745239
6510.65392561687	0.7591123580932617
6510.68979288552	0.7570611238479614
6510.725660154169	0.7563679814338684
6510.761527422819	0.7572294473648071
6510.79739469147	0.758773148059845
6510.83326196012	0.7597432732582092
6510.869129228769	0.7593663334846497
6510.904996497419	0.7578242421150208
6510.94086376607	0.7560808062553406
6510.97673103472	0.7551634907722473
6511.0125983033695	0.7554495930671692
6511.048465572019	0.7565628886222839
6511.08433284067	0.7578566670417786
6511.12020010932	0.7589077353477478
6511.1560673779695	0.7596376538276672
6511.191934646619	0.7601720094680786
6511.22780191527	0.7606923580169678
6511.26366918392	0.761363685131073
6511.29953645257	0.762287437915802
6511.335403721219	0.763454794883728
6511.37127098987	0.7647289037704468
6511.40713825852	0.765880286693573
6511.44300552717	0.7666569352149963
6511.478872795819	0.7668566703796387
6511.51474006447	0.7663850784301758
6511.55060733312	0.7652888298034668
6511.58647460177	0.7637424468994141
6511.622341870419	0.7619636058807373
6511.658209139069	0.7600646615028381
6511.69407640772	0.7579073905944824
6511.72994367637	0.7550646662712097
6511.765810945019	0.7509791851043701
6511.801678213669	0.7453433871269226
6511.83754548232	0.7385085821151733
6511.87341275097	0.7315660119056702
6511.9092800196195	0.725929319858551
6511.945147288269	0.7226202487945557
6511.98101455692	0.721653163433075
6512.01688182557	0.7219691276550293
6512.0527490942195	0.7221651673316956
6512.088616362869	0.7215569019317627
6512.12448363152	0.7206099629402161
6512.16035090017	0.7203789353370667
6512.1962181688195	0.7216451168060303
6512.232085437469	0.7245633006095886
6512.26795270612	0.7288712859153748
6512.30381997477	0.7342143058776855
6512.33968724342	0.7402940392494202
6512.375554512069	0.7468413710594177
6512.41142178072	0.753524899482727
6512.44728904937	0.7599093914031982
6512.48315631802	0.765532910823822
6512.519023586669	0.7700641751289368
6512.554890855319	0.7734420299530029
6512.59075812397	0.7759087681770325
6512.62662539262	0.7778927683830261
6512.662492661269	0.7797788977622986
6512.698359929919	0.7817190885543823
6512.73422719857	0.7836150527000427
6512.77009446722	0.7852382659912109
6512.8059617358695	0.7863768935203552
6512.841829004519	0.7869458794593811
6512.87769627317	0.7870523929595947
6512.91356354182	0.7869890928268433
6512.9494308104695	0.7870849967002869
6512.985298079119	0.78743577003479
6513.02116534777	0.7877582907676697
6513.05703261642	0.7876260280609131
6513.0928998850695	0.7869225740432739
6513.128767153719	0.7860009670257568
6513.16463442237	0.7853439450263977
6513.20050169102	0.7851238250732422
6513.23636895967	0.7851124405860901
6513.272236228319	0.784916877746582
6513.30810349697	0.7842190861701965
6513.34397076562	0.782867431640625
6513.37983803427	0.7809010744094849
6513.415705302919	0.7785736322402954
6513.45157257157	0.7763178944587708
6513.48743984022	0.7745880484580994
6513.52330710887	0.7736610174179077
6513.559174377519	0.7735470533370972
6513.595041646169	0.7740479111671448
6513.63090891482	0.7748772501945496
6513.66677618347	0.7757664918899536
6513.702643452119	0.7765343189239502
6513.738510720769	0.7771109938621521
6513.77437798942	0.7774866223335266
6513.81024525807	0.7775821685791016
6513.8461125267195	0.7771861553192139
6513.881979795369	0.7761613130569458
6513.91784706402	0.7748035788536072
6513.95371433267	0.7738067507743835
6513.9895816013195	0.7735491991043091
6514.025448869969	0.7733976244926453
6514.06131613862	0.7720317840576172
6514.09718340727	0.7686337232589722
6514.13305067592	0.7636386752128601
6514.168917944569	0.7582981586456299
6514.20478521322	0.7536904215812683
6514.24065248187	0.7501500248908997
6514.27651975052	0.7473616600036621
6514.312387019169	0.7447822093963623
6514.34825428782	0.7419599890708923
6514.38412155647	0.738431990146637
6514.41998882512	0.7333061695098877
6514.455856093769	0.7251872420310974
6514.491723362419	0.7129250168800354
6514.52759063107	0.6966713070869446
6514.56345789972	0.6782695651054382
6514.599325168369	0.6606796383857727
6514.635192437019	0.646918535232544
6514.67105970567	0.6390960812568665
6514.70692697432	0.6379283666610718
6514.7427942429695	0.6428532600402832
6514.778661511619	0.652524471282959
6514.81452878027	0.6653192639350891
6514.85039604892	0.6796820759773254
6514.8862633175695	0.6943284273147583
6514.922130586219	0.7083548307418823
6514.95799785487	0.7212343215942383
6514.99386512352	0.7326854467391968
6515.0297323921695	0.7425055503845215
6515.065599660819	0.7505085468292236
6515.10146692947	0.7566112875938416
6515.13733419812	0.7609835863113403
6515.17320146677	0.7641125917434692
6515.209068735419	0.7666311264038086
6515.24493600407	0.7689149975776672
6515.28080327272	0.7707889676094055
6515.31667054137	0.7717509269714355
6515.352537810019	0.7715650200843811
6515.38840507867	0.7705335021018982
6515.42427234732	0.7691121697425842
6515.46013961597	0.7673640251159668
6515.496006884619	0.7648546099662781
6515.531874153269	0.7609665393829346
6515.56774142192	0.755246639251709
6515.60360869057	0.7476203441619873
6515.639475959219	0.7385714650154114
6515.675343227869	0.7292695045471191
6515.71121049652	0.7213455438613892
6515.74707776517	0.7161722183227539
6515.7829450338195	0.7141608595848083
6515.818812302469	0.7148010730743408
6515.85467957112	0.7173601984977722
6515.89054683977	0.7213755249977112
6515.9264141084195	0.726460337638855
6515.962281377069	0.731905460357666
6515.99814864572	0.7367266416549683
6516.03401591437	0.7401180863380432
6516.06988318302	0.7417901754379272
6516.105750451669	0.7418637275695801
6516.14161772032	0.7403860092163086
6516.17748498897	0.7367878556251526
6516.21335225762	0.7297637462615967
6516.249219526269	0.71784508228302
6516.28508679492	0.7002655863761902
6516.32095406357	0.677407443523407
6516.35682133222	0.650680661201477
6516.392688600869	0.6222911477088928
6516.428555869519	0.5951554775238037
6516.46442313817	0.5726183652877808
6516.50029040682	0.5576484799385071
6516.536157675469	0.5518987774848938
6516.572024944119	0.5553585886955261
6516.60789221277	0.5667211413383484
6516.64375948142	0.5839399695396423
6516.6796267500695	0.6045783162117004
6516.715494018719	0.626056969165802
6516.75136128737	0.6460267901420593
6516.78722855602	0.6627839803695679
6516.8230958246695	0.6754670739173889
6516.858963093319	0.6839922666549683
6516.89483036197	0.6889380812644958
6516.93069763062	0.6914828419685364
6516.9665648992695	0.6932287216186523
6517.002432167919	0.6957536935806274
6517.03829943657	0.7000731229782104
6517.07416670522	0.7063882946968079
6517.11003397387	0.7142540812492371
6517.145901242519	0.7229644060134888
6517.18176851117	0.7319015264511108
6517.21763577982	0.7406899333000183
6517.25350304847	0.7491155862808228
6517.289370317119	0.7569491267204285
6517.32523758577	0.7638829350471497
6517.36110485442	0.7696350812911987
6517.39697212307	0.7740901112556458
6517.432839391719	0.7773523926734924
6517.468706660369	0.779691219329834
6517.50457392902	0.7814157009124756
6517.54044119767	0.782745361328125
6517.5763084663195	0.7837374210357666
6517.612175734969	0.784277617931366
6517.64804300362	0.7840966582298279
6517.68391027227	0.7827938199043274
6517.7197775409195	0.7799023389816284
6517.755644809569	0.7750476598739624
6517.79151207822	0.7682018876075745
6517.82737934687	0.7599567174911499
6517.8632466155195	0.7516230344772339
6517.899113884169	0.7449086904525757
6517.93498115282	0.7412010431289673
6517.97084842147	0.7409288287162781
6518.00671569012	0.7434917688369751
6518.042582958769	0.7477238774299622
6518.07845022742	0.7524839639663696
6518.11431749607	0.7570558190345764
6518.15018476472	0.7612462639808655
6518.186052033369	0.7652122378349304
6518.22191930202	0.7691768407821655
6518.25778657067	0.7732065916061401
6518.29365383932	0.7771297693252563
6518.329521107969	0.780600368976593
6518.365388376619	0.7832506895065308
6518.40125564527	0.7848315238952637
6518.43712291392	0.7852742671966553
6518.472990182569	0.7846855521202087
6518.508857451219	0.7833064198493958
6518.54472471987	0.7814414501190186
6518.58059198852	0.7793595790863037
6518.6164592571695	0.7772241830825806
6518.652326525819	0.7751435041427612
6518.68819379447	0.7733154296875
6518.72406106312	0.7720428109169006
6518.7599283317695	0.771470308303833
6518.795795600419	0.7712815999984741
6518.83166286907	0.7707726955413818
6518.86753013772	0.769310474395752
6518.90339740637	0.7667250633239746
6518.939264675019	0.7633013725280762
6518.97513194367	0.759482741355896
6519.01099921232	0.7555772066116333
6519.04686648097	0.75163334608078
6519.082733749619	0.7474930882453918
6519.11860101827	0.7429004311561584
6519.15446828692	0.7374887466430664
6519.19033555557	0.7306719422340393
6519.226202824219	0.721800684928894
6519.26207009287	0.7108063697814941
6519.29793736152	0.6988314986228943
6519.33380463017	0.6880205273628235
6519.369671898819	0.6804612278938293
6519.405539167469	0.6772374510765076
6519.44140643612	0.6783030033111572
6519.47727370477	0.6829509735107422
6519.5131409734195	0.6903122663497925
6519.549008242069	0.6995948553085327
6519.58487551072	0.7100602984428406
6519.62074277937	0.7208966016769409
6519.6566100480195	0.7312138676643372
6519.692477316669	0.7402491569519043
6519.72834458532	0.7476136088371277
6519.76421185397	0.7533603310585022
6519.8000791226195	0.757822573184967
6519.835946391269	0.7613354921340942
6519.87181365992	0.7640236020088196
6519.90768092857	0.7658334970474243
6519.94354819722	0.7667951583862305
6519.979415465869	0.7671962976455688
6520.01528273452	0.7674068808555603
6520.05115000317	0.7675615549087524
6520.08701727182	0.7675548195838928
6520.122884540469	0.7673799991607666
6520.15875180912	0.7673265337944031
6520.19461907777	0.7677350640296936
6520.23048634642	0.7686231732368469
6520.266353615069	0.7696335315704346
6520.302220883719	0.7703056335449219
6520.33808815237	0.770351231098175
6520.37395542102	0.7697393894195557
6520.409822689669	0.768622636795044
6520.445689958319	0.7672154903411865
6520.48155722697	0.765730619430542
6520.51742449562	0.764408528804779
6520.5532917642695	0.7635480761528015
6520.589159032919	0.7634039521217346
6520.62502630157	0.7639965415000916
6520.66089357022	0.7650613188743591
6520.6967608388695	0.7662386894226074
6520.732628107519	0.7673071026802063
6520.76849537617	0.7682192325592041
6520.80436264482	0.768973708152771
6520.84022991347	0.7695292234420776
6520.876097182119	0.7698342800140381
6520.91196445077	0.7698599696159363
6520.94783171942	0.7695580720901489
6520.98369898807	0.7688236236572266
6521.019566256719	0.7675731182098389
6521.05543352537	0.7659090161323547
6521.09130079402	0.7642236351966858
6521.12716806267	0.7631147503852844
6521.163035331319	0.7630820870399475
6521.19890259997	0.7641396522521973
6521.23476986862	0.7656960487365723
6521.27063713727	0.766940712928772
6521.306504405919	0.7674328684806824
6521.342371674569	0.7672877311706543
6521.37823894322	0.7668288946151733
6521.41410621187	0.7661799192428589
6521.4499734805195	0.7652119994163513
6521.485840749169	0.7638022303581238
6521.52170801782	0.7621228694915771
6521.55757528647	0.7606790661811829
6521.5934425551195	0.7599493861198425
6521.629309823769	0.7598751783370972
6521.66517709242	0.7597857117652893
6521.70104436107	0.758974015712738
6521.7369116297195	0.7573369145393372
6521.772778898369	0.7554010152816772
6521.80864616702	0.7538140416145325
6521.84451343567	0.7528941631317139
6521.88038070432	0.7525416612625122
6521.916247972969	0.7523795366287231
6521.95211524162	0.7519358396530151
6521.98798251027	0.7508503198623657
6522.02384977892	0.7491140961647034
6522.059717047569	0.747183620929718
6522.09558431622	0.7457566857337952
6522.13145158487	0.7453013062477112
6522.16731885352	0.7457725405693054
6522.203186122169	0.7467771172523499
6522.239053390819	0.7479497790336609
6522.27492065947	0.749167799949646
6522.31078792812	0.7505162358283997
6522.3466551967695	0.7521500587463379
6522.382522465419	0.7541729807853699
6522.41838973407	0.7565686106681824
6522.45425700272	0.7591909170150757
6522.4901242713695	0.7618294358253479
6522.525991540019	0.7643300890922546
6522.56185880867	0.7666584849357605
6522.59772607732	0.7687819004058838
6522.6335933459695	0.7704640030860901
6522.669460614619	0.7712826728820801
6522.70532788327	0.7709760665893555
6522.74119515192	0.7697598338127136
6522.77706242057	0.7682185173034668
6522.812929689219	0.7668650150299072
6522.84879695787	0.765789806842804
6522.88466422652	0.7646555304527283
6522.92053149517	0.7629978656768799
6522.956398763819	0.7606189846992493
6522.99226603247	0.7577544450759888
6523.02813330112	0.7548273205757141
6523.06400056977	0.7520444393157959
6523.099867838419	0.7493026256561279
6523.135735107069	0.7464690804481506
6523.17160237572	0.7436216473579407
6523.20746964437	0.7409628629684448
6523.243336913019	0.7386080622673035
6523.279204181669	0.7365648746490479
6523.31507145032	0.7348801493644714
6523.35093871897	0.7336827516555786
6523.3868059876195	0.7330077290534973
6523.422673256269	0.7325493693351746
6523.45854052492	0.7315550446510315
6523.49440779357	0.7289991974830627
6523.5302750622195	0.7240325808525085
6523.566142330869	0.716438353061676
6523.60200959952	0.7067223191261292
6523.63787686817	0.6958317756652832
6523.67374413682	0.6849000453948975
6523.709611405469	0.675242006778717
6523.74547867412	0.6683328747749329
6523.78134594277	0.6654462218284607
6523.81721321142	0.6671165227890015
6523.853080480069	0.6728939414024353
6523.88894774872	0.6815671920776367
6523.92481501737	0.6916418671607971
6523.96068228602	0.7018128633499146
6523.996549554669	0.7112865447998047
6524.03241682332	0.7198827862739563
6524.06828409197	0.7278680205345154
6524.10415136062	0.7355359196662903
6524.140018629269	0.7427688241004944
6524.175885897919	0.7489871978759766
6524.21175316657	0.7536019682884216
6524.24762043522	0.756516695022583
6524.2834877038695	0.7581676840782166
6524.319354972519	0.7591560482978821
6524.35522224117	0.7599136829376221
6524.39108950982	0.7606266140937805
6524.4269567784695	0.7612931728363037
6524.462824047119	0.7617810368537903
6524.49869131577	0.7619232535362244
6524.53455858442	0.7617009282112122
6524.5704258530695	0.7613651752471924
6524.606293121719	0.7612801194190979
6524.64216039037	0.7615842819213867
6524.67802765902	0.7621052861213684
6524.71389492767	0.7626909613609314
6524.749762196319	0.7634859085083008
6524.78562946497	0.7646782398223877
6524.82149673362	0.7660074234008789
6524.85736400227	0.7667444348335266
6524.893231270919	0.7662842869758606
6524.92909853957	0.7647700905799866
6524.96496580822	0.7631856799125671
6525.00083307687	0.7628111839294434
6525.036700345519	0.7643175721168518
6525.072567614169	0.7671509385108948
6525.10843488282	0.7698631882667542
6525.14430215147	0.7711960077285767
6525.1801694201195	0.7708937525749207
6525.216036688769	0.7695847153663635
6525.25190395742	0.768103301525116
6525.28777122607	0.7669504880905151
6525.3236384947195	0.7661424279212952
6525.359505763369	0.7653274536132812
6525.39537303202	0.7640571594238281
6525.43124030067	0.7621667981147766
6525.4671075693195	0.7600926756858826
6525.502974837969	0.7587343454360962
6525.53884210662	0.7586979866027832
6525.57470937527	0.7595648169517517
6525.61057664392	0.7601425647735596
6525.646443912569	0.7595958113670349
6525.68231118122	0.7581658363342285
6525.71817844987	0.7567214369773865
6525.75404571852	0.7559032440185547
6525.789912987169	0.7559000849723816
6525.82578025582	0.7567775845527649
6525.86164752447	0.7585881352424622
6525.89751479312	0.7610746026039124
6525.933382061769	0.7635435461997986
6525.96924933042	0.7652674317359924
6526.00511659907	0.7660055160522461
6526.04098386772	0.7660863995552063
6526.076851136369	0.7660840749740601
6526.112718405019	0.7664796113967896
6526.14858567367	0.7674890160560608
6526.18445294232	0.7689563632011414
6526.2203202109695	0.7702869772911072
6526.256187479619	0.770639955997467
6526.29205474827	0.7694973945617676
6526.32792201692	0.7671796679496765
6526.3637892855695	0.7646872997283936
6526.399656554219	0.7629480361938477
6526.43552382287	0.762265145778656
6526.47139109152	0.7624416947364807
6526.5072583601695	0.7632051110267639
6526.543125628819	0.7643678188323975
6526.57899289747	0.7656944394111633
6526.61486016612	0.7668168544769287
6526.65072743477	0.7673633098602295
6526.686594703419	0.7671670317649841
6526.72246197207	0.766373872756958
6526.75832924072	0.7653602361679077
6526.79419650937	0.7644920349121094
6526.830063778019	0.7639098167419434
6526.86593104667	0.7635542154312134
6526.90179831532	0.763391375541687
6526.93766558397	0.7635328769683838
6526.973532852619	0.7640911340713501
6527.009400121269	0.7649766802787781
6527.04526738992	0.7659043669700623
6527.08113465857	0.7666093707084656
6527.1170019272195	0.7670702934265137
6527.152869195869	0.7675282955169678
6527.18873646452	0.7681782841682434
6527.22460373317	0.7687202095985413
6527.2604710018195	0.7683607339859009
6527.296338270469	0.7665814757347107
6527.33220553912	0.7639198303222656
6527.36807280777	0.7616686820983887
6527.4039400764195	0.7606810331344604
6527.439807345069	0.7606981992721558
6527.47567461372	0.760931134223938
6527.51154188237	0.7610273957252502
6527.54740915102	0.7612943053245544
6527.583276419669	0.7621735334396362
6527.61914368832	0.7637019157409668
6527.65501095697	0.7654209733009338
6527.69087822562	0.7667105793952942
6527.726745494269	0.7672732472419739
6527.76261276292	0.7673869132995605
6527.79848003157	0.7676782011985779
6527.83434730022	0.7685901522636414
6527.870214568869	0.7699712514877319
6527.90608183752	0.7711007595062256
6527.94194910617	0.7712129354476929
6527.97781637482	0.7702124118804932
6528.013683643469	0.7688830494880676
6528.049550912119	0.7681995034217834
6528.08541818077	0.7684262990951538
6528.12128544942	0.7690888047218323
6528.1571527180695	0.7697861790657043
6528.193019986719	0.7706871628761292
6528.22888725537	0.7721068263053894
6528.26475452402	0.7739185690879822
6528.3006217926695	0.7756576538085938
6528.336489061319	0.777042806148529
6528.37235632997	0.7780969738960266
6528.40822359862	0.7787694931030273
6528.44409086727	0.7787298560142517
6528.479958135919	0.7776958346366882
6528.51582540457	0.7758658528327942
6528.55169267322	0.7739207744598389
6528.58755994187	0.7726253271102905
6528.623427210519	0.7723984122276306
6528.65929447917	0.7730933427810669
6528.69516174782	0.7740442156791687
6528.73102901647	0.7743658423423767
6528.766896285119	0.7734555602073669
6528.80276355377	0.7715006470680237
6528.83863082242	0.7695480585098267
6528.87449809107	0.7687850594520569
6528.910365359719	0.7695131301879883
6528.946232628369	0.7709117531776428
6528.98209989702	0.7719156742095947
6529.01796716567	0.7722128033638
6529.0538344343195	0.7723379731178284
6529.089701702969	0.772998571395874
6529.12556897162	0.7744349837303162
6529.16143624027	0.7762699127197266
6529.1973035089195	0.7777915000915527
6529.233170777569	0.7784241437911987
6529.26903804622	0.7780852913856506
6529.30490531487	0.7772038578987122
6529.3407725835195	0.776386022567749
6529.376639852169	0.7759129405021667
6529.41250712082	0.7754529118537903
6529.44837438947	0.7744138836860657
6529.48424165812	0.772753894329071
6529.520108926769	0.7712555527687073
6529.55597619542	0.7706833481788635
6529.59184346407	0.7708095908164978
6529.62771073272	0.7707105278968811
6529.663578001369	0.7700121998786926
6529.69944527002	0.7693358659744263
6529.73531253867	0.7693355679512024
6529.77117980732	0.7698037028312683
6529.807047075969	0.7701427936553955
6529.842914344619	0.7703798413276672
6529.87878161327	0.7711467146873474
6529.91464888192	0.7726873159408569
6529.9505161505695	0.774357795715332
6529.986383419219	0.7752721905708313
6530.02225068787	0.7751653790473938
6530.05811795652	0.7744717001914978
6530.0939852251695	0.7737776637077332
6530.129852493819	0.7733773589134216
6530.16571976247	0.7732032537460327
6530.20158703112	0.7729222178459167
6530.2374542997695	0.772047758102417
6530.273321568419	0.7701588869094849
6530.30918883707	0.7672408223152161
6530.34505610572	0.76381915807724
6530.38092337437	0.7605699896812439
6530.416790643019	0.7577304244041443
6530.45265791167	0.7550581693649292
6530.48852518032	0.7524444460868835
6530.52439244897	0.7503419518470764
6530.560259717619	0.7493841648101807
6530.59612698627	0.749705970287323
6530.63199425492	0.7508556842803955
6530.66786152357	0.7523276209831238
6530.703728792219	0.7539854645729065
6530.73959606087	0.7559674978256226
6530.77546332952	0.7583597898483276
6530.81133059817	0.7610262036323547
6530.847197866819	0.7636526226997375
6530.883065135469	0.765880823135376
6530.91893240412	0.7674468159675598
6530.95479967277	0.7682870626449585
6530.9906669414195	0.7685748338699341
6531.026534210069	0.7686289548873901
6531.06240147872	0.7687129378318787
6531.09826874737	0.7689023017883301
6531.1341360160195	0.7691861987113953
6531.170003284669	0.769675612449646
6531.20587055332	0.7706120610237122
6531.24173782197	0.7721142768859863
6531.2776050906195	0.7739448547363281
6531.313472359269	0.7755492329597473
6531.34933962792	0.7763246893882751
6531.38520689657	0.7759239077568054
6531.42107416522	0.7744300961494446
6531.456941433869	0.7723109126091003
6531.49280870252	0.7701929807662964
6531.52867597117	0.7686185240745544
6531.56454323982	0.7678974866867065
6531.600410508469	0.7680168747901917
6531.63627777712	0.7685714364051819
6531.67214504577	0.7688677906990051
6531.70801231442	0.7683858871459961
6531.743879583069	0.7673367857933044
6531.77974685172	0.7666091322898865
6531.81561412037	0.7668842077255249
6531.85148138902	0.7677983641624451
6531.8873486576695	0.7681431770324707
6531.923215926319	0.7668343186378479
6531.95908319497	0.7635088562965393
6531.99495046362	0.7582811117172241
6532.0308177322695	0.7512179017066956
6532.066685000919	0.7421581745147705
6532.10255226957	0.7309629917144775
6532.13841953822	0.7179486751556396
6532.1742868068695	0.7041583061218262
6532.210154075519	0.691173791885376
6532.24602134417	0.6805513501167297
6532.28188861282	0.6733671426773071
6532.31775588147	0.6701809763908386
6532.353623150119	0.6711947321891785
6532.38949041877	0.676261305809021
6532.42535768742	0.684738278388977
6532.46122495607	0.6954358220100403
6532.497092224719	0.7068240642547607
6532.53295949337	0.7174832820892334
6532.56882676202	0.7266165018081665
6532.60469403067	0.7342711091041565
6532.640561299319	0.7410261034965515
6532.67642856797	0.7473900318145752
6532.71229583662	0.7534201145172119
6532.74816310527	0.758770227432251
6532.784030373919	0.7630053162574768
6532.819897642569	0.7659327387809753
6532.85576491122	0.7677479982376099
6532.89163217987	0.7689069509506226
6532.9274994485195	0.769850492477417
6532.963366717169	0.770808756351471
6532.99923398582	0.7717876434326172
6533.03510125447	0.7726829051971436
6533.0709685231195	0.7734073400497437
6533.106835791769	0.7739084959030151
6533.14270306042	0.774053156375885
6533.17857032907	0.7735714316368103
6533.21443759772	0.7722871899604797
6533.250304866369	0.7704867124557495
6533.28617213502	0.768947422504425
6533.32203940367	0.768449068069458
6533.35790667232	0.769201397895813
6533.393773940969	0.7706969976425171
6533.42964120962	0.7720286846160889
6533.46550847827	0.7723852396011353
6533.50137574692	0.7714619636535645
6533.537243015569	0.7696117758750916
6533.57311028422	0.7676586508750916
6533.60897755287	0.7664162516593933
6533.64484482152	0.7660914659500122
6533.680712090169	0.7659471035003662
6533.716579358819	0.7645930647850037
6533.75244662747	0.7607886791229248
6533.78831389612	0.7541638612747192
6533.8241811647695	0.7454270124435425
6533.860048433419	0.7360605001449585
6533.89591570207	0.7277206182479858
6533.93178297072	0.7216433882713318
6533.9676502393695	0.7183468341827393
6534.003517508019	0.7176852226257324
6534.03938477667	0.7191116809844971
6534.07525204532	0.7219721674919128
6534.1111193139695	0.7256843447685242
6534.146986582619	0.7297566533088684
6534.18285385127	0.7337842583656311
6534.21872111992	0.7375678420066833
6534.25458838857	0.7412374019622803
6534.290455657219	0.7450914978981018
6534.32632292587	0.7491719722747803
6534.36219019452	0.7530570030212402
6534.39805746317	0.7561815977096558
6534.433924731819	0.7582854628562927
6534.46979200047	0.7594060301780701
6534.50565926912	0.7595419883728027
6534.54152653777	0.7586331367492676
6534.577393806419	0.7569836974143982
6534.61326107507	0.755450427532196
6534.64912834372	0.7549101114273071
6534.68499561237	0.7555215358734131
6534.7208628810195	0.756625771522522
6534.756730149669	0.7573426961898804
6534.79259741832	0.7572202086448669
6534.82846468697	0.7564546465873718
6534.8643319556195	0.7556598782539368
6534.900199224269	0.7554113268852234
6534.93606649292	0.7559171319007874
6534.97193376157	0.7570745944976807
6535.0078010302195	0.7587433457374573
6535.043668298869	0.7608095407485962
6535.07953556752	0.7629736065864563
6535.11540283617	0.7646856904029846
6535.15127010482	0.765501081943512
6535.187137373469	0.765518844127655
6535.22300464212	0.7653937339782715
6535.25887191077	0.7658852934837341
6535.29473917942	0.7673279643058777
6535.330606448069	0.7693812847137451
6535.36647371672	0.7712477445602417
6535.40234098537	0.7722657918930054
6535.43820825402	0.7724089622497559
6535.474075522669	0.772233784198761
6535.50994279132	0.7723906636238098
6535.54581005997	0.773192822933197
6535.58167732862	0.774513304233551
6535.617544597269	0.775924801826477
6535.653411865919	0.7769317030906677
6535.68927913457	0.7772126793861389
6535.72514640322	0.7768097519874573
6535.7610136718695	0.7761267423629761
6535.796880940519	0.775623619556427
6535.83274820917	0.7753887176513672
6535.86861547782	0.7750640511512756
6535.9044827464695	0.7742965221405029
6535.940350015119	0.7732263207435608
6535.97621728377	0.7724557518959045
6536.01208455242	0.7725600004196167
6536.04795182107	0.7736151218414307
6536.083819089719	0.7750940322875977
6536.11968635837	0.7762089967727661
6536.15555362702	0.7765016555786133
6536.19142089567	0.7761731147766113
6536.227288164319	0.7757925987243652
6536.26315543297	0.775689423084259
6536.29902270162	0.7756630778312683
6536.33488997027	0.7751983404159546
6536.370757238919	0.773858904838562
6536.40662450757	0.7715148329734802
6536.44249177622	0.7682908773422241
6536.47835904487	0.7643226385116577
6536.514226313519	0.7596115469932556
6536.55009358217	0.7542480826377869
6536.58596085082	0.7488117218017578
6536.62182811947	0.744377851486206
6536.6576953881195	0.7419527173042297
6536.693562656769	0.7418769001960754
6536.72942992542	0.7437648773193359
6536.76529719407	0.7469093203544617
6536.8011644627195	0.7507051825523376
6536.837031731369	0.7548168897628784
6536.87289900002	0.7590764760971069
6536.90876626867	0.7632684707641602
6536.9446335373195	0.7670536637306213
6536.980500805969	0.7701590657234192
6537.01636807462	0.772606611251831
6537.05223534327	0.7746539115905762
6537.08810261192	0.7764832973480225
6537.123969880569	0.7779982089996338
6537.15983714922	0.7789262533187866
6537.19570441787	0.779077410697937
6537.23157168652	0.7785221338272095
6537.267438955169	0.7775819897651672
6537.30330622382	0.7766438126564026
6537.33917349247	0.7759431600570679
6537.37504076112	0.775523841381073
6537.410908029769	0.7753959894180298
6537.44677529842	0.7756537795066833
6537.48264256707	0.7763850092887878
6537.51850983572	0.7775216698646545
6537.554377104369	0.7788646221160889
6537.590244373019	0.7802552580833435
6537.62611164167	0.781668484210968
6537.66197891032	0.7831482887268066
6537.6978461789695	0.7847331166267395
6537.733713447619	0.7864727973937988
6537.76958071627	0.7884167432785034
6537.80544798492	0.7904410362243652
6537.8413152535695	0.7920916080474854
6537.877182522219	0.7927756905555725
6537.91304979087	0.7922510504722595
6537.94891705952	0.7908977270126343
6537.98478432817	0.789445698261261
6538.020651596819	0.7884527444839478
6538.05651886547	0.7880226969718933
6538.09238613412	0.7879016399383545
6538.12825340277	0.7877811789512634
6538.164120671419	0.7875704169273376
6538.19998794007	0.787422776222229
6538.23585520872	0.7874981760978699
6538.27172247737	0.7877254486083984
6538.307589746019	0.7878425717353821
6538.34345701467	0.7876632809638977
6538.37932428332	0.7872929573059082
6538.41519155197	0.7871084809303284
6538.451058820619	0.7874983549118042
6538.48692608927	0.7885152697563171
6538.52279335792	0.7897398471832275
6538.55866062657	0.7905473113059998
6538.5945278952195	0.7905577421188354
6538.630395163869	0.7898423671722412
6538.66626243252	0.7887706756591797
6538.70212970117	0.7877442836761475
6538.7379969698195	0.7870267629623413
6538.773864238469	0.786668062210083
6538.80973150712	0.7864798307418823
6538.84559877577	0.7861384749412537
6538.8814660444195	0.7854856848716736
6538.917333313069	0.784815788269043
6538.95320058172	0.7847226858139038
6538.98906785037	0.7855007648468018
6539.02493511902	0.786787211894989
6539.060802387669	0.7879582047462463
6539.09666965632	0.7887847423553467
6539.13253692497	0.7894779443740845
6539.16840419362	0.7901409268379211
6539.204271462269	0.7904641628265381
6539.24013873092	0.7900727391242981
6539.27600599957	0.7890028357505798
6539.31187326822	0.7877240777015686
6539.347740536869	0.786789059638977
6539.38360780552	0.7865239977836609
6539.41947507417	0.7869359254837036
6539.45534234282	0.7877677083015442
6539.4912096114695	0.7886308431625366
6539.527076880119	0.789213240146637
6539.56294414877	0.789501428604126
6539.59881141742	0.7897895574569702
6539.6346786860695	0.7903153300285339
6539.670545954719	0.7908527851104736
6539.70641322337	0.7908600568771362
6539.74228049202	0.7901725172996521
6539.7781477606695	0.7894223928451538
6539.814015029319	0.7896012663841248
6539.84988229797	0.7911941409111023
6539.88574956662	0.7937027812004089
6539.92161683527	0.7959032654762268
6539.957484103919	0.7966800928115845
6539.99335137257	0.795895516872406
6540.02921864122	0.7945070862770081
6540.06508590987	0.7936901450157166
6540.100953178519	0.7938171029090881
6540.13682044717	0.7943049073219299
6540.17268771582	0.7942827343940735
6540.20855498447	0.7932903170585632
6540.244422253119	0.7914981842041016
6540.28028952177	0.7894641757011414
6540.31615679042	0.7876957654953003
6540.35202405907	0.7864018678665161
6540.387891327719	0.7856553196907043
6540.423758596369	0.7856919765472412
6540.45962586502	0.7868546843528748
6540.49549313367	0.7891667485237122
6540.5313604023195	0.7920486330986023
6540.567227670969	0.7945334315299988
6540.60309493962	0.7958173155784607
6540.63896220827	0.7957586050033569
6540.6748294769195	0.7949933409690857
6540.710696745569	0.7945072650909424
6540.74656401422	0.7949255704879761
6540.78243128287	0.7961260080337524
6540.81829855152	0.7974645495414734
6540.854165820169	0.7982871532440186
6540.89003308882	0.7982856631278992
6540.92590035747	0.7975780367851257
6540.96176762612	0.796600341796875
6540.997634894769	0.7958943843841553
6541.03350216342	0.7958472371101379
6541.06936943207	0.7964776158332825
6541.10523670072	0.7974305748939514
6541.141103969369	0.7982443571090698
6541.17697123802	0.7986795902252197
6541.21283850667	0.7988204956054688
6541.24870577532	0.798920750617981
6541.284573043969	0.7992052435874939
6541.32044031262	0.7997710108757019
6541.35630758127	0.8005627989768982
6541.39217484992	0.8013746738433838
6541.4280421185695	0.8019018769264221
6541.463909387219	0.801884114742279
6541.49977665587	0.8012853860855103
6541.53564392452	0.8003730773925781
6541.5715111931695	0.7996131181716919
6541.607378461819	0.7994046807289124
6541.64324573047	0.7997890114784241
6541.67911299912	0.800380289554596
6541.7149802677695	0.8006843328475952
6541.750847536419	0.800538182258606
6541.78671480507	0.800175666809082
6541.82258207372	0.7998492121696472
6541.85844934237	0.7994844913482666
6541.894316611019	0.7987298965454102
6541.93018387967	0.7972485423088074
6541.96605114832	0.7949151992797852
6542.00191841697	0.791774332523346
6542.037785685619	0.787819504737854
6542.07365295427	0.7828088402748108
6542.10952022292	0.7764139771461487
6542.14538749157	0.7687171697616577
6542.181254760219	0.7605777382850647
6542.21712202887	0.753409743309021
6542.25298929752	0.7485458254814148
6542.28885656617	0.7467230558395386
6542.324723834819	0.7479599118232727
6542.360591103469	0.7517511248588562
6542.39645837212	0.7573977112770081
6542.43232564077	0.764274001121521
6542.4681929094195	0.7719025611877441
6542.504060178069	0.7798694968223572
6542.53992744672	0.7876999974250793
6542.57579471537	0.794804036617279
6542.6116619840195	0.8005603551864624
6542.647529252669	0.8045223355293274
6542.68339652132	0.8066182136535645
6542.71926378997	0.8072077631950378
6542.75513105862	0.8069349527359009
6542.790998327269	0.8064177632331848
6542.82686559592	0.8059830069541931
6542.86273286457	0.8057162165641785
6542.89860013322	0.8057644367218018
6542.934467401869	0.806416928768158
6542.97033467052	0.8077236413955688
6543.00620193917	0.8091615438461304
6543.04206920782	0.8099836707115173
6543.077936476469	0.8099778890609741
6543.11380374512	0.8097049593925476
6543.14967101377	0.8099393844604492
6543.18553828242	0.8110230565071106
6543.221405551069	0.8127634525299072
6543.25727281972	0.8147181868553162
6543.29314008837	0.8164086937904358
6543.32900735702	0.8173679709434509
6543.3648746256695	0.8172176480293274
6543.400741894319	0.8158325552940369
6543.43660916297	0.8134074807167053
6543.47247643162	0.8102819919586182
6543.5083437002695	0.8066138625144958
6543.544210968919	0.8020960688591003
6543.58007823757	0.7958781719207764
6543.61594550622	0.7867915034294128
6543.6518127748695	0.7738367915153503
6543.687680043519	0.7567327618598938
6543.72354731217	0.7363060712814331
6543.75941458082	0.7145429253578186
6543.79528184947	0.6942187547683716
6543.831149118119	0.6782411932945251
6543.86701638677	0.6689589023590088
6543.90288365542	0.6675916314125061
6543.93875092407	0.6738647818565369
6543.974618192719	0.6860089302062988
6544.01048546137	0.701364278793335
6544.04635273002	0.7175400257110596
6544.08221999867	0.7333387732505798
6544.118087267319	0.7485416531562805
6544.15395453597	0.7628822922706604
6544.18982180462	0.7755714058876038
6544.22568907327	0.7859043478965759
6544.2615563419195	0.7939600348472595
6544.297423610569	0.8004204034805298
6544.33329087922	0.8058390617370605
6544.36915814787	0.8102503418922424
6544.4050254165195	0.8133853673934937
6544.440892685169	0.8151360750198364
6544.47675995382	0.8158635497093201
6544.51262722247	0.8163061141967773
6544.5484944911195	0.8171082735061646
6544.584361759769	0.818386971950531
6544.62022902842	0.8197720050811768
6544.65609629707	0.8208345174789429
6544.69196356572	0.8214460611343384
6544.727830834369	0.8218053579330444
6544.76369810302	0.8222036361694336
6544.79956537167	0.8227348327636719
6544.83543264032	0.8232001066207886
6544.871299908969	0.8233318328857422
6544.90716717762	0.8231005072593689
6544.94303444627	0.8227194547653198
6544.97890171492	0.8223534822463989
6545.014768983569	0.8219576478004456
6545.05063625222	0.8214627504348755
6545.08650352087	0.820975124835968
6545.12237078952	0.8206436634063721
6545.158238058169	0.8204025030136108
6545.19410532682	0.820044219493866
6545.22997259547	0.8195815682411194
6545.26583986412	0.8193634152412415
6545.3017071327695	0.8197239637374878
6545.337574401419	0.8206127882003784
6545.37344167007	0.8216577172279358
6545.40930893872	0.8224835991859436
6545.4451762073695	0.8228291869163513
6545.481043476019	0.8224181532859802
6545.51691074467	0.8209278583526611
6545.55277801332	0.818198561668396
6545.58864528197	0.8144282698631287
6545.624512550619	0.8101134896278381
6545.66037981927	0.8058690428733826
6545.69624708792	0.802363932132721
6545.73211435657	0.800284206867218
6545.767981625219	0.8000375628471375
6545.80384889387	0.8013296127319336
6545.83971616252	0.8032608032226562
6545.87558343117	0.8051702976226807
6545.911450699819	0.8073244690895081
6545.94731796847	0.8104597926139832
6545.98318523712	0.8146681189537048
6546.01905250577	0.8190528154373169
6546.054919774419	0.822503387928009
6546.09078704307	0.8245012164115906
6546.12665431172	0.8251299262046814
6546.16252158037	0.8247103095054626
6546.1983888490195	0.8237658739089966
6546.234256117669	0.8231700658798218
6546.27012338632	0.8238285779953003
6546.30599065497	0.8259513974189758
6546.3418579236195	0.8287681937217712
6546.377725192269	0.831132709980011
6546.41359246092	0.8324081301689148
6546.44945972957	0.8328147530555725
6546.4853269982195	0.833073079586029
6546.521194266869	0.8336973190307617
6546.55706153552	0.8344808220863342
6546.59292880417	0.8346923589706421
6546.62879607282	0.8338990807533264
6546.664663341469	0.8325208425521851
6546.70053061012	0.8314385414123535
6546.73639787877	0.8311561942100525
6546.77226514742	0.8314937353134155
6546.808132416069	0.8319754004478455
6546.84399968472	0.83228999376297
6546.87986695337	0.8323906660079956
6546.91573422202	0.8323372006416321
6546.951601490669	0.8321404457092285
6546.98746875932	0.8317537903785706
6547.02333602797	0.8312184810638428
6547.05920329662	0.8307950496673584
6547.095070565269	0.8308463096618652
6547.13093783392	0.8315137624740601
6547.16680510257	0.8325567245483398
6547.20267237122	0.8335612416267395
6547.2385396398695	0.8342304825782776
6547.274406908519	0.8343808054924011
6547.31027417717	0.8337141275405884
6547.34614144582	0.8317336440086365
6547.3820087144695	0.8279470205307007
6547.417875983119	0.8221645951271057
6547.45374325177	0.814660370349884
6547.48961052042	0.8060990571975708
6547.52547778907	0.7972655892372131
6547.561345057719	0.7888258099555969
6547.59721232637	0.7813704609870911
6547.63307959502	0.7756387591362
6547.66894686367	0.7724964618682861
6547.704814132319	0.77251797914505
6547.74068140097	0.7755804657936096
6547.77654866962	0.7808932662010193
6547.81241593827	0.7873895764350891
6547.848283206919	0.7941305637359619
6547.88415047557	0.8005114793777466
6547.92001774422	0.8062378168106079
6547.95588501287	0.8111615777015686
6547.991752281519	0.8151648640632629
6548.02761955017	0.8181990385055542
6548.06348681882	0.8203722834587097
6548.09935408747	0.8219164609909058
6548.1352213561195	0.8230434656143188
6548.171088624769	0.8238362073898315
6548.20695589342	0.8242283463478088
6548.24282316207	0.8239802718162537
6548.2786904307195	0.8225911855697632
6548.314557699369	0.8192449808120728
6548.35042496802	0.8129429817199707
6548.38629223667	0.802879273891449
6548.4221595053195	0.788982629776001
6548.458026773969	0.7723779082298279
6548.49389404262	0.7553637027740479
6548.52976131127	0.7407507300376892
6548.56562857992	0.730943500995636
6548.601495848569	0.7272706031799316
6548.63736311722	0.7297734618186951
6548.67323038587	0.7374359369277954
6548.70909765452	0.7486644387245178
6548.744964923169	0.761719286441803
6548.78083219182	0.7749736905097961
6548.81669946047	0.787143349647522
6548.85256672912	0.7975849509239197
6548.888433997769	0.8064242601394653
6548.92430126642	0.8142160773277283
6548.96016853507	0.8213435411453247
6548.99603580372	0.8277733325958252
6549.0319030723695	0.833357572555542
6549.06777034102	0.838172972202301
6549.10363760967	0.8424472808837891
6549.13950487832	0.8462789058685303
6549.1753721469695	0.849595308303833
6549.211239415619	0.852390706539154
6549.24710668427	0.8549337983131409
6549.28297395292	0.8577058911323547
6549.3188412215695	0.8610524535179138
6549.354708490219	0.8647525906562805
6549.39057575887	0.8679724931716919
6549.42644302752	0.8698971271514893
6549.46231029617	0.8705397844314575
6549.498177564819	0.8708239793777466
6549.53404483347	0.8718045949935913
6549.56991210212	0.8738154768943787
6549.60577937077	0.8762521147727966
6549.641646639419	0.878089964389801
6549.67751390807	0.878794252872467
6549.71338117672	0.8788731694221497
6549.74924844537	0.8793889284133911
6549.785115714019	0.8808238506317139
6549.82098298267	0.8826149702072144
6549.85685025132	0.8838837146759033
6549.89271751997	0.8843910098075867
6549.928584788619	0.8846579790115356
6549.96445205727	0.8853514194488525
6550.00031932592	0.8866692185401917
6550.03618659457	0.8881841897964478
6550.0720538632195	0.88920658826828
6550.107921131869	0.8893872499465942
6550.14378840052	0.889000654220581
6550.17965566917	0.8886218667030334
6550.2155229378195	0.8886260390281677
6550.251390206469	0.8890992999076843
6550.28725747512	0.8901005983352661
6550.32312474377	0.8917661309242249
6550.35899201242	0.8940958380699158
6550.394859281069	0.8967657685279846
6550.43072654972	0.8992490172386169
6550.46659381837	0.9011098742485046
6550.50246108702	0.9022091627120972
6550.538328355669	0.9027484059333801
6550.57419562432	0.9032120108604431
6550.61006289297	0.9041935205459595
6550.64593016162	0.9060357809066772
6550.681797430269	0.9084221124649048
6550.71766469892	0.9103967547416687
6550.75353196757	0.911075234413147
6550.78939923622	0.9104426503181458
6550.825266504869	0.9093466401100159
6550.86113377352	0.9087204337120056
6550.89700104217	0.9089216589927673
6550.93286831082	0.90973299741745
6550.9687355794695	0.9107945561408997
6551.004602848119	0.9120060205459595
6551.04047011677	0.9135936498641968
6551.07633738542	0.9157761931419373
6551.1122046540695	0.9183538556098938
6551.148071922719	0.9207375645637512
6551.18393919137	0.9224519729614258
6551.21980646002	0.9235332012176514
6551.2556737286695	0.9243972301483154
6551.291540997319	0.9254239797592163
6551.32740826597	0.9267165660858154
6551.36327553462	0.9281286597251892
6551.39914280327	0.929376482963562
6551.435010071919	0.9301342368125916
6551.47087734057	0.9301632642745972
6551.50674460922	0.9294848442077637
6551.54261187787	0.9284573197364807
6551.578479146519	0.9276257157325745
6551.61434641517	0.9274161458015442
6551.65021368382	0.9278857707977295
6551.68608095247	0.9286967515945435
6551.721948221119	0.9293801784515381
6551.75781548977	0.9297333359718323
6551.79368275842	0.929936408996582
6551.82955002707	0.9301826357841492
6551.865417295719	0.9302725195884705
6551.90128456437	0.9297823309898376
6551.93715183302	0.9286603331565857
6551.97301910167	0.9274966716766357
6552.0088863703195	0.9271472692489624
6552.044753638969	0.9281308054924011
6552.08062090762	0.9303020238876343
6552.11648817627	0.9329420328140259
6552.1523554449195	0.9351567625999451
6552.188222713569	0.9363147020339966
6552.22408998222	0.936201810836792
6552.25995725087	0.9347858428955078
6552.29582451952	0.9317578673362732
6552.331691788169	0.9261659979820251
6552.36755905682	0.9165533185005188
6552.40342632547	0.9017970561981201
6552.43929359412	0.8821583390235901
6552.475160862769	0.8597104549407959
6552.51102813142	0.8378543853759766
6552.54689540007	0.820259153842926
6552.58276266872	0.8097115755081177
6552.618629937369	0.8073525428771973
6552.65449720602	0.8126062154769897
6552.69036447467	0.8237250447273254
6552.72623174332	0.8386310338973999
6552.762099011969	0.8556581139564514
6552.79796628062	0.873806357383728
6552.83383354927	0.8924819827079773
6552.86970081792	0.9111307859420776
6552.9055680865695	0.9291147589683533
6552.941435355219	0.9457765221595764
6552.97730262387	0.9604856371879578
6553.01316989252	0.9726524949073792
6553.0490371611695	0.9818477034568787
6553.084904429819	0.9880454540252686
6553.12077169847	0.9918147325515747
6553.15663896712	0.9942609667778015
6553.1925062357695	0.9966124296188354
6553.228373504419	0.9995522499084473
6553.26424077307	1.0027858018875122
6553.30010804172	1.0054019689559937
6553.33597531037	1.0068022012710571
6553.371842579019	1.0072309970855713
6553.40770984767	1.007396936416626
6553.44357711632	1.007683515548706
6553.47944438497	1.007678508758545
6553.515311653619	1.0063259601593018
6553.55117892227	1.0026166439056396
6553.58704619092	0.9963858127593994
6553.62291345957	0.9886001944541931
6553.658780728219	0.9809446334838867
6553.69464799687	0.9751202464103699
6553.73051526552	0.972318172454834
6553.76638253417	0.9730237722396851
6553.8022498028195	0.9770998358726501
6553.83811707147	0.9839869737625122
6553.87398434012	0.9928387403488159
6553.90985160877	1.002581238746643
6553.9457188774195	1.0120582580566406
6553.981586146069	1.0203410387039185
6554.01745341472	1.027038335800171
6554.05332068337	1.032387137413025
6554.0891879520195	1.0370948314666748
6554.125055220669	1.042028546333313
6554.16092248932	1.0478534698486328
6554.19678975797	1.0547219514846802
6554.23265702662	1.0621451139450073
6554.268524295269	1.0692192316055298
6554.30439156392	1.0752027034759521
6554.34025883257	1.080011010169983
6554.37612610122	1.0841116905212402
6554.411993369869	1.0879462957382202
6554.44786063852	1.0915287733078003
6554.48372790717	1.094558596611023
6554.51959517582	1.0968018770217896
6554.555462444469	1.0983874797821045
6554.59132971312	1.099847435951233
6554.62719698177	1.1018950939178467
6554.66306425042	1.1050846576690674
6554.698931519069	1.1095746755599976
6554.73479878772	1.1151096820831299
6554.77066605637	1.1211904287338257
6554.80653332502	1.1273314952850342
6554.8424005936695	1.133253812789917
6554.878267862319	1.138891339302063
6554.91413513097	1.1442480087280273
6554.95000239962	1.1492362022399902
6554.9858696682695	1.1536113023757935
6555.021736936919	1.1570698022842407
6555.05760420557	1.1594924926757812
6555.09347147422	1.161192536354065
6555.12933874287	1.1629846096038818
6555.165206011519	1.165924310684204
6555.20107328017	1.1707111597061157
6555.23694054882	1.1771390438079834
6555.27280781747	1.184197187423706
6555.308675086119	1.190849781036377
6555.34454235477	1.196739912033081
6555.38040962342	1.2022098302841187
6555.41627689207	1.207807183265686
6555.452144160719	1.2137964963912964
6555.48801142937	1.2200212478637695
6555.52387869802	1.2261992692947388
6555.55974596667	1.2323906421661377
6555.595613235319	1.2391074895858765
6555.63148050397	1.2468690872192383
6555.66734777262	1.2556722164154053
6555.70321504127	1.2649167776107788
6555.7390823099195	1.27375328540802
6555.77494957857	1.281493067741394
6555.81081684722	1.2879021167755127
6555.84668411587	1.2933976650238037
6555.8825513845195	1.299039363861084
6555.918418653169	1.3060065507888794
6555.95428592182	1.3146120309829712
6555.99015319047	1.3238141536712646
6556.0260204591195	1.3321609497070312
6556.061887727769	1.339370846748352
6556.09775499642	1.3466229438781738
6556.13362226507	1.3551908731460571
6556.16948953372	1.365186095237732
6556.205356802369	1.3757678270339966
6556.24122407102	1.3861548900604248
6556.27709133967	1.3961480855941772
6556.31295860832	1.4059538841247559
6556.348825876969	1.4158796072006226
6556.38469314562	1.4262052774429321
6556.42056041427	1.43709135055542
6556.45642768292	1.4484120607376099
6556.492294951569	1.459687352180481
6556.52816222022	1.4702751636505127
6556.56402948887	1.4796810150146484
6556.59989675752	1.4877147674560547
6556.635764026169	1.4944907426834106
6556.67163129482	1.5004732608795166
6556.70749856347	1.5065468549728394
6556.74336583212	1.5137593746185303
6556.7792331007695	1.5225945711135864
6556.815100369419	1.5323131084442139
6556.85096763807	1.5410391092300415
6556.88683490672	1.5465127229690552
6556.9227021753695	1.5469107627868652
6556.958569444019	1.541439175605774
6556.99443671267	1.5308221578598022
6557.03030398132	1.517649531364441
6557.06617124997	1.5060678720474243
6557.102038518619	1.5004510879516602
6557.13790578727	1.503733515739441
6557.17377305592	1.5165843963623047
6557.20964032457	1.5377137660980225
6557.245507593219	1.5646952390670776
6557.28137486187	1.5947937965393066
6557.31724213052	1.6257288455963135
6557.35310939917	1.6563050746917725
6557.388976667819	1.6864854097366333
6557.42484393647	1.7165539264678955
6557.46071120512	1.7460451126098633
6557.49657847377	1.7737315893173218
6557.532445742419	1.7987507581710815
6557.56831301107	1.8213223218917847
6557.60418027972	1.8420699834823608
6557.64004754837	1.8610180616378784
6557.6759148170195	1.8777233362197876
6557.711782085669	1.8922022581100464
6557.74764935432	1.905218243598938
6557.78351662297	1.9175941944122314
6557.8193838916195	1.9295604228973389
6557.855251160269	1.9408493041992188
6557.89111842892	1.9511476755142212
6557.92698569757	1.9603097438812256
6557.9628529662195	1.9683821201324463
6557.998720234869	1.9757959842681885
6558.03458750352	1.9836790561676025
6558.07045477217	1.9938430786132812
6558.10632204082	2.008247137069702
6558.142189309469	2.0282371044158936
6558.17805657812	2.0539612770080566
6558.21392384677	2.084223747253418
6558.24979111542	2.116886854171753
6558.285658384069	2.149664878845215
6558.32152565272	2.1809580326080322
6558.35739292137	2.210331678390503
6558.39326019002	2.2382965087890625
6558.429127458669	2.265439033508301
6558.46499472732	2.2916603088378906
6558.50086199597	2.3162474632263184
6558.53672926462	2.3385987281799316
6558.5725965332695	2.358902931213379
6558.60846380192	2.3783469200134277
6558.64433107057	2.3987696170806885
6558.68019833922	2.4218909740448
6558.7160656078695	2.4484472274780273
6558.751932876519	2.4776535034179688
6558.78780014517	2.50742769241333
6558.82366741382	2.5355470180511475
6558.8595346824695	2.561006784439087
6558.895401951119	2.584315776824951
6558.93126921977	2.6065194606781006
6558.96713648842	2.628190517425537
6559.00300375707	2.6493418216705322
6559.038871025719	2.6698896884918213
6559.07473829437	2.689906358718872
6559.11060556302	2.7095320224761963
6559.14647283167	2.7288930416107178
6559.182340100319	2.7481839656829834
6559.21820736897	2.7677860260009766
6559.25407463762	2.7881813049316406
6559.28994190627	2.809474229812622
6559.325809174919	2.830695867538452
6559.36167644357	2.8497979640960693
6559.39754371222	2.865098237991333
6559.43341098087	2.8770992755889893
6559.469278249519	2.888310194015503
6559.50514551817	2.9007856845855713
6559.54101278682	2.9141643047332764
6559.57688005547	2.926334857940674
6559.6127473241195	2.935560941696167
6559.64861459277	2.941798448562622
6559.68448186142	2.9464783668518066
6559.72034913007	2.951368570327759
6559.7562163987195	2.957473039627075
6559.792083667369	2.9648890495300293
6559.82795093602	2.973642110824585
6559.86381820467	2.9841859340667725
6559.89968547332	2.9966225624084473
6559.935552741969	3.009737491607666
6559.97142001062	3.021638870239258
6560.00728727927	3.0315494537353516
6560.04315454792	3.0403854846954346
6560.079021816569	3.0493876934051514
6560.11488908522	3.0588059425354004
6560.15075635387	3.0682311058044434
6560.18662362252	3.077425718307495
6560.222490891169	3.0858957767486572
6560.25835815982	3.091916084289551
6560.29422542847	3.093256711959839
6560.33009269712	3.0896620750427246
6560.365959965769	3.0843260288238525
6560.40182723442	3.0826168060302734
6560.43769450307	3.089421510696411
6560.47356177172	3.107243061065674
6560.5094290403695	3.1356542110443115
6560.54529630902	3.1717560291290283
6560.58116357767	3.2114319801330566
6560.61703084632	3.251307725906372
6560.6528981149695	3.290548086166382
6560.688765383619	3.3306026458740234
6560.72463265227	3.3723011016845703
6560.76049992092	3.4131510257720947
6560.7963671895695	3.448230743408203
6560.832234458219	3.4737913608551025
6560.86810172687	3.489575147628784
6560.90396899552	3.498107433319092
6560.93983626417	3.5026140213012695
6560.975703532819	3.5055384635925293
6561.01157080147	3.508349657058716
6561.04743807012	3.512343645095825
6561.08330533877	3.519259452819824
6561.119172607419	3.5305182933807373
6561.15503987607	3.5457000732421875
6561.19090714472	3.5623879432678223
6561.22677441337	3.5780293941497803
6561.262641682019	3.59182071685791
6561.29850895067	3.604712724685669
6561.33437621932	3.617955446243286
6561.37024348797	3.631772518157959
6561.4061107566195	3.6451027393341064
6561.44197802527	3.656484365463257
6561.47784529392	3.665242910385132
6561.51371256257	3.6714863777160645
6561.5495798312195	3.6746773719787598
6561.585447099869	3.6729891300201416
6561.62131436852	3.6653149127960205
6561.65718163717	3.6538777351379395
6561.6930489058195	3.6436691284179688
6561.728916174469	3.638821840286255
6561.76478344312	3.639911651611328
6561.80065071177	3.64450740814209
6561.83651798042	3.649402141571045
6561.872385249069	3.652269124984741
6561.90825251772	3.652297258377075
6561.94411978637	3.6502788066864014
6561.97998705502	3.6481809616088867
6562.015854323669	3.6478724479675293
6562.05172159232	3.649488687515259
6562.08758886097	3.650989294052124
6562.12345612962	3.649663209915161
6562.159323398269	3.6441962718963623
6562.19519066692	3.635441541671753
6562.23105793557	3.6255714893341064
6562.26692520422	3.616453170776367
6562.302792472869	3.6084961891174316
6562.33865974152	3.601184844970703
6562.37452701017	3.5949904918670654
6562.41039427882	3.592196226119995
6562.4462615474695	3.5950210094451904
6562.48212881612	3.6031832695007324
6562.51799608477	3.614088296890259
6562.55386335342	3.625229597091675
6562.5897306220695	3.635648488998413
6562.625597890719	3.645207643508911
6562.66146515937	3.6534526348114014
6562.69733242802	3.659680128097534
6562.7331996966695	3.6637039184570312
6562.769066965319	3.6661174297332764
6562.80493423397	3.667836904525757
6562.84080150262	3.6694424152374268
6562.87666877127	3.6708202362060547
6562.912536039919	3.6713669300079346
6562.94840330857	3.6705782413482666
6562.98427057722	3.6682987213134766
6563.02013784587	3.6642608642578125
6563.056005114519	3.6576855182647705
6563.09187238317	3.647887706756592
6563.12773965182	3.635274887084961
6563.16360692047	3.6210758686065674
6563.199474189119	3.6056394577026367
6563.23534145777	3.5872750282287598
6563.27120872642	3.5631048679351807
6563.30707599507	3.5311574935913086
6563.3429432637195	3.4920897483825684
6563.37881053237	3.449553966522217
6563.41467780102	3.4088923931121826
6563.45054506967	3.3747878074645996
6563.4864123383195	3.3493518829345703
6563.522279606969	3.331646680831909
6563.55814687562	3.3186228275299072
6563.59401414427	3.3068759441375732
6563.6298814129195	3.2941789627075195
6563.665748681569	3.2797889709472656
6563.70161595022	3.2636141777038574
6563.73748321887	3.2451703548431396
6563.77335048752	3.2230472564697266
6563.809217756169	3.195103168487549
6563.84508502482	3.1592109203338623
6563.88095229347	3.1139941215515137
6563.91681956212	3.059112310409546
6563.952686830769	2.9953904151916504
6563.98855409942	2.9253604412078857
6564.02442136807	2.8539421558380127
6564.06028863672	2.788170576095581
6564.096155905369	2.7355082035064697
6564.13202317402	2.701547861099243
6564.16789044267	2.688260078430176
6564.20375771132	2.6935787200927734
6564.239624979969	2.7126264572143555
6564.27549224862	2.739809989929199
6564.31135951727	2.770357370376587
6564.34722678592	2.8007166385650635
6564.3830940545695	2.8283488750457764
6564.41896132322	2.8515329360961914
6564.45482859187	2.8693606853485107
6564.49069586052	2.8818070888519287
6564.5265631291695	2.8895795345306396
6564.562430397819	2.8935303688049316
6564.59829766647	2.8939690589904785
6564.63416493512	2.8906474113464355
6564.67003220377	2.883554458618164
6564.705899472419	2.8735976219177246
6564.74176674107	2.8623387813568115
6564.77763400972	2.8510067462921143
6564.81350127837	2.839618444442749
6564.849368547019	2.826969861984253
6564.88523581567	2.811882972717285
6564.92110308432	2.7948427200317383
6564.95697035297	2.777972459793091
6564.992837621619	2.762791633605957
6565.02870489027	2.7483763694763184
6565.06457215892	2.7324378490448
6565.10043942757	2.7138919830322266
6565.136306696219	2.693660020828247
6565.17217396487	2.6731956005096436
6565.20804123352	2.6529862880706787
6565.24390850217	2.6325182914733887
6565.2797757708195	2.611196756362915
6565.31564303947	2.5891568660736084
6565.35151030812	2.5673670768737793
6565.38737757677	2.5469295978546143
6565.4232448454195	2.528148651123047
6565.459112114069	2.5102698802948
6565.49497938272	2.492060899734497
6565.53084665137	2.472525119781494
6565.5667139200195	2.4511966705322266
6565.602581188669	2.4281044006347656
6565.63844845732	2.4036991596221924
6565.67431572597	2.378849744796753
6565.71018299462	2.354834794998169
6565.746050263269	2.3331122398376465
6565.78191753192	2.31465482711792
6565.81778480057	2.299098014831543
6565.85365206922	2.284529447555542
6565.889519337869	2.2684247493743896
6565.92538660652	2.2491092681884766
6565.96125387517	2.2266886234283447
6565.99712114382	2.2028496265411377
6566.032988412469	2.179518222808838
6566.06885568112	2.1573143005371094
6566.10472294977	2.135469913482666
6566.14059021842	2.1134846210479736
6566.1764574870695	2.0923492908477783
6566.21232475572	2.073535919189453
6566.24819202437	2.057051420211792
6566.28405929302	2.0411126613616943
6566.3199265616695	2.0236399173736572
6566.35579383032	2.003653049468994
6566.39166109897	1.981459140777588
6566.42752836762	1.95815908908844
6566.4633956362695	1.9351727962493896
6566.499262904919	1.9138069152832031
6566.53513017357	1.8947070837020874
6566.57099744222	1.8774936199188232
6566.60686471087	1.8611130714416504
6566.642731979519	1.8447692394256592
6566.67859924817	1.8285996913909912
6566.71446651682	1.8135002851486206
6566.75033378547	1.8002028465270996
6566.786201054119	1.7881965637207031
6566.82206832277	1.7755459547042847
6566.85793559142	1.7603378295898438
6566.89380286007	1.742648720741272
6566.929670128719	1.7247730493545532
6566.96553739737	1.7093054056167603
6567.00140466602	1.6971313953399658
6567.03727193467	1.6870704889297485
6567.073139203319	1.6769802570343018
6567.10900647197	1.6652657985687256
6567.14487374062	1.6518058776855469
6567.18074100927	1.6376674175262451
6567.2166082779195	1.6239820718765259
6567.25247554657	1.6111583709716797
6567.28834281522	1.5989785194396973
6567.32421008387	1.5870281457901
6567.3600773525195	1.5748616456985474
6567.395944621169	1.562044620513916
6567.43181188982	1.5484198331832886
6567.46767915847	1.5343828201293945
6567.5035464271195	1.5206143856048584
6567.539413695769	1.5074007511138916
6567.57528096442	1.4944589138031006
6567.61114823307	1.4816302061080933
6567.64701550172	1.469467282295227
6567.682882770369	1.4587833881378174
6567.71875003902	1.4496924877166748
6567.75461730767	1.4413442611694336
6567.79048457632	1.432581901550293
6567.826351844969	1.4227830171585083
6567.86221911362	1.4122464656829834
6567.89808638227	1.4019557237625122
6567.93395365092	1.3928695917129517
6567.969820919569	1.3852097988128662
6568.00568818822	1.378232479095459
6568.04155545687	1.3705886602401733
6568.07742272552	1.3610730171203613
6568.1132899941695	1.3494244813919067
6568.14915726282	1.3367254734039307
6568.18502453147	1.3250700235366821
6568.22089180012	1.316474199295044
6568.2567590687695	1.311440110206604
6568.292626337419	1.308288335800171
6568.32849360607	1.3042689561843872
6568.36436087472	1.2976181507110596
6568.4002281433695	1.2884289026260376
6568.436095412019	1.277703046798706
6568.47196268067	1.266080379486084
6568.50782994932	1.2535526752471924
6568.54369721797	1.239961862564087
6568.579564486619	1.2255135774612427
6568.61543175527	1.2109178304672241
6568.65129902392	1.1971447467803955
6568.68716629257	1.1850212812423706
6568.723033561219	1.1750112771987915
6568.75890082987	1.1672778129577637
6568.79476809852	1.1617846488952637
6568.83063536717	1.158240795135498
6568.866502635819	1.1560581922531128
6568.90236990447	1.1545655727386475
6568.93823717312	1.153341293334961
6568.97410444177	1.1522817611694336
6569.009971710419	1.1513402462005615
6569.04583897907	1.150262475013733
6569.08170624772	1.1485882997512817
6569.11757351637	1.1458756923675537
6569.1534407850195	1.141955018043518
6569.18930805367	1.1369956731796265
6569.22517532232	1.1312756538391113
6569.26104259097	1.1249191761016846
6569.2969098596195	1.118090271949768
6569.332777128269	1.1115390062332153
6569.36864439692	1.1066131591796875
6569.40451166557	1.104303002357483
6569.44037893422	1.104293942451477
6569.476246202869	1.1051710844039917
6569.51211347152	1.105482578277588
6569.54798074017	1.1044981479644775
6569.58384800882	1.1022131443023682
6569.619715277469	1.0990244150161743
6569.65558254612	1.0954638719558716
6569.69144981477	1.0919829607009888
6569.72731708342	1.0887196063995361
6569.763184352069	1.0854018926620483
6569.79905162072	1.0815794467926025
6569.83491888937	1.0770137310028076
6569.87078615802	1.0718234777450562
6569.906653426669	1.0663119554519653
6569.94252069532	1.0608338117599487
6569.97838796397	1.0558820962905884
6570.01425523262	1.0520859956741333
6570.0501225012695	1.0498348474502563
6570.08598976992	1.0488697290420532
6570.12185703857	1.0484137535095215
6570.15772430722	1.0477367639541626
6570.1935915758695	1.0464431047439575
6570.22945884452	1.0442537069320679
6570.26532611317	1.0408459901809692
6570.30119338182	1.0361474752426147
6570.3370606504695	1.030611276626587
6570.372927919119	1.024884581565857
6570.40879518777	1.019249677658081
6570.44466245642	1.0137161016464233
6570.48052972507	1.0086398124694824
6570.516396993719	1.0047156810760498
6570.55226426237	1.0020434856414795
6570.58813153102	0.9996588230133057
6570.62399879967	0.9965897798538208
6570.659866068319	0.993180513381958
6570.69573333697	0.9907417893409729
6570.73160060562	0.9899107813835144
6570.76746787427	0.9898731112480164
6570.803335142919	0.989245593547821
6570.83920241157	0.9873425960540771
6570.87506968022	0.9845675826072693
6570.91093694887	0.9818915128707886
6570.9468042175195	0.9799930453300476
6570.98267148617	0.9787414073944092
6571.01853875482	0.9775157570838928
6571.05440602347	0.9760178327560425
6571.0902732921195	0.9745733737945557
6571.12614056077	0.9735885858535767
6571.16200782942	0.9729568958282471
6571.19787509807	0.9721267223358154
6571.2337423667195	0.9705578088760376
6571.269609635369	0.9679765701293945
6571.30547690402	0.964381992816925
6571.34134417267	0.9601121544837952
6571.37721144132	0.9559667110443115
6571.413078709969	0.9529961943626404
6571.44894597862	0.9518334269523621
6571.48481324727	0.95206618309021
6571.52068051592	0.9522319436073303
6571.556547784569	0.9505664110183716
6571.59241505322	0.946197509765625
6571.62828232187	0.9399192929267883
6571.66414959052	0.9334953427314758
6571.700016859169	0.9278134107589722
6571.73588412782	0.9218475818634033
6571.77175139647	0.9135648608207703
6571.80761866512	0.9015819430351257
6571.843485933769	0.8859121799468994
6571.87935320242	0.8676902055740356
6571.91522047107	0.8487105965614319
6571.95108773972	0.8311694264411926
6571.9869550083695	0.8173961639404297
6572.02282227702	0.8093542456626892
6572.05868954567	0.8079528212547302
6572.09455681432	0.8124935626983643
6572.1304240829695	0.8208829164505005
6572.166291351619	0.8309402465820312
6572.20215862027	0.8417722582817078
6572.23802588892	0.8535836935043335
6572.27389315757	0.8661190271377563
6572.309760426219	0.8778411746025085
6572.34562769487	0.8869151473045349
6572.38149496352	0.8926137089729309
6572.41736223217	0.895552396774292
6572.453229500819	0.8969599008560181
6572.48909676947	0.8980181813240051
6572.52496403812	0.8995668292045593
6572.56083130677	0.9018362760543823
6572.596698575419	0.9041973352432251
6572.63256584407	0.9054462909698486
6572.66843311272	0.9047719240188599
6572.70430038137	0.9025529026985168
6572.740167650019	0.9001094102859497
6572.77603491867	0.8986727595329285
6572.81190218732	0.8985086679458618
6572.84776945597	0.8988066911697388
6572.8836367246195	0.8984503149986267
6572.91950399327	0.8971397876739502
6572.95537126192	0.8956866264343262
6572.99123853057	0.8949692249298096
6573.0271057992195	0.8947792649269104
6573.06297306787	0.8940303921699524
6573.09884033652	0.8919822573661804
6573.13470760517	0.8889577984809875
6573.1705748738195	0.885962724685669
6573.206442142469	0.8838415741920471
6573.24230941112	0.8826879262924194
6573.27817667977	0.8818424940109253
6573.31404394842	0.8804644346237183
6573.349911217069	0.8782141208648682
6573.38577848572	0.8754801154136658
6573.42164575437	0.8730372190475464
6573.45751302302	0.8714351058006287
6573.493380291669	0.8705469369888306
6573.52924756032	0.8697206974029541
6573.56511482897	0.8685157895088196
6573.60098209762	0.8672252893447876
6573.636849366269	0.866502583026886
6573.67271663492	0.8665682077407837
6573.70858390357	0.8669788241386414
6573.74445117222	0.8670884966850281
6573.780318440869	0.8665481209754944
6573.81618570952	0.8654150366783142
6573.85205297817	0.8639742732048035
6573.88792024682	0.8625118136405945
6573.9237875154695	0.8611980676651001
6573.95965478412	0.8601318597793579
6573.99552205277	0.8594388961791992
6574.03138932142	0.8592587113380432
6574.0672565900695	0.8596176505088806
6574.103123858719	0.8603434562683105
6574.13899112737	0.8611047863960266
6574.17485839602	0.8614931106567383
6574.21072566467	0.8610782623291016
6574.246592933319	0.8595093488693237
6574.28246020197	0.856732189655304
6574.31832747062	0.8531571626663208
6574.35419473927	0.8494774103164673
6574.390062007919	0.8461501002311707
6574.42592927657	0.8429366946220398
6574.46179654522	0.8388186693191528
6574.49766381387	0.8322948813438416
6574.533531082519	0.8219257593154907
6574.56939835117	0.8069168329238892
6574.60526561982	0.7875233292579651
6574.64113288847	0.7651827335357666
6574.677000157119	0.7423580884933472
6574.71286742577	0.7220755815505981
6574.74873469442	0.7071572542190552
6574.78460196307	0.6993350386619568
6574.8204692317195	0.6987730264663696
6574.85633650037	0.7044094204902649
6574.89220376902	0.7147480845451355
6574.92807103767	0.7283619046211243
6574.9639383063195	0.7439371943473816
6574.999805574969	0.7602291703224182
6575.03567284362	0.7761480212211609
6575.07154011227	0.7908198237419128
6575.1074073809195	0.8034937977790833
6575.143274649569	0.8134939074516296
6575.17914191822	0.8204424381256104
6575.21500918687	0.8245627284049988
6575.25087645552	0.8266482949256897
6575.286743724169	0.8276830911636353
6575.32261099282	0.8285227417945862
6575.35847826147	0.8298147320747375
6575.39434553012	0.8318473100662231
6575.430212798769	0.8341858386993408
6575.46608006742	0.835677444934845
6575.50194733607	0.8354002833366394
6575.53781460472	0.833807647228241
6575.573681873369	0.832517683506012
6575.60954914202	0.8327162861824036
6575.64541641067	0.8340356349945068
6575.68128367932	0.8350847363471985
6575.7171509479695	0.8347384333610535
6575.75301821662	0.8328598141670227
6575.78888548527	0.8301700949668884
6575.82475275392	0.8276510238647461
6575.8606200225695	0.8259286284446716
6575.89648729122	0.8250139355659485
6575.93235455987	0.8244863152503967
6575.96822182852	0.8238807916641235
6576.0040890971695	0.8230072259902954
6576.039956365819	0.822020411491394
6576.07582363447	0.8211897015571594
6576.11169090312	0.8205609321594238
6576.14755817177	0.8198166489601135
6576.183425440419	0.8184611201286316
6576.21929270907	0.816230297088623
6576.25515997772	0.8134636282920837
6576.29102724637	0.8110315203666687
6576.326894515019	0.8096993565559387
6576.36276178367	0.8095139861106873
6576.39862905232	0.8098860383033752
6576.43449632097	0.8102084994316101
6576.470363589619	0.8103224635124207
6576.50623085827	0.8104971647262573
6576.54209812692	0.8110702633857727
6576.57796539557	0.8120594024658203
6576.613832664219	0.8130998015403748
6576.64969993287	0.8138161897659302
6576.68556720152	0.8141738176345825
6576.72143447017	0.8142998814582825
6576.7573017388195	0.8140447735786438
6576.79316900747	0.813042938709259
6576.82903627612	0.8113248348236084
6576.86490354477	0.8096323609352112
6576.9007708134195	0.8089209198951721
6576.93663808207	0.8095521330833435
6576.97250535072	0.8109185695648193
6577.00837261937	0.8117808699607849
6577.04423988802	0.8111693859100342
6577.080107156669	0.8092237710952759
6577.11597442532	0.8071121573448181
6577.15184169397	0.8060242533683777
6577.18770896262	0.8063172698020935
6577.223576231269	0.8075656890869141
6577.25944349992	0.8090944886207581
6577.29531076857	0.8102981448173523
6577.33117803722	0.8107025027275085
6577.367045305869	0.8100989460945129
6577.40291257452	0.8087418079376221
6577.43877984317	0.807259202003479
6577.47464711182	0.8062099814414978
6577.510514380469	0.8057243824005127
6577.54638164912	0.8055740594863892
6577.58224891777	0.805478572845459
6577.61811618642	0.8052857518196106
6577.6539834550695	0.8049441576004028
6577.68985072372	0.804400622844696
6577.72571799237	0.8035605549812317
6577.76158526102	0.8023951053619385
6577.7974525296695	0.8011254072189331
6577.83331979832	0.8002302646636963
6577.86918706697	0.8001343607902527
6577.90505433562	0.8008427023887634
6577.9409216042695	0.8018967509269714
6577.976788872919	0.8026772141456604
6578.01265614157	0.8027970194816589
6578.04852341022	0.8023185133934021
6578.08439067887	0.801607608795166
6578.120257947519	0.8009026050567627
6578.15612521617	0.8000560402870178
6578.19199248482	0.7987843155860901
6578.22785975347	0.7971317172050476
6578.263727022119	0.7956018447875977
6578.29959429077	0.7948335409164429
6578.33546155942	0.7951061725616455
6578.37132882807	0.796044111251831
6578.407196096719	0.7968406081199646
6578.44306336537	0.7969371676445007
6578.47893063402	0.796461284160614
6578.51479790267	0.7958651781082153
6578.550665171319	0.7952666878700256
6578.58653243997	0.7944034934043884
6578.62239970862	0.7931797504425049
6578.65826697727	0.7919682264328003
6578.6941342459195	0.7912939786911011
6578.73000151457	0.7913519144058228
6578.76586878322	0.7918435335159302
6578.80173605187	0.7921614050865173
6578.8376033205195	0.7917278409004211
6578.873470589169	0.7902802228927612
6578.90933785782	0.787943422794342
6578.94520512647	0.7851032018661499
6578.98107239512	0.7822383642196655
6579.016939663769	0.7798115015029907
6579.05280693242	0.7782015800476074
6579.08867420107	0.7776329517364502
6579.12454146972	0.7780895829200745
6579.160408738369	0.779255747795105
6579.19627600702	0.7805808782577515
6579.23214327567	0.7815568447113037
6579.26801054432	0.7820597887039185
6579.303877812969	0.7823907732963562
6579.33974508162	0.7829142808914185
6579.37561235027	0.7836695909500122
6579.41147961892	0.784328818321228
6579.447346887569	0.7844811677932739
6579.48321415622	0.7839979529380798
6579.51908142487	0.7832068204879761
6579.55494869352	0.7826686501502991
6579.5908159621695	0.7826813459396362
6579.62668323082	0.7829755544662476
6579.66255049947	0.782895028591156
6579.69841776812	0.7819184064865112
6579.7342850367695	0.7801695466041565
6579.77015230542	0.7784907817840576
6579.80601957407	0.7778220772743225
6579.84188684272	0.7783538699150085
6579.8777541113695	0.7793721556663513
6579.913621380019	0.7799590229988098
6579.94948864867	0.7797225713729858
6579.98535591732	0.7789085507392883
6580.02122318597	0.778052568435669
6580.057090454619	0.7775896787643433
6580.09295772327	0.7776261568069458
6580.12882499192	0.7779243588447571
6580.16469226057	0.7780855894088745
6580.200559529219	0.7778607606887817
6580.23642679787	0.7774064540863037
6580.27229406652	0.7771940231323242
6580.30816133517	0.7775084972381592
6580.344028603819	0.7779834866523743
6580.37989587247	0.7776601314544678
6580.41576314112	0.7755302786827087
6580.45163040977	0.7711635828018188
6580.4874976784195	0.7650156617164612
6580.52336494707	0.7581334114074707
6580.55923221572	0.7514375448226929
6580.59509948437	0.745319128036499
6580.6309667530195	0.7399547696113586
6580.66683402167	0.7357500195503235
6580.70270129032	0.7331907749176025
6580.73856855897	0.7323883771896362
6580.7744358276195	0.7331305742263794
6580.81030309627	0.7354013323783875
6580.84617036492	0.739486575126648
6580.88203763357	0.7453726530075073
6580.91790490222	0.7522885203361511
6580.953772170869	0.7590888142585754
6580.98963943952	0.7649441361427307
6581.02550670817	0.7694762349128723
6581.06137397682	0.7724213600158691
6581.097241245469	0.7735219597816467
6581.13310851412	0.7728317379951477
6581.16897578277	0.7709575295448303
6581.20484305142	0.7688860297203064
6581.240710320069	0.767531156539917
6581.27657758872	0.767304539680481
6581.31244485737	0.7679613828659058
6581.34831212602	0.7688592672348022
6581.384179394669	0.7694495916366577
6581.42004666332	0.769610583782196
6581.45591393197	0.7696292400360107
6581.49178120062	0.7699150443077087
6581.5276484692695	0.7706340551376343
6581.56351573792	0.7715140581130981
6581.59938300657	0.771989643573761
6581.63525027522	0.7715858817100525
6581.6711175438695	0.7702882289886475
6581.70698481252	0.7686598896980286
6581.74285208117	0.7675428986549377
6581.77871934982	0.7674751281738281
6581.81458661847	0.7682949304580688
6581.850453887119	0.7692578434944153
6581.88632115577	0.7695541381835938
6581.92218842442	0.7688912153244019
6581.95805569307	0.7677075266838074
6581.993922961719	0.7667157053947449
6582.02979023037	0.7661775946617126
6582.06565749902	0.765783965587616
6582.10152476767	0.7652505040168762
6582.137392036319	0.7646939754486084
6582.17325930497	0.7642462253570557
6582.20912657362	0.7636511325836182
6582.24499384227	0.7626559734344482
6582.280861110919	0.7616727948188782
6582.31672837957	0.7615971565246582
6582.35259564822	0.7628641724586487
6582.38846291687	0.7649357318878174
6582.4243301855195	0.7667676210403442
6582.46019745417	0.767594575881958
6582.49606472282	0.767315149307251
6582.53193199147	0.7663971185684204
6582.5677992601195	0.7655293941497803
6582.60366652877	0.7652652859687805
6582.63953379742	0.7658409476280212
6582.67540106607	0.7671628594398499
6582.7112683347195	0.768825113773346
6582.747135603369	0.7701480984687805
6582.78300287202	0.7704271078109741
6582.81887014067	0.7694148421287537
6582.85473740932	0.7675886154174805
6582.890604677969	0.7657606601715088
6582.92647194662	0.7643784284591675
6582.96233921527	0.7632870674133301
6582.99820648392	0.7620843648910522
6583.034073752569	0.7605103254318237
6583.06994102122	0.758499801158905
6583.10580828987	0.7560502290725708
6583.14167555852	0.7531638741493225
6583.177542827169	0.7499184012413025
6583.21341009582	0.7465835809707642
6583.24927736447	0.7436255812644958
6583.28514463312	0.7414718270301819
6583.321011901769	0.740200936794281
6583.35687917042	0.7395883202552795
6583.39274643907	0.7395658493041992
6583.42861370772	0.7404903769493103
6583.4644809763695	0.742758572101593
6583.50034824502	0.7461969256401062
6583.53621551367	0.7499674558639526
6583.57208278232	0.7530818581581116
6583.6079500509695	0.7550668716430664
6583.64381731962	0.7563189268112183
6583.67968458827	0.7578395009040833
6583.71555185692	0.7604235410690308
6583.75141912557	0.7639527916908264
6583.787286394219	0.7674106955528259
6583.82315366287	0.7695708274841309
6583.85902093152	0.7698884010314941
6583.89488820017	0.7689809203147888
6583.930755468819	0.7681451439857483
6583.96662273747	0.7681962847709656
6584.00249000612	0.7688552737236023
6584.03835727477	0.7693188786506653
6584.074224543419	0.7691736817359924
6584.11009181207	0.7686351537704468
6584.14595908072	0.7681421041488647
6584.18182634937	0.7678982019424438
6584.217693618019	0.767715573310852
6584.25356088667	0.7672169208526611
6584.28942815532	0.7662103176116943
6584.32529542397	0.764858067035675
6584.3611626926195	0.7634876370429993
6584.39702996127	0.7623590230941772
6584.43289722992	0.761696994304657
6584.46876449857	0.7617867588996887
6584.5046317672195	0.7627589702606201
6584.54049903587	0.7642368674278259
6584.57636630452	0.7654464840888977
6584.61223357317	0.7658340930938721
6584.6481008418195	0.7654464244842529
6584.683968110469	0.7646090388298035
6584.71983537912	0.7634277939796448
6584.75570264777	0.7617926001548767
6584.79156991642	0.7597516775131226
6584.827437185069	0.7576764225959778
6584.86330445372	0.7560305595397949
6584.89917172237	0.7549950480461121
6584.93503899102	0.7542690634727478
6584.970906259669	0.7532964944839478
6585.00677352832	0.7518576979637146
6585.04264079697	0.7504191398620605
6585.07850806562	0.7497165203094482
6585.114375334269	0.7499861717224121
6585.15024260292	0.750728189945221
6585.18610987157	0.7511841058731079
6585.22197714022	0.750953733921051
6585.2578444088695	0.7502391934394836
6585.29371167752	0.7495562434196472
6585.32957894617	0.7491109371185303
6585.36544621482	0.7484947443008423
6585.4013134834695	0.7471967935562134
6585.43718075212	0.7453579306602478
6585.47304802077	0.7436933517456055
6585.50891528942	0.7426500916481018
6585.5447825580695	0.7419862747192383
6585.580649826719	0.7412887811660767
6585.61651709537	0.7406193017959595
6585.65238436402	0.7404736876487732
6585.68825163267	0.7412208318710327
6585.724118901319	0.7426344156265259
6585.75998616997	0.7438963055610657
6585.79585343862	0.7441540360450745
6585.83172070727	0.7432662844657898
6585.867587975919	0.7419961094856262
6585.90345524457	0.7414102554321289
6585.93932251322	0.7421219944953918
6585.97518978187	0.7440124154090881
6586.011057050519	0.7463878393173218
6586.04692431917	0.7482605576515198
6586.08279158782	0.7486273646354675
6586.11865885647	0.7467623353004456
6586.154526125119	0.7424520254135132
6586.19039339377	0.7359909415245056
6586.22626066242	0.7279270887374878
6586.26212793107	0.7188595533370972
6586.2979951997195	0.7094955444335938
6586.33386246837	0.7007411122322083
6586.36972973702	0.6934999823570251
6586.40559700567	0.6883177757263184
6586.4414642743195	0.685308039188385
6586.47733154297	0.684412956237793
6586.51319881162	0.6855966448783875
6586.54906608027	0.6887418627738953
6586.58493334892	0.6934778690338135
6586.620800617569	0.6992205381393433
6586.65666788622	0.7053844928741455
6586.69253515487	0.7115597128868103
6586.72840242352	0.7175071835517883
6586.764269692169	0.7229432463645935
6586.80013696082	0.727329671382904
6586.83600422947	0.7300852537155151
6586.87187149812	0.7312201857566833
6586.907738766769	0.7316266894340515
6586.94360603542	0.7324495911598206
6586.97947330407	0.7341364622116089
6587.01534057272	0.7361955046653748
6587.051207841369	0.7378003001213074
6587.08707511002	0.7385896444320679
6587.12294237867	0.7390332221984863
6587.15880964732	0.7400001287460327
6587.1946769159695	0.7417649030685425
6587.23054418462	0.743530809879303
6587.26641145327	0.7442312836647034
6587.30227872192	0.7437258958816528
6587.3381459905695	0.7429230213165283
6587.37401325922	0.7428073287010193
6587.40988052787	0.7435587644577026
6587.44574779652	0.7444822192192078
6587.4816150651695	0.7446247935295105
6587.51748233382	0.743606686592102
6587.55334960247	0.7420028448104858
6587.58921687112	0.74086993932724
6587.62508413977	0.7408750653266907
6587.660951408419	0.7418404221534729
6587.69681867707	0.7429689168930054
6587.73268594572	0.7434858679771423
6587.76855321437	0.743241012096405
6587.804420483019	0.7427258491516113
6587.84028775167	0.7424231767654419
6587.87615502032	0.7422409057617188
6587.91202228897	0.7417255640029907
6587.947889557619	0.7407044768333435
6587.98375682627	0.7395269274711609
6588.01962409492	0.738768994808197
6588.05549136357	0.7388887405395508
6588.091358632219	0.7400872707366943
6588.12722590087	0.7421985268592834
6588.16309316952	0.7445244789123535
6588.19896043817	0.7459384202957153
6588.2348277068195	0.7455177903175354
6588.27069497547	0.743259072303772
6588.30656224412	0.7401284575462341
6588.34242951277	0.737398624420166
6588.3782967814195	0.7358692288398743
6588.41416405007	0.7354791164398193
6588.45003131872	0.7355200052261353
6588.48589858737	0.7353242635726929
6588.52176585602	0.7348107099533081
6588.557633124669	0.7343564033508301
6588.59350039332	0.7342629432678223
6588.62936766197	0.7344765067100525
6588.66523493062	0.7347583770751953
6588.701102199269	0.7350220680236816
6588.73696946792	0.735509991645813
6588.77283673657	0.7366042733192444
6588.80870400522	0.7383479475975037
6588.844571273869	0.7401951551437378
6588.88043854252	0.7414134740829468
6588.91630581117	0.7417172193527222
6588.95217307982	0.7413419485092163
6588.988040348469	0.7405913472175598
6589.02390761712	0.7396218180656433
6589.05977488577	0.738714337348938
6589.09564215442	0.7383993268013
6589.1315094230695	0.7390013337135315
6589.16737669172	0.7401565909385681
6589.20324396037	0.7410176992416382
6589.23911122902	0.7409495711326599
6589.2749784976695	0.7399793267250061
6589.31084576632	0.7386913895606995
6589.34671303497	0.737756073474884
6589.38258030362	0.7374387383460999
6589.4184475722695	0.7374823689460754
6589.454314840919	0.737481951713562
6589.49018210957	0.7372907996177673
6589.52604937822	0.7369765043258667
6589.56191664687	0.7365318536758423
6589.597783915519	0.7358858585357666
6589.63365118417	0.7351977229118347
6589.66951845282	0.7348697781562805
6589.70538572147	0.7351168990135193
6589.741252990119	0.7356619238853455
6589.77712025877	0.7359918355941772
6589.81298752742	0.7358278632164001
6589.84885479607	0.7352584600448608
6589.884722064719	0.7345400452613831
6589.92058933337	0.7339223623275757
6589.95645660202	0.733614981174469
6589.99232387067	0.7337415814399719
6590.0281911393195	0.7342299818992615
6590.06405840797	0.7348232269287109
6590.09992567662	0.7353082895278931
6590.13579294527	0.7356932163238525
6590.1716602139195	0.7360455989837646
6590.20752748257	0.7361986041069031
6590.24339475122	0.735789954662323
6590.27926201987	0.7346549034118652
6590.3151292885195	0.733110249042511
6590.35099655717	0.731819748878479
6590.38686382582	0.7313544154167175
6590.42273109447	0.7317479848861694
6590.45859836312	0.7324233651161194
6590.494465631769	0.7326966524124146
6590.53033290042	0.7324029803276062
6590.56620016907	0.7318887710571289
6590.60206743772	0.731426477432251
6590.637934706369	0.7309246063232422
6590.67380197502	0.7302958965301514
6590.70966924367	0.7298337817192078
6590.74553651232	0.7300013899803162
6590.781403780969	0.7309410572052002
6590.81727104962	0.7323167324066162
6590.85313831827	0.7335519790649414
6590.88900558692	0.7341347336769104
6590.924872855569	0.7338030934333801
6590.96074012422	0.732628583908081
6590.99660739287	0.7310069799423218
6591.03247466152	0.7294850945472717
6591.0683419301695	0.7284379005432129
6591.10420919882	0.7278566956520081
6591.14007646747	0.7275053262710571
6591.17594373612	0.7272415161132812
6591.2118110047695	0.7270621061325073
6591.24767827342	0.7268829345703125
6591.28354554207	0.7265364527702332
6591.31941281072	0.7261150479316711
6591.35528007937	0.7260973453521729
6591.391147348019	0.7268636226654053
6591.42701461667	0.7281467914581299
6591.46288188532	0.7291832566261292
6591.49874915397	0.7293869853019714
6591.534616422619	0.7287420630455017
6591.57048369127	0.7276397347450256
6591.60635095992	0.7265447378158569
6591.64221822857	0.7258151769638062
6591.678085497219	0.725662112236023
6591.71395276587	0.7261248230934143
6591.74982003452	0.7270049452781677
6591.78568730317	0.7277999520301819
6591.821554571819	0.727813720703125
6591.85742184047	0.7266141772270203
6591.89328910912	0.7245610356330872
6591.92915637777	0.7226908802986145
6591.9650236464195	0.7218330502510071
6592.00089091507	0.7219148874282837
6592.03675818372	0.722257137298584
6592.07262545237	0.7224085927009583
6592.1084927210195	0.722577691078186
6592.14435998967	0.7233474850654602
6592.18022725832	0.7249598503112793
6592.21609452697	0.7267643809318542
6592.2519617956195	0.7275556921958923
6592.287829064269	0.7267590165138245
6592.32369633292	0.7251747250556946
6592.35956360157	0.7242848873138428
6592.39543087022	0.7249056100845337
6592.431298138869	0.7266100645065308
6592.46716540752	0.7282039523124695
6592.50303267617	0.7286192774772644
6592.53889994482	0.7275992035865784
6592.574767213469	0.7257366180419922
6592.61063448212	0.7238686680793762
6592.64650175077	0.7224507331848145
6592.68236901942	0.7214599847793579
6592.718236288069	0.7207047343254089
6592.75410355672	0.7201250791549683
6592.78997082537	0.719857394695282
6592.82583809402	0.7200438380241394
6592.861705362669	0.7205604314804077
6592.89757263132	0.7209837436676025
6592.93343989997	0.7208946943283081
6592.96930716862	0.7202050685882568
6593.0051744372695	0.7191892862319946
6593.04104170592	0.71825110912323
6593.07690897457	0.717650830745697
6593.11277624322	0.7173919677734375
6593.1486435118695	0.7173778414726257
6593.18451078052	0.7176741361618042
6593.22037804917	0.7184652090072632
6593.25624531782	0.719639003276825
6593.29211258647	0.7206026911735535
6593.327979855119	0.7207700610160828
6593.36384712377	0.7201938629150391
6593.39971439242	0.7195292711257935
6593.43558166107	0.7194094061851501
6593.471448929719	0.7199752926826477
6593.50731619837	0.7209190726280212
6593.54318346702	0.7218225598335266
6593.57905073567	0.7224806547164917
6593.614918004319	0.7230044007301331
6593.65078527297	0.7236390113830566
6593.68665254162	0.724479079246521
6593.72251981027	0.7253419160842896
6593.758387078919	0.7258817553520203
6593.79425434757	0.7258538007736206
6593.83012161622	0.7253326177597046
6593.86598888487	0.7246294021606445
6593.9018561535195	0.7238956689834595
6593.93772342217	0.7228423357009888
6593.97359069082	0.720940887928009
6594.00945795947	0.7178990244865417
6594.0453252281195	0.7139587998390198
6594.08119249677	0.7098488211631775
6594.11705976542	0.7064687013626099
6594.15292703407	0.7044552564620972
6594.1887943027195	0.7038454413414001
6594.22466157137	0.7040408849716187
6594.26052884002	0.7042050957679749
6594.29639610867	0.7039856314659119
6594.33226337732	0.703922688961029
6594.368130645969	0.704909086227417
6594.40399791462	0.7071760296821594
6594.43986518327	0.7100256085395813
6594.47573245192	0.7125604152679443
6594.511599720569	0.7144243717193604
6594.54746698922	0.7158255577087402
6594.58333425787	0.7170753479003906
6594.61920152652	0.718177318572998
6594.655068795169	0.71878981590271
6594.69093606382	0.7186269760131836
6594.72680333247	0.7179231643676758
6594.76267060112	0.717363715171814
6594.7985378697695	0.7174929976463318
6594.83440513842	0.7183240652084351
6594.87027240707	0.7195340394973755
6594.90613967572	0.7207493185997009
6594.9420069443695	0.7214588522911072
6594.97787421302	0.7209571003913879
6595.01374148167	0.7189109325408936
6595.04960875032	0.7161017060279846
6595.0854760189695	0.7141866683959961
6595.12134328762	0.7144218683242798
6595.15721055627	0.7167015671730042
6595.19307782492	0.7198181748390198
6595.22894509357	0.7224456667900085
6595.264812362219	0.7239658236503601
6595.30067963087	0.724622905254364
6595.33654689952	0.7249173521995544
6595.37241416817	0.7248489856719971
6595.408281436819	0.7239706516265869
6595.44414870547	0.7222272753715515
6595.48001597412	0.7203947901725769
6595.51588324277	0.7194733023643494
6595.551750511419	0.7198404669761658
6595.58761778007	0.7211134433746338
6595.62348504872	0.7225767970085144
6595.65935231737	0.7235527634620667
6595.695219586019	0.7235631346702576
6595.73108685467	0.7225043177604675
6595.76695412332	0.7208256125450134
6595.80282139197	0.7193610072135925
6595.8386886606195	0.7187246084213257
6595.87455592927	0.7187998294830322
6595.91042319792	0.7188574075698853
6595.94629046657	0.7181956171989441
6595.9821577352195	0.7168133854866028
6596.01802500387	0.7155983448028564
6596.05389227252	0.7156642079353333
6596.08975954117	0.7172213792800903
6596.12562680982	0.7191796898841858
6596.161494078469	0.7200410962104797
6596.19736134712	0.7191371917724609
6596.23322861577	0.717060923576355
6596.26909588442	0.7151505947113037
6596.304963153069	0.7144995331764221
6596.34083042172	0.7151477336883545
6596.37669769037	0.7161244750022888
6596.41256495902	0.7163205146789551
6596.448432227669	0.7153564095497131
6596.48429949632	0.7137841582298279
6596.52016676497	0.7126286625862122
6596.55603403362	0.7126061916351318
6596.591901302269	0.7135830521583557
6596.62776857092	0.7147737741470337
6596.66363583957	0.7154470682144165
6596.69950310822	0.7153835296630859
6596.7353703768695	0.7147992849349976
6596.77123764552	0.7140791416168213
6596.80710491417	0.7136078476905823
6596.84297218282	0.7136233448982239
6596.8788394514695	0.7140087485313416
6596.91470672012	0.7142683863639832
6596.95057398877	0.713966965675354
6596.98644125742	0.7132928967475891
6597.0223085260695	0.7129904627799988
6597.05817579472	0.7136258482933044
6597.09404306337	0.7150752544403076
6597.12991033202	0.7167738080024719
6597.16577760067	0.7182360291481018
6597.201644869319	0.719229519367218
6597.23751213797	0.7196543216705322
6597.27337940662	0.7194846272468567
6597.30924667527	0.718832790851593
6597.345113943919	0.7179357409477234
6597.38098121257	0.7170093059539795
6597.41684848122	0.7161492109298706
6597.45271574987	0.7153918743133545
6597.488583018519	0.7148259878158569
6597.52445028717	0.7146120667457581
6597.56031755582	0.7149161696434021
6597.59618482447	0.7158282995223999
6597.6320520931195	0.717269241809845
6597.66791936177	0.7188655138015747
6597.70378663042	0.7199198007583618
6597.73965389907	0.7197558879852295
6597.7755211677195	0.7183763384819031
6597.81138843637	0.7167129516601562
6597.84725570502	0.7159372568130493
6597.88312297367	0.716461181640625
6597.9189902423195	0.7176843285560608
6597.95485751097	0.7186051607131958
6597.99072477962	0.7186102867126465
6598.02659204827	0.7178751826286316
6598.06245931692	0.7171546220779419
6598.09832658557	0.7171025276184082
6598.13419385422	0.7177308201789856
6598.17006112287	0.7185054421424866
6598.20592839152	0.7188431620597839
6598.241795660169	0.7184581160545349
6598.27766292882	0.7174104452133179
6598.31353019747	0.7160419225692749
6598.34939746612	0.7148691415786743
6598.385264734769	0.7143208980560303
6598.42113200342	0.7143643498420715
6598.45699927207	0.7144309282302856
6598.49286654072	0.7139156460762024
6598.528733809369	0.7127612829208374
6598.56460107802	0.7114227414131165
6598.60046834667	0.7103251218795776
6598.63633561532	0.7095572352409363
6598.6722028839695	0.7090663313865662
6598.70807015262	0.7089229822158813
6598.74393742127	0.7092868685722351
6598.77980468992	0.7101526856422424
6598.8156719585695	0.7111362218856812
6598.85153922722	0.7115284204483032
6598.88740649587	0.7107107043266296
6598.92327376452	0.7086107134819031
6598.9591410331695	0.7056578993797302
6598.99500830182	0.7023250460624695
6599.03087557047	0.6989995241165161
