6512.3085	0.245
6512.3085	0.9049000144004822
6512.5535	0.9527999758720398
6512.7985	0.9850000143051147
6513.0435	0.9900000095367432
6513.2885	0.98089998960495
6513.5335000000005	0.9883999824523926
6513.7785	1.0082999467849731
6514.0235	1.01419997215271
6514.2685	0.995199978351593
6514.5135	0.9606999754905701
6514.7585	0.9186999797821045
6515.0035	0.9061999917030334
6515.2485	0.9301999807357788
6515.4935000000005	0.965499997138977
6515.7385	0.9763000011444092
6515.9835	0.9596999883651733
6516.2285	0.926800012588501
6516.4735	0.8837000131607056
6516.7185	0.8432000279426575
6516.9635	0.836899995803833
6517.2085	0.8877999782562256
6517.4535000000005	0.9420999884605408
6517.6985	0.9772999882698059
6517.9435	0.9912999868392944
6518.1885	0.9894000291824341
6518.4335	0.9986000061035156
6518.6785	1.0091999769210815
6518.9235	1.0074000358581543
6519.1685	0.9857000112533569
6519.4135	0.9595000147819519
6519.6585000000005	0.9473000168800354
6519.9035	0.9629999995231628
6520.1485	0.9873999953269958
6520.3935	1.0077999830245972
6520.6385	1.0135999917984009
6520.8835	1.0116000175476074
6521.1285	1.006700038909912
6521.3735	1.0011999607086182
6521.6185000000005	0.9976000189781189
6521.8635	0.9916999936103821
6522.1085	0.9865000247955322
6522.3535	0.9828000068664551
6522.5985	0.9861999750137329
6522.8435	0.9901999831199646
6523.0885	0.9829999804496765
6523.3335	0.9663000106811523
6523.5785000000005	0.9416000247001648
6523.8235	0.9226999878883362
6524.0685	0.9157999753952026
6524.3135	0.9350000023841858
6524.5585	0.9639000296592712
6524.8035	0.9786999821662903
6525.0485	0.9884999990463257
6525.2935	0.9901000261306763
6525.5385	0.9853000044822693
6525.7835000000005	0.9837999939918518
6526.0285	0.9855999946594238
6526.2735	0.9861999750137329
6526.5185	0.9887999892234802
6526.7635	0.9919999837875366
6527.0085	0.9912999868392944
6527.2535	0.9907000064849854
6527.4985	0.9909999966621399
6527.7435000000005	0.9878000020980835
6527.9885	0.9886000156402588
6528.2335	0.993399977684021
6528.4785	0.9983000159263611
6528.7235	1.0003000497817993
6528.9685	0.9983999729156494
6529.2135	1.0003000497817993
6529.4585	0.9994999766349792
6529.7035000000005	1.000499963760376
6529.9485	1.0047999620437622
6530.1935	1.0029000043869019
6530.4385	0.9962999820709229
6530.6835	0.9904999732971191
6530.9285	0.9897000193595886
6531.1735	0.9930999875068665
6531.4185	0.9991000294685364
6531.6635	0.9991999864578247
6531.9085000000005	0.9894999861717224
6532.1535	0.9631999731063843
6532.3985	0.9417999982833862
6532.6435	0.945900022983551
6532.8885	0.9718000292778015
6533.1335	0.9975000023841858
6533.3785	1.0045000314712524
6533.6235	0.9958000183105469
6533.8685000000005	0.9825999736785889
6534.1135	0.9718000292778015
6534.3585	0.9767000079154968
6534.6035	0.9871000051498413
6534.8485	0.9993000030517578
6535.0935	1.007099986076355
6535.3385	1.0115000009536743
6535.5835	1.017799973487854
6535.8285	1.0191999673843384
6536.0735	1.0199999809265137
6536.3185	1.0183000564575195
6536.5635	1.010599970817566
6536.8085	1.003999948501587
6537.0535	1.0088000297546387
6537.2985	1.0225000381469727
6537.5435	1.0318000316619873
6537.7885	1.0351999998092651
6538.0335000000005	1.038100004196167
6538.2785	1.0426000356674194
6538.5235	1.0470000505447388
6538.7685	1.0456000566482544
6539.0135	1.0443999767303467
6539.2585	1.0435999631881714
6539.5035	1.0436999797821045
6539.7485	1.048699975013733
6539.9935000000005	1.0509999990463257
6540.2385	1.049299955368042
6540.4835	1.0499999523162842
6540.7285	1.0535999536514282
6540.9735	1.0556000471115112
6541.2185	1.0572999715805054
6541.4635	1.0607999563217163
6541.7085	1.0579999685287476
6541.9535	1.0444999933242798
6542.1985	1.0297000408172607
6542.4435	1.0266000032424927
6542.6885	1.039199948310852
6542.9335	1.0535000562667847
6543.1785	1.0542999505996704
6543.4235	1.037500023841858
6543.6685	1.0032999515533447
6543.9135	0.972100019454956
6544.1585000000005	0.9830999970436096
6544.4035	1.030400037765503
6544.6485	1.06659996509552
6544.8935	1.0812000036239624
6545.1385	1.0850000381469727
6545.3835	1.0841000080108643
6545.6285	1.0815999507904053
6545.8735	1.0801000595092773
6546.1185000000005	1.0910999774932861
6546.3635	1.1025999784469604
6546.6085	1.107200026512146
6546.8535	1.107699990272522
6547.0985	1.103600025177002
6547.3435	1.0888999700546265
6547.5885	1.0752999782562256
6547.8335	1.070199966430664
6548.0785	1.0729000568389893
6548.3235	1.0649000406265259
6548.5685	1.0497000217437744
6548.8135	1.0591000318527222
6549.0585	1.0992000102996826
6549.3035	1.1375000476837158
6549.5485	1.1555999517440796
6549.7935	1.1689000129699707
6550.0385	1.176900029182434
6550.2835000000005	1.180899977684021
6550.5285	1.1904000043869019
6550.7735	1.1971999406814575
6551.0185	1.2021000385284424
6551.2635	1.207800030708313
6551.5085	1.211899995803833
6551.7535	1.212399959564209
6551.9985	1.1994999647140503
6552.2435000000005	1.170199990272522
6552.4885	1.146399974822998
6552.7335	1.1567000150680542
6552.9785	1.2130999565124512
6553.2235	1.2620999813079834
6553.4685	1.2812999486923218
6553.7135	1.2924000024795532
6553.9585	1.3193999528884888
6554.2035	1.3586000204086304
6554.4485	1.396399974822998
6554.6935	1.4321000576019287
6554.9385	1.4674999713897705
6555.1835	1.503999948501587
6555.4285	1.5506999492645264
6555.6735	1.607800006866455
6555.9185	1.667199969291687
6556.1635	1.7253999710083008
6556.4085000000005	1.785599946975708
6556.6535	1.8420000076293945
6556.8985	1.8961999416351318
6557.1435	1.9694000482559204
6557.3885	2.0873000621795654
6557.6335	2.2411999702453613
6557.8785	2.390000104904175
6558.1235	2.539400100708008
6558.3685000000005	2.7179999351501465
6558.6135	2.9214999675750732
6558.8585	3.1221001148223877
6559.1035	3.3085999488830566
6559.3485	3.4827001094818115
6559.5935	3.6266000270843506
6559.8385	3.737600088119507
6560.0835	3.822000026702881
6560.3285	3.9066998958587646
6560.5735	4.032899856567383
6560.8185	4.199399948120117
6561.0635	4.348999977111816
6561.3085	4.45959997177124
6561.5535	4.515100002288818
6561.7985	4.51669979095459
6562.0435	4.489099979400635
6562.2885	4.458700180053711
6562.5335000000005	4.445899963378906
6562.7785	4.436800003051758
6563.0235	4.40339994430542
6563.2685	4.319499969482422
6563.5135	4.170100212097168
6563.7585	3.973900079727173
6564.0035	3.7644999027252197
6564.2485	3.626699924468994
6564.4935000000005	3.596299886703491
6564.7385	3.559999942779541
6564.9835	3.4626998901367188
6565.2285	3.3348000049591064
6565.4735	3.1809000968933105
6565.7185	3.0167999267578125
6565.9635	2.8457999229431152
6566.2085	2.6784000396728516
6566.4535	2.523200035095215
6566.6985	2.378499984741211
6566.9435	2.2472000122070312
6567.1885	2.1284000873565674
6567.4335	2.016400098800659
6567.6785	1.9143999814987183
6567.9235	1.823699951171875
6568.1685	1.735700011253357
6568.4135	1.6496000289916992
6568.6585000000005	1.5741000175476074
6568.9035	1.520300030708313
6569.1485	1.4865000247955322
6569.3935	1.458299994468689
6569.6385	1.430799961090088
6569.8835	1.4014999866485596
6570.1285	1.3661999702453613
6570.3735	1.3353999853134155
6570.6185000000005	1.3114999532699585
6570.8635	1.2920000553131104
6571.1085	1.2716000080108643
6571.3535	1.243299961090088
6571.5985	1.2055000066757202
6571.8435	1.162500023841858
6572.0885	1.1413999795913696
6572.3335	1.1582000255584717
6572.5785	1.176300048828125
6572.8235	1.1789000034332275
6573.0685	1.1744999885559082
6573.3135	1.1658999919891357
6573.5585	1.153499960899353
6573.8035	1.1418999433517456
6574.0485	1.128100037574768
6574.2935	1.0957000255584717
6574.5385	1.052299976348877
6574.7835000000005	1.027999997138977
6575.0285	1.0467000007629395
6575.2735	1.080899953842163
6575.5185	1.0946999788284302
6575.7635	1.0957000255584717
6576.0085	1.0910999774932861
6576.2535	1.0887000560760498
6576.4985	1.0865999460220337
6576.7435000000005	1.082800030708313
6576.9885	1.0827000141143799
6577.2335	1.0853999853134155
6577.4785	1.083899974822998
6577.7235	1.0779000520706177
6577.9685	1.073199987411499
6578.2135	1.0712000131607056
6578.4585	1.069700002670288
6578.7035	1.0640000104904175
6578.9485	1.059999942779541
6579.1935	1.0565999746322632
6579.4385	1.0571999549865723
6579.6835	1.05649995803833
6579.9285	1.051800012588501
6580.1735	1.0455000400543213
6580.4185	1.0362000465393066
6580.6635	1.0241999626159668
6580.9085000000005	1.0246000289916992
6581.1535	1.0372999906539917
6581.3985	1.0478999614715576
6581.6435	1.0473999977111816
6581.8885	1.0440000295639038
6582.1335	1.0437999963760376
6582.3785	1.0435999631881714
6582.6235	1.0399999618530273
6582.8685000000005	1.0338000059127808
6583.1135	1.027899980545044
6583.3585	1.0241999626159668
6583.6035	1.032099962234497
6583.8485	1.0410000085830688
6584.0935	1.0419000387191772
6584.3385	1.0393999814987183
6584.5835	1.0383000373840332
6584.8285	1.0343999862670898
6585.0735	1.031499981880188
6585.3185	1.0281000137329102
6585.5635	1.0234999656677246
6585.8085	1.0182000398635864
6586.0535	1.0075000524520874
6586.2985	0.9904999732971191
6586.5435	0.9900000095367432
6586.7885	1.0024000406265259
6587.0335000000005	1.017199993133545
6587.2785	1.0262000560760498
6587.5235	1.0281000137329102
6587.7685	1.0300999879837036
6588.0135	1.0319000482559204
6588.2585	1.0302000045776367
6588.5035	1.0247000455856323
6588.7485	1.0307999849319458
6588.9935	1.0333000421524048
6589.2385	1.0333000421524048
6589.4835	1.0293999910354614
6589.7285	1.030500054359436
6589.9735	1.027999997138977
6590.2185	1.0256999731063843
6590.4635	1.0263999700546265
6590.7085	1.023900032043457
6590.9535	1.0220999717712402
6591.1985	1.0175000429153442
6591.4435	1.0189000368118286
6591.6885	1.0154999494552612
6591.9335	1.0145000219345093
6592.1785	1.0145000219345093
6592.4235	1.017199993133545
6592.6685	1.0175000429153442
6592.9135	1.0144000053405762
6593.1585000000005	1.0113999843597412
6593.4035	1.01419997215271
6593.6485	1.0164999961853027
6593.8935	1.0097999572753906
6594.1385	1.0049999952316284
6594.3835	1.0048999786376953
6594.6285	1.011199951171875
6594.8735	1.0183000564575195
6595.1185	1.0216000080108643
6595.3635	1.0187000036239624
6595.6085	1.0197999477386475
6595.8535	1.0211999416351318
6596.0985	1.0133999586105347
6596.3435	1.0092999935150146
6596.5885	1.0124000310897827
6596.8335	1.010200023651123
6597.0785	1.0094000101089478
6597.3235	1.014299988746643
6597.5685	1.016800045967102
6597.8135	1.017799973487854
6598.0585	1.0183000564575195
6598.3035	1.014299988746643
6598.5485	1.0091999769210815
6598.7935	1.0003999471664429
6599.0385	0.9932000041007996
6599.2835000000005	0.9943000078201294
6599.5285	1.0
6599.7735	1.003999948501587
6600.0185	1.0083999633789062
6600.2635	1.0091999769210815
6600.5085	1.0126999616622925
6600.7535	1.0119999647140503
6600.9985	1.0074000358581543
6601.2435	1.0033999681472778
6601.4885	0.9990000128746033
6601.7335	0.9948999881744385
6601.9785	0.9911999702453613
6602.2235	0.992900013923645
6602.4685	1.0002000331878662
6602.7135	1.004699945449829
6602.9585	1.0023000240325928
6603.2035	1.0012999773025513
6603.4485	1.0017000436782837
6603.6935	1.0026999711990356
6603.9385	1.0033999681472778
6604.1835	1.003499984741211
6604.4285	1.000499963760376
6604.6735	0.9954000115394592
6604.9185	0.9945999979972839
6605.1635	0.9945999979972839
6605.4085000000005	0.9915000200271606
6605.6535	0.9911999702453613
6605.8985	0.9951000213623047
6606.1435	0.9973999857902527
6606.3885	1.0020999908447266
6606.6335	1.0017999410629272
6606.8785	0.9961000084877014
6607.1235	0.9957000017166138
6607.3685	0.9994000196456909
6607.6135	1.0008000135421753
6607.8585	0.9983999729156494
6608.1035	1.0011999607086182
6608.3485	1.0003999471664429
6608.5935	0.9991000294685364
6608.8385	1.0011999607086182
6609.0835	0.9958999752998352
6609.3285	0.9904999732971191
6609.5735	0.9915000200271606
6609.8185	0.9936000108718872
6610.0635	0.9937999844551086
6610.3085	0.9948999881744385
6610.5535	0.9965000152587891
6610.7985	0.9990000128746033
6611.0435	0.9988999962806702
6611.2885	0.9936000108718872
6611.5335000000005	0.9925000071525574
6611.7785	0.989799976348877
6612.0235	0.9824000000953674
6612.2685	0.9776999950408936
6612.5135	0.9793999791145325
6612.7585	0.9825999736785889
6613.0035	0.9833999872207642
6613.2485	0.9884999990463257
6613.4935	0.9934999942779541
6613.7385	0.9997000098228455
6613.9835	0.9986000061035156
6614.2285	0.9945999979972839
6614.4735	0.9969000220298767
6614.7185	0.9968000054359436
6614.9635	0.9972000122070312
6615.2085	0.9943000078201294
6615.4535	0.9915000200271606
6615.6985	0.9948999881744385
6615.9435	0.9958000183105469
6616.1885	0.9923999905586243
6616.4335	0.998199999332428
6616.6785	1.0012999773025513
6616.9235	0.9990000128746033
6617.1685	0.9991999864578247
6617.4135	0.9986000061035156
6617.6585	1.0006999969482422
6617.9035	1.0003000497817993
6618.1485	1.0006999969482422
6618.3935	0.9993000030517578
6618.6385	0.9994999766349792
6618.8835	0.9983999729156494
6619.1285	0.998199999332428
6619.3735	1.004699945449829
6619.6185	1.0053999423980713
6619.8635	1.0018999576568604
6620.1085	1.001099944114685
6620.3535	1.003100037574768
6620.5985	1.0017999410629272
6620.8435	0.9983999729156494
6621.0885	0.9961000084877014
6621.3335	0.9980000257492065
6621.5785	1.0003999471664429
6621.8235	1.0017000436782837
6622.0685	1.003499984741211
6622.3135	1.0025999546051025
6622.5585	1.0019999742507935
6622.8035	1.0023000240325928
6623.0485	1.001099944114685
6623.2935	1.0017000436782837
6623.5385	1.0026999711990356
6623.7835	1.0032000541687012
6624.0285	1.0
6624.2735	1.003100037574768
6624.5185	1.00409996509552
6624.7635	0.9987999796867371
6625.0085	1.001099944114685
6625.2535	1.0045000314712524
6625.4985	1.0049999952316284
6625.7435	1.0052000284194946
6625.9885	0.9988999962806702
6626.2335	0.9961000084877014
6626.4785	0.9965000152587891
6626.7235	0.9998000264167786
6626.9685	0.9980000257492065
6627.2135	0.9980000257492065
6627.4585	0.9991999864578247
6627.7035	0.9972000122070312
6627.9485	0.9973000288009644
6628.1935	0.9986000061035156
6628.4385	0.9955000281333923
6628.6835	0.9962000250816345
6628.9285	1.0018999576568604
6629.1735	1.0037000179290771
6629.4185	1.0039000511169434
6629.6635	1.0039000511169434
6629.9085	1.0044000148773193
6630.1535	1.0015000104904175
6630.3985	0.9994999766349792
6630.6435	0.9991000294685364
6630.8885	1.0008000135421753
6631.1335	1.0026999711990356
6631.3785	1.0013999938964844
6631.6235	0.9983999729156494
6631.8685	0.9973999857902527
6632.1135	0.9952999949455261
6632.3585	0.9930999875068665
6632.6035	0.9926999807357788
6632.8485	0.9919000267982483
6633.0935	0.9961000084877014
6633.3385	0.996999979019165
6633.5835	0.9983000159263611
6633.8285	1.000599980354309
6634.0735	1.0002000331878662
6634.3185	0.9955999851226807
6634.5635	0.9936000108718872
6634.8085	0.9988999962806702
6635.0535	1.0017999410629272
6635.2985	1.0009000301361084
6635.5435	0.9970999956130981
6635.7885	0.9973000288009644
6636.0335	1.000499963760376
6636.2785	1.0029000043869019
6636.5235	1.0029000043869019
6636.7685	1.0013999938964844
6637.0135	1.0026999711990356
6637.2585	0.9998000264167786
6637.5035	0.9994999766349792
6637.7485	1.0018999576568604
6637.9935	1.0037000179290771
6638.2385	1.0019999742507935
6638.4835	1.0003000497817993
6638.7285	1.000499963760376
6638.9735	1.0039000511169434
6639.2185	1.006100058555603
6639.4635	1.0032999515533447
6639.7085	1.0017000436782837
6639.9535	1.000100016593933
6640.1985	0.9998000264167786
6640.4435	0.9976999759674072
6640.6885	0.9947999715805054
6640.9335	1.0012999773025513
6641.1785	1.0048999786376953
6641.4235	1.003499984741211
6641.6685	0.9998000264167786
6641.9135	1.000599980354309
6642.1585	1.003100037574768
6642.4035	1.0010000467300415
6642.6485	1.003000020980835
6642.8935	1.0046000480651855
6643.1385	1.0056999921798706
6643.3835	1.0020999908447266
6643.6285	1.0011999607086182
6643.8735	1.002500057220459
6644.1185	1.0025999546051025
6644.3635	1.0037000179290771
6644.6085	1.0041999816894531
6644.8535	1.006700038909912
6645.0985	1.007599949836731
6645.3435	1.0045000314712524
6645.5885	1.006100058555603
6645.8335	1.0074000358581543
6646.0785	1.0022000074386597
6646.3235	0.9995999932289124
6646.5685	1.0015000104904175
6646.8135	0.9980000257492065
6647.0585	0.9965000152587891
6647.3035	0.9957000017166138
6647.5485	1.000100016593933
6647.7935	0.9991999864578247
6648.0385	0.9990000128746033
6648.2835	0.9965000152587891
6648.5285	0.9952999949455261
6648.7735	0.9976000189781189
6649.0185	0.9983999729156494
6649.2635	0.9962999820709229
6649.5085	0.998199999332428
6649.7535	0.9961000084877014
6649.9985	1.0006999969482422
6650.2435	1.0032000541687012
6650.4885	1.0032999515533447
6650.7335	0.9995999932289124
6650.9785	0.9972000122070312
6651.2235	0.9941999912261963
6651.4685	0.9940000176429749
6651.7135	0.9932000041007996
6651.9585	0.9941999912261963
6652.2035	0.9983000159263611
6652.4485	0.9991999864578247
6652.6935	0.9997000098228455
6652.9385	0.9988999962806702
6653.1835	1.000499963760376
6653.4285	0.9980000257492065
6653.6735	1.002500057220459
6653.9185	1.00409996509552
6654.1635	0.9990000128746033
6654.4085	0.9973999857902527
6654.6535	0.9980000257492065
6654.8985	0.9968000054359436
6655.1435	0.9976999759674072
6655.3885	0.9962999820709229
6655.6335	0.9970999956130981
6655.8785	1.0010000467300415
6656.1235	1.0048999786376953
6656.3685	1.0032000541687012
6656.6135	1.0029000043869019
6656.8585	1.0017000436782837
6657.1035	1.0038000345230103
6657.3485	0.9983000159263611
6657.5935	0.996399998664856
6657.8385	0.9937999844551086
6658.0835	0.9948999881744385
6658.3285	0.9965000152587891
6658.5735	1.000599980354309
6658.8185	1.0009000301361084
6659.0635	1.0010000467300415
6659.3085	0.9977999925613403
6659.5535	0.9936000108718872
6659.7985	0.995199978351593
6660.0435	0.9950000047683716
6660.2885	0.998199999332428
6660.5335	1.0025999546051025
6660.7785	1.0018999576568604
6661.0235	0.9988999962806702
6661.2685	0.9970999956130981
6661.5135	1.0003000497817993
6661.7585	1.0013999938964844
6662.0035	0.9979000091552734
6662.2485	0.9997000098228455
6662.4935	1.0022000074386597
6662.7385	1.0045000314712524
6662.9835	1.004699945449829
6663.2285	1.0018999576568604
6663.4735	1.0009000301361084
6663.7185	1.0026999711990356
6663.9635	1.0009000301361084
6664.2085	1.0009000301361084
6664.4535	1.001099944114685
6664.6985	1.0027999877929688
6664.9435	1.003100037574768
6665.1885	0.9993000030517578
6665.4335	0.9987000226974487
6665.6785	0.9987000226974487
6665.9235	0.9959999918937683
6666.1685	0.9951000213623047
6666.4135	0.9987999796867371
6666.6585	1.0020999908447266
6666.9035	1.001099944114685
6667.1485	0.9986000061035156
6667.3935	0.9968000054359436
6667.6385	0.9994000196456909
6667.8835	1.0010000467300415
6668.1285	0.9977999925613403
6668.3735	0.9958999752998352
6668.6185	0.9940000176429749
6668.8635	0.9876000285148621
6669.1085	0.9764999747276306
6669.3535	0.9728999733924866
6669.5985	0.98089998960495
6669.8435	0.9847999811172485
6670.0885	0.9821000099182129
6670.3335	0.9815000295639038
6670.5785	0.9829999804496765
6670.8235	0.9793000221252441
6671.0685	0.972000002861023
6671.3135	0.9686999917030334
6671.5585	0.9700999855995178
6671.8035	0.9700000286102295
6672.0485	0.9722999930381775
6672.2935	0.9745000004768372
6672.5385	0.9753000140190125
6672.7835	0.9783999919891357
6673.0285	0.980400025844574
6673.2735	0.9847000241279602
6673.5185	0.9922000169754028
6673.7635	0.9984999895095825
6674.0085	0.9980999827384949
6674.2535	1.000599980354309
6674.4985	1.0013999938964844
6674.7435	1.0047999620437622
6674.9885	1.007699966430664
6675.2335	1.0063999891281128
6675.4785	1.0017999410629272
6675.7235	1.0009000301361084
6675.9685	1.0
6676.2135	0.995199978351593
6676.4585	0.9878000020980835
6676.7035	0.987500011920929
6676.9485	0.9879999756813049
6677.1935	0.9851999878883362
6677.4385	0.979200005531311
6677.6835	0.9786999821662903
6677.9285	0.9790999889373779
6678.1735	0.9811000227928162
6678.4185	0.9853000044822693
6678.6635	0.9896000027656555
6678.9085	0.9908999800682068
6679.1535	0.9944999814033508
6679.3985	0.9972000122070312
6679.6435	1.0032000541687012
6679.8885	1.0117000341415405
6680.1335	1.013800024986267
6680.3785	1.0134999752044678
6680.6235	1.0119999647140503
6680.8685	1.0091999769210815
6681.1135	1.007699966430664
6681.3585	1.0051000118255615
6681.6035	1.0025999546051025
6681.8485	0.9955999851226807
6682.0935	0.9922000169754028
6682.3385	0.9879999756813049
6682.5835	0.9872999787330627
6682.8285	0.9883000254631042
6683.0735	0.9879000186920166
6683.3185	0.9860000014305115
6683.5635	0.9853000044822693
6683.8085	0.9861000180244446
6684.0535	0.9873999953269958
6684.2985	0.9904999732971191
6684.5435	0.9894000291824341
6684.7885	0.9927999973297119
6685.0335	0.9933000206947327
6685.2785	0.9962999820709229
6685.5235	0.9973999857902527
6685.7685	1.0012999773025513
6686.0135	1.0038000345230103
6686.2585	1.0017000436782837
6686.5035	1.0015000104904175
6686.7485	1.003600001335144
6686.9935	1.0029000043869019
6687.2385	1.0011999607086182
6687.4835	1.0009000301361084
6687.7285	1.0022000074386597
6687.9735	1.0009000301361084
6688.2185	1.0009000301361084
6688.4635	0.9979000091552734
6688.7085	1.0
6688.9535	1.0018999576568604
6689.1984999999995	1.00409996509552
6689.4435	1.0011999607086182
6689.6885	0.9968000054359436
6689.9335	0.9968000054359436
6690.1785	0.9988999962806702
6690.4235	0.9962000250816345
6690.6685	0.9950000047683716
6690.9135	0.9962000250816345
6691.1585	1.0013999938964844
6691.4035	0.9998000264167786
6691.6485	0.9952999949455261
6691.8935	0.9975000023841858
6692.1385	1.0010000467300415
6692.3835	1.0003000497817993
6692.6285	1.0022000074386597
6692.8735	0.9988999962806702
6693.1185	0.9955999851226807
6693.3635	0.9998000264167786
6693.6085	0.9987000226974487
6693.8535	0.9958999752998352
6694.0985	0.9994000196456909
6694.3435	1.003000020980835
6694.5885	1.0024000406265259
6694.8335	1.0011999607086182
6695.0785	0.9994999766349792
6695.3234999999995	0.9998000264167786
6695.5685	1.0003000497817993
6695.8135	1.0009000301361084
6696.0585	1.002500057220459
6696.3035	1.0046000480651855
6696.5485	1.0020999908447266
6696.7935	1.0055999755859375
6697.0385	1.0063999891281128
6697.2835	1.0055999755859375
6697.5285	1.0056999921798706
6697.7735	0.9987999796867371
6698.0185	0.9958999752998352
6698.2635	0.9876000285148621
6698.5085	0.9807000160217285
6698.7535	0.9782000184059143
6698.9985	0.9771000146865845
6699.2435	0.978600025177002
6699.4884999999995	0.9995999932289124
6699.7335	1.0221999883651733
6699.9785	0.9797000288963318
6700.2235	0.9082000255584717
