6501.84142943	0.0712345190796
6501.84142943155	0.7549431324005127
6501.912663950629	0.728606641292572
6501.983898469709	0.731326162815094
6502.0551329887885	0.7673130035400391
6502.126367507868	0.7844185829162598
6502.197602026948	0.7651273012161255
6502.268836546027	0.7579137682914734
6502.340071065107	0.7630670666694641
6502.411305584186	0.7606881260871887
6502.482540103266	0.7504774332046509
6502.553774622345	0.7588067650794983
6502.625009141425	0.7674205303192139
6502.6962436605045	0.7627243399620056
6502.767478179584	0.7690345048904419
6502.838712698664	0.7633966207504272
6502.909947217743	0.763891339302063
6502.981181736823	0.7461057901382446
6503.052416255902	0.7431475520133972
6503.123650774982	0.7580516338348389
6503.194885294061	0.7556846737861633
6503.266119813141	0.7608544826507568
6503.3373543322205	0.7501407265663147
6503.4085888513	0.7550621628761292
6503.47982337038	0.7602806687355042
6503.551057889459	0.7401925325393677
6503.622292408539	0.7569841742515564
6503.693526927618	0.7532353401184082
6503.764761446698	0.7437050938606262
6503.835995965777	0.7458019852638245
6503.907230484857	0.7459117770195007
6503.978465003936	0.7453823089599609
6504.049699523016	0.7577323317527771
6504.1209340420955	0.7615991830825806
6504.192168561175	0.7640220522880554
6504.263403080255	0.773705244064331
6504.334637599334	0.7621471881866455
6504.405872118414	0.7489257454872131
6504.477106637493	0.7657686471939087
6504.548341156573	0.7858355045318604
6504.619575675652	0.7773097157478333
6504.690810194732	0.754762589931488
6504.7620447138115	0.7505952715873718
6504.833279232891	0.7621784210205078
6504.904513751971	0.7666934728622437
6504.97574827105	0.7684617042541504
6505.04698279013	0.7656546235084534
6505.118217309209	0.7603126168251038
6505.189451828289	0.7618623971939087
6505.260686347368	0.7645886540412903
6505.331920866448	0.7617262005805969
6505.4031553855275	0.7577618956565857
6505.474389904607	0.7553098201751709
6505.545624423687	0.7569519281387329
6505.616858942766	0.756222665309906
6505.688093461846	0.7549172043800354
6505.759327980925	0.7622859477996826
6505.830562500005	0.7709696888923645
6505.901797019084	0.7693997621536255
6505.973031538164	0.7671337723731995
6506.0442660572435	0.7664783000946045
6506.115500576323	0.7597483992576599
6506.186735095403	0.7653126120567322
6506.257969614482	0.777249813079834
6506.329204133562	0.7779242396354675
6506.400438652641	0.775337278842926
6506.471673171721	0.7750908136367798
6506.5429076908	0.7756929993629456
6506.61414220988	0.7789776921272278
6506.685376728959	0.7822146415710449
6506.756611248039	0.7809889316558838
6506.827845767119	0.7747601866722107
6506.899080286198	0.7688685059547424
6506.970314805278	0.7678572535514832
6507.041549324357	0.7742380499839783
6507.112783843437	0.7827324867248535
6507.184018362516	0.7840762734413147
6507.255252881596	0.7752873301506042
6507.326487400675	0.763238787651062
6507.397721919755	0.7535838484764099
6507.4689564388345	0.7437258362770081
6507.540190957914	0.7389106154441833
6507.611425476994	0.7449435591697693
6507.682659996073	0.7562078237533569
6507.753894515153	0.7647742629051208
6507.825129034232	0.7722511291503906
6507.896363553312	0.7753465175628662
6507.967598072391	0.7713062763214111
6508.038832591471	0.7665613293647766
6508.1100671105505	0.7653919458389282
6508.18130162963	0.7624914646148682
6508.25253614871	0.7575852274894714
6508.323770667789	0.7577024698257446
6508.395005186869	0.7645297646522522
6508.466239705948	0.7692805528640747
6508.537474225028	0.7653532028198242
6508.608708744107	0.7613457441329956
6508.679943263187	0.7611353397369385
6508.7511777822665	0.760975182056427
6508.822412301346	0.7563528418540955
6508.893646820426	0.747444748878479
6508.964881339505	0.738635241985321
6509.036115858585	0.7372378706932068
6509.107350377664	0.741265058517456
6509.178584896744	0.7419665455818176
6509.249819415823	0.7459080219268799
6509.321053934903	0.7555609941482544
6509.3922884539825	0.763878345489502
6509.463522973062	0.7652939558029175
6509.534757492142	0.7678235173225403
6509.605992011221	0.7715713977813721
6509.677226530301	0.7723009586334229
6509.74846104938	0.7701942324638367
6509.81969556846	0.7669534087181091
6509.890930087539	0.7633944153785706
6509.962164606619	0.7621668577194214
6510.033399125698	0.7673855423927307
6510.104633644778	0.7740825414657593
6510.175868163858	0.7773165702819824
6510.247102682937	0.7772758603096008
6510.318337202017	0.7765260338783264
6510.389571721096	0.7718124389648438
6510.460806240176	0.7618849277496338
6510.532040759255	0.7533096671104431
6510.603275278335	0.7527955770492554
6510.674509797414	0.7623868584632874
6510.745744316494	0.777990996837616
6510.8169788355735	0.7910394668579102
6510.888213354653	0.7944855690002441
6510.959447873733	0.7913861274719238
6511.030682392812	0.7944761514663696
6511.101916911892	0.8033334016799927
6511.173151430971	0.8085960149765015
6511.244385950051	0.8026230335235596
6511.31562046913	0.7910057306289673
6511.38685498821	0.7811288237571716
6511.4580895072895	0.7748609185218811
6511.529324026369	0.7718923687934875
6511.600558545449	0.7714366912841797
6511.671793064528	0.773118257522583
6511.743027583608	0.7770023941993713
6511.814262102687	0.7809677124023438
6511.885496621767	0.7813787460327148
6511.956731140846	0.7762749195098877
6512.027965659926	0.7687421441078186
6512.0992001790055	0.7625991106033325
6512.170434698085	0.7559548020362854
6512.241669217165	0.747261643409729
6512.312903736244	0.7399533987045288
6512.384138255324	0.7435067892074585
6512.455372774403	0.7596187591552734
6512.526607293483	0.7788993716239929
6512.597841812562	0.7871136665344238
6512.669076331642	0.7829157114028931
6512.7403108507215	0.776557207107544
6512.811545369801	0.7768840789794922
6512.882779888881	0.7842159867286682
6512.95401440796	0.7934207320213318
6513.02524892704	0.802558183670044
6513.096483446119	0.8093014359474182
6513.167717965199	0.8105103969573975
6513.238952484278	0.8060906529426575
6513.310187003358	0.7989468574523926
6513.381421522437	0.7931330800056458
6513.452656041517	0.788544774055481
6513.523890560597	0.7841978669166565
6513.595125079676	0.7814916968345642
6513.666359598756	0.7831714749336243
6513.737594117835	0.7913815975189209
6513.808828636915	0.8050206303596497
6513.880063155994	0.8178384304046631
6513.951297675074	0.8217810988426208
6514.022532194153	0.8143927454948425
6514.093766713233	0.8022481203079224
6514.1650012323125	0.7971888184547424
6514.236235751392	0.796352207660675
6514.307470270472	0.7924265265464783
6514.378704789551	0.7878601551055908
6514.449939308631	0.7842857837677002
6514.52117382771	0.7791018486022949
6514.59240834679	0.7668744325637817
6514.663642865869	0.7486881613731384
6514.734877384949	0.7348819375038147
6514.8061119040285	0.7300324440002441
6514.877346423108	0.732613742351532
6514.948580942188	0.7405261397361755
6515.019815461267	0.7512495517730713
6515.091049980347	0.7623648643493652
6515.162284499426	0.7728884220123291
6515.233519018506	0.7826557755470276
6515.304753537585	0.7912325859069824
6515.375988056665	0.7960853576660156
6515.4472225757445	0.794223964214325
6515.518457094824	0.7880488038063049
6515.589691613904	0.781799852848053
6515.660926132983	0.7784408926963806
6515.732160652063	0.7766464352607727
6515.803395171142	0.773298978805542
6515.874629690222	0.7681618332862854
6515.945864209301	0.7636541128158569
6516.017098728381	0.7631862163543701
6516.0883332474605	0.7664979696273804
6516.15956776654	0.7688800692558289
6516.23080228562	0.7635343074798584
6516.302036804699	0.745292603969574
6516.373271323779	0.7141306400299072
6516.444505842858	0.6805952191352844
6516.515740361938	0.6602699160575867
6516.586974881017	0.6634892225265503
6516.658209400097	0.6871300339698792
6516.729443919176	0.713686466217041
6516.800678438256	0.7309944033622742
6516.871912957336	0.7376640439033508
6516.943147476415	0.741113007068634
6517.014381995495	0.7483898401260376
6517.085616514574	0.7563344836235046
6517.156851033654	0.7606633901596069
6517.228085552733	0.760768473148346
6517.299320071813	0.7634485960006714
6517.370554590892	0.77537602186203
6517.441789109972	0.7928162217140198
6517.5130236290515	0.8090421557426453
6517.584258148131	0.8190283179283142
6517.655492667211	0.8202292323112488
6517.72672718629	0.812734842300415
6517.79796170537	0.7977854013442993
6517.869196224449	0.7803614139556885
6517.940430743529	0.7719189524650574
6518.011665262608	0.7766000628471375
6518.082899781688	0.788547694683075
6518.1541343007675	0.7996671795845032
6518.225368819847	0.8039069771766663
6518.296603338927	0.802238941192627
6518.367837858006	0.7988666296005249
6518.439072377086	0.7977293729782104
6518.510306896165	0.7992344498634338
6518.581541415245	0.8006595373153687
6518.652775934324	0.7998211979866028
6518.724010453404	0.796228289604187
6518.7952449724835	0.7916484475135803
6518.866479491563	0.787818431854248
6518.937714010643	0.7848511934280396
6519.008948529722	0.7815226912498474
6519.080183048802	0.7758468985557556
6519.151417567881	0.7678219079971313
6519.222652086961	0.759078323841095
6519.29388660604	0.7526167631149292
6519.36512112512	0.7497791051864624
6519.4363556441995	0.7491589188575745
6519.507590163279	0.7502809762954712
6519.578824682359	0.7547082901000977
6519.650059201438	0.7670251131057739
6519.721293720518	0.7886883616447449
6519.792528239597	0.8094332218170166
6519.863762758677	0.8189210891723633
6519.934997277756	0.81489098072052
6520.006231796836	0.8033556342124939
6520.077466315915	0.7967978119850159
6520.148700834995	0.7977770566940308
6520.219935354075	0.8011294007301331
6520.291169873154	0.7994222044944763
6520.362404392234	0.7905555367469788
6520.433638911313	0.7831903696060181
6520.504873430393	0.7832676768302917
6520.576107949472	0.7862047553062439
6520.647342468552	0.7863944172859192
6520.718576987631	0.7810956239700317
6520.789811506711	0.7747204303741455
6520.8610460257905	0.7738059759140015
6520.93228054487	0.7783951163291931
6521.00351506395	0.7852612733840942
6521.074749583029	0.7906098961830139
6521.145984102109	0.7935625910758972
6521.217218621188	0.7962695360183716
6521.288453140268	0.7987934947013855
6521.359687659347	0.7988324761390686
6521.430922178427	0.79440838098526
6521.5021566975065	0.7855308055877686
6521.573391216586	0.7791499495506287
6521.644625735666	0.7796466946601868
6521.715860254745	0.7832318544387817
6521.787094773825	0.7849517464637756
6521.858329292904	0.7828872203826904
6521.929563811984	0.7791756391525269
6522.000798331063	0.7787474989891052
6522.072032850143	0.7813413739204407
6522.1432673692225	0.7835832238197327
6522.214501888302	0.7827421426773071
6522.285736407382	0.778424084186554
6522.356970926461	0.774192750453949
6522.428205445541	0.772591233253479
6522.49943996462	0.773005485534668
6522.5706744837	0.7748837471008301
6522.641909002779	0.7782556414604187
6522.713143521859	0.782252311706543
6522.7843780409385	0.785388171672821
6522.855612560018	0.7866197228431702
6522.926847079098	0.785929262638092
6522.998081598177	0.7847144603729248
6523.069316117257	0.7841951847076416
6523.140550636336	0.7834264039993286
6523.211785155416	0.7804923057556152
6523.283019674495	0.77286297082901
6523.354254193575	0.7620142698287964
6523.425488712654	0.7521353960037231
6523.496723231734	0.7451040148735046
6523.567957750814	0.7398476600646973
6523.639192269893	0.7349382638931274
6523.710426788973	0.7296754121780396
6523.781661308052	0.7259961366653442
6523.852895827132	0.7261326909065247
6523.924130346211	0.7311344742774963
6523.995364865291	0.7401300668716431
6524.06659938437	0.7509201765060425
6524.13783390345	0.762538731098175
6524.2090684225295	0.7753788828849792
6524.280302941609	0.7867438197135925
6524.351537460689	0.7930929660797119
6524.422771979768	0.7938587665557861
6524.494006498848	0.7911562919616699
6524.565241017927	0.7879272103309631
6524.636475537007	0.7866175174713135
6524.707710056086	0.7867230772972107
6524.778944575166	0.7878001928329468
6524.8501790942455	0.7900280952453613
6524.921413613325	0.7917008399963379
6524.992648132405	0.7892985939979553
6525.063882651484	0.7827353477478027
6525.135117170564	0.7751086950302124
6525.206351689643	0.7721542716026306
6525.277586208723	0.7774719595909119
6525.348820727802	0.7865381240844727
6525.420055246882	0.7925329804420471
6525.4912897659615	0.7943100929260254
6525.562524285041	0.7928577065467834
6525.633758804121	0.7900387048721313
6525.7049933232	0.7868691682815552
6525.77622784228	0.7832362651824951
6525.847462361359	0.779485285282135
6525.918696880439	0.7767314910888672
6525.989931399518	0.7761468291282654
6526.061165918598	0.7785387635231018
6526.1324004376775	0.7843227386474609
6526.203634956757	0.7921972870826721
6526.274869475837	0.7986546158790588
6526.346103994916	0.8003413677215576
6526.417338513996	0.7979087829589844
6526.488573033075	0.7938154339790344
6526.559807552155	0.7909385561943054
6526.631042071234	0.7905004620552063
6526.702276590314	0.7902907729148865
6526.773511109393	0.7892546057701111
6526.844745628473	0.7874633073806763
6526.915980147553	0.7864904403686523
6526.987214666632	0.788056492805481
6527.058449185712	0.7917136549949646
6527.129683704791	0.7954902052879333
6527.200918223871	0.7967565059661865
6527.27215274295	0.7942898273468018
6527.34338726203	0.7895573377609253
6527.414621781109	0.7848277688026428
6527.485856300189	0.781413197517395
6527.5570908192685	0.7800747752189636
6527.628325338348	0.7811837792396545
6527.699559857428	0.7842174172401428
6527.770794376507	0.7883080244064331
6527.842028895587	0.7931060791015625
6527.913263414666	0.7986336350440979
6527.984497933746	0.803011417388916
6528.055732452825	0.803993821144104
6528.126966971905	0.799886167049408
6528.1982014909845	0.7914984226226807
6528.269436010064	0.7859281301498413
6528.340670529144	0.7866998910903931
6528.411905048223	0.7910612225532532
6528.483139567303	0.7953823804855347
6528.554374086382	0.800034761428833
6528.625608605462	0.8047710657119751
6528.696843124541	0.8087878823280334
6528.768077643621	0.8105577826499939
6528.8393121627005	0.8088571429252625
6528.91054668178	0.8044758439064026
6528.98178120086	0.799488365650177
6529.053015719939	0.795495867729187
6529.124250239019	0.7936521172523499
6529.195484758098	0.7953884601593018
6529.266719277178	0.8006836175918579
6529.337953796257	0.8070206046104431
6529.409188315337	0.8125645518302917
6529.4804228344165	0.8174282908439636
6529.551657353496	0.8216373920440674
6529.622891872576	0.8240939378738403
6529.694126391655	0.8232537508010864
6529.765360910735	0.8175446391105652
6529.836595429814	0.8098578453063965
6529.907829948894	0.8043405413627625
6529.979064467973	0.8016849160194397
6530.050298987053	0.8005572557449341
6530.121533506132	0.7998303771018982
6530.192768025212	0.8002634048461914
6530.2640025442915	0.8038511872291565
6530.335237063371	0.8102390766143799
6530.406471582451	0.8111703991889954
6530.47770610153	0.8046349287033081
6530.54894062061	0.7953595519065857
6530.620175139689	0.7891823649406433
6530.691409658769	0.7898947596549988
6530.762644177848	0.7961685657501221
6530.833878696928	0.8042307496070862
6530.9051132160075	0.8107922673225403
6530.976347735087	0.8143659830093384
6531.047582254167	0.8152415156364441
6531.118816773246	0.8143219947814941
6531.190051292326	0.8116663098335266
6531.261285811405	0.8098538517951965
6531.332520330485	0.8143815398216248
6531.403754849564	0.8252169489860535
6531.474989368644	0.8348924517631531
6531.5462238877235	0.8371809124946594
6531.617458406803	0.8317639827728271
6531.688692925883	0.8211628794670105
6531.759927444962	0.809777021408081
6531.831161964042	0.8021007776260376
6531.902396483121	0.8003745675086975
6531.973631002201	0.803619921207428
6532.04486552128	0.8083177208900452
6532.11610004036	0.808052122592926
6532.1873345594395	0.7987995743751526
6532.258569078519	0.7817443609237671
6532.329803597599	0.7617691159248352
6532.401038116678	0.7471166253089905
6532.472272635758	0.7430638074874878
6532.543507154837	0.7497149705886841
6532.614741673917	0.7633806467056274
6532.685976192996	0.7779319882392883
6532.757210712076	0.7904812097549438
6532.8284452311555	0.801233172416687
6532.899679750235	0.810822069644928
6532.970914269315	0.8191163539886475
6533.042148788394	0.8228989243507385
6533.113383307474	0.8207438588142395
6533.184617826553	0.8158130645751953
6533.255852345633	0.8122135996818542
6533.327086864712	0.8135272860527039
6533.398321383792	0.8148742318153381
6533.469555902871	0.8092591166496277
6533.540790421951	0.8013996481895447
6533.6120249410305	0.8032403588294983
6533.68325946011	0.8059988617897034
6533.75449397919	0.7990607619285583
6533.825728498269	0.787848174571991
6533.896963017349	0.7827902436256409
6533.968197536428	0.7844536304473877
6534.039432055508	0.788573682308197
6534.110666574587	0.7915095090866089
6534.181901093667	0.791411280632019
6534.2531356127465	0.7904423475265503
6534.324370131826	0.7901872992515564
6534.395604650906	0.7913224697113037
6534.466839169985	0.7947444319725037
6534.538073689065	0.8006893992424011
6534.609308208144	0.805924117565155
6534.680542727224	0.8070281744003296
6534.751777246303	0.8036462664604187
6534.823011765383	0.7981234192848206
6534.8942462844625	0.7955147624015808
6534.965480803542	0.7982534766197205
6535.036715322622	0.8040579557418823
6535.107949841701	0.8102601170539856
6535.179184360781	0.8145872950553894
6535.25041887986	0.8184667229652405
6535.32165339894	0.8235676884651184
6535.392887918019	0.8273347020149231
6535.464122437099	0.8268576860427856
6535.5353569561785	0.8229438662528992
6535.606591475258	0.8206632137298584
6535.677825994338	0.8239108920097351
6535.749060513417	0.8300877809524536
6535.820295032497	0.8275686502456665
6535.891529551576	0.8155426979064941
6535.962764070656	0.8050273060798645
6536.033998589735	0.803196907043457
6536.105233108815	0.8114772439002991
6536.176467627894	0.8237992525100708
6536.247702146974	0.8311107158660889
6536.318936666054	0.8304364681243896
6536.390171185133	0.8238909840583801
6536.461405704213	0.8171795010566711
6536.532640223292	0.8150614500045776
6536.603874742372	0.8159527778625488
6536.675109261451	0.8165404796600342
6536.746343780531	0.8141180872917175
6536.81757829961	0.8098148703575134
6536.88881281869	0.8072224855422974
6536.9600473377695	0.8054489493370056
6537.031281856849	0.8031129837036133
6537.102516375929	0.8010573387145996
6537.173750895008	0.8014364242553711
6537.244985414088	0.8067790865898132
6537.316219933167	0.816550612449646
6537.387454452247	0.8273429870605469
6537.458688971326	0.8352760672569275
6537.529923490406	0.8373090624809265
6537.6011580094855	0.8361031413078308
6537.672392528565	0.8351242542266846
6537.743627047645	0.8352746963500977
6537.814861566724	0.8362792730331421
6537.886096085804	0.837492823600769
6537.957330604883	0.8395566344261169
6538.028565123963	0.8432756662368774
6538.099799643042	0.8460885286331177
6538.171034162122	0.8447588682174683
6538.2422686812015	0.8391607403755188
6538.313503200281	0.833622932434082
6538.384737719361	0.8332352638244629
6538.45597223844	0.8384557962417603
6538.52720675752	0.8447002172470093
6538.598441276599	0.84579998254776
6538.669675795679	0.8404864072799683
6538.740910314758	0.8341357707977295
6538.812144833838	0.8328559994697571
6538.8833793529175	0.8363779187202454
6538.954613871997	0.8390939235687256
6539.025848391077	0.83433997631073
6539.097082910156	0.8258072733879089
6539.168317429236	0.8230360746383667
6539.239551948315	0.829160749912262
6539.310786467395	0.8343994617462158
6539.382020986474	0.8333845138549805
6539.453255505554	0.8284198641777039
6539.524490024633	0.8234952688217163
6539.595724543713	0.8217877149581909
6539.666959062793	0.8226949572563171
6539.738193581872	0.824899435043335
6539.809428100952	0.8298699855804443
6539.880662620031	0.836463987827301
6539.951897139111	0.8420856595039368
6540.02313165819	0.8440285325050354
6540.09436617727	0.8414841294288635
6540.165600696349	0.8369956612586975
6540.236835215429	0.833604633808136
6540.3080697345085	0.832836389541626
6540.379304253588	0.8345399498939514
6540.450538772668	0.8370928168296814
6540.521773291747	0.8384183049201965
6540.593007810827	0.8374706506729126
6540.664242329906	0.8346328735351562
6540.735476848986	0.8311992287635803
6540.806711368065	0.8282651901245117
6540.877945887145	0.8275158405303955
6540.9491804062245	0.8308544158935547
6541.020414925304	0.8372936248779297
6541.091649444384	0.8443201780319214
6541.162883963463	0.849965512752533
6541.234118482543	0.8539239168167114
6541.305353001622	0.8573212027549744
6541.376587520702	0.8585952520370483
6541.447822039781	0.8544867634773254
6541.519056558861	0.8438399434089661
6541.5902910779405	0.8298251628875732
6541.66152559702	0.8183967471122742
6541.7327601161	0.8142139315605164
6541.803994635179	0.8166786432266235
6541.875229154259	0.8220102787017822
6541.946463673338	0.8247280120849609
6542.017698192418	0.8219026327133179
6542.088932711497	0.814927875995636
6542.160167230577	0.8067772388458252
6542.2314017496565	0.7999875545501709
6542.302636268736	0.7957231998443604
6542.373870787816	0.794508695602417
6542.445105306895	0.7978164553642273
6542.516339825975	0.805751621723175
6542.587574345054	0.8160225749015808
6542.658808864134	0.8246563076972961
6542.730043383213	0.8286514282226562
6542.801277902293	0.8293602466583252
6542.872512421372	0.8306490182876587
6542.943746940452	0.8346207737922668
6543.014981459532	0.8398141264915466
6543.086215978611	0.8435837626457214
6543.157450497691	0.8447034358978271
6543.22868501677	0.8452837467193604
6543.29991953585	0.8492003679275513
6543.371154054929	0.8572434782981873
6543.442388574009	0.8649252653121948
6543.513623093088	0.8656291365623474
6543.584857612168	0.8537542223930359
6543.6560921312475	0.830494225025177
6543.727326650327	0.8040192127227783
6543.798561169407	0.7843419313430786
6543.869795688486	0.775876522064209
6543.941030207566	0.7775877118110657
6544.012264726645	0.7865676283836365
6544.083499245725	0.8008653521537781
6544.154733764804	0.8205842971801758
6544.225968283884	0.8416376113891602
6544.2972028029635	0.857284426689148
6544.368437322043	0.864715039730072
6544.439671841123	0.8660955429077148
6544.510906360202	0.8663007020950317
6544.582140879282	0.8677390813827515
6544.653375398361	0.8680536150932312
6544.724609917441	0.865798830986023
6544.79584443652	0.8619819283485413
6544.8670789556	0.8597245216369629
6544.9383134746795	0.8617371916770935
6545.009547993759	0.8665388226509094
6545.080782512839	0.8725110292434692
6545.152017031918	0.879889190196991
6545.223251550998	0.889279305934906
6545.294486070077	0.8995376229286194
6545.365720589157	0.9059380888938904
6545.436955108236	0.9025911092758179
6545.508189627316	0.8875892758369446
6545.5794241463955	0.8671427369117737
6545.650658665475	0.8504488468170166
6545.721893184555	0.8445268869400024
6545.793127703634	0.8497110605239868
6545.864362222714	0.8599346876144409
6545.935596741793	0.869083821773529
6546.006831260873	0.8766187429428101
6546.078065779952	0.8847577571868896
6546.149300299032	0.893194317817688
6546.220534818111	0.8969287872314453
6546.291769337191	0.8918458819389343
6546.363003856271	0.8800913095474243
6546.43423837535	0.8726375102996826
6546.50547289443	0.8731775283813477
6546.576707413509	0.8774555325508118
6546.647941932589	0.8823485374450684
6546.719176451668	0.8897055387496948
6546.790410970748	0.8996780514717102
6546.861645489827	0.9074028134346008
6546.932880008907	0.9073510766029358
6547.0041145279865	0.9026229977607727
6547.075349047066	0.9003898501396179
6547.146583566146	0.9039859771728516
6547.217818085225	0.9102724194526672
6547.289052604305	0.9121475219726562
6547.360287123384	0.9077368378639221
6547.431521642464	0.9006446003913879
6547.502756161543	0.8930932879447937
6547.573990680623	0.8844262361526489
6547.6452251997025	0.8739201426506042
6547.716459718782	0.8644487857818604
6547.787694237862	0.8636224269866943
6547.858928756941	0.8735807538032532
6547.930163276021	0.8888565301895142
6548.0013977951	0.9000303149223328
6548.07263231418	0.9024158716201782
6548.143866833259	0.8982587456703186
6548.215101352339	0.8944201469421387
6548.2863358714185	0.8941559791564941
6548.357570390498	0.8909155130386353
6548.428804909578	0.875395655632019
6548.500039428657	0.8509174585342407
6548.571273947737	0.8339238166809082
6548.642508466816	0.8385540843009949
6548.713742985896	0.8636987209320068
6548.784977504975	0.8878544569015503
6548.856212024055	0.8965371251106262
6548.9274465431345	0.9096193313598633
6548.998681062214	0.9267095327377319
6549.069915581294	0.9393609166145325
6549.141150100373	0.944988489151001
6549.212384619453	0.9467290639877319
6549.283619138532	0.946437418460846
6549.354853657612	0.943954348564148
6549.426088176691	0.9392260909080505
6549.497322695771	0.9345175623893738
6549.56855721485	0.9330155253410339
6549.63979173393	0.9359404444694519
6549.71102625301	0.9415489435195923
6549.782260772089	0.9471560716629028
6549.853495291169	0.9518932104110718
6549.924729810248	0.9577339887619019
6549.995964329328	0.9651156067848206
6550.067198848407	0.9690030813217163
6550.138433367487	0.9701400995254517
6550.209667886566	0.970700204372406
6550.280902405646	0.9704549312591553
6550.3521369247255	0.9676433205604553
6550.423371443805	0.963543176651001
6550.494605962885	0.9626861214637756
6550.565840481964	0.9655514359474182
6550.637075001044	0.9652320146560669
6550.708309520123	0.9613261818885803
6550.779544039203	0.9595279693603516
6550.850778558282	0.9635060429573059
6550.922013077362	0.971761167049408
6550.9932475964415	0.9781369566917419
6551.064482115521	0.978244960308075
6551.135716634601	0.9726164937019348
6551.20695115368	0.9668077230453491
6551.27818567276	0.9672863483428955
6551.349420191839	0.9741736054420471
6551.420654710919	0.9812789559364319
6551.491889229998	0.9847362637519836
6551.563123749078	0.9867144227027893
6551.6343582681575	0.9907116889953613
6551.705592787237	0.994149386882782
6551.776827306317	0.9908466935157776
6551.848061825396	0.9818987250328064
6551.919296344476	0.9770132303237915
6551.990530863555	0.9827854633331299
6552.061765382635	0.9955491423606873
6552.132999901714	1.0051544904708862
6552.204234420794	1.0060311555862427
6552.2754689398735	0.9965524673461914
6552.346703458953	0.9762798547744751
6552.417937978033	0.9539834856987
6552.489172497112	0.9394335746765137
6552.560407016192	0.937783420085907
6552.631641535271	0.9487667679786682
6552.702876054351	0.9698096513748169
6552.77411057343	0.9962387084960938
6552.84534509251	1.0206325054168701
6552.916579611589	1.0356355905532837
6552.987814130669	1.039164662361145
6553.059048649749	1.043647289276123
6553.130283168828	1.0561803579330444
6553.201517687908	1.0683711767196655
6553.272752206987	1.0764458179473877
6553.343986726067	1.0806760787963867
6553.415221245146	1.080924391746521
6553.486455764226	1.0748646259307861
6553.557690283305	1.0631002187728882
6553.628924802385	1.052639126777649
6553.7001593214645	1.0527845621109009
6553.771393840544	1.0663466453552246
6553.842628359624	1.088305115699768
6553.913862878703	1.1082124710083008
6553.985097397783	1.118180274963379
6554.056331916862	1.1185144186019897
6554.127566435942	1.117728590965271
6554.198800955021	1.1242725849151611
6554.270035474101	1.13814115524292
6554.3412699931805	1.1511119604110718
6554.41250451226	1.1563862562179565
6554.48373903134	1.1624782085418701
6554.554973550419	1.1726503372192383
6554.626208069499	1.178124189376831
6554.697442588578	1.1804237365722656
6554.768677107658	1.184078574180603
6554.839911626737	1.1932917833328247
6554.911146145817	1.2088197469711304
6554.9823806648965	1.2273889780044556
6555.053615183976	1.2435753345489502
6555.124849703056	1.2564252614974976
6555.196084222135	1.269932746887207
6555.267318741215	1.288375735282898
6555.338553260294	1.3069018125534058
6555.409787779374	1.3217829465866089
6555.481022298453	1.332350730895996
6555.552256817533	1.3359895944595337
6555.6234913366125	1.3289183378219604
6555.694725855692	1.3178024291992188
6555.765960374772	1.3172972202301025
6555.837194893851	1.3315694332122803
6555.908429412931	1.349931001663208
6555.97966393201	1.3662757873535156
6556.05089845109	1.3860245943069458
6556.122132970169	1.4126328229904175
6556.193367489249	1.435492992401123
6556.264602008328	1.4496506452560425
6556.335836527408	1.4639575481414795
6556.4070710464875	1.4910448789596558
6556.478305565567	1.523537039756775
6556.549540084647	1.5482064485549927
6556.620774603726	1.5616647005081177
6556.692009122806	1.5735336542129517
6556.763243641885	1.5868557691574097
6556.834478160965	1.593193531036377
6556.905712680044	1.58997642993927
6556.976947199124	1.5896592140197754
6557.0481817182035	1.6064032316207886
6557.119416237283	1.6443153619766235
6557.190650756363	1.6946280002593994
6557.261885275442	1.7450746297836304
6557.333119794522	1.7888649702072144
6557.404354313601	1.8273121118545532
6557.475588832681	1.8646879196166992
6557.54682335176	1.9045162200927734
6557.61805787084	1.9459621906280518
6557.6892923899195	1.9832422733306885
6557.760526908999	2.011962890625
6557.831761428079	2.0365965366363525
6557.902995947158	2.0675485134124756
6557.974230466238	2.1099748611450195
6558.045464985317	2.1577963829040527
6558.116699504397	2.2016818523406982
6558.187934023476	2.238837480545044
6558.259168542556	2.2760446071624756
6558.3304030616355	2.3204445838928223
6558.401637580715	2.37164306640625
6558.472872099795	2.422520637512207
6558.544106618874	2.4692094326019287
6558.615341137954	2.5195858478546143
6558.686575657033	2.5786497592926025
6558.757810176113	2.639648675918579
6558.829044695192	2.693303108215332
6558.900279214272	2.7372260093688965
6558.9715137333515	2.7752697467803955
6559.042748252431	2.813281536102295
6559.113982771511	2.8563449382781982
6559.18521729059	2.9066946506500244
6559.25645180967	2.960265874862671
6559.327686328749	3.0111536979675293
6559.398920847829	3.055210828781128
6559.470155366908	3.090726852416992
6559.541389885988	3.1205551624298096
6559.612624405067	3.1529784202575684
6559.683858924147	3.195751190185547
6559.7550934432265	3.244157552719116
6559.826327962306	3.284306526184082
6559.897562481386	3.311227798461914
6559.968797000465	3.3308475017547607
6560.040031519545	3.3455734252929688
6560.111266038624	3.353080987930298
6560.182500557704	3.3535940647125244
6560.253735076783	3.351823329925537
6560.324969595863	3.3569977283477783
6560.3962041149425	3.3849925994873047
6560.467438634022	3.440298080444336
6560.538673153102	3.511331796646118
6560.609907672181	3.580308675765991
6560.681142191261	3.642970323562622
6560.75237671034	3.697476387023926
6560.82361122942	3.741713523864746
6560.894845748499	3.780670404434204
6560.966080267579	3.827002763748169
6561.0373147866585	3.8844103813171387
6561.108549305738	3.9433083534240723
6561.179783824818	3.9946377277374268
6561.251018343897	4.037581920623779
6561.322252862977	4.07494592666626
6561.393487382056	4.108644485473633
6561.464721901136	4.1373291015625
6561.535956420215	4.155304908752441
6561.607190939295	4.156168460845947
6561.6784254583745	4.148101806640625
6561.749659977454	4.147787570953369
6561.820894496534	4.1606831550598145
6561.892129015613	4.171539783477783
6561.963363534693	4.1679863929748535
6562.034598053772	4.155553340911865
6562.105832572852	4.14321231842041
6562.177067091931	4.130063533782959
6562.248301611011	4.11679220199585
6562.3195361300905	4.113370418548584
6562.39077064917	4.121527671813965
6562.46200516825	4.130849361419678
6562.533239687329	4.1345391273498535
6562.604474206409	4.137899398803711
6562.675708725488	4.1449995040893555
6562.746943244568	4.152140140533447
6562.818177763647	4.15450382232666
6562.889412282727	4.153225898742676
6562.960646801806	4.152876853942871
6563.031881320886	4.154334545135498
6563.1031158399655	4.148807525634766
6563.174350359045	4.123179912567139
6563.245584878125	4.0784125328063965
6563.316819397204	4.033077239990234
6563.388053916284	3.998318910598755
6563.459288435363	3.961790084838867
6563.530522954443	3.918458938598633
6563.601757473522	3.8738527297973633
6563.672991992602	3.8286032676696777
6563.7442265116815	3.7699379920959473
6563.815461030761	3.6925158500671387
6563.886695549841	3.5955419540405273
6563.95793006892	3.488980531692505
6564.029164588	3.399944543838501
6564.100399107079	3.3546576499938965
6564.171633626159	3.3543777465820312
6564.242868145238	3.375805377960205
6564.314102664318	3.3964595794677734
6564.3853371833975	3.4091908931732178
6564.456571702477	3.4177122116088867
6564.527806221557	3.4217517375946045
6564.599040740636	3.413300037384033
6564.670275259716	3.3856053352355957
6564.741509778795	3.3453991413116455
6564.812744297875	3.303272008895874
6564.883978816954	3.266842842102051
6564.955213336034	3.238694429397583
6565.0264478551135	3.2153117656707764
6565.097682374193	3.1864047050476074
6565.168916893273	3.147162675857544
6565.240151412352	3.1024343967437744
6565.311385931432	3.058335781097412
6565.382620450511	3.0172278881073
6565.453854969591	2.977271318435669
6565.52508948867	2.9335527420043945
6565.59632400775	2.885373592376709
6565.667558526829	2.8391735553741455
6565.738793045909	2.7972428798675537
6565.810027564989	2.7525534629821777
6565.881262084068	2.699803352355957
6565.952496603148	2.6425862312316895
6566.023731122227	2.587602138519287
6566.094965641307	2.5390877723693848
6566.166200160386	2.497298002243042
6566.237434679466	2.457768678665161
6566.308669198545	2.412670850753784
6566.379903717625	2.3610119819641113
6566.4511382367045	2.3102922439575195
6566.522372755784	2.270244598388672
6566.593607274864	2.2414350509643555
6566.664841793943	2.215651750564575
6566.736076313023	2.1836438179016113
6566.807310832102	2.145059585571289
6566.878545351182	2.1042487621307373
6566.949779870261	2.059983015060425
6567.021014389341	2.0068042278289795
6567.0922489084205	1.9513007402420044
6567.1634834275	1.9068608283996582
6567.23471794658	1.87754225730896
6567.305952465659	1.8515838384628296
6567.377186984739	1.8216010332107544
6567.448421503818	1.7915279865264893
6567.519656022898	1.7689266204833984
6567.590890541977	1.7516882419586182
6567.662125061057	1.7320486307144165
6567.7333595801365	1.7057764530181885
6567.804594099216	1.6757256984710693
6567.875828618296	1.6481810808181763
6567.947063137375	1.626695156097412
6568.018297656455	1.6099756956100464
6568.089532175534	1.5925159454345703
6568.160766694614	1.5688111782073975
6568.232001213693	1.538786768913269
6568.303235732773	1.5091880559921265
6568.3744702518525	1.4883908033370972
6568.445704770932	1.4742658138275146
6568.516939290012	1.4555482864379883
6568.588173809091	1.4258885383605957
6568.659408328171	1.3974499702453613
6568.73064284725	1.380480170249939
6568.80187736633	1.3702973127365112
6568.873111885409	1.356014370918274
6568.944346404489	1.3395133018493652
6569.015580923568	1.3254410028457642
6569.086815442648	1.3165802955627441
6569.158049961728	1.313461422920227
6569.229284480807	1.3103808164596558
6569.300518999887	1.2988524436950684
6569.371753518966	1.2810291051864624
6569.442988038046	1.2680926322937012
6569.514222557125	1.26161789894104
6569.585457076205	1.2540361881256104
6569.656691595284	1.243942141532898
6569.727926114364	1.2376350164413452
6569.7991606334435	1.2361239194869995
6569.870395152523	1.2320064306259155
6569.941629671603	1.2224032878875732
6570.012864190682	1.2130699157714844
6570.084098709762	1.2072067260742188
6570.155333228841	1.198510766029358
6570.226567747921	1.1822136640548706
6570.297802267	1.1639052629470825
6570.36903678608	1.149932861328125
6570.4402713051595	1.1398544311523438
6570.511505824239	1.1327290534973145
6570.582740343319	1.131446123123169
6570.653974862398	1.1282689571380615
6570.725209381478	1.1191761493682861
6570.796443900557	1.1135262250900269
6570.867678419637	1.1196845769882202
6570.938912938716	1.1213819980621338
6571.010147457796	1.1146146059036255
6571.0813819768755	1.1098780632019043
6571.152616495955	1.1107499599456787
6571.223851015035	1.109897255897522
6571.295085534114	1.1059794425964355
6571.366320053194	1.102209210395813
6571.437554572273	1.0963919162750244
6571.508789091353	1.0785372257232666
6571.580023610432	1.0612566471099854
6571.651258129512	1.0531525611877441
6571.7224926485915	1.0459156036376953
6571.793727167671	1.0285550355911255
6571.864961686751	1.012007474899292
6571.93619620583	0.9996559023857117
6572.00743072491	0.9876335859298706
6572.078665243989	0.9761053919792175
6572.149899763069	0.9724141359329224
6572.221134282148	0.9789990782737732
6572.292368801228	0.9935693740844727
6572.363603320307	1.0113857984542847
6572.434837839387	1.025472640991211
6572.506072358467	1.027819275856018
6572.577306877546	1.0184341669082642
6572.648541396626	1.009515404701233
6572.719775915705	1.0107966661453247
6572.791010434785	1.0146315097808838
6572.862244953864	1.011539340019226
6572.933479472944	1.0036174058914185
6573.004713992023	1.0002498626708984
6573.075948511103	1.0017296075820923
6573.1471830301825	1.0002381801605225
6573.218417549262	0.9933326840400696
6573.289652068342	0.9880390763282776
6573.360886587421	0.9912684559822083
6573.432121106501	0.998647153377533
6573.50335562558	1.0009759664535522
6573.57459014466	0.9967855215072632
6573.645824663739	0.9923560619354248
6573.717059182819	0.9920360445976257
6573.7882937018985	0.9950125217437744
6573.859528220978	0.9973423480987549
6573.930762740058	0.9935956597328186
6574.001997259137	0.9868701696395874
6574.073231778217	0.9846154451370239
6574.144466297296	0.9861876964569092
6574.215700816376	0.983649492263794
6574.286935335455	0.9731937646865845
6574.358169854535	0.9579460620880127
6574.4294043736145	0.9417080283164978
6574.500638892694	0.9268988370895386
6574.571873411774	0.914813756942749
6574.643107930853	0.9048495888710022
6574.714342449933	0.8879551887512207
6574.785576969012	0.867185652256012
6574.856811488092	0.8624045252799988
6574.928046007171	0.8810937404632568
6574.999280526251	0.9032906889915466
6575.0705150453305	0.9181022644042969
6575.14174956441	0.9266282916069031
6575.21298408349	0.9273961186408997
6575.284218602569	0.9289597868919373
6575.355453121649	0.9413632154464722
6575.426687640728	0.9541314840316772
6575.497922159808	0.9560202956199646
6575.569156678887	0.953151285648346
6575.640391197967	0.9477714896202087
6575.711625717046	0.9362806677818298
6575.782860236126	0.9235639572143555
6575.854094755206	0.9155022501945496
6575.925329274285	0.9117461442947388
6575.996563793365	0.915562629699707
6576.067798312444	0.9291393756866455
6576.139032831524	0.9427148699760437
6576.210267350603	0.9443543553352356
6576.281501869683	0.9326924681663513
6576.352736388762	0.9165206551551819
6576.423970907842	0.9075836539268494
6576.4952054269215	0.9093361496925354
6576.566439946001	0.9132480621337891
6576.637674465081	0.9127761721611023
6576.70890898416	0.9171140193939209
6576.78014350324	0.9305585026741028
6576.851378022319	0.9383717775344849
6576.922612541399	0.9335168600082397
6576.993847060478	0.9226680397987366
6577.065081579558	0.9145475625991821
6577.1363160986375	0.9119301438331604
6577.207550617717	0.911533772945404
6577.278785136797	0.908805251121521
6577.350019655876	0.9106677174568176
6577.421254174956	0.9242574572563171
6577.492488694035	0.9326397776603699
6577.563723213115	0.9133315682411194
6577.634957732194	0.8919171094894409
6577.706192251274	0.884236216545105
6577.7774267703535	0.8855957388877869
6577.848661289433	0.8847775459289551
6577.919895808513	0.8794276118278503
6577.991130327592	0.8737384080886841
6578.062364846672	0.8741016983985901
6578.133599365751	0.8805171251296997
6578.204833884831	0.8852763772010803
6578.27606840391	0.8851810693740845
6578.34730292299	0.8902284502983093
6578.4185374420695	0.8881897926330566
6578.489771961149	0.8801755905151367
6578.561006480229	0.8816285729408264
6578.632240999308	0.8932756185531616
6578.703475518388	0.896734356880188
6578.774710037467	0.8947085738182068
6578.845944556547	0.8970750570297241
6578.917179075626	0.9011113047599792
6578.988413594706	0.8966338634490967
6579.059648113785	0.8815903067588806
6579.130882632865	0.8708675503730774
6579.202117151945	0.8670364618301392
6579.273351671024	0.8628382086753845
6579.344586190104	0.8644834160804749
6579.415820709183	0.8733208179473877
6579.487055228263	0.882749617099762
6579.558289747342	0.8918153047561646
6579.629524266422	0.899928867816925
6579.700758785501	0.8962031006813049
6579.771993304581	0.8874249458312988
6579.8432278236605	0.8857543468475342
6579.91446234274	0.8859460353851318
6579.98569686182	0.8819780945777893
6580.056931380899	0.8778536915779114
6580.128165899979	0.8670728206634521
6580.199400419058	0.8533276915550232
6580.270634938138	0.8585172891616821
6580.341869457217	0.874487042427063
6580.413103976297	0.8797250986099243
6580.4843384953765	0.874576210975647
6580.555573014456	0.8655951619148254
6580.626807533536	0.8544009327888489
6580.698042052615	0.8476539850234985
6580.769276571695	0.8546215891838074
6580.840511090774	0.871070921421051
6580.911745609854	0.8797791600227356
6580.982980128933	0.8754590749740601
6581.054214648013	0.8751599788665771
6581.1254491670925	0.8873416185379028
6581.196683686172	0.8909373879432678
6581.267918205252	0.8879972100257874
6581.339152724331	0.8875936269760132
6581.410387243411	0.890763521194458
6581.48162176249	0.8834410905838013
6581.55285628157	0.8620888590812683
6581.624090800649	0.8607250452041626
6581.695325319729	0.8703886270523071
6581.7665598388085	0.8685858249664307
6581.837794357888	0.8647268414497375
6581.909028876968	0.869327962398529
6581.980263396047	0.8749391436576843
6582.051497915127	0.8753397464752197
6582.122732434206	0.8736410140991211
6582.193966953286	0.8704017996788025
6582.265201472365	0.8618882298469543
6582.336435991445	0.8486239314079285
6582.407670510524	0.8479518890380859
6582.478905029604	0.8631219863891602
6582.550139548684	0.878774881362915
6582.621374067763	0.8780642151832581
6582.692608586843	0.864479124546051
6582.763843105922	0.8610070943832397
6582.835077625002	0.8594697117805481
6582.906312144081	0.8547729849815369
6582.977546663161	0.8592959642410278
6583.04878118224	0.8599538803100586
6583.12001570132	0.8480570912361145
6583.1912502203995	0.8447459936141968
6583.262484739479	0.8585427403450012
6583.333719258559	0.867928683757782
6583.404953777638	0.8617275953292847
6583.476188296718	0.8459165692329407
6583.547422815797	0.8408068418502808
6583.618657334877	0.8461637496948242
6583.689891853956	0.8604286909103394
6583.761126373036	0.8781585097312927
6583.8323608921155	0.8819102048873901
6583.903595411195	0.8663238883018494
6583.974829930275	0.8476531505584717
6584.046064449354	0.8424736261367798
6584.117298968434	0.8493582606315613
6584.188533487513	0.8586233258247375
6584.259768006593	0.866203784942627
6584.331002525672	0.8728534579277039
6584.402237044752	0.8750873804092407
6584.4734715638315	0.8769179582595825
6584.544706082911	0.8747443556785583
6584.615940601991	0.8608901500701904
6584.68717512107	0.8496469259262085
6584.75840964015	0.8598823547363281
6584.829644159229	0.8743228912353516
6584.900878678309	0.8636376261711121
6584.972113197388	0.8466699123382568
6585.043347716468	0.850466787815094
6585.1145822355475	0.8709450364112854
6585.185816754627	0.8762343525886536
6585.257051273707	0.8624380230903625
6585.328285792786	0.8482133746147156
6585.399520311866	0.8416749238967896
6585.470754830945	0.8442913889884949
6585.541989350025	0.8524650931358337
6585.613223869104	0.8581852316856384
6585.684458388184	0.8538896441459656
6585.755692907263	0.8443755507469177
6585.826927426343	0.8445551991462708
6585.8981619454225	0.8501613140106201
6585.969396464502	0.8494918346405029
6586.040630983582	0.8426349759101868
6586.111865502661	0.8311020135879517
6586.183100021741	0.8154548406600952
6586.25433454082	0.8080779910087585
6586.3255690599	0.805753767490387
6586.396803578979	0.806079089641571
6586.468038098059	0.8153994083404541
6586.5392726171385	0.8329262137413025
6586.610507136218	0.8469744920730591
6586.681741655298	0.8510155081748962
6586.752976174377	0.8521485924720764
6586.824210693457	0.8573567271232605
6586.895445212536	0.8612320423126221
6586.966679731616	0.8569610118865967
6587.037914250695	0.8481270670890808
6587.109148769775	0.8431665301322937
6587.1803832888545	0.8477954864501953
6587.251617807934	0.85774165391922
6587.322852327014	0.861702561378479
6587.394086846093	0.8569530248641968
6587.465321365173	0.8514417409896851
6587.536555884252	0.8430749177932739
6587.607790403332	0.8411710262298584
6587.679024922411	0.8463432192802429
6587.750259441491	0.8482085466384888
6587.8214939605705	0.8422697186470032
6587.89272847965	0.8371211886405945
6587.96396299873	0.8389344215393066
6588.035197517809	0.8340789079666138
6588.106432036889	0.8252726793289185
6588.177666555968	0.8269550800323486
6588.248901075048	0.8355265855789185
6588.320135594127	0.8414860963821411
6588.391370113207	0.8467364311218262
6588.4626046322865	0.8543961048126221
6588.533839151366	0.8599950075149536
6588.605073670446	0.8580234050750732
6588.676308189525	0.8472802639007568
6588.747542708605	0.8425297737121582
6588.818777227684	0.8493354320526123
6588.890011746764	0.8555193543434143
6588.961246265843	0.8562226295471191
6589.032480784923	0.8602614402770996
6589.103715304002	0.8587010502815247
6589.174949823082	0.8523941040039062
6589.2461843421615	0.8491362929344177
6589.317418861241	0.8504267334938049
6589.388653380321	0.8557789325714111
6589.4598878994	0.8676744699478149
6589.53112241848	0.8781517744064331
6589.602356937559	0.8754358291625977
6589.673591456639	0.8651342391967773
6589.744825975718	0.8551806807518005
6589.816060494798	0.8436285853385925
6589.8872950138775	0.833702802658081
6589.958529532957	0.8381233811378479
6590.029764052037	0.8423066139221191
6590.100998571116	0.8397238254547119
6590.172233090196	0.8362229466438293
6590.243467609275	0.833980917930603
6590.314702128355	0.828893780708313
6590.385936647434	0.8188100457191467
6590.457171166514	0.8081340789794922
6590.5284056855935	0.8135707974433899
6590.599640204673	0.8293342590332031
6590.670874723753	0.8434770703315735
6590.742109242832	0.8497546911239624
6590.813343761912	0.8459426760673523
6590.884578280991	0.8373033404350281
6590.955812800071	0.8386597633361816
6591.02704731915	0.8447173833847046
6591.09828183823	0.8370320796966553
6591.1695163573095	0.8246051073074341
6591.240750876389	0.8317121863365173
6591.311985395469	0.8433099389076233
6591.383219914548	0.8472315073013306
6591.454454433628	0.8458431363105774
6591.525688952707	0.8337214589118958
6591.596923471787	0.8206427097320557
6591.668157990866	0.8229565620422363
6591.739392509946	0.8178697824478149
6591.810627029025	0.8253639340400696
6591.881861548105	0.8386584520339966
6591.953096067185	0.8426754474639893
6592.024330586264	0.836921215057373
6592.095565105344	0.8263654708862305
6592.166799624423	0.8129479885101318
6592.238034143503	0.8169736862182617
6592.309268662582	0.8306558728218079
6592.380503181662	0.837185800075531
6592.451737700741	0.833207368850708
6592.522972219821	0.8232357501983643
6592.5942067389005	0.8223961591720581
6592.66544125798	0.8310218453407288
6592.73667577706	0.8445799350738525
6592.807910296139	0.8570332527160645
6592.879144815219	0.8580182194709778
6592.950379334298	0.8422642946243286
6593.021613853378	0.8246806263923645
6593.092848372457	0.8174816370010376
6593.164082891537	0.8130736947059631
6593.2353174106165	0.8038057088851929
6593.306551929696	0.8093698620796204
6593.377786448776	0.8247863054275513
6593.449020967855	0.8392906188964844
6593.520255486935	0.8566852807998657
6593.591490006014	0.8744624853134155
6593.662724525094	0.8675232529640198
6593.733959044173	0.8570970296859741
6593.805193563253	0.8440348505973816
6593.8764280823325	0.8324868083000183
6593.947662601412	0.8266377449035645
6594.018897120492	0.8132400512695312
6594.090131639571	0.8180787563323975
6594.161366158651	0.8372101187705994
6594.23260067773	0.8496461510658264
6594.30383519681	0.846031129360199
6594.375069715889	0.8356642127037048
6594.446304234969	0.8296986222267151
6594.5175387540485	0.8323723673820496
6594.588773273128	0.8386585116386414
6594.660007792208	0.8425379395484924
6594.731242311287	0.8436424136161804
6594.802476830367	0.8329752683639526
6594.873711349446	0.8204906582832336
6594.944945868526	0.8169229626655579
6595.016180387605	0.8218629360198975
6595.087414906685	0.8324630856513977
6595.158649425764	0.8345096111297607
6595.229883944844	0.8291376829147339
6595.301118463924	0.8254361152648926
6595.372352983003	0.8238475322723389
6595.443587502083	0.8187981843948364
6595.514822021162	0.8248831629753113
6595.586056540242	0.8371158242225647
6595.657291059321	0.8393889665603638
6595.728525578401	0.835058867931366
6595.79976009748	0.83327716588974
6595.87099461656	0.8310434818267822
6595.9422291356395	0.8266527056694031
6596.013463654719	0.8268621563911438
6596.084698173799	0.8347266912460327
6596.155932692878	0.8353705406188965
6596.227167211958	0.8261231184005737
6596.298401731037	0.8170768618583679
6596.369636250117	0.8146579265594482
6596.440870769196	0.8153706789016724
6596.512105288276	0.8213306069374084
6596.5833398073555	0.8302958607673645
6596.654574326435	0.8345756530761719
6596.725808845515	0.8349466919898987
6596.797043364594	0.8315813541412354
6596.868277883674	0.8215308785438538
6596.939512402753	0.8068580031394958
6597.010746921833	0.8000568151473999
6597.081981440912	0.8046733140945435
6597.153215959992	0.8104541897773743
6597.2244504790715	0.810987114906311
6597.295684998151	0.8119692206382751
6597.366919517231	0.8116553425788879
6597.43815403631	0.8225885033607483
6597.50938855539	0.835891604423523
6597.580623074469	0.8294840455055237
6597.651857593549	0.8290888071060181
6597.723092112628	0.8294312357902527
6597.794326631708	0.8267706632614136
6597.8655611507875	0.8271728157997131
6597.936795669867	0.8238760232925415
6598.008030188947	0.8318798542022705
6598.079264708026	0.8419612646102905
6598.150499227106	0.8349893093109131
6598.221733746185	0.8265107274055481
6598.292968265265	0.8249821066856384
6598.364202784344	0.8298026919364929
6598.435437303424	0.8326138257980347
6598.506671822503	0.823515772819519
6598.577906341583	0.8162721991539001
6598.649140860663	0.8284114003181458
6598.720375379742	0.8509438037872314
6598.791609898822	0.8436776995658875
6598.862844417901	0.8203723430633545
6598.934078936981	0.8114321231842041
6599.00531345606	0.8212488293647766
6599.07654797514	0.8190756440162659
6599.147782494219	0.8256155252456665
6599.219017013299	0.8329018354415894
6599.2902515323785	0.821639358997345
6599.361486051458	0.818011999130249
6599.432720570538	0.8289744257926941
6599.503955089617	0.8338828682899475
6599.575189608697	0.8220111727714539
6599.646424127776	0.8298975825309753
6599.717658646856	0.8370994329452515
6599.788893165935	0.8342469930648804
6599.860127685015	0.8355463743209839
6599.9313622040945	0.8291215896606445
6600.002596723174	0.8185899257659912
6600.073831242254	0.815112292766571
6600.145065761333	0.8233456015586853
6600.216300280413	0.8336246013641357
6600.287534799492	0.8383765816688538
6600.358769318572	0.8412448763847351
6600.430003837651	0.849263072013855
6600.501238356731	0.8375948667526245
6600.5724728758105	0.8220202922821045
6600.64370739489	0.8236227035522461
6600.71494191397	0.8151074051856995
6600.786176433049	0.8091853857040405
6600.857410952129	0.8182169795036316
6600.928645471208	0.8324183225631714
6600.999879990288	0.829615592956543
6601.071114509367	0.8220298886299133
6601.142349028447	0.8181481957435608
6601.2135835475265	0.8084028959274292
6601.284818066606	0.8201013207435608
6601.356052585686	0.8309349417686462
6601.427287104765	0.8138395547866821
6601.498521623845	0.8077552318572998
6601.569756142924	0.8119041919708252
6601.640990662004	0.8228012323379517
6601.712225181083	0.8411179780960083
6601.783459700163	0.8344237804412842
6601.854694219242	0.8203936219215393
6601.925928738322	0.8198086619377136
6601.997163257402	0.8110330104827881
6602.068397776481	0.8225243091583252
6602.139632295561	0.8408967852592468
6602.21086681464	0.8265662789344788
6602.28210133372	0.8270902633666992
6602.353335852799	0.8358842730522156
6602.424570371879	0.8291553854942322
6602.495804890958	0.8196849822998047
6602.567039410038	0.8072513341903687
6602.6382739291175	0.7997868657112122
6602.709508448197	0.8112382292747498
6602.780742967277	0.8308013677597046
6602.851977486356	0.8425300121307373
6602.923212005436	0.8378549814224243
6602.994446524515	0.8240763545036316
6603.065681043595	0.8201339244842529
6603.136915562674	0.8370158672332764
6603.208150081754	0.8605945110321045
6603.2793846008335	0.840648889541626
6603.350619119913	0.8102655410766602
6603.421853638993	0.8280520439147949
6603.493088158072	0.8430547118186951
6603.564322677152	0.8373987674713135
6603.635557196231	0.8231716156005859
6603.706791715311	0.8170095086097717
6603.77802623439	0.8278602361679077
6603.84926075347	0.8359936475753784
6603.9204952725495	0.8148367404937744
6603.991729791629	0.8151820302009583
6604.062964310709	0.8366944789886475
6604.134198829788	0.8388761878013611
6604.205433348868	0.8226074576377869
6604.276667867947	0.8203366994857788
6604.347902387027	0.8422173857688904
6604.419136906106	0.8393797874450684
6604.490371425186	0.81238853931427
6604.5616059442655	0.7959499359130859
6604.632840463345	0.821240246295929
6604.704074982425	0.8343737125396729
6604.775309501504	0.8204447031021118
6604.846544020584	0.8171424269676208
6604.917778539663	0.8101189732551575
6604.989013058743	0.8012169003486633
6605.060247577822	0.8035876154899597
6605.131482096902	0.8002310395240784
6605.202716615981	0.8037245273590088
6605.273951135061	0.8253605961799622
6605.345185654141	0.8291149735450745
6605.41642017322	0.8189579844474792
6605.4876546923	0.8144107460975647
6605.558889211379	0.8180118203163147
6605.630123730459	0.8240360021591187
6605.701358249538	0.825212299823761
6605.772592768618	0.817443311214447
6605.843827287697	0.8042435050010681
6605.915061806777	0.8016940355300903
6605.9862963258565	0.8260594010353088
6606.057530844936	0.8329126238822937
6606.128765364016	0.8156556487083435
6606.199999883095	0.8189356923103333
6606.271234402175	0.8278800249099731
6606.342468921254	0.8279634118080139
6606.413703440334	0.8244447708129883
6606.484937959413	0.8280472755432129
6606.556172478493	0.8328266739845276
6606.6274069975725	0.825724184513092
6606.698641516652	0.8280575275421143
6606.769876035732	0.8369177579879761
6606.841110554811	0.8290179371833801
6606.912345073891	0.811790943145752
6606.98357959297	0.8082494735717773
6607.05481411205	0.8320457935333252
6607.126048631129	0.842068076133728
6607.197283150209	0.8320730924606323
6607.2685176692885	0.8289552330970764
6607.339752188368	0.835119366645813
6607.410986707448	0.8377504348754883
6607.482221226527	0.8254116177558899
6607.553455745607	0.818821907043457
6607.624690264686	0.7991242408752441
6607.695924783766	0.7699465751647949
6607.767159302845	0.9393812417984009
