6518.69247643	0.11428214866
6518.69247642686	0.0
6518.80675857552	9398.755859375
6518.92104072418	9466.796875
6519.03532287284	9240.416015625
6519.1496050215	9049.2099609375
6519.263887170159	8790.4169921875
6519.378169318819	8476.005859375
6519.492451467479	8459.1396484375
6519.6067336161395	8861.3212890625
6519.7210157648	9258.310546875
6519.83529791346	9449.1259765625
6519.94958006212	9477.0009765625
6520.06386221078	9463.8310546875
6520.17814435944	9446.6767578125
6520.2924265081	9440.263671875
6520.406708656759	9420.4365234375
6520.520990805419	9411.35546875
6520.6352729540795	9388.5107421875
6520.74955510274	9366.7646484375
6520.8638372514	9361.3544921875
6520.97811940006	9350.4521484375
6521.09240154872	9370.6220703125
6521.20668369738	9416.255859375
6521.32096584604	9417.3330078125
6521.4352479947	9387.3037109375
6521.549530143359	9345.7099609375
6521.663812292019	9287.095703125
6521.7780944406795	9239.3310546875
6521.89237658934	9169.958984375
6522.006658738	9101.7958984375
6522.12094088666	9068.748046875
6522.23522303532	9086.701171875
6522.34950518398	9160.4375
6522.46378733264	9242.458984375
6522.578069481299	9285.345703125
6522.692351629959	9299.25
6522.8066337786195	9277.1201171875
6522.92091592728	9231.734375
6523.03519807594	9190.6748046875
6523.1494802246	9123.2490234375
6523.26376237326	9008.609375
6523.37804452192	8946.0751953125
6523.49232667058	8914.9951171875
6523.60660881924	8691.3837890625
6523.720890967899	8326.421875
6523.835173116559	8088.966796875
6523.9494552652195	8318.23046875
6524.06373741388	8838.3017578125
6524.17801956254	9153.251953125
6524.2923017112	9249.7421875
6524.40658385986	9311.3994140625
6524.52086600852	9357.5537109375
6524.63514815718	9362.298828125
6524.749430305839	9361.6337890625
6524.863712454499	9398.861328125
6524.9779946031595	9434.30859375
6525.09227675182	9457.9951171875
6525.20655890048	9500.53125
6525.32084104914	9512.298828125
6525.4351231978	9495.2060546875
6525.54940534646	9480.24609375
6525.66368749512	9430.7001953125
6525.77796964378	9396.9951171875
6525.892251792439	9442.8408203125
6526.006533941099	9507.501953125
6526.1208160897595	9557.736328125
6526.23509823842	9570.96875
6526.34938038708	9593.0615234375
6526.46366253574	9628.9462890625
6526.5779446844	9617.9990234375
6526.69222683306	9629.8193359375
6526.80650898172	9644.609375
6526.92079113038	9613.7373046875
6527.035073279039	9603.1162109375
6527.149355427699	9595.2861328125
6527.2636375763595	9565.1650390625
6527.37791972502	9535.96875
6527.49220187368	9496.6435546875
6527.60648402234	9498.8515625
6527.720766171	9544.845703125
6527.83504831966	9572.0224609375
6527.94933046832	9585.6298828125
6528.063612616979	9573.6875
6528.177894765639	9555.7890625
6528.2921769142995	9577.90625
6528.40645906296	9583.8125
6528.52074121162	9547.7001953125
6528.63502336028	9563.1669921875
6528.74930550894	9601.3251953125
6528.8635876576	9578.3193359375
6528.97786980626	9543.337890625
6529.09215195492	9562.60546875
6529.206434103579	9588.31640625
6529.320716252239	9588.09765625
6529.4349984008995	9558.162109375
6529.54928054956	9541.6767578125
6529.66356269822	9512.7578125
6529.77784484688	9508.3359375
6529.89212699554	9525.26953125
6530.0064091442	9528.9619140625
6530.12069129286	9528.4853515625
6530.23497344152	9520.4482421875
6530.349255590179	9467.26953125
6530.4635377388395	9330.619140625
6530.5778198875	9212.671875
6530.69210203616	9202.388671875
6530.80638418482	9340.095703125
6530.92066633348	9448.7841796875
6531.03494848214	9473.0849609375
6531.1492306308	9477.3623046875
6531.26351277946	9508.931640625
6531.377794928119	9496.2685546875
6531.492077076779	9503.314453125
6531.6063592254395	9515.5751953125
6531.7206413741	9475.4150390625
6531.83492352276	9467.2470703125
6531.94920567142	9424.2861328125
6532.06348782008	9215.962890625
6532.17776996874	8799.451171875
6532.2920521174	8325.119140625
6532.40633426606	8218.3759765625
6532.520616414719	8724.0029296875
6532.6348985633795	9191.37109375
6532.74918071204	9389.6044921875
6532.8634628607	9431.0517578125
6532.97774500936	9464.8779296875
6533.09202715802	9465.4658203125
6533.20630930668	9503.0634765625
6533.32059145534	9531.8291015625
6533.434873604	9498.1455078125
6533.549155752659	9502.4765625
6533.663437901319	9428.1845703125
6533.7777200499795	9253.5341796875
6533.89200219864	8989.251953125
6534.0062843473	8763.0439453125
6534.12056649596	8867.98828125
6534.23484864462	9099.4931640625
6534.34913079328	9256.8193359375
6534.46341294194	9314.619140625
6534.5776950906	9311.7109375
6534.691977239259	9320.373046875
6534.806259387919	9329.3583984375
6534.92054153658	9343.40234375
6535.03482368524	9362.771484375
6535.1491058339	9435.041015625
6535.26338798256	9489.4560546875
6535.37767013122	9503.4150390625
6535.49195227988	9498.265625
6535.60623442854	9508.9482421875
6535.7205165772	9520.970703125
6535.834798725859	9500.0439453125
6535.9490808745195	9488.0537109375
6536.06336302318	9459.7626953125
6536.17764517184	9462.4375
6536.2919273205	9470.0419921875
6536.40620946916	9445.3017578125
6536.52049161782	9328.328125
6536.63477376648	9152.912109375
6536.74905591514	9060.1025390625
6536.863338063799	9210.337890625
6536.977620212459	9442.7177734375
6537.0919023611195	9525.595703125
6537.20618450978	9538.4443359375
6537.32046665844	9522.9873046875
6537.4347488071	9512.4384765625
6537.54903095576	9556.59375
6537.66331310442	9593.1904296875
6537.77759525308	9626.1474609375
6537.89187740174	9644.1796875
6538.006159550399	9617.189453125
6538.1204416990595	9591.7978515625
6538.23472384772	9625.1416015625
6538.34900599638	9642.3359375
6538.46328814504	9597.5419921875
6538.5775702937	9575.8916015625
6538.69185244236	9602.8232421875
6538.80613459102	9605.431640625
6538.92041673968	9589.3193359375
6539.034698888339	9607.6982421875
6539.148981036999	9595.265625
6539.2632631856595	9574.0859375
6539.37754533432	9558.8427734375
6539.49182748298	9535.7080078125
6539.60610963164	9565.330078125
6539.7203917803	9605.3544921875
6539.83467392896	9618.849609375
6539.94895607762	9631.048828125
6540.06323822628	9628.9697265625
6540.177520374939	9583.767578125
6540.2918025235995	9544.6669921875
6540.40608467226	9530.466796875
6540.52036682092	9542.3740234375
6540.63464896958	9608.5
6540.74893111824	9664.208984375
6540.8632132669	9649.3310546875
6540.97749541556	9630.3408203125
6541.09177756422	9682.1474609375
6541.20605971288	9712.4287109375
6541.320341861539	9689.4482421875
6541.4346240101995	9667.3505859375
6541.54890615886	9666.6845703125
6541.66318830752	9689.30859375
6541.77747045618	9668.8154296875
6541.89175260484	9619.1533203125
6542.0060347535	9521.6015625
6542.12031690216	9279.6943359375
6542.23459905082	9053.8154296875
6542.348881199479	9102.69921875
6542.4631633481395	9395.013671875
6542.5774454968	9642.3408203125
6542.69172764546	9711.921875
6542.80600979412	9709.9736328125
6542.92029194278	9705.44921875
6543.03457409144	9724.16796875
6543.1488562401	9767.3134765625
6543.26313838876	9790.8857421875
6543.37742053742	9778.302734375
6543.491702686079	9678.6103515625
6543.6059848347395	9324.9365234375
6543.7202669834	8669.9052734375
6543.83454913206	8060.89111328125
6543.94883128072	8160.30810546875
6544.06311342938	8943.9033203125
6544.17739557804	9625.6318359375
6544.2916777267	9856.5458984375
6544.40595987536	9910.853515625
6544.52024202402	9963.2568359375
6544.634524172679	9989.328125
6544.7488063213395	10004.1328125
6544.86308847	9999.681640625
6544.97737061866	9994.7119140625
6545.09165276732	9999.1064453125
6545.20593491598	10033.1630859375
6545.32021706464	10063.2587890625
6545.4344992133	10031.9423828125
6545.54878136196	9976.412109375
6545.663063510619	9870.4697265625
6545.7773456592795	9813.447265625
6545.89162780794	9952.8828125
6546.0059099566	10125.9931640625
6546.12019210526	10202.4375
6546.23447425392	10225.6025390625
6546.34875640258	10231.4453125
6546.46303855124	10263.0615234375
6546.5773206999	10316.3173828125
6546.69160284856	10324.0537109375
6546.805884997219	10307.080078125
6546.9201671458795	10311.626953125
6547.03444929454	10297.9716796875
6547.1487314432	10304.9931640625
6547.26301359186	10295.94921875
6547.37729574052	10176.8857421875
6547.49157788918	9914.1103515625
6547.60586003784	9612.609375
6547.7201421865	9613.517578125
6547.834424335159	9982.84765625
6547.9487064838195	10324.244140625
6548.06298863248	10441.408203125
6548.17727078114	10386.9443359375
6548.2915529298	10143.2822265625
6548.40583507846	9687.3994140625
6548.52011722712	9171.0546875
6548.63439937578	9110.837890625
6548.74868152444	9678.662109375
6548.8629636731	10273.8974609375
6548.977245821759	10512.7177734375
6549.0915279704195	10533.7978515625
6549.20581011908	10576.5908203125
6549.32009226774	10703.130859375
6549.4343744164	10795.1337890625
6549.54865656506	10821.62109375
6549.66293871372	10866.10546875
6549.77722086238	10900.30859375
6549.89150301104	10892.484375
6550.0057851597	10906.0263671875
6550.1200673083595	10940.8681640625
6550.23434945702	10980.3681640625
6550.34863160568	11030.87109375
6550.46291375434	11099.48828125
6550.577195903	11145.7314453125
6550.69147805166	11162.51953125
6550.80576020032	11178.7861328125
6550.92004234898	11194.0498046875
6551.03432449764	11217.16015625
6551.148606646299	11253.8984375
6551.2628887949595	11295.4013671875
6551.37717094362	11325.966796875
6551.49145309228	11360.1025390625
6551.60573524094	11387.8447265625
6551.7200173896	11360.4384765625
6551.83429953826	11341.931640625
6551.94858168692	11311.6533203125
6552.06286383558	11350.9443359375
6552.17714598424	11414.1201171875
6552.2914281328995	11212.2861328125
6552.40571028156	10658.8720703125
6552.51999243022	10009.421875
6552.63427457888	9877.4599609375
6552.74855672754	10594.2861328125
6552.8628388762	11492.6796875
6552.97712102486	11939.681640625
6553.09140317352	12107.49609375
6553.20568532218	12252.2021484375
6553.31996747084	12342.947265625
6553.4342496194995	12323.025390625
6553.54853176816	12146.955078125
6553.66281391682	11900.8447265625
6553.77709606548	11926.552734375
6553.89137821414	12303.283203125
6554.0056603628	12715.9443359375
6554.11994251146	12949.1494140625
6554.23422466012	13073.6943359375
6554.34850680878	13199.42578125
6554.462788957439	13366.7451171875
6554.5770711060995	13488.0166015625
6554.69135325476	13617.7470703125
6554.80563540342	13801.9921875
6554.91991755208	13942.7109375
6555.03419970074	14087.0693359375
6555.1484818494	14299.814453125
6555.26276399806	14522.24609375
6555.37704614672	14730.7978515625
6555.49132829538	14964.9462890625
6555.6056104440395	15237.0205078125
6555.7198925927	15524.873046875
6555.83417474136	15797.267578125
6555.94845689002	16064.6630859375
6556.06273903868	16385.3515625
6556.17702118734	16736.552734375
6556.291303336	17056.033203125
6556.40558548466	17386.615234375
6556.51986763332	17769.591796875
6556.634149781979	18156.93359375
6556.7484319306395	18437.212890625
6556.8627140793	18490.396484375
6556.97699622796	18292.576171875
6557.09127837662	18188.28125
6557.20556052528	18825.9296875
6557.31984267394	20196.77734375
6557.4341248226	21452.666015625
6557.54840697126	22226.30078125
6557.66268911992	22806.326171875
6557.7769712685795	23298.525390625
6557.89125341724	23660.236328125
6558.0055355659	24026.580078125
6558.11981771456	24715.470703125
6558.23409986322	25861.1875
6558.34838201188	27041.201171875
6558.46266416054	27924.943359375
6558.5769463092	28740.609375
6558.69122845786	29632.673828125
6558.80551060652	30561.25390625
6558.9197927551795	31519.796875
6559.03407490384	32357.107421875
6559.1483570525	33032.90234375
6559.26263920116	33763.3515625
6559.37692134982	34448.7109375
6559.49120349848	34988.44140625
6559.60548564714	35501.50390625
6559.7197677958	35897.95703125
6559.83404994446	36274.33203125
6559.9483320931195	36743.37890625
6560.06261424178	37168.3046875
6560.17689639044	37414.0625
6560.2911785391	37440.21875
6560.40546068776	37564.1015625
6560.51974283642	38404.5078125
6560.63402498508	39917.0078125
6560.74830713374	41246.54296875
6560.8625892824	41952.51171875
6560.97687143106	42298.75
6561.0911535797195	42799.1953125
6561.20543572838	43682.86328125
6561.31971787704	44508.12109375
6561.4340000257	44913.83984375
6561.54828217436	45087.45703125
6561.66256432302	45223.90625
6561.77684647168	45262.1171875
6561.89112862034	45293.33984375
6562.005410769	45359.046875
6562.11969291766	45274.16796875
6562.2339750663195	45101.61328125
6562.34825721498	44947.4921875
6562.46253936364	45075.6484375
6562.5768215123	45491.8046875
6562.69110366096	45803.79296875
6562.80538580962	45964.38671875
6562.91966795828	46005.98046875
6563.03395010694	45868.05078125
6563.1482322556	45369.296875
6563.2625144042595	44366.47265625
6563.37679655292	43035.3046875
6563.49107870158	42025.28125
6563.60536085024	41617.265625
6563.7196429989	41047.26171875
6563.83392514756	39527.890625
6563.94820729622	37165.7734375
6564.06248944488	35034.98828125
6564.17677159354	34516.01953125
6564.2910537422	35737.60546875
6564.4053358908595	37015.46875
6564.51961803952	37316.31640625
6564.63390018818	37026.36328125
6564.74818233684	36500.3046875
6564.8624644855	35925.3515625
6564.97674663416	35279.953125
6565.09102878282	34529.3125
6565.20531093148	33775.1953125
6565.31959308014	32954.984375
6565.4338752287995	32055.44140625
6565.54815737746	31177.416015625
6565.66243952612	30330.583984375
6565.77672167478	29457.076171875
6565.89100382344	28624.3828125
6566.0052859721	27818.435546875
6566.11956812076	26965.318359375
6566.23385026942	26132.17578125
6566.34813241808	25288.625
6566.46241456674	24424.708984375
6566.5766967153995	23721.5625
6566.69097886406	23147.248046875
6566.80526101272	22561.427734375
6566.91954316138	21963.857421875
6567.03382531004	21365.6328125
6567.1481074587	20807.0234375
6567.26238960736	20300.9609375
6567.37667175602	19738.869140625
6567.49095390468	19133.564453125
6567.60523605334	18655.970703125
6567.719518202	18307.26953125
6567.83380035066	17946.666015625
6567.94808249932	17588.34765625
6568.06236464798	17247.62890625
6568.17664679664	16904.75390625
6568.2909289453	16587.4296875
6568.40521109396	16137.4150390625
6568.51949324262	15627.1044921875
6568.63377539128	15174.0048828125
6568.7480575399395	14816.306640625
6568.8623396886	14671.9755859375
6568.97662183726	14677.9091796875
6569.09090398592	14616.658203125
6569.20518613458	14416.6845703125
6569.31946828324	14214.6025390625
6569.4337504319	14042.8642578125
6569.54803258056	13945.2509765625
6569.66231472922	13853.55078125
6569.77659687788	13702.3349609375
6569.89087902654	13546.0830078125
6570.0051611752	13415.8701171875
6570.11944332386	13290.6298828125
6570.23372547252	13136.4091796875
6570.34800762118	12982.4033203125
6570.46228976984	12833.4697265625
6570.5765719185	12657.380859375
6570.69085406716	12557.1337890625
6570.80513621582	12509.0673828125
6570.9194183644795	12409.5146484375
6571.03370051314	12352.1953125
6571.1479826618	12344.62890625
6571.26226481046	12264.333984375
6571.37654695912	12147.18359375
6571.49082910778	12041.68359375
6571.60511125644	11923.0810546875
6571.7193934051	11671.474609375
6571.83367555376	11179.1650390625
6571.94795770242	10584.1552734375
6572.0622398510795	10327.337890625
6572.17652199974	10695.3388671875
6572.2908041484	11206.8515625
6572.40508629706	11443.1728515625
6572.51936844572	11480.6669921875
6572.63365059438	11460.958984375
6572.74793274304	11413.95703125
6572.8622148917	11387.1416015625
6572.97649704036	11346.9248046875
6573.09077918902	11320.6220703125
6573.20506133768	11268.8505859375
6573.31934348634	11175.736328125
6573.433625635	11058.630859375
6573.54790778366	10975.44921875
6573.66218993232	10990.0712890625
6573.77647208098	11005.8896484375
6573.89075422964	10986.4716796875
6574.0050363783	10974.4287109375
6574.11931852696	10941.5908203125
6574.2336006756195	10878.244140625
6574.34788282428	10780.853515625
6574.46216497294	10564.75390625
6574.5764471216	10080.0498046875
6574.69072927026	9390.1474609375
6574.80501141892	8882.2119140625
6574.91929356758	9162.7783203125
6575.03357571624	9934.8115234375
6575.1478578649	10377.1826171875
6575.26214001356	10513.537109375
6575.37642216222	10547.087890625
6575.49070431088	10539.5712890625
6575.60498645954	10513.5947265625
6575.7192686082	10490.103515625
6575.83355075686	10436.337890625
6575.94783290552	10414.5830078125
6576.06211505418	10370.1884765625
6576.17639720284	10313.23046875
6576.2906793515	10264.3115234375
6576.40496150016	10252.546875
6576.51924364882	10290.0830078125
6576.63352579748	10276.701171875
6576.74780794614	10264.0517578125
6576.8620900948	10226.7021484375
6576.97637224346	10180.328125
6577.09065439212	10189.7255859375
6577.20493654078	10169.7314453125
6577.31921868944	10153.00390625
6577.4335008381	10194.611328125
6577.54778298676	10189.8369140625
6577.66206513542	10137.3583984375
6577.77634728408	10135.013671875
6577.89062943274	10147.6923828125
6578.0049115814	10130.0703125
6578.11919373006	10113.9453125
6578.23347587872	10112.7080078125
6578.34775802738	10107.1962890625
6578.46204017604	10107.591796875
6578.5763223247	10087.626953125
6578.69060447336	10063.7431640625
6578.80488662202	10016.6591796875
6578.91916877068	9962.6474609375
6579.03345091934	9945.087890625
6579.147733068	9949.6318359375
6579.26201521666	9967.48828125
6579.37629736532	9990.5712890625
6579.49057951398	9969.94140625
6579.60486166264	9940.88671875
6579.7191438113	9957.5263671875
6579.83342595996	9971.751953125
6579.94770810862	9957.5908203125
6580.06199025728	9936.4267578125
6580.17627240594	9937.189453125
6580.2905545546	9919.6875
6580.40483670326	9852.9296875
6580.51911885192	9740.0703125
6580.63340100058	9562.0068359375
6580.74768314924	9409.5927734375
6580.8619652979	9479.1015625
6580.97624744656	9709.0322265625
6581.09052959522	9852.857421875
6581.20481174388	9887.3662109375
6581.31909389254	9843.501953125
6581.4333760412	9829.927734375
6581.54765818986	9907.8134765625
6581.66194033852	9930.94140625
6581.77622248718	9897.623046875
6581.89050463584	9865.412109375
6582.0047867845	9875.5361328125
6582.11906893316	9867.7177734375
6582.23335108182	9812.123046875
6582.34763323048	9797.0732421875
6582.46191537914	9835.9208984375
6582.5761975278	9843.9306640625
6582.69047967646	9837.6171875
6582.80476182512	9837.171875
6582.91904397378	9825.015625
6583.03332612244	9788.68359375
6583.1476082711	9674.3388671875
6583.26189041976	9569.712890625
6583.37617256842	9529.73046875
6583.49045471708	9504.1259765625
6583.60473686574	9576.8583984375
6583.7190190144	9712.7998046875
6583.83330116306	9793.52734375
6583.94758331172	9801.8388671875
6584.06186546038	9781.1142578125
6584.17614760904	9790.3515625
6584.2904297577	9805.4521484375
6584.40471190636	9782.1220703125
6584.51899405502	9745.3271484375
6584.63327620368	9723.169921875
6584.74755835234	9730.5400390625
6584.861840501	9699.4833984375
6584.97612264966	9661.4169921875
6585.09040479832	9630.310546875
6585.20468694698	9616.4541015625
6585.31896909564	9557.083984375
6585.4332512443	9498.669921875
6585.54753339296	9446.1416015625
6585.66181554162	9435.064453125
6585.77609769028	9431.6123046875
6585.89037983894	9491.8095703125
6586.0046619876	9538.8583984375
6586.11894413626	9493.796875
6586.23322628492	9380.53515625
6586.34750843358	9155.734375
6586.46179058224	8835.2041015625
6586.5760727309	8751.658203125
6586.69035487956	8907.244140625
6586.80463702822	9152.6171875
6586.91891917688	9333.2060546875
6587.03320132554	9446.2890625
6587.1474834742	9517.951171875
6587.26176562286	9565.8837890625
6587.3760477715205	9546.0498046875
6587.49032992018	9548.4951171875
6587.60461206884	9586.9873046875
6587.7188942175	9570.84765625
6587.83317636616	9565.1591796875
6587.94745851482	9539.6611328125
6588.06174066348	9564.3828125
6588.17602281214	9575.740234375
6588.2903049608	9543.912109375
6588.40458710946	9511.625
6588.51886925812	9438.1884765625
6588.63315140678	9432.783203125
6588.74743355544	9470.0283203125
6588.8617157041	9515.6650390625
6588.97599785276	9535.5732421875
6589.09028000142	9551.3388671875
6589.20456215008	9527.205078125
6589.31884429874	9502.5341796875
6589.4331264474	9494.6181640625
6589.54740859606	9507.3505859375
6589.66169074472	9510.3193359375
6589.77597289338	9491.8115234375
6589.89025504204	9493.04296875
6590.0045371907	9497.931640625
6590.11881933936	9490.880859375
6590.23310148802	9488.6845703125
6590.34738363668	9502.630859375
6590.46166578534	9484.0439453125
6590.575947934	9480.6005859375
6590.6902300826605	9480.201171875
6590.80451223132	9463.0439453125
6590.91879437998	9412.87890625
6591.03307652864	9410.3076171875
6591.1473586773	9384.7099609375
6591.26164082596	9328.1787109375
6591.37592297462	9362.4443359375
6591.49020512328	9378.4345703125
6591.60448727194	9376.86328125
6591.7187694206	9403.2861328125
6591.83305156926	9396.4013671875
6591.94733371792	9389.6962890625
6592.06161586658	9400.21484375
6592.17589801524	9377.744140625
6592.2901801639	9364.482421875
6592.40446231256	9351.55859375
6592.51874446122	9346.337890625
6592.63302660988	9382.01171875
6592.74730875854	9365.392578125
6592.8615909072005	9324.21875
6592.97587305586	9282.33984375
6593.09015520452	9206.162109375
6593.20443735318	9208.4013671875
6593.31871950184	9227.5087890625
6593.4330016505	9253.708984375
6593.54728379916	9289.2587890625
6593.66156594782	9312.67578125
6593.77584809648	9346.8056640625
6593.89013024514	9314.7802734375
6594.0044123938005	9303.5654296875
6594.11869454246	9293.203125
6594.23297669112	9193.2900390625
6594.34725883978	9105.951171875
6594.46154098844	9038.9658203125
6594.5758231371	9055.64453125
6594.69010528576	9178.9619140625
6594.80438743442	9274.1318359375
6594.91866958308	9273.642578125
6595.0329517317405	9235.81640625
6595.1472338804	9243.517578125
6595.26151602906	9250.8134765625
6595.37579817772	9240.8818359375
6595.49008032638	9221.98046875
6595.60436247504	9217.703125
6595.7186446237	9198.3974609375
6595.83292677236	9221.498046875
6595.94720892102	9225.4931640625
6596.06149106968	9206.9658203125
6596.1757732183405	9170.513671875
6596.290055367	9148.8662109375
6596.40433751566	9135.333984375
6596.51861966432	9130.900390625
6596.63290181298	9102.9443359375
6596.74718396164	9096.36328125
6596.8614661103	9122.5859375
6596.97574825896	9103.4755859375
6597.09003040762	9060.861328125
6597.2043125562805	9048.189453125
6597.31859470494	9072.943359375
6597.4328768536	9085.54296875
6597.54715900226	9077.966796875
6597.66144115092	9101.3359375
6597.77572329958	9102.5625
6597.89000544824	9092.6630859375
6598.0042875969	9091.4052734375
6598.11856974556	9115.7373046875
6598.23285189422	9112.78125
6598.3471340428805	9141.3984375
6598.46141619154	9154.7509765625
6598.5756983402	9109.1962890625
6598.68998048886	9114.201171875
6598.80426263752	9092.470703125
6598.91854478618	9093.07421875
6599.03282693484	9113.2861328125
6599.1471090835	9065.8203125
6599.26139123216	9011.306640625
6599.37567338082	8800.9951171875
6599.4899555294805	8668.83203125
6599.60423767814	8707.9658203125
6599.7185198268	8801.9150390625
6599.83280197546	8915.0673828125
6599.94708412412	9013.6630859375
6600.06136627278	9078.4365234375
6600.17564842144	9094.53125
6600.2899305701	9110.6884765625
6600.40421271876	9157.9296875
6600.5184948674205	9136.3671875
6600.63277701608	9125.6875
6600.74705916474	9104.8994140625
6600.8613413134	9150.615234375
6600.97562346206	9125.552734375
6601.08990561072	9138.173828125
6601.20418775938	9167.94140625
6601.31846990804	9171.4228515625
6601.4327520567	9133.73828125
6601.54703420536	9091.66796875
6601.6613163540205	9080.8095703125
6601.77559850268	9109.0498046875
6601.88988065134	9095.060546875
6602.0041628	9043.0107421875
6602.11844494866	8980.9013671875
6602.23272709732	8879.716796875
6602.34700924598	8848.8447265625
6602.46129139464	8884.814453125
6602.5755735433	8944.537109375
6602.6898556919605	9025.5478515625
6602.80413784062	9035.720703125
6602.91841998928	9052.4091796875
6603.03270213794	8987.220703125
6603.1469842866	9013.5
6603.26126643526	9052.9140625
6603.37554858392	9029.8984375
6603.48983073258	9015.236328125
6603.60411288124	9021.3212890625
6603.7183950299	9009.5126953125
6603.8326771785605	9006.3701171875
6603.94695932722	9009.1181640625
6604.06124147588	8989.966796875
6604.17552362454	8983.2978515625
6604.2898057732	8995.0595703125
6604.40408792186	9024.7236328125
6604.51837007052	9024.359375
6604.63265221918	9037.6630859375
6604.74693436784	9063.130859375
6604.8612165165005	9100.728515625
6604.975498665161	9084.9609375
6605.08978081382	9137.4091796875
6605.20406296248	9141.662109375
6605.31834511114	8987.1484375
6605.4326272598	8865.61328125
