6506.6998291	0.06774902
6506.69982910156	0.9528620839118958
6506.767578121559	0.9504181742668152
6506.83532714156	0.9606293439865112
6506.9030761615595	0.9546062350273132
6506.97082518156	0.9591443538665771
6507.03857420156	0.961396336555481
6507.10632322156	0.9525455832481384
6507.17407224156	0.9573620557785034
6507.241821261559	0.9570867419242859
6507.30957028156	0.951858639717102
6507.3773193015595	0.9580995440483093
6507.44506832156	0.9550201892852783
6507.51281734156	0.9490700960159302
6507.58056636156	0.9483380913734436
6507.64831538156	0.9507969617843628
6507.716064401559	0.9541181921958923
6507.78381342156	0.9542604684829712
6507.8515624415595	0.9601919651031494
6507.91931146156	0.9639187455177307
6507.98706048156	0.9617894887924194
6508.05480950156	0.9609100818634033
6508.12255852156	0.9573431611061096
6508.190307541559	0.95037841796875
6508.25805656156	0.9485809206962585
6508.3258055815595	0.941891074180603
6508.39355460156	0.9340007901191711
6508.46130362156	0.9278751015663147
6508.52905264156	0.914223313331604
6508.59680166156	0.9190861582756042
6508.664550681559	0.9292075634002686
6508.73229970156	0.9434418082237244
6508.8000487215595	0.9558275938034058
6508.86779774156	0.9621369242668152
6508.93554676156	0.9629268050193787
6509.00329578156	0.9628873467445374
6509.07104480156	0.9674354195594788
6509.138793821559	0.9680619239807129
6509.20654284156	0.9649913311004639
6509.2742918615595	0.960365355014801
6509.34204088156	0.9612290859222412
6509.40978990156	0.9674632549285889
6509.47753892156	0.9658433794975281
6509.54528794156	0.9640235900878906
6509.613036961559	0.9629307389259338
6509.68078598156	0.9591764211654663
6509.7485350015595	0.959775984287262
6509.81628402156	0.9595199823379517
6509.88403304156	0.9645031094551086
6509.95178206156	0.9641128778457642
6510.01953108156	0.9589080214500427
6510.087280101559	0.9600917100906372
6510.15502912156	0.9643588662147522
6510.2227781415595	0.9623693227767944
6510.29052716156	0.9634004235267639
6510.35827618156	0.9635033011436462
6510.42602520156	0.9629680514335632
6510.49377422156	0.9599879384040833
6510.561523241559	0.9627649188041687
6510.62927226156	0.9677749276161194
6510.6970212815595	0.9621798396110535
6510.76477030156	0.9629011154174805
6510.83251932156	0.9640350937843323
6510.90026834156	0.9660004377365112
6510.96801736156	0.9677609801292419
6511.035766381559	0.9649217128753662
6511.10351540156	0.9656689167022705
6511.1712644215595	0.9633024334907532
6511.23901344156	0.9652163982391357
6511.30676246156	0.969781756401062
6511.37451148156	0.9646366238594055
6511.44226050156	0.971036970615387
6511.510009521559	0.9765871167182922
6511.57775854156	0.9752964377403259
6511.6455075615595	0.9703401327133179
6511.71325658156	0.9610282778739929
6511.78100560156	0.9617280960083008
6511.84875462156	0.9500980377197266
6511.91650364156	0.9459242224693298
6511.984252661559	0.9446266293525696
6512.05200168156	0.9399223923683167
6512.1197507015595	0.9445163607597351
6512.18749972156	0.9513123035430908
6512.25524874156	0.954491138458252
6512.32299776156	0.9701094031333923
6512.39074678156	0.977878212928772
6512.458495801559	0.9843651652336121
6512.52624482156	0.9924778938293457
6512.5939938415595	0.9944239258766174
6512.66174286156	0.9937304854393005
6512.72949188156	0.993636965751648
6512.79724090156	0.9987360835075378
6512.86498992156	1.0006935596466064
6512.932738941559	0.9973409175872803
6513.00048796156	1.0011134147644043
6513.0682369815595	1.0041664838790894
6513.13598600156	1.0012669563293457
6513.20373502156	1.002928376197815
6513.27148404156	1.0101419687271118
6513.33923306156	1.0047575235366821
6513.406982081559	1.0083792209625244
6513.47473110156	1.0074950456619263
6513.5424801215595	1.0015103816986084
6513.61022914156	1.00425386428833
6513.67797816156	1.007092833518982
6513.74572718156	1.010443091392517
6513.81347620156	1.0173994302749634
6513.881225221559	1.0135313272476196
6513.94897424156	1.0106488466262817
6514.0167232615595	1.006471872329712
6514.08447228156	0.9960243701934814
6514.15222130156	0.9927599430084229
6514.21997032156	0.9863386750221252
6514.28771934156	0.9832075238227844
6514.355468361559	0.9781227707862854
6514.42321738156	0.9709585905075073
6514.4909664015595	0.959886372089386
6514.55871542156	0.9382445812225342
6514.62646444156	0.914465069770813
6514.69421346156	0.9030629396438599
6514.76196248156	0.9088082909584045
6514.829711501559	0.931731104850769
6514.89746052156	0.9686093330383301
6514.9652095415595	0.9885716438293457
6515.03295856156	0.995779275894165
6515.10070758156	1.0030112266540527
6515.16845660156	1.003790020942688
6515.23620562156	1.0027841329574585
6515.303954641559	1.0075207948684692
6515.37170366156	0.9961404800415039
6515.4394526815595	0.9992635250091553
6515.50720170156	0.9938735961914062
6515.57495072156	0.9861231446266174
6515.64269974156	0.9813094735145569
6515.71044876156	0.9692184925079346
6515.778197781559	0.9652758240699768
6515.84594680156	0.9618456363677979
6515.9136958215595	0.9655646681785583
6515.98144484156	0.975801944732666
6516.04919386156	0.9858832955360413
6516.11694288156	0.9894651174545288
6516.18469190156	0.9767947793006897
6516.252440921559	0.9540075659751892
6516.32018994156	0.9291161298751831
6516.3879389615595	0.8935481309890747
6516.45568798156	0.859089732170105
6516.52343700156	0.8401476144790649
6516.59118602156	0.8404674530029297
6516.65893504156	0.8661279678344727
6516.726684061559	0.9038951396942139
6516.79443308156	0.9404876232147217
6516.8621821015595	0.9615676403045654
6516.92993112156	0.9642248749732971
6516.99768014156	0.960944414138794
6517.06542916156	0.9599340558052063
6517.13317818156	0.9616711735725403
6517.200927201559	0.973350465297699
6517.26867622156	0.9928105473518372
6517.3364252415595	1.005731463432312
6517.40417426156	1.010816216468811
6517.47192328156	1.0112338066101074
6517.53967230156	1.0075430870056152
6517.60742132156	1.0107060670852661
6517.675170341559	1.0068780183792114
6517.74291936156	1.0017691850662231
6517.8106683815595	0.9954051971435547
6517.87841740156	0.9876073002815247
6517.94616642156	0.9852046370506287
6518.01391544156	0.987183153629303
6518.08166446156	0.9846780896186829
6518.149413481559	0.9969106316566467
6518.21716250156	1.0137516260147095
6518.2849115215595	1.0183162689208984
6518.35266054156	1.0192806720733643
6518.42040956156	1.020180583000183
6518.48815858156	1.0185191631317139
6518.55590760156	1.0155787467956543
6518.623656621559	1.0121920108795166
6518.69140564156	1.0103095769882202
6518.7591546615595	1.0130354166030884
6518.82690368156	1.0076847076416016
6518.89465270156	1.0072813034057617
6518.96240172156	1.0064127445220947
6519.03015074156	0.9998752474784851
6519.097899761559	0.9886088967323303
6519.16564878156	0.9811527729034424
6519.2333978015595	0.9695523977279663
6519.30114682156	0.9674796462059021
6519.36889584156	0.9492005109786987
6519.43664486156	0.9462267160415649
6519.50439388156	0.9489649534225464
6519.572142901559	0.9619548320770264
6519.63989192156	0.9751623868942261
6519.7076409415595	0.9920063018798828
6519.77538996156	1.001137614250183
6519.84313898156	0.9982554912567139
6519.91088800156	0.9985429048538208
6519.97863702156	0.9951103329658508
6520.046386041559	0.9915957450866699
6520.11413506156	0.9972459673881531
6520.1818840815595	0.9955848455429077
6520.24963310156	0.9938573837280273
6520.31738212156	0.9927626252174377
6520.38513114156	0.9931875467300415
6520.45288016156	0.9965153932571411
6520.520629181559	0.9936150908470154
6520.58837820156	0.9937336444854736
6520.6561272215595	0.989966630935669
6520.72387624156	0.9859945178031921
6520.79162526156	0.9903059601783752
6520.85937428156	0.9921779632568359
6520.92712330156	0.9909359216690063
6520.994872321559	0.9928660988807678
6521.06262134156	0.9876137971878052
6521.1303703615595	0.9865059852600098
6521.19811938156	0.9922420382499695
6521.26586840156	0.9827468395233154
6521.33361742156	0.9850423336029053
6521.40136644156	0.9902859926223755
6521.469115461559	0.9889180064201355
6521.53686448156	0.9872239828109741
6521.6046135015595	0.981652557849884
6521.67236252156	0.9796081781387329
6521.74011154156	0.9790366291999817
6521.80786056156	0.9813665151596069
6521.87560958156	0.9749279618263245
6521.943358601559	0.9726041555404663
6522.01110762156	0.9687510132789612
6522.0788566415595	0.9790033102035522
6522.14660566156	0.9774163961410522
6522.21435468156	0.9716547131538391
6522.28210370156	0.9765805006027222
6522.34985272156	0.975078821182251
6522.417601741559	0.9842382073402405
6522.48535076156	0.9876424670219421
6522.5530997815595	0.9770750403404236
6522.62084880156	0.984370768070221
6522.68859782156	0.9917600750923157
6522.75634684156	0.9875463247299194
6522.82409586156	0.9843541979789734
6522.891844881559	0.9860383868217468
6522.95959390156	0.987018883228302
6523.0273429215595	0.9849722981452942
6523.09509194156	0.9768900275230408
6523.16284096156	0.9748060703277588
6523.23058998156	0.9750722050666809
6523.29833900156	0.9683451652526855
6523.366088021559	0.9739782214164734
6523.43383704156	0.9650799632072449
6523.5015860615595	0.9627978205680847
6523.56933508156	0.9582321047782898
6523.63708410156	0.9447245597839355
6523.70483312156	0.9302913546562195
6523.77258214156	0.9244328141212463
6523.840331161559	0.9172453284263611
6523.90808018156	0.93026202917099
6523.9758292015595	0.9459413290023804
6524.04357822156	0.9548946619033813
6524.11132724156	0.9724839329719543
6524.17907626156	0.9863250851631165
6524.24682528156	0.9857949018478394
6524.314574301559	0.9813687801361084
6524.38232332156	0.9856113195419312
6524.4500723415595	0.9907976984977722
6524.51782136156	0.9930872321128845
6524.58557038156	0.9891753792762756
6524.65331940156	0.9847936034202576
6524.72106842156	0.9872696995735168
6524.788817441559	0.9878496527671814
6524.85656646156	0.9900428652763367
6524.9243154815595	0.992743194103241
6524.99206450156	0.9925561547279358
6525.05981352156	0.9920382499694824
6525.12756254156	0.9924572110176086
6525.19531156156	0.9935643076896667
6525.263060581559	0.9914166331291199
6525.33080960156	0.992203950881958
6525.3985586215595	0.9859870672225952
6525.46630764156	0.9898070096969604
6525.53405666156	0.9913928508758545
6525.60180568156	0.9866383671760559
6525.66955470156	0.9890838861465454
6525.737303721559	0.9866387248039246
6525.80505274156	0.9868052005767822
6525.8728017615595	0.9867168068885803
6525.94055078156	0.9890854358673096
6526.00829980156	0.9923468232154846
6526.07604882156	0.9924358129501343
6526.14379784156	0.9927580952644348
6526.211546861559	0.995373547077179
6526.27929588156	0.995559573173523
6526.3470449015595	0.9919865727424622
6526.41479392156	0.9979283809661865
6526.48254294156	0.9948717355728149
6526.55029196156	0.9959690570831299
6526.61804098156	0.9957667589187622
6526.685790001559	0.9941740036010742
6526.75353902156	0.997404158115387
6526.8212880415595	0.9976972341537476
6526.88903706156	0.9949723482131958
6526.95678608156	0.9952384829521179
6527.02453510156	1.001238226890564
6527.09228412156	1.0011347532272339
6527.160033141559	0.998515784740448
6527.22778216156	0.9988035559654236
6527.295531181559	0.9948702454566956
6527.36328020156	0.9938293099403381
6527.43102922156	0.9970640540122986
6527.49877824156	0.9940286874771118
6527.56652726156	0.9901184439659119
6527.634276281559	0.9948316812515259
6527.70202530156	0.9957127571105957
6527.769774321559	1.0036625862121582
6527.83752334156	0.9922369122505188
6527.90527236156	1.0016438961029053
6527.97302138156	1.001403570175171
6528.04077040156	1.0008366107940674
6528.108519421559	1.0003383159637451
6528.17626844156	0.999156653881073
6528.244017461559	1.006648302078247
6528.31176648156	1.0016810894012451
6528.37951550156	0.9983051419258118
6528.44726452156	1.001525640487671
6528.51501354156	1.0063031911849976
6528.582762561559	1.0015406608581543
6528.65051158156	1.0029830932617188
6528.718260601559	1.0033859014511108
6528.78600962156	1.0016573667526245
6528.85375864156	1.0024657249450684
6528.92150766156	1.0031070709228516
6528.98925668156	0.9993987083435059
6529.057005701559	1.0031019449234009
6529.12475472156	1.0014971494674683
6529.192503741559	1.0013858079910278
6529.26025276156	1.0072561502456665
6529.32800178156	1.0038857460021973
6529.39575080156	1.0022320747375488
6529.46349982156	1.0050790309906006
6529.531248841559	1.0086348056793213
6529.59899786156	1.0069903135299683
6529.666746881559	1.0117018222808838
6529.73449590156	1.0164130926132202
6529.80224492156	1.005894660949707
6529.86999394156	1.0037816762924194
6529.93774296156	1.000231385231018
6530.005491981559	1.0090042352676392
6530.07324100156	1.0074193477630615
6530.140990021559	1.0049903392791748
6530.20873904156	1.0085608959197998
6530.27648806156	1.0029464960098267
6530.34423708156	0.995021641254425
6530.41198610156	0.9956117272377014
6530.479735121559	0.99659264087677
6530.54748414156	0.9974499344825745
6530.615233161559	0.99269038438797
6530.68298218156	0.9930999875068665
6530.75073120156	0.9992570877075195
6530.81848022156	1.005190134048462
6530.88622924156	1.001146674156189
6530.953978261559	1.0042204856872559
6531.02172728156	1.0050134658813477
6531.089476301559	1.0079208612442017
6531.15722532156	1.0117443799972534
6531.22497434156	1.0140583515167236
6531.29272336156	1.0125648975372314
6531.36047238156	1.0045503377914429
6531.428221401559	1.0046920776367188
6531.49597042156	1.009676456451416
6531.563719441559	1.0068336725234985
6531.63146846156	1.009002685546875
6531.69921748156	1.0145947933197021
6531.76696650156	1.0168123245239258
6531.83471552156	1.0087437629699707
6531.902464541559	1.0023386478424072
6531.97021356156	1.0053942203521729
6532.037962581559	0.9959217309951782
6532.10571160156	0.9844970703125
6532.17346062156	0.9668121933937073
6532.24120964156	0.9483828544616699
6532.30895866156	0.9420069456100464
6532.376707681559	0.9487428069114685
6532.44445670156	0.955151379108429
6532.512205721559	0.9662608504295349
6532.57995474156	0.9897919297218323
6532.64770376156	0.9958522319793701
6532.71545278156	1.0092930793762207
6532.78320180156	1.003705620765686
6532.850950821559	1.0106260776519775
6532.91869984156	1.0125349760055542
6532.986448861559	1.0159101486206055
6533.05419788156	1.0084493160247803
6533.12194690156	1.0154540538787842
6533.18969592156	1.0132174491882324
6533.25744494156	1.0116678476333618
6533.325193961559	1.009001612663269
6533.39294298156	1.0117619037628174
6533.460692001559	1.0149624347686768
6533.52844102156	1.0139610767364502
6533.59619004156	1.0158733129501343
6533.66393906156	1.0115764141082764
6533.73168808156	1.0041370391845703
6533.799437101559	0.9991516470909119
6533.86718612156	0.990601122379303
6533.934935141559	0.9890668392181396
6534.00268416156	0.9844362735748291
6534.07043318156	0.983169674873352
6534.13818220156	0.9858952760696411
6534.20593122156	0.9994548559188843
6534.273680241559	1.0112406015396118
6534.34142926156	1.00885009765625
6534.409178281559	1.00737726688385
6534.47692730156	1.0097378492355347
6534.54467632156	1.009962558746338
6534.61242534156	1.0115505456924438
6534.68017436156	1.0141630172729492
6534.747923381559	1.0129365921020508
6534.81567240156	1.0171127319335938
6534.883421421559	1.014634370803833
6534.95117044156	1.0161434412002563
6535.01891946156	1.0145243406295776
6535.08666848156	1.020512342453003
6535.15441750156	1.0226008892059326
6535.22216652156	1.0243359804153442
6535.28991554156	1.0215191841125488
6535.357664561559	1.0250775814056396
6535.42541358156	1.0302667617797852
6535.49316260156	1.0240654945373535
6535.56091162156	1.0276281833648682
6535.62866064156	1.0308150053024292
6535.696409661559	1.0394753217697144
6535.76415868156	1.029305338859558
6535.831907701559	1.0280814170837402
6535.89965672156	1.0267322063446045
6535.96740574156	1.0287684202194214
6536.03515476156	1.0263843536376953
6536.10290378156	1.0245141983032227
6536.17065280156	1.0257542133331299
6536.23840182156	1.0279651880264282
6536.306150841559	1.0285636186599731
6536.37389986156	1.0281203985214233
6536.44164888156	1.0223114490509033
6536.50939790156	1.0152788162231445
6536.57714692156	1.0122982263565063
6536.64489594156	1.0098358392715454
6536.71264496156	1.007583498954773
6536.780393981559	1.0112082958221436
6536.84814300156	1.012703776359558
6536.91589202156	1.0200756788253784
6536.98364104156	1.0287628173828125
6537.05139006156	1.0311721563339233
6537.11913908156	1.0303912162780762
6537.18688810156	1.0258033275604248
6537.254637121559	1.027185082435608
6537.32238614156	1.0331573486328125
6537.39013516156	1.0361454486846924
6537.45788418156	1.0349209308624268
6537.52563320156	1.0327272415161133
6537.59338222156	1.0359187126159668
6537.66113124156	1.0359508991241455
6537.728880261559	1.0352568626403809
6537.79662928156	1.0379116535186768
6537.86437830156	1.037689447402954
6537.93212732156	1.0379382371902466
6537.99987634156	1.0380619764328003
6538.06762536156	1.0370248556137085
6538.13537438156	1.039623737335205
6538.203123401559	1.041737675666809
6538.27087242156	1.0421172380447388
6538.33862144156	1.0408382415771484
6538.40637046156	1.036995768547058
6538.47411948156	1.0437551736831665
6538.54186850156	1.0355563163757324
6538.60961752156	1.0404549837112427
6538.677366541559	1.044145941734314
6538.74511556156	1.0449739694595337
6538.81286458156	1.037697196006775
6538.88061360156	1.0435012578964233
6538.94836262156	1.0482709407806396
6539.01611164156	1.0464200973510742
6539.08386066156	1.0501700639724731
6539.151609681559	1.0495221614837646
6539.21935870156	1.043203592300415
6539.28710772156	1.0424891710281372
6539.35485674156	1.047040581703186
6539.42260576156	1.0418328046798706
6539.49035478156	1.0406136512756348
6539.55810380156	1.0437002182006836
6539.625852821559	1.0411165952682495
6539.69360184156	1.045688271522522
6539.76135086156	1.0506608486175537
6539.82909988156	1.0459105968475342
6539.89684890156	1.0472619533538818
6539.96459792156	1.0509051084518433
6540.03234694156	1.0513205528259277
6540.100095961559	1.0579166412353516
6540.16784498156	1.0572589635849
6540.23559400156	1.0515402555465698
6540.30334302156	1.0524815320968628
6540.37109204156	1.0511795282363892
6540.43884106156	1.0470850467681885
6540.50659008156	1.0506045818328857
6540.574339101559	1.0540331602096558
6540.64208812156	1.0519444942474365
6540.70983714156	1.0592451095581055
6540.77758616156	1.057242512702942
6540.84533518156	1.0580414533615112
6540.91308420156	1.0570098161697388
6540.98083322156	1.0591424703598022
6541.048582241559	1.056680679321289
6541.11633126156	1.0598031282424927
6541.18408028156	1.0602846145629883
6541.25182930156	1.0621150732040405
6541.31957832156	1.0655261278152466
6541.38732734156	1.0606111288070679
6541.45507636156	1.0668754577636719
6541.522825381559	1.0634405612945557
6541.59057440156	1.0670932531356812
6541.6583234215595	1.065496563911438
6541.72607244156	1.0643246173858643
6541.79382146156	1.0682257413864136
6541.86157048156	1.0599031448364258
6541.92931950156	1.069199562072754
6541.997068521559	1.0561648607254028
6542.06481754156	1.0480178594589233
6542.1325665615595	1.0468732118606567
6542.20031558156	1.0460381507873535
6542.26806460156	1.0393390655517578
6542.33581362156	1.0447654724121094
6542.40356264156	1.0484652519226074
6542.471311661559	1.0540616512298584
6542.53906068156	1.0610811710357666
6542.6068097015595	1.0705535411834717
6542.67455872156	1.0806231498718262
6542.74230774156	1.0711390972137451
6542.81005676156	1.0686731338500977
6542.87780578156	1.0730808973312378
6542.945554801559	1.0734294652938843
6543.01330382156	1.0785704851150513
6543.0810528415595	1.0740399360656738
6543.14880186156	1.073706030845642
6543.21655088156	1.077772855758667
6543.28429990156	1.0794895887374878
6543.35204892156	1.0811522006988525
6543.419797941559	1.0780799388885498
6543.48754696156	1.074724555015564
6543.5552959815595	1.0663212537765503
6543.62304500156	1.0478357076644897
6543.69079402156	1.025024175643921
6543.75854304156	1.010548710823059
6543.82629206156	1.0037927627563477
6543.894041081559	0.9966722130775452
6543.96179010156	0.9950311183929443
6544.0295391215595	1.0121954679489136
6544.09728814156	1.038409948348999
6544.16503716156	1.0602785348892212
6544.23278618156	1.079332709312439
6544.30053520156	1.0796105861663818
6544.368284221559	1.0951526165008545
6544.43603324156	1.0908033847808838
6544.5037822615595	1.0946308374404907
6544.57153128156	1.0885179042816162
6544.63928030156	1.0944453477859497
6544.70702932156	1.0930343866348267
6544.77477834156	1.097170352935791
6544.842527361559	1.0969101190567017
6544.91027638156	1.098129153251648
6544.9780254015595	1.0975967645645142
6545.04577442156	1.0925430059432983
6545.11352344156	1.0944005250930786
6545.18127246156	1.103068232536316
6545.24902148156	1.1002775430679321
6545.316770501559	1.104055643081665
6545.38451952156	1.0998797416687012
6545.4522685415595	1.097357153892517
6545.52001756156	1.0999393463134766
6545.58776658156	1.0958787202835083
6545.65551560156	1.0917571783065796
6545.72326462156	1.0919917821884155
6545.791013641559	1.0952178239822388
6545.85876266156	1.0959964990615845
6545.9265116815595	1.103285789489746
6545.99426070156	1.10548734664917
6546.06200972156	1.1149159669876099
6546.12975874156	1.110444188117981
6546.19750776156	1.1078896522521973
6546.265256781559	1.1132872104644775
6546.33300580156	1.1200436353683472
6546.4007548215595	1.1181341409683228
6546.46850384156	1.1228615045547485
6546.53625286156	1.121885895729065
6546.60400188156	1.1237808465957642
6546.67175090156	1.1232283115386963
6546.739499921559	1.1249682903289795
6546.80724894156	1.1280455589294434
6546.8749979615595	1.1257795095443726
6546.94274698156	1.1252530813217163
6547.01049600156	1.1306184530258179
6547.07824502156	1.1335797309875488
6547.14599404156	1.1294015645980835
6547.213743061559	1.131251573562622
6547.28149208156	1.128747582435608
6547.3492411015595	1.1285455226898193
6547.41699012156	1.118104100227356
6547.48473914156	1.1045639514923096
6547.55248816156	1.1011004447937012
6547.62023718156	1.0996822118759155
6547.687986201559	1.0974369049072266
6547.75573522156	1.1011170148849487
6547.8234842415595	1.1070799827575684
6547.89123326156	1.1232154369354248
6547.95898228156	1.1353741884231567
6548.02673130156	1.1408705711364746
6548.09448032156	1.1430890560150146
6548.162229341559	1.145137906074524
6548.22997836156	1.1425591707229614
6548.2977273815595	1.1413755416870117
6548.36547640156	1.116554617881775
6548.43322542156	1.1006245613098145
6548.50097444156	1.0970864295959473
6548.56872346156	1.0890084505081177
6548.636472481559	1.0805535316467285
6548.70422150156	1.096406102180481
6548.7719705215595	1.1073365211486816
6548.83971954156	1.1299763917922974
6548.90746856156	1.141801357269287
6548.97521758156	1.1621301174163818
6549.04296660156	1.1641795635223389
6549.110715621559	1.1689584255218506
6549.17846464156	1.1750801801681519
6549.2462136615595	1.1648364067077637
6549.31396268156	1.1825497150421143
6549.38171170156	1.1827064752578735
6549.44946072156	1.1833539009094238
6549.51720974156	1.1840169429779053
6549.584958761559	1.1891920566558838
6549.65270778156	1.191443920135498
6549.7204568015595	1.1926766633987427
6549.78820582156	1.1957086324691772
6549.85595484156	1.2001349925994873
6549.92370386156	1.1958458423614502
6549.99145288156	1.1986912488937378
6550.059201901559	1.205543041229248
6550.12695092156	1.202284574508667
6550.1946999415595	1.2051390409469604
6550.26244896156	1.2043777704238892
6550.33019798156	1.212612509727478
6550.39794700156	1.2155935764312744
6550.46569602156	1.2198855876922607
6550.533445041559	1.2238930463790894
6550.60119406156	1.2197338342666626
6550.6689430815595	1.216626524925232
6550.73669210156	1.2153756618499756
6550.80444112156	1.2237030267715454
6550.87219014156	1.230738878250122
6550.93993916156	1.2346525192260742
6551.007688181559	1.2377195358276367
6551.07543720156	1.2387633323669434
6551.1431862215595	1.242595911026001
6551.21093524156	1.244041919708252
6551.27868426156	1.2442702054977417
6551.34643328156	1.2498860359191895
6551.41418230156	1.253937005996704
6551.481931321559	1.2520039081573486
6551.54968034156	1.2534972429275513
6551.6174293615595	1.2556028366088867
6551.68517838156	1.2650004625320435
6551.75292740156	1.2561919689178467
6551.82067642156	1.261847972869873
6551.88842544156	1.2662290334701538
6551.956174461559	1.265307068824768
6552.02392348156	1.274939775466919
6552.0916725015595	1.2722358703613281
6552.15942152156	1.2743480205535889
6552.22717054156	1.2757935523986816
6552.29491956156	1.2579710483551025
6552.36266858156	1.245741367340088
6552.430417601559	1.2332823276519775
6552.49816662156	1.224264144897461
6552.5659156415595	1.2154779434204102
6552.63366466156	1.2220345735549927
6552.70141368156	1.215577483177185
6552.76916270156	1.2431840896606445
6552.83691172156	1.2795029878616333
6552.904660741559	1.3017672300338745
6552.97240976156	1.3276982307434082
6553.0401587815595	1.3306070566177368
6553.10790780156	1.345808982849121
6553.17565682156	1.3512661457061768
6553.24340584156	1.3619948625564575
6553.31115486156	1.3656142950057983
6553.378903881559	1.3627146482467651
6553.44665290156	1.3647781610488892
6553.5144019215595	1.3631092309951782
6553.58215094156	1.3646079301834106
6553.64989996156	1.3634287118911743
6553.71764898156	1.36971914768219
6553.78539800156	1.3755277395248413
6553.853147021559	1.3796911239624023
6553.92089604156	1.400498867034912
6553.9886450615595	1.400111198425293
6554.05639408156	1.417227029800415
6554.12414310156	1.4183753728866577
6554.19189212156	1.4328197240829468
6554.25964114156	1.4414840936660767
6554.327390161559	1.452308177947998
6554.39513918156	1.4596220254898071
6554.4628882015595	1.472823977470398
6554.53063722156	1.4767677783966064
6554.59838624156	1.4808393716812134
6554.66613526156	1.497214674949646
6554.73388428156	1.5074697732925415
6554.801633301559	1.511352300643921
6554.86938232156	1.5218868255615234
6554.9371313415595	1.5312974452972412
6555.00488036156	1.5403639078140259
6555.07262938156	1.5546958446502686
6555.14037840156	1.5642516613006592
6555.20812742156	1.5754414796829224
6555.275876441559	1.58546781539917
6555.34362546156	1.595247745513916
6555.4113744815595	1.6155527830123901
6555.47912350156	1.6303424835205078
6555.54687252156	1.6402616500854492
6555.61462154156	1.6557692289352417
6555.68237056156	1.6686313152313232
6555.750119581559	1.682200312614441
6555.81786860156	1.6983773708343506
6555.8856176215595	1.716115117073059
6555.95336664156	1.730779767036438
6556.02111566156	1.7539148330688477
6556.08886468156	1.7695518732070923
6556.15661370156	1.779219388961792
6556.224362721559	1.8044517040252686
6556.29211174156	1.8210541009902954
6556.3598607615595	1.8421550989151
6556.42760978156	1.8635197877883911
6556.49535880156	1.890434980392456
6556.56310782156	1.9088321924209595
6556.63085684156	1.925644874572754
6556.698605861559	1.945132851600647
6556.76635488156	1.9686009883880615
6556.8341039015595	1.9791432619094849
6556.90185292156	1.9814426898956299
6556.96960194156	1.9902442693710327
6557.03735096156	2.018842935562134
6557.10509998156	2.0412557125091553
6557.172849001559	2.06526780128479
6557.24059802156	2.098968744277954
6557.3083470415595	2.1446030139923096
6557.37609606156	2.2012441158294678
6557.44384508156	2.24605655670166
6557.51159410156	2.296787977218628
6557.57934312156	2.337913751602173
6557.647092141559	2.368579387664795
6557.71484116156	2.409416437149048
6557.7825901815595	2.4498136043548584
6557.85033920156	2.4880309104919434
6557.91808822156	2.5067808628082275
6557.98583724156	2.552150249481201
6558.05358626156	2.596374988555908
6558.121335281559	2.6498935222625732
6558.18908430156	2.692378282546997
6558.2568333215595	2.739114761352539
6558.32458234156	2.794522762298584
6558.39233136156	2.8639090061187744
6558.46008038156	2.9252240657806396
6558.52782940156	2.9794349670410156
6558.595578421559	3.038027763366699
6558.66332744156	3.088900566101074
6558.7310764615595	3.151207447052002
6558.79882548156	3.211420774459839
6558.86657450156	3.2849419116973877
6558.93432352156	3.3380472660064697
6559.00207254156	3.412968873977661
6559.069821561559	3.483485698699951
6559.13757058156	3.5445611476898193
6559.2053196015595	3.6030876636505127
6559.27306862156	3.652808904647827
6559.34081764156	3.7250819206237793
6559.40856666156	3.782477378845215
6559.47631568156	3.8369743824005127
6559.544064701559	3.89030385017395
6559.61181372156	3.9658737182617188
6559.6795627415595	4.016786098480225
6559.74731176156	4.057538032531738
6559.81506078156	4.108985900878906
6559.88280980156	4.167132377624512
6559.95055882156	4.220773220062256
6560.018307841559	4.256848335266113
6560.08605686156	4.286963939666748
6560.1538058815595	4.307764530181885
6560.22155490156	4.336859703063965
6560.28930392156	4.34342098236084
6560.35705294156	4.354467391967773
6560.42480196156	4.371064186096191
6560.492550981559	4.398955345153809
6560.56030000156	4.450904846191406
6560.6280490215595	4.485639572143555
6560.69579804156	4.556417942047119
6560.76354706156	4.610692501068115
6560.83129608156	4.6570234298706055
6560.89904510156	4.711892604827881
6560.966794121559	4.745968341827393
6561.03454314156	4.821590900421143
6561.1022921615595	4.890612602233887
6561.17004118156	4.965531349182129
6561.23779020156	5.054694652557373
6561.30553922156	5.118032932281494
6561.37328824156	5.212286472320557
6561.441037261559	5.280874252319336
6561.50878628156	5.327413558959961
6561.5765353015595	5.35575008392334
6561.64428432156	5.405696868896484
6561.71203334156	5.439696311950684
6561.77978236156	5.462912082672119
6561.84753138156	5.462033748626709
6561.915280401559	5.49153995513916
6561.98302942156	5.484482288360596
6562.0507784415595	5.484836101531982
6562.11852746156	5.497506618499756
6562.18627648156	5.503281593322754
6562.25402550156	5.505238056182861
6562.32177452156	5.507918357849121
6562.389523541559	5.515227317810059
6562.45727256156	5.513896942138672
6562.5250215815595	5.518003940582275
6562.59277060156	5.548788070678711
6562.66051962156	5.550014495849609
6562.72826864156	5.576375484466553
6562.79601766156	5.5711870193481445
6562.863766681559	5.593052387237549
6562.93151570156	5.610208988189697
6562.9992647215595	5.609802722930908
6563.06701374156	5.61132287979126
6563.13476276156	5.591788291931152
6563.20251178156	5.578780651092529
6563.27026080156	5.5622453689575195
6563.338009821559	5.55405855178833
6563.40575884156	5.538515567779541
6563.4735078615595	5.530248165130615
6563.54125688156	5.511326313018799
6563.60900590156	5.495757579803467
6563.67675492156	5.482861518859863
6563.74450394156	5.423092365264893
6563.812252961559	5.332304000854492
6563.88000198156	5.239772796630859
6563.9477510015595	5.117405414581299
6564.01550002156	5.016423225402832
6564.08324904156	4.930590629577637
6564.15099806156	4.835591793060303
6564.21874708156	4.773573398590088
6564.286496101559	4.735042572021484
6564.35424512156	4.7024946212768555
6564.4219941415595	4.705190181732178
6564.48974316156	4.696672439575195
6564.55749218156	4.676146030426025
6564.62524120156	4.651872634887695
6564.69299022156	4.602255821228027
6564.760739241559	4.555058479309082
6564.82848826156	4.5421528816223145
6564.8962372815595	4.508432865142822
6564.96398630156	4.474293231964111
6565.03173532156	4.445785999298096
6565.09948434156	4.404687881469727
6565.16723336156	4.381474018096924
6565.234982381559	4.338637351989746
6565.30273140156	4.275716781616211
6565.3704804215595	4.239717483520508
6565.43822944156	4.195974826812744
6565.50597846156	4.129654884338379
6565.57372748156	4.065545082092285
6565.64147650156	4.003208160400391
6565.709225521559	3.9422812461853027
6565.77697454156	3.876997470855713
6565.8447235615595	3.806286334991455
6565.91247258156	3.7458372116088867
6565.98022160156	3.682947874069214
6566.04797062156	3.6167171001434326
6566.11571964156	3.5625007152557373
6566.183468661559	3.4957518577575684
6566.25121768156	3.4203526973724365
6566.3189667015595	3.348761558532715
6566.38671572156	3.2865476608276367
6566.45446474156	3.2345566749572754
6566.52221376156	3.1711878776550293
6566.58996278156	3.108717203140259
6566.657711801559	3.0508482456207275
6566.72546082156	3.0050010681152344
6566.7932098415595	2.9539308547973633
6566.86095886156	2.9036977291107178
6566.92870788156	2.856794595718384
6566.99645690156	2.799375534057617
6567.06420592156	2.7537670135498047
6567.131954941559	2.7025208473205566
6567.19970396156	2.65712308883667
6567.2674529815595	2.6037487983703613
6567.33520200156	2.5576107501983643
6567.40295102156	2.5193004608154297
6567.47070004156	2.477515697479248
6567.53844906156	2.4316117763519287
6567.606198081559	2.3871796131134033
6567.67394710156	2.3579676151275635
6567.7416961215595	2.3109145164489746
6567.80944514156	2.2818527221679688
6567.87719416156	2.249433994293213
6567.94494318156	2.215517997741699
6568.01269220156	2.1871132850646973
6568.080441221559	2.1616334915161133
6568.14819024156	2.1272881031036377
6568.2159392615595	2.0960590839385986
6568.28368828156	2.072722911834717
6568.35143730156	2.0405759811401367
6568.41918632156	2.0091464519500732
6568.48693534156	1.9693000316619873
6568.554684361559	1.9387017488479614
6568.62243338156	1.9158134460449219
6568.6901824015595	1.8905388116836548
6568.75793142156	1.8577266931533813
6568.82568044156	1.8423093557357788
6568.89342946156	1.8283052444458008
6568.96117848156	1.8091177940368652
6569.028927501559	1.7997204065322876
6569.09667652156	1.7820543050765991
6569.1644255415595	1.7708146572113037
6569.23217456156	1.748147964477539
6569.29992358156	1.7337323427200317
6569.36767260156	1.720360517501831
6569.43542162156	1.7075676918029785
6569.503170641559	1.6890194416046143
6569.57091966156	1.6810775995254517
6569.6386686815595	1.6705759763717651
6569.70641770156	1.6592885255813599
6569.77416672156	1.6355645656585693
6569.84191574156	1.6302618980407715
6569.90966476156	1.619947910308838
6569.977413781559	1.6091426610946655
6570.04516280156	1.602129340171814
6570.1129118215595	1.5896435976028442
6570.18066084156	1.571263074874878
6570.24840986156	1.5666394233703613
6570.31615888156	1.54721999168396
6570.38390790156	1.5420035123825073
6570.451656921559	1.5254197120666504
6570.51940594156	1.5210493803024292
6570.5871549615595	1.511841058731079
6570.65490398156	1.4996771812438965
6570.72265300156	1.4894869327545166
6570.79040202156	1.4755277633666992
6570.85815104156	1.4778246879577637
6570.925900061559	1.4699612855911255
6570.99364908156	1.4544599056243896
6571.0613981015595	1.4445273876190186
6571.12914712156	1.4452848434448242
6571.19689614156	1.4372951984405518
6571.26464516156	1.426622748374939
6571.33239418156	1.4224591255187988
6571.400143201559	1.4250324964523315
6571.46789222156	1.4148048162460327
6571.5356412415595	1.405737280845642
6571.60339026156	1.3929818868637085
6571.67113928156	1.3889716863632202
6571.73888830156	1.3691461086273193
6571.80663732156	1.3405283689498901
6571.874386341559	1.3480730056762695
6571.94213536156	1.3311831951141357
6572.0098843815595	1.3014013767242432
6572.07763340156	1.296082615852356
6572.14538242156	1.293541431427002
6572.21313144156	1.2983765602111816
6572.28088046156	1.3082700967788696
6572.348629481559	1.3191839456558228
6572.41637850156	1.3258116245269775
6572.4841275215595	1.3291714191436768
6572.55187654156	1.32948899269104
6572.61962556156	1.3251755237579346
6572.68737458156	1.3208186626434326
6572.75512360156	1.3162238597869873
6572.822872621559	1.310499668121338
6572.89062164156	1.3032402992248535
6572.9583706615595	1.3028225898742676
6573.02611968156	1.3023910522460938
6573.09386870156	1.300055980682373
6573.16161772156	1.296706199645996
6573.22936674156	1.2857109308242798
6573.297115761559	1.282867431640625
6573.36486478156	1.2815158367156982
6573.4326138015595	1.278150200843811
6573.50036282156	1.2742321491241455
6573.56811184156	1.268658995628357
6573.63586086156	1.2675148248672485
6573.70360988156	1.2668739557266235
6573.771358901559	1.2651971578598022
6573.83910792156	1.2589999437332153
6573.906856941559	1.2582474946975708
6573.97460596156	1.2565587759017944
6574.04235498156	1.2588399648666382
6574.11010400156	1.2539379596710205
6574.17785302156	1.2509411573410034
6574.245602041559	1.2444524765014648
6574.31335106156	1.2375407218933105
6574.381100081559	1.240160346031189
6574.44884910156	1.2355619668960571
6574.51659812156	1.217456579208374
6574.58434714156	1.1974189281463623
6574.65209616156	1.1737477779388428
6574.719845181559	1.164341926574707
6574.78759420156	1.154895544052124
6574.855343221559	1.1467616558074951
6574.92309224156	1.1459112167358398
6574.99084126156	1.1562961339950562
6575.05859028156	1.1710480451583862
6575.12633930156	1.1834439039230347
6575.194088321559	1.1973098516464233
6575.26183734156	1.2073895931243896
6575.329586361559	1.2041707038879395
6575.39733538156	1.2070866823196411
6575.46508440156	1.2048139572143555
6575.53283342156	1.2069735527038574
6575.60058244156	1.1973086595535278
6575.668331461559	1.1961286067962646
6575.73608048156	1.2010611295700073
6575.803829501559	1.2038049697875977
6575.87157852156	1.2062625885009766
6575.93932754156	1.1973927021026611
6576.00707656156	1.1958246231079102
6576.07482558156	1.1933132410049438
6576.142574601559	1.192860722541809
6576.21032362156	1.18720281124115
6576.278072641559	1.1753431558609009
6576.34582166156	1.1758509874343872
6576.41357068156	1.1787059307098389
6576.48131970156	1.181307077407837
6576.54906872156	1.1720350980758667
6576.616817741559	1.1794089078903198
6576.68456676156	1.174358606338501
6576.752315781559	1.1763099431991577
6576.82006480156	1.1859312057495117
6576.88781382156	1.1692492961883545
6576.95556284156	1.1725962162017822
6577.02331186156	1.1651426553726196
6577.091060881559	1.173567533493042
6577.15880990156	1.1662815809249878
6577.226558921559	1.1649582386016846
6577.29430794156	1.1657168865203857
6577.36205696156	1.1536402702331543
6577.42980598156	1.159387230873108
6577.49755500156	1.1576969623565674
6577.565304021559	1.159131646156311
6577.63305304156	1.1461613178253174
6577.700802061559	1.1569675207138062
6577.76855108156	1.1551318168640137
6577.83630010156	1.1489160060882568
6577.90404912156	1.1450014114379883
6577.97179814156	1.1505603790283203
6578.039547161559	1.1519778966903687
6578.10729618156	1.1423615217208862
6578.175045201559	1.152222990989685
6578.24279422156	1.1504344940185547
6578.31054324156	1.1459453105926514
6578.37829226156	1.1463791131973267
6578.44604128156	1.145143985748291
6578.513790301559	1.137056827545166
6578.58153932156	1.1372723579406738
6578.649288341559	1.1386418342590332
6578.71703736156	1.1365379095077515
6578.78478638156	1.1354678869247437
6578.85253540156	1.1366746425628662
6578.92028442156	1.140223741531372
6578.988033441559	1.1337413787841797
6579.05578246156	1.1340168714523315
6579.123531481559	1.1314071416854858
6579.19128050156	1.1365222930908203
6579.25902952156	1.135563611984253
6579.32677854156	1.139809012413025
6579.39452756156	1.138379693031311
6579.462276581559	1.1314412355422974
6579.53002560156	1.1349798440933228
6579.597774621559	1.1284644603729248
6579.66552364156	1.128741979598999
6579.73327266156	1.1282825469970703
6579.80102168156	1.128591775894165
6579.86877070156	1.1236474514007568
6579.936519721559	1.1233857870101929
6580.00426874156	1.1236940622329712
6580.072017761559	1.1176939010620117
6580.13976678156	1.1253336668014526
6580.20751580156	1.1288273334503174
6580.27526482156	1.1195707321166992
6580.34301384156	1.124669075012207
6580.410762861559	1.1271905899047852
6580.47851188156	1.1170097589492798
6580.546260901559	1.1070654392242432
6580.61400992156	1.1000127792358398
6580.68175894156	1.0942695140838623
6580.74950796156	1.0958387851715088
6580.81725698156	1.0971461534500122
6580.885006001559	1.0954898595809937
6580.95275502156	1.0909405946731567
6581.020504041559	1.0998551845550537
6581.08825306156	1.1078593730926514
6581.15600208156	1.1109485626220703
6581.22375110156	1.1160939931869507
6581.29150012156	1.111380934715271
6581.359249141559	1.1121413707733154
6581.42699816156	1.1155108213424683
6581.494747181559	1.1125167608261108
6581.56249620156	1.1121269464492798
6581.63024522156	1.1137235164642334
6581.69799424156	1.1158760786056519
6581.76574326156	1.1163575649261475
6581.833492281559	1.112586259841919
6581.90124130156	1.1105459928512573
6581.968990321559	1.1061538457870483
6582.03673934156	1.1077567338943481
6582.10448836156	1.1093592643737793
6582.17223738156	1.1089303493499756
6582.23998640156	1.1111010313034058
6582.307735421559	1.1052467823028564
6582.37548444156	1.1042841672897339
6582.443233461559	1.1092634201049805
6582.51098248156	1.111626148223877
6582.57873150156	1.1056015491485596
6582.64648052156	1.1046909093856812
6582.71422954156	1.1057254076004028
6582.781978561559	1.1054456233978271
6582.84972758156	1.111580729484558
6582.917476601559	1.1107896566390991
6582.98522562156	1.1087007522583008
6583.05297464156	1.106873631477356
6583.12072366156	1.1031162738800049
6583.18847268156	1.095748782157898
6583.256221701559	1.0937836170196533
6583.32397072156	1.089901089668274
6583.391719741559	1.0878156423568726
6583.45946876156	1.094124436378479
6583.52721778156	1.0927218198776245
6583.59496680156	1.0954159498214722
6583.66271582156	1.1033648252487183
6583.730464841559	1.0978238582611084
6583.79821386156	1.1021194458007812
6583.865962881559	1.1032196283340454
6583.93371190156	1.1106503009796143
6584.00146092156	1.1047630310058594
6584.06920994156	1.1030787229537964
6584.13695896156	1.1025444269180298
6584.204707981559	1.1053365468978882
6584.27245700156	1.100220799446106
6584.340206021559	1.1064527034759521
6584.40795504156	1.101775884628296
6584.47570406156	1.1074203252792358
6584.54345308156	1.101093053817749
6584.61120210156	1.098986268043518
6584.678951121559	1.1043765544891357
6584.74670014156	1.1036289930343628
6584.814449161559	1.1028670072555542
6584.88219818156	1.0921348333358765
6584.94994720156	1.0959537029266357
6585.01769622156	1.0987796783447266
6585.08544524156	1.0907319784164429
6585.153194261559	1.088515281677246
6585.22094328156	1.0917404890060425
6585.288692301559	1.093360185623169
6585.35644132156	1.0918835401535034
6585.42419034156	1.0904827117919922
6585.49193936156	1.0892913341522217
6585.55968838156	1.0864437818527222
6585.627437401559	1.0831636190414429
6585.69518642156	1.0792593955993652
6585.762935441559	1.0849591493606567
6585.83068446156	1.08082115650177
6585.89843348156	1.0853259563446045
6585.96618250156	1.0856096744537354
6586.03393152156	1.0890052318572998
6586.101680541559	1.0862598419189453
6586.16942956156	1.081163763999939
6586.237178581559	1.0792981386184692
6586.30492760156	1.0671800374984741
6586.37267662156	1.0609031915664673
6586.44042564156	1.060219645500183
6586.50817466156	1.0518516302108765
6586.575923681559	1.0521007776260376
6586.64367270156	1.0551413297653198
6586.711421721559	1.0621260404586792
6586.77917074156	1.065053105354309
6586.84691976156	1.0667510032653809
6586.91466878156	1.071495532989502
6586.98241780156	1.0783305168151855
6587.050166821559	1.085546612739563
6587.11791584156	1.0810332298278809
6587.185664861559	1.0870329141616821
6587.25341388156	1.0854274034500122
6587.32116290156	1.0833262205123901
6587.38891192156	1.0846877098083496
6587.45666094156	1.088084101676941
6587.524409961559	1.0812410116195679
6587.59215898156	1.0824235677719116
6587.659908001559	1.0823020935058594
6587.72765702156	1.077138066291809
6587.7954060415595	1.0816988945007324
6587.86315506156	1.0806041955947876
6587.93090408156	1.0756977796554565
6587.998653101559	1.0814014673233032
6588.06640212156	1.078834056854248
6588.134151141559	1.0806248188018799
6588.20190016156	1.085278868675232
6588.2696491815595	1.0780223608016968
6588.33739820156	1.0799709558486938
6588.40514722156	1.0778510570526123
6588.472896241559	1.0777363777160645
6588.54064526156	1.0772217512130737
6588.608394281559	1.0831735134124756
6588.67614330156	1.0738635063171387
6588.7438923215595	1.0798391103744507
6588.81164134156	1.0728273391723633
6588.87939036156	1.0773284435272217
6588.947139381559	1.083116054534912
6589.01488840156	1.082671046257019
6589.082637421559	1.0767056941986084
6589.15038644156	1.0772449970245361
6589.2181354615595	1.0792564153671265
6589.28588448156	1.0827686786651611
6589.35363350156	1.080709457397461
6589.421382521559	1.0838674306869507
6589.48913154156	1.0842998027801514
6589.556880561559	1.0804411172866821
6589.62462958156	1.0819097757339478
6589.6923786015595	1.0818766355514526
6589.76012762156	1.0808820724487305
6589.82787664156	1.0737464427947998
6589.89562566156	1.0775545835494995
6589.96337468156	1.0745903253555298
6590.031123701559	1.073506474494934
6590.09887272156	1.0725141763687134
6590.1666217415595	1.0743595361709595
6590.23437076156	1.0727144479751587
6590.30211978156	1.0694001913070679
6590.369868801559	1.0713878870010376
6590.43761782156	1.073051929473877
6590.505366841559	1.0733582973480225
6590.57311586156	1.0731151103973389
6590.6408648815595	1.0681047439575195
6590.70861390156	1.0688796043395996
6590.77636292156	1.0677226781845093
6590.84411194156	1.068817377090454
6590.91186096156	1.0651860237121582
6590.979609981559	1.0645626783370972
6591.04735900156	1.0639363527297974
6591.1151080215595	1.0624185800552368
6591.18285704156	1.0573636293411255
6591.25060606156	1.059131383895874
6591.318355081559	1.0606571435928345
6591.38610410156	1.0637930631637573
6591.453853121559	1.0641117095947266
6591.52160214156	1.0630747079849243
6591.5893511615595	1.0634154081344604
6591.65710018156	1.0557233095169067
6591.72484920156	1.0623506307601929
6591.79259822156	1.066648006439209
6591.86034724156	1.063069462776184
6591.928096261559	1.0570567846298218
6591.99584528156	1.057998538017273
6592.0635943015595	1.0606704950332642
6592.13134332156	1.0582789182662964
6592.19909234156	1.054773211479187
6592.266841361559	1.058049201965332
6592.33459038156	1.0556414127349854
6592.402339401559	1.055816411972046
6592.47008842156	1.0493488311767578
6592.5378374415595	1.054381251335144
6592.60558646156	1.0557440519332886
6592.67333548156	1.0559487342834473
6592.74108450156	1.06003999710083
6592.80883352156	1.0550166368484497
6592.876582541559	1.0527355670928955
6592.94433156156	1.056539535522461
6593.0120805815595	1.0577878952026367
6593.07982960156	1.0561790466308594
6593.14757862156	1.0446583032608032
6593.215327641559	1.0707056522369385
6593.28307666156	1.0684845447540283
6593.350825681559	1.0469136238098145
6593.41857470156	1.0513904094696045
6593.4863237215595	1.0492334365844727
6593.55407274156	1.0502432584762573
6593.62182176156	1.0524309873580933
6593.68957078156	1.0555182695388794
6593.75731980156	1.054566502571106
6593.825068821559	1.0574991703033447
6593.89281784156	1.058154582977295
6593.9605668615595	1.0543617010116577
6594.02831588156	1.0549241304397583
6594.09606490156	1.0535838603973389
6594.163813921559	1.0529085397720337
6594.23156294156	1.051939606666565
6594.299311961559	1.048190712928772
6594.36706098156	1.0431784391403198
6594.4348100015595	1.0426198244094849
6594.50255902156	1.0445609092712402
6594.57030804156	1.0432183742523193
6594.63805706156	1.047290325164795
6594.70580608156	1.0479542016983032
6594.773555101559	1.0515843629837036
6594.84130412156	1.0563334226608276
6594.9090531415595	1.052262544631958
6594.97680216156	1.055763840675354
6595.04455118156	1.054342269897461
6595.112300201559	1.0530951023101807
6595.18004922156	1.0571460723876953
6595.247798241559	1.0580109357833862
6595.31554726156	1.0503673553466797
6595.3832962815595	1.0535255670547485
6595.45104530156	1.054134726524353
6595.51879432156	1.04716956615448
6595.58654334156	1.0504069328308105
6595.65429236156	1.0519152879714966
6595.722041381559	1.0570014715194702
6595.78979040156	1.0572043657302856
6595.8575394215595	1.0544512271881104
6595.92528844156	1.053889274597168
6595.99303746156	1.0535989999771118
6596.06078648156	1.0466476678848267
6596.12853550156	1.0510811805725098
6596.196284521559	1.051634430885315
6596.26403354156	1.0517468452453613
6596.3317825615595	1.051455020904541
6596.39953158156	1.0491529703140259
6596.46728060156	1.049904465675354
6596.53502962156	1.0504958629608154
6596.60277864156	1.0499094724655151
6596.670527661559	1.052120327949524
6596.73827668156	1.0517059564590454
6596.8060257015595	1.0500057935714722
6596.87377472156	1.0476360321044922
6596.94152374156	1.0451998710632324
6597.00927276156	1.0465056896209717
6597.07702178156	1.0460855960845947
6597.144770801559	1.045905351638794
6597.21251982156	1.0514380931854248
6597.2802688415595	1.0480436086654663
6597.34801786156	1.0499300956726074
6597.41576688156	1.0499043464660645
6597.48351590156	1.0482592582702637
6597.55126492156	1.0538077354431152
6597.619013941559	1.0476953983306885
6597.68676296156	1.0488523244857788
6597.7545119815595	1.0448507070541382
6597.82226100156	1.0482245683670044
6597.89001002156	1.0605639219284058
6597.95775904156	1.0691787004470825
6598.02550806156	1.0460753440856934
6598.093257081559	1.0536738634109497
6598.16100610156	1.048815369606018
6598.2287551215595	1.053597331047058
6598.29650414156	1.054322361946106
6598.36425316156	1.0480117797851562
6598.43200218156	1.0487046241760254
6598.49975120156	1.0444813966751099
6598.567500221559	1.0411018133163452
6598.63524924156	1.052790641784668
6598.7029982615595	1.047979474067688
6598.77074728156	1.042906403541565
6598.83849630156	1.0438978672027588
6598.90624532156	1.0420550107955933
6598.97399434156	1.0460388660430908
6599.041743361559	1.0398048162460327
6599.10949238156	1.0443480014801025
6599.1772414015595	1.036035180091858
6599.24499042156	1.0317882299423218
6599.31273944156	1.0268406867980957
6599.38048846156	1.0260298252105713
6599.44823748156	1.02843177318573
6599.515986501559	1.0343295335769653
6599.58373552156	1.0340490341186523
6599.6514845415595	1.0420371294021606
6599.71923356156	1.045892596244812
6599.78698258156	1.0495558977127075
6599.85473160156	1.0404706001281738
6599.92248062156	1.044615626335144
6599.990229641559	1.0473155975341797
6600.05797866156	1.0468170642852783
6600.1257276815595	1.0450928211212158
6600.19347670156	1.0388435125350952
6600.26122572156	1.0405470132827759
6600.32897474156	1.0497479438781738
6600.39672376156	1.0440462827682495
6600.464472781559	1.0456013679504395
6600.53222180156	1.0518755912780762
6600.5999708215595	1.0485321283340454
6600.66771984156	1.0448238849639893
6600.73546886156	1.0481252670288086
6600.80321788156	1.0481185913085938
6600.87096690156	1.0452789068222046
6600.938715921559	1.0476499795913696
6601.00646494156	1.0505224466323853
6601.0742139615595	1.044922113418579
6601.14196298156	1.0422435998916626
6601.20971200156	1.0451624393463135
6601.27746102156	1.0397043228149414
6601.34521004156	1.0422675609588623
6601.412959061559	1.0473119020462036
6601.48070808156	1.0372428894042969
6601.5484571015595	1.0439865589141846
6601.61620612156	1.0432182550430298
6601.68395514156	1.0478127002716064
6601.75170416156	1.0413099527359009
6601.81945318156	1.0407263040542603
6601.887202201559	1.039557933807373
6601.95495122156	1.0356801748275757
6602.0227002415595	1.0417650938034058
6602.09044926156	1.0351821184158325
6602.15819828156	1.038088083267212
6602.22594730156	1.035747766494751
6602.29369632156	1.030508041381836
6602.361445341559	1.0270317792892456
6602.42919436156	1.034033179283142
6602.4969433815595	1.0320513248443604
6602.56469240156	1.0353705883026123
6602.63244142156	1.040162444114685
6602.70019044156	1.040135145187378
6602.76793946156	1.0404638051986694
6602.835688481559	1.0402166843414307
6602.90343750156	1.0463865995407104
6602.9711865215595	1.0411792993545532
6603.03893554156	1.0429693460464478
6603.10668456156	1.043668270111084
6603.17443358156	1.039763331413269
6603.24218260156	1.0439207553863525
6603.309931621559	1.0416089296340942
6603.37768064156	1.0408650636672974
6603.4454296615595	1.039096713066101
6603.51317868156	1.0341731309890747
6603.58092770156	1.0372601747512817
6603.64867672156	1.0412575006484985
6603.71642574156	1.0381364822387695
6603.784174761559	1.0405309200286865
6603.85192378156	1.0348474979400635
6603.9196728015595	1.0419105291366577
6603.98742182156	1.0359058380126953
6604.05517084156	1.0401819944381714
6604.12291986156	1.037199854850769
6604.19066888156	1.040709137916565
6604.258417901559	1.0378700494766235
6604.32616692156	1.0380092859268188
6604.3939159415595	1.0411744117736816
6604.46166496156	1.0435309410095215
6604.52941398156	1.0434376001358032
6604.59716300156	1.0422263145446777
6604.66491202156	1.035544991493225
6604.732661041559	1.0402028560638428
6604.80041006156	1.0277923345565796
6604.8681590815595	1.0514583587646484
6604.93590810156	1.0390223264694214
6605.00365712156	1.0300756692886353
6605.07140614156	1.0391855239868164
6605.13915516156	1.0293066501617432
6605.206904181559	1.0348784923553467
6605.27465320156	1.033310890197754
6605.3424022215595	1.0334845781326294
6605.41015124156	1.0298014879226685
6605.47790026156	1.0267184972763062
6605.54564928156	1.0313657522201538
6605.61339830156	1.0242278575897217
6605.681147321559	1.0202914476394653
6605.74889634156	1.028087854385376
6605.8166453615595	1.024770736694336
6605.88439438156	1.0303117036819458
6605.95214340156	1.0311168432235718
6606.01989242156	1.0241789817810059
6606.08764144156	1.0309882164001465
6606.155390461559	1.0326695442199707
6606.22313948156	1.0305708646774292
6606.2908885015595	1.0339033603668213
6606.35863752156	1.0370951890945435
6606.42638654156	1.0349390506744385
6606.49413556156	1.0338547229766846
6606.56188458156	1.0383250713348389
6606.629633601559	1.0340379476547241
6606.69738262156	1.0300136804580688
6606.7651316415595	1.036453127861023
6606.83288066156	1.0355623960494995
6606.90062968156	1.0337634086608887
6606.96837870156	1.0307800769805908
6607.03612772156	1.0301077365875244
6607.103876741559	1.032407522201538
6607.17162576156	1.0326569080352783
6607.2393747815595	1.0321201086044312
6607.30712380156	1.0291085243225098
6607.37487282156	1.0319772958755493
6607.44262184156	1.034786343574524
6607.51037086156	1.030566930770874
6607.578119881559	1.030356526374817
6607.64586890156	1.0371074676513672
6607.7136179215595	1.0397844314575195
6607.78136694156	1.035811424255371
6607.84911596156	1.0271419286727905
6607.91686498156	1.0307128429412842
6607.98461400156	1.038221001625061
6608.052363021559	1.0363661050796509
6608.12011204156	1.0338561534881592
6608.1878610615595	1.0284059047698975
6608.25561008156	1.027401089668274
6608.32335910156	1.0266320705413818
6608.39110812156	1.0265729427337646
6608.45885714156	1.0304139852523804
6608.526606161559	1.0241893529891968
6608.59435518156	1.0281087160110474
6608.6621042015595	1.036495566368103
6608.72985322156	1.0261691808700562
6608.79760224156	1.031227707862854
6608.86535126156	1.0276339054107666
6608.93310028156	1.0253136157989502
6609.000849301559	1.0339577198028564
6609.06859832156	1.0350682735443115
6609.1363473415595	1.0290800333023071
6609.20409636156	1.0308858156204224
6609.27184538156	1.0327017307281494
6609.33959440156	1.028761386871338
6609.40734342156	1.0289753675460815
6609.475092441559	1.0313276052474976
6609.54284146156	1.0303179025650024
6609.6105904815595	1.026602029800415
6609.67833950156	1.0276122093200684
6609.74608852156	1.0248644351959229
6609.81383754156	1.0312992334365845
6609.88158656156	1.0283031463623047
6609.949335581559	1.0247628688812256
6610.01708460156	1.0253654718399048
6610.0848336215595	1.0279419422149658
6610.15258264156	1.0319793224334717
6610.22033166156	1.0351711511611938
6610.28808068156	1.0355867147445679
6610.35582970156	1.029319167137146
6610.423578721559	1.0267695188522339
6610.49132774156	1.024768590927124
6610.5590767615595	1.0241000652313232
6610.62682578156	1.025428295135498
6610.69457480156	1.0304083824157715
6610.76232382156	1.0308676958084106
6610.83007284156	1.0249921083450317
6610.897821861559	1.0227943658828735
6610.96557088156	1.0349445343017578
6611.0333199015595	1.0232276916503906
6611.10106892156	1.022103190422058
6611.16881794156	1.0282634496688843
6611.23656696156	1.0319342613220215
6611.30431598156	1.0303276777267456
6611.372065001559	1.024874210357666
6611.43981402156	1.0276196002960205
6611.5075630415595	1.0246920585632324
6611.57531206156	1.0297178030014038
6611.64306108156	1.0174508094787598
6611.71081010156	1.0173571109771729
6611.77855912156	1.0225844383239746
6611.846308141559	1.0222481489181519
6611.91405716156	1.0253788232803345
6611.9818061815595	1.020933985710144
6612.04955520156	1.0235018730163574
6612.11730422156	1.02257239818573
6612.18505324156	1.0291810035705566
6612.25280226156	1.0209275484085083
6612.320551281559	1.0197938680648804
6612.38830030156	1.0212405920028687
6612.4560493215595	1.021437168121338
6612.52379834156	1.0251641273498535
6612.59154736156	1.0217177867889404
6612.65929638156	1.0197391510009766
6612.72704540156	1.019221305847168
6612.794794421559	1.0148124694824219
6612.86254344156	1.015986680984497
6612.9302924615595	1.0116046667099
6612.99804148156	1.014614462852478
6613.06579050156	1.0161100625991821
6613.13353952156	1.0208756923675537
6613.20128854156	1.0177239179611206
6613.269037561559	1.0219179391860962
6613.33678658156	1.021086573600769
6613.4045356015595	1.0201510190963745
6613.47228462156	1.0178323984146118
6613.54003364156	1.0222283601760864
6613.60778266156	1.0167179107666016
6613.67553168156	1.0254955291748047
6613.743280701559	1.0289877653121948
6613.81102972156	1.0254489183425903
6613.8787787415595	1.0127578973770142
6613.94652776156	1.021011471748352
6614.01427678156	1.0192242860794067
6614.08202580156	1.0154422521591187
6614.14977482156	1.0172539949417114
6614.217523841559	1.0180301666259766
6614.28527286156	1.0185081958770752
6614.3530218815595	1.0208203792572021
6614.42077090156	1.0165034532546997
6614.48851992156	1.0244977474212646
6614.55626894156	1.0216532945632935
6614.62401796156	1.0177010297775269
6614.691766981559	1.0203020572662354
6614.75951600156	1.0198150873184204
6614.8272650215595	1.026964783668518
6614.89501404156	1.0240451097488403
6614.96276306156	1.0191898345947266
6615.03051208156	1.0184580087661743
6615.09826110156	1.022759199142456
6615.166010121559	1.023107886314392
6615.23375914156	1.0131185054779053
6615.3015081615595	1.0147329568862915
6615.36925718156	1.0197184085845947
6615.43700620156	1.0204005241394043
6615.50475522156	1.0197447538375854
6615.57250424156	1.017116665840149
6615.640253261559	1.0232303142547607
6615.70800228156	1.0236289501190186
6615.7757513015595	1.0188276767730713
6615.84350032156	1.0204840898513794
6615.91124934156	1.028975009918213
6615.97899836156	1.0256296396255493
6616.04674738156	1.018099069595337
6616.114496401559	1.0218937397003174
6616.18224542156	1.0199562311172485
6616.2499944415595	1.022138237953186
6616.31774346156	1.0252854824066162
6616.38549248156	1.0187987089157104
6616.45324150156	1.0236568450927734
6616.52099052156	1.0215696096420288
6616.588739541559	1.0235474109649658
6616.65648856156	1.022388219833374
6616.7242375815595	1.0191335678100586
6616.79198660156	1.0225697755813599
6616.85973562156	1.0234699249267578
6616.92748464156	1.0236587524414062
6616.99523366156	1.020631194114685
6617.062982681559	1.0198500156402588
6617.13073170156	1.0211721658706665
6617.1984807215595	1.0237921476364136
6617.26622974156	1.0169562101364136
6617.33397876156	1.0152169466018677
6617.40172778156	1.0218249559402466
6617.46947680156	1.016591191291809
6617.537225821559	1.0222877264022827
6617.60497484156	1.0223751068115234
6617.6727238615595	1.012017011642456
6617.74047288156	1.0162031650543213
6617.80822190156	1.0239485502243042
6617.87597092156	1.0229288339614868
6617.94371994156	1.0194816589355469
6618.011468961559	1.0229543447494507
6618.07921798156	1.0255697965621948
6618.1469670015595	1.0187348127365112
6618.21471602156	1.016028881072998
6618.28246504156	1.0167933702468872
6618.35021406156	1.0169243812561035
6618.41796308156	1.0170832872390747
6618.485712101559	1.0161783695220947
6618.55346112156	1.0187606811523438
6618.6212101415595	1.0189342498779297
6618.68895916156	1.0172083377838135
6618.75670818156	1.0125293731689453
6618.82445720156	1.0137065649032593
6618.89220622156	1.01734459400177
6618.959955241559	1.0171114206314087
6619.02770426156	1.0204704999923706
6619.0954532815595	1.015249252319336
6619.16320230156	1.0175706148147583
6619.23095132156	1.0184444189071655
6619.29870034156	1.0145273208618164
6619.36644936156	1.0199476480484009
6619.434198381559	1.016383409500122
6619.50194740156	1.018852710723877
6619.5696964215595	1.0179805755615234
6619.63744544156	1.0136998891830444
6619.70519446156	1.015674352645874
6619.77294348156	1.0191553831100464
6619.84069250156	1.019323706626892
6619.908441521559	1.0128884315490723
6619.97619054156	1.0120657682418823
6620.0439395615595	1.0157629251480103
6620.11168858156	1.0173561573028564
6620.17943760156	1.0169813632965088
6620.24718662156	1.014087438583374
6620.31493564156	1.0197492837905884
6620.382684661559	1.0164201259613037
6620.45043368156	1.0211501121520996
6620.518182701559	1.0150377750396729
6620.58593172156	1.015252709388733
6620.65368074156	1.0162327289581299
6620.72142976156	1.0152193307876587
6620.78917878156	1.0151036977767944
6620.856927801559	1.0178899765014648
6620.92467682156	1.0067548751831055
6620.992425841559	1.0080230236053467
6621.06017486156	1.0051324367523193
6621.12792388156	1.0102698802947998
6621.19567290156	1.0061408281326294
6621.26342192156	1.0140776634216309
6621.331170941559	1.0120927095413208
6621.39891996156	1.0113213062286377
6621.466668981559	1.006408929824829
6621.53441800156	1.010399580001831
6621.60216702156	1.0110752582550049
6621.66991604156	1.0170048475265503
6621.73766506156	1.0141029357910156
6621.805414081559	1.0139089822769165
6621.87316310156	1.0108897686004639
6621.940912121559	1.0095343589782715
6622.00866114156	1.0131386518478394
6622.07641016156	1.0108866691589355
6622.14415918156	1.0134574174880981
6622.21190820156	1.00657057762146
6622.279657221559	1.0173008441925049
6622.34740624156	1.0179249048233032
6622.415155261559	1.0104817152023315
6622.48290428156	1.009839653968811
6622.55065330156	1.0197207927703857
6622.61840232156	1.0120466947555542
6622.68615134156	1.0132622718811035
6622.753900361559	1.0173169374465942
6622.82164938156	1.0143355131149292
6622.889398401559	1.0112848281860352
6622.95714742156	1.014846920967102
6623.02489644156	1.0105235576629639
6623.09264546156	1.0155622959136963
6623.16039448156	1.0170189142227173
6623.228143501559	1.0119789838790894
6623.29589252156	1.010902762413025
6623.363641541559	1.0047968626022339
6623.43139056156	1.0129728317260742
6623.49913958156	1.0157244205474854
6623.56688860156	1.0135953426361084
6623.63463762156	1.0098332166671753
6623.702386641559	1.0112051963806152
6623.77013566156	1.0096330642700195
6623.837884681559	1.0123828649520874
6623.90563370156	1.0139857530593872
6623.97338272156	1.0072948932647705
6624.04113174156	1.01840078830719
6624.10888076156	1.0159411430358887
6624.176629781559	1.012787103652954
6624.24437880156	1.0073034763336182
6624.312127821559	1.0128649473190308
6624.37987684156	1.0196481943130493
6624.44762586156	1.0142083168029785
6624.51537488156	1.0130946636199951
