6513.198621	0.246549
6513.198621	1.0528579950332642
6513.44517	1.0606529712677002
6513.6917189999995	1.0422810316085815
6513.938268	1.0045419931411743
6514.184816999999	0.9657570123672485
6514.431366	0.9336169958114624
6514.677914999999	0.9224479794502258
6514.924464	0.9509099721908569
6515.171012999999	0.9895259737968445
6515.417562	0.9975029826164246
6515.664110999999	0.983659029006958
6515.91066	0.9491519927978516
6516.157209	0.8907790184020996
6516.4037579999995	0.830935001373291
6516.650307	0.8135359883308411
6516.896855999999	0.8563060164451599
6517.143405	0.9329220056533813
6517.389953999999	0.981561005115509
6517.636503	1.0030490159988403
6517.883051999999	1.00319504737854
6518.129601	1.0004119873046875
6518.376149999999	1.0099159479141235
6518.622699	1.0086469650268555
6518.869248	0.977524995803833
6519.1157969999995	0.9406700134277344
6519.362346	0.9144610166549683
6519.608894999999	0.9331700205802917
6519.855444	0.9700329899787903
6520.101992999999	0.9948840141296387
6520.348542	1.0083149671554565
6520.595090999999	1.015861988067627
6520.84164	1.0135780572891235
6521.088188999999	1.00832998752594
6521.334738	0.997855007648468
6521.581287	0.9820470213890076
6521.8278359999995	0.9712120294570923
6522.074385	0.9718859791755676
6522.320933999999	0.9804120063781738
6522.567483	0.9838209748268127
6522.814031999999	0.980659008026123
6523.060581	0.9573699831962585
6523.307129999999	0.9261069893836975
6523.553679	0.8961759805679321
6523.800227999999	0.8916659951210022
6524.046777	0.9129909873008728
6524.293326	0.9474719762802124
6524.5398749999995	0.9750339984893799
6524.786424	0.9860119819641113
6525.032972999999	0.987621009349823
6525.279522	0.98329097032547
6525.526070999999	0.974826991558075
6525.77262	0.9750379920005798
6526.019168999999	0.9855549931526184
6526.265718	0.9904260039329529
6526.512266999999	0.9870269894599915
6526.758816	0.9893350005149841
6527.005365	0.9898390173912048
6527.2519139999995	0.9839329719543457
6527.498463	0.9807069897651672
6527.745011999999	0.9893670082092285
6527.991561	0.9983789920806885
6528.238109999999	0.9936959743499756
6528.484659	0.9954239726066589
6528.731207999999	0.9990760087966919
6528.977757	0.996491014957428
6529.224305999999	1.0010770559310913
6529.470855	0.9997149705886841
6529.717404	0.9974510073661804
6529.9639529999995	0.9881349802017212
6530.210502	0.9792199730873108
6530.457050999999	0.9745060205459595
6530.7036	0.9783779978752136
6530.950148999999	0.9874560236930847
6531.196698	0.9922130107879639
6531.443246999999	0.9905380010604858
6531.689796	0.9794970154762268
6531.936344999999	0.9487180113792419
6532.182894	0.9168609976768494
6532.429443	0.9201939702033997
6532.6759919999995	0.9525439739227295
6532.922541	0.9843320250511169
6533.169089999999	0.9949679970741272
6533.415639	0.9851920008659363
6533.662187999999	0.9632560014724731
6533.908737	0.9485269784927368
6534.155285999999	0.948531985282898
6534.401835	0.9634060263633728
6534.648383999999	0.9812899827957153
6534.894933	0.987188994884491
6535.141482	0.9924460053443909
6535.3880309999995	1.0026500225067139
6535.63458	1.0119199752807617
6535.881128999999	1.0140700340270996
6536.127678	1.0026099681854248
6536.374226999999	0.9910820126533508
6536.620776	0.989687979221344
6536.867324999999	0.992717981338501
6537.113874	1.0044840574264526
6537.360422999999	1.0153729915618896
6537.606972	1.024675965309143
6537.853521	1.028846025466919
6538.1000699999995	1.0281139612197876
6538.346619	1.031046986579895
6538.593167999999	1.041139006614685
6538.839717	1.0438419580459595
6539.086265999999	1.0351229906082153
6539.332815	1.0335630178451538
6539.579363999999	1.042072057723999
6539.825913	1.0495200157165527
6540.072461999999	1.0481419563293457
6540.319011	1.0450420379638672
6540.56556	1.050246000289917
6540.8121089999995	1.0525449514389038
6541.058658	1.0502150058746338
6541.305206999999	1.0511499643325806
6541.551756	1.0520859956741333
6541.798304999999	1.0381619930267334
6542.044854	1.0190540552139282
6542.291402999999	1.0183730125427246
6542.537952	1.0294150114059448
6542.784500999999	1.0407030582427979
6543.03105	1.0458060503005981
6543.277599	1.031967043876648
6543.5241479999995	0.9890310168266296
6543.770697	0.9555429816246033
6544.017245999999	0.960204005241394
6544.263795	1.0063389539718628
6544.510343999999	1.0541210174560547
6544.756893	1.0802030563354492
6545.003441999999	1.0820510387420654
6545.249991	1.075355052947998
6545.496539999999	1.0711640119552612
6545.743089	1.0727720260620117
6545.989638	1.0849109888076782
6546.2361869999995	1.100111961364746
6546.482736	1.103827953338623
6546.729284999999	1.1046719551086426
6546.975834	1.1037789583206177
6547.222382999999	1.0856209993362427
6547.468932	1.0621709823608398
6547.715480999999	1.0517820119857788
6547.96203	1.0547679662704468
6548.208578999999	1.0448479652404785
6548.455128	1.0217070579528809
6548.701677	1.0358610153198242
6548.9482259999995	1.0816420316696167
6549.194775	1.124511957168579
6549.441323999999	1.144556999206543
6549.687873	1.1561919450759888
6549.934421999999	1.1641650199890137
6550.180971	1.171118974685669
6550.427519999999	1.1848870515823364
6550.674069	1.196254014968872
6550.920617999999	1.198104977607727
6551.167167	1.2056260108947754
6551.413716	1.2111010551452637
6551.6602649999995	1.2037229537963867
6551.906814	1.1896369457244873
6552.153362999999	1.1585639715194702
6552.399912	1.1225110292434692
6552.646460999999	1.129294991493225
6552.89301	1.186344027519226
6553.139558999999	1.2506990432739258
6553.386108	1.272853970527649
6553.632656999999	1.2777090072631836
6553.879206	1.3001339435577393
6554.125755	1.344575047492981
6554.3723039999995	1.3898379802703857
6554.618853	1.4263420104980469
6554.865401999999	1.460387945175171
6555.111951	1.4995579719543457
6555.358499999999	1.5499310493469238
6555.605049	1.609089970588684
6555.851597999999	1.6726709604263306
6556.098147	1.7366650104522705
6556.344695999999	1.8012570142745972
6556.591245	1.8532459735870361
6556.837794	1.8934069871902466
6557.0843429999995	1.964468002319336
6557.330892	2.085284948348999
6557.577440999999	2.2394649982452393
6557.82399	2.384500026702881
6558.070538999999	2.537271022796631
6558.317088	2.7170770168304443
6558.563636999999	2.9171979427337646
6558.810186	3.112178087234497
6559.056734999999	3.2994320392608643
6559.303284	3.474869966506958
6559.549833	3.6170599460601807
6559.7963819999995	3.7351479530334473
6560.042931	3.827514886856079
6560.2894799999995	3.912977933883667
6560.536029	4.017291069030762
6560.782577999999	4.150543212890625
6561.029127	4.284708023071289
6561.275675999999	4.388002872467041
6561.522225	4.450493812561035
6561.768773999999	4.468575954437256
6562.015323	4.447632789611816
6562.261872	4.429728984832764
6562.5084209999995	4.428038120269775
6562.75497	4.426159858703613
6563.0015189999995	4.3765997886657715
6563.248068	4.268198013305664
6563.494616999999	4.086475849151611
6563.741166	3.857342004776001
6563.987714999999	3.647847890853882
6564.234264	3.5205841064453125
6564.480812999999	3.494673013687134
6564.727362	3.468951940536499
6564.973911	3.3807408809661865
6565.22046	3.2526021003723145
6565.467009	3.0931649208068848
6565.7135579999995	2.9263670444488525
6565.960107	2.753865957260132
6566.206655999999	2.5875420570373535
6566.453205	2.431715965270996
6566.699753999999	2.288564920425415
6566.946303	2.158411979675293
6567.192851999999	2.0454800128936768
6567.439401	1.9431060552597046
6567.68595	1.8475240468978882
6567.932499	1.7642560005187988
6568.179048	1.6798059940338135
6568.4255969999995	1.5942339897155762
6568.672146	1.51944899559021
6568.918694999999	1.4598679542541504
6569.165244	1.4366140365600586
6569.411792999999	1.4245810508728027
6569.658342	1.4010460376739502
6569.904890999999	1.3709039688110352
6570.15144	1.3444069623947144
6570.397989	1.319193959236145
6570.644538	1.2912859916687012
6570.891087	1.273190975189209
6571.1376359999995	1.2515939474105835
6571.384185	1.2224409580230713
6571.630733999999	1.179368019104004
6571.877283	1.1400010585784912
6572.123831999999	1.1230560541152954
6572.370381	1.13361394405365
6572.616929999999	1.1480510234832764
6572.863479	1.152508020401001
6573.110028	1.1543450355529785
6573.356577	1.148434042930603
6573.603126	1.144642949104309
6573.8496749999995	1.1355340480804443
6574.096224	1.1156539916992188
6574.342772999999	1.0813610553741455
6574.589322	1.0350799560546875
6574.835870999999	1.0029829740524292
6575.08242	1.0189290046691895
6575.328968999999	1.054324984550476
6575.575518	1.0794620513916016
6575.822067	1.0908160209655762
6576.068616	1.0912549495697021
6576.315165	1.0905649662017822
6576.5617139999995	1.0854769945144653
6576.808263	1.076550006866455
6577.054811999999	1.076545000076294
6577.301361	1.0798100233078003
6577.547909999999	1.0803719758987427
6577.794459	1.0823830366134644
6578.041007999999	1.0794830322265625
6578.287557	1.0729269981384277
6578.534106	1.071344017982483
6578.780655	1.0662920475006104
6579.027204	1.0599119663238525
6579.2737529999995	1.0583219528198242
6579.520302	1.0643689632415771
6579.766850999999	1.0684009790420532
6580.0134	1.0604950189590454
6580.259948999999	1.0436700582504272
6580.506498	1.0335969924926758
6580.753046999999	1.0259829759597778
6580.999596	1.0272860527038574
6581.246145	1.0419479608535767
6581.492694	1.0501630306243896
6581.739243	1.0539480447769165
6581.9857919999995	1.052983045578003
6582.232341	1.0528409481048584
6582.478889999999	1.0480680465698242
6582.725439	1.03986394405365
6582.971987999999	1.032858967781067
6583.218537	1.031756043434143
6583.465085999999	1.0300170183181763
6583.711635	1.0339339971542358
6583.958184	1.040524959564209
6584.204733	1.0487109422683716
6584.451282	1.0495860576629639
6584.6978309999995	1.0498239994049072
6584.94438	1.0440750122070312
6585.190928999999	1.0357719659805298
6585.437478	1.0280359983444214
6585.684026999999	1.020421028137207
6585.930576	1.0150970220565796
6586.177124999999	1.0017900466918945
6586.423674	0.9838740229606628
6586.670223	0.9835749864578247
6586.916772	0.9956740140914917
6587.163321	1.014623999595642
6587.4098699999995	1.0247620344161987
6587.656419	1.027230978012085
6587.902967999999	1.0314940214157104
6588.149517	1.0357609987258911
6588.396065999999	1.034904956817627
6588.642615	1.030972957611084
6588.889163999999	1.0317820310592651
6589.135713	1.0311169624328613
6589.382262	1.0300660133361816
6589.628811	1.0279229879379272
6589.87536	1.0334850549697876
6590.1219089999995	1.0378299951553345
6590.368458	1.0304169654846191
6590.615006999999	1.0219039916992188
6590.861556	1.0223909616470337
6591.108104999999	1.024487018585205
6591.354654	1.0242669582366943
6591.601202999999	1.0269449949264526
6591.847752	1.0227949619293213
6592.094301	1.022251009941101
6592.34085	1.024029016494751
6592.587399	1.017549991607666
6592.8339479999995	1.0129369497299194
6593.080497	1.0136799812316895
6593.327045999999	1.012097954750061
6593.573595	1.0126479864120483
6593.820143999999	1.0078309774398804
6594.066693	1.001911997795105
6594.313241999999	0.99760502576828
6594.559791	1.0025509595870972
6594.80634	1.0031620264053345
6595.052889	1.0051339864730835
6595.299438	1.012228012084961
6595.5459869999995	1.0186799764633179
6595.792536	1.0201419591903687
6596.039084999999	1.0146620273590088
6596.285634	1.010735034942627
6596.532182999999	1.0092730522155762
6596.778732	1.0098240375518799
6597.025280999999	1.0116759538650513
6597.27183	1.012099027633667
6597.518379	1.013627052307129
6597.764928	1.0130749940872192
6598.011477	1.0093309879302979
6598.2580259999995	1.0063010454177856
6598.504575	1.00177001953125
6598.751123999999	0.9962570071220398
6598.997673	0.9918479919433594
6599.244221999999	0.984565019607544
6599.490771	0.9849119782447815
6599.73732	0.9904839992523193
6599.983869	0.9975630044937134
6600.230418	1.0009230375289917
6600.476967	1.0044159889221191
6600.723516	1.0103329420089722
6600.9700649999995	1.0147490501403809
6601.216614	1.012099027633667
6601.463162999999	1.0037480592727661
6601.709712	0.9896910190582275
6601.956260999999	0.9798160195350647
6602.20281	0.9808189868927002
6602.449359	0.9917290210723877
6602.695908	1.000285029411316
6602.942457	1.0044490098953247
6603.189006	1.0032310485839844
6603.435555	1.0039830207824707
6603.6821039999995	0.9993450045585632
6603.928653	0.9999110102653503
6604.175201999999	1.0035699605941772
6604.421751	0.9999319911003113
6604.668299999999	1.000501036643982
6604.914849	1.0004119873046875
6605.161398	0.9966409802436829
6605.407947	0.9972100257873535
6605.654496	0.9951469898223877
6605.901045	0.9945319890975952
6606.147594	0.9954299926757812
6606.3941429999995	0.9932349920272827
6606.640692	0.9885380268096924
6606.887240999999	0.9870659708976746
6607.13379	0.9921110272407532
6607.380338999999	0.9941279888153076
6607.626888	0.9937099814414978
6607.873437	0.9935550093650818
6608.119986	0.9974830150604248
6608.366535	0.9983819723129272
6608.613084	1.0000059604644775
6608.859633	1.0034739971160889
6609.1061819999995	0.9954140186309814
6609.352731	0.9939410090446472
6609.599279999999	0.9962900280952454
6609.845829	0.9975849986076355
6610.092377999999	0.9990119934082031
6610.338927	0.9968799948692322
6610.585476	0.9953399896621704
6610.832025	1.0068559646606445
6611.078574	1.0054490566253662
6611.325123	0.9969850182533264
6611.571672	0.9928719997406006
6611.8182209999995	0.9955539703369141
6612.06477	0.9910770058631897
6612.3113189999995	0.9902290105819702
6612.557868	0.9819160103797913
6612.804416999999	0.9882659912109375
6613.050966	0.9947530031204224
6613.297515	0.9962850213050842
6613.544064	0.9975529909133911
6613.790613	1.0002119541168213
6614.037162	1.005918025970459
6614.283711	1.002689003944397
6614.5302599999995	1.0024609565734863
6614.776809	1.0033409595489502
6615.0233579999995	1.0014389753341675
6615.269907	1.0009950399398804
6615.516455999999	0.994979977607727
6615.763005	0.9926760196685791
6616.009554	0.9955450296401978
6616.256103	0.9986820220947266
6616.502652	1.000823974609375
6616.749201	0.9995149970054626
6616.99575	1.002256989479065
6617.242299	0.9929749965667725
6617.488848	0.9924600124359131
6617.7353969999995	1.0015170574188232
6617.981946	0.9962829947471619
6618.228494999999	0.986856997013092
6618.475044	0.9900649785995483
6618.721593	1.0029250383377075
6618.968142	1.0008139610290527
6619.214691	0.9987019896507263
6619.46124	1.0003859996795654
6619.707789	0.9980059862136841
6619.954338	0.9995570182800293
6620.200887	1.0033090114593506
6620.4474359999995	0.9990609884262085
6620.693985	0.997173011302948
6620.940533999999	0.9951140284538269
6621.187083	0.9936559796333313
6621.433632	0.9925299882888794
6621.680181	0.9956740140914917
6621.92673	1.0052249431610107
6622.173279	0.9990289807319641
6622.419828	0.996300995349884
6622.666377	1.000849962234497
6622.912926	1.0017939805984497
6623.1594749999995	1.005208969116211
6623.406024	1.0054199695587158
6623.652572999999	1.0016230344772339
6623.899122	0.9972230195999146
6624.145671	1.0009069442749023
6624.39222	1.0048589706420898
6624.638769	1.0072749853134155
6624.885318	1.0062830448150635
6625.131867	1.0018140077590942
6625.378416	1.0046319961547852
6625.624965	1.0085209608078003
6625.8715139999995	1.0041170120239258
6626.118063	1.001384973526001
6626.364611999999	1.0036020278930664
6626.611161	0.997389018535614
6626.85771	0.9977759718894958
6627.104259	0.9987130165100098
6627.350808	0.9940959811210632
6627.597357	0.9965720176696777
6627.843906	0.9981110095977783
6628.090455	0.9930260181427002
6628.337004	0.9905499815940857
6628.5835529999995	0.9959030151367188
6628.830102	1.0007870197296143
6629.076650999999	0.9994490146636963
6629.3232	0.9983779788017273
6629.569749	1.0005860328674316
6629.816298	0.9995160102844238
6630.062847	1.0002520084381104
6630.309396	1.0044670104980469
6630.555945	1.0036640167236328
6630.802494	0.9964759945869446
6631.049043	0.9933440089225769
6631.2955919999995	0.9988549947738647
6631.542141	1.0004819631576538
6631.788689999999	0.9978179931640625
6632.035239	0.9970300197601318
6632.281788	0.9993979930877686
6632.528337	0.9961240291595459
6632.774886	0.9956039786338806
6633.021435	0.996628999710083
6633.267984	0.9961749911308289
6633.514533	0.9942399859428406
6633.761082	0.9989020228385925
6634.0076309999995	1.0032329559326172
6634.25418	0.9966470003128052
6634.500728999999	0.9953420162200928
6634.747278	0.9983519911766052
6634.993827	0.9985290169715881
6635.240376	1.0011359453201294
6635.486925	1.003607988357544
6635.733474	1.0018969774246216
6635.980023	0.999646008014679
6636.226572	1.00198495388031
6636.473121	1.002974033355713
6636.7196699999995	1.0047069787979126
6636.966219	1.0026570558547974
6637.212767999999	1.0053369998931885
6637.459317	1.008558988571167
6637.705866	1.0058989524841309
6637.952415	1.00621497631073
6638.198964	1.0028760433197021
6638.445513	0.9998070001602173
6638.692062	1.000391960144043
6638.938611	0.9986739754676819
6639.18516	1.0009520053863525
6639.4317089999995	1.000251054763794
6639.678258	0.996703028678894
6639.924806999999	0.997626006603241
6640.171356	0.9994320273399353
6640.417905	0.9991359710693359
6640.664454	0.9978899955749512
6640.911003	0.9958980083465576
6641.157552	0.9968900084495544
6641.404101	1.0018199682235718
6641.65065	1.0038330554962158
6641.897199	1.0019099712371826
6642.1437479999995	0.9984909892082214
6642.390297	0.9916759729385376
6642.636845999999	0.9870330095291138
6642.883395	0.9930539727210999
6643.129944	1.0033559799194336
6643.376493	1.0031969547271729
6643.623042	0.996379017829895
6643.869591	0.9949949979782104
6644.11614	0.9945639967918396
6644.362689	0.9951509833335876
6644.609238	0.9972350001335144
6644.8557869999995	0.9992510080337524
6645.102336	0.9963030219078064
6645.348884999999	0.997639000415802
6645.595434	1.0013560056686401
6645.841983	0.9984760284423828
6646.088532	0.9987919926643372
6646.335081	1.0008100271224976
6646.58163	1.0008540153503418
6646.828179	1.0002870559692383
6647.074728	0.9991739988327026
6647.321277	1.0030980110168457
6647.5678259999995	1.0036879777908325
6647.814375	0.9982179999351501
6648.060923999999	0.997173011302948
6648.307473	0.9914969801902771
6648.554022	0.9958990216255188
6648.800571	0.9911760091781616
6649.04712	0.987405002117157
6649.293669	0.9858130216598511
6649.540218	0.989670991897583
6649.786767	0.9974250197410583
6650.033316	1.005087971687317
6650.2798649999995	1.0027999877929688
6650.526414	0.9983289837837219
6650.772962999999	1.0009499788284302
6651.019512	0.995727002620697
6651.266061	0.999098002910614
6651.51261	0.9914169907569885
6651.759159	0.9925370216369629
6652.005708	0.99891197681427
6652.252257	1.0041970014572144
6652.498806	1.0039540529251099
6652.745355	1.0000909566879272
6652.9919039999995	1.0072230100631714
6653.238453	1.0069119930267334
6653.485001999999	0.9965580105781555
6653.731551	0.9959030151367188
6653.9781	0.9996899962425232
6654.224649	1.0036840438842773
6654.471198	1.0014569759368896
6654.717747	0.999504029750824
6654.964296	1.004183053970337
6655.210845	1.0066250562667847
6655.457394	1.0011529922485352
6655.7039429999995	0.9940450191497803
6655.950492	0.9941800236701965
6656.197040999999	0.9947249889373779
6656.44359	0.9958840012550354
6656.690139	1.0003180503845215
6656.936688	0.9999060034751892
6657.183237	1.0009260177612305
6657.429786	0.9968990087509155
6657.676335	0.9979879856109619
6657.922884	0.9996209740638733
6658.169433	0.9930779933929443
6658.4159819999995	0.9965649843215942
6658.662531	1.0041279792785645
6658.909079999999	1.0014699697494507
6659.155629	0.9977909922599792
6659.402178	0.9990180134773254
6659.648727	0.9973139762878418
6659.895276	0.9997820258140564
6660.141825	0.9965770244598389
6660.388374	0.9952790141105652
6660.634923	0.9932370185852051
6660.881472	0.9920129776000977
6661.1280209999995	0.9927560091018677
6661.37457	0.9927530288696289
6661.621118999999	0.9962689876556396
6661.867668	0.999983012676239
6662.114217	0.9994329810142517
6662.360766	0.9955769777297974
6662.607315	0.9966509938240051
6662.853864	1.001160979270935
6663.100413	1.0051239728927612
6663.346962	0.9988530278205872
6663.593511	0.9965590238571167
6663.8400599999995	0.9970239996910095
6664.086609	0.9962790012359619
6664.3331579999995	0.9967449903488159
6664.579707	1.0001029968261719
6664.826256	1.001579999923706
6665.072805	0.9978870153427124
6665.319354	0.9948650002479553
6665.565903	0.9911050200462341
6665.812452	0.9889559745788574
6666.059001	0.9928510189056396
6666.30555	1.0011769533157349
6666.5520989999995	1.0044670104980469
6666.798648	1.00614595413208
6667.0451969999995	1.0007740259170532
6667.291746	1.0031239986419678
6667.538295	1.0054739713668823
6667.784844	1.0008410215377808
6668.031393	0.9960740208625793
6668.277942	0.9960740208625793
6668.524491	1.0015130043029785
6668.77104	1.0069249868392944
6669.017589	1.00252103805542
6669.264138	0.9950979948043823
6669.510687	0.9916369915008545
6669.7572359999995	0.9952880144119263
6670.003785	0.9925659894943237
6670.250334	0.9919229745864868
6670.496883	0.9933599829673767
6670.743432	0.9920470118522644
6670.989981	0.9873160123825073
6671.23653	0.9840620160102844
6671.483079	0.9819480180740356
6671.729628	0.9784939885139465
6671.976177	0.9779220223426819
6672.222726	0.979358971118927
6672.4692749999995	0.9815319776535034
6672.715824	0.9822980165481567
6672.962373	0.9775760173797607
6673.208922	0.9846330285072327
6673.455471	0.9854649901390076
6673.70202	0.9865649938583374
6673.948569	0.9871960282325745
6674.195118	0.9898329973220825
6674.441667	0.9982190132141113
6674.688216	0.9993159770965576
6674.934765	1.0032860040664673
6675.1813139999995	1.0083240270614624
6675.427863	1.0111559629440308
6675.674412	1.0067720413208008
6675.920961	1.0021220445632935
6676.16751	1.0001449584960938
6676.414059	0.9982349872589111
6676.660608	1.0040700435638428
6676.907157	1.002493977546692
6677.153706	0.9872390031814575
6677.400255	0.9847990274429321
6677.646804	0.9852949976921082
6677.8933529999995	0.9790549874305725
6678.139902	0.975417971611023
6678.386451	0.979049026966095
6678.633	0.9788789749145508
6678.879549	0.9796429872512817
6679.126098	0.9787399768829346
6679.372647	0.9787700176239014
6679.619196	0.9875940084457397
6679.865745	0.9916189908981323
6680.112294	0.9959099888801575
6680.358843	1.0007970333099365
6680.6053919999995	1.0000250339508057
6680.851941	1.0000519752502441
6681.09849	1.0052690505981445
6681.345039	1.006160020828247
6681.591588	0.9999989867210388
6681.838137	0.99064701795578
6682.084686	0.9906749725341797
6682.331235	0.9873790144920349
6682.577784	0.981689989566803
6682.824333	0.9784629940986633
6683.070882	0.9779620170593262
6683.3174309999995	0.9787899851799011
6683.56398	0.9713799953460693
6683.810529	0.9755290150642395
6684.057078	0.9775519967079163
6684.303627	0.9759230017662048
6684.550176	0.9771490097045898
6684.796725	0.9818919897079468
6685.043274	0.9891549944877625
6685.289823	0.9881880283355713
6685.536372	0.9848330020904541
6685.782921	0.9902349710464478
6686.0294699999995	0.9939110279083252
6686.276019	0.9936069846153259
6686.522568	0.9949610233306885
6686.769117	0.9963799715042114
6687.015666	0.9951480031013489
6687.262215	0.996632993221283
6687.508764	0.9989789724349976
6687.755313	0.99794602394104
6688.001862	1.002344012260437
6688.248411	1.000581979751587
6688.49496	1.001999020576477
6688.7415089999995	1.006525993347168
6688.988058	0.9992049932479858
6689.234607	0.9977689981460571
6689.481156	0.9988999962806702
6689.727705	0.9979749917984009
6689.974254	0.9990400075912476
6690.220803	1.0030909776687622
6690.467352	1.0052870512008667
6690.713901	0.9998490214347839
6690.96045	0.998524010181427
6691.206999	0.9975789785385132
6691.4535479999995	0.9999319911003113
6691.700097	0.9988269805908203
6691.946646	0.9996520280838013
6692.193195	1.0036779642105103
6692.439744	1.000972032546997
6692.686293	0.9978619813919067
6692.932842	0.9945470094680786
6693.179391	0.9981129765510559
6693.42594	1.0027539730072021
6693.672489	1.0014430284500122
6693.919038	1.001924991607666
6694.1655869999995	0.9966390132904053
6694.412136	1.0003859996795654
6694.658685	1.00620698928833
6694.905234	1.0065410137176514
6695.151783	1.0023260116577148
6695.398332	1.0022590160369873
6695.644881	1.0013890266418457
6695.89143	0.9983779788017273
6696.137979	0.9979770183563232
6696.384528	1.0017240047454834
6696.631077	1.001121997833252
6696.8776259999995	1.001950979232788
6697.124175	1.0063509941101074
6697.370724	1.0038039684295654
6697.617273	0.999925971031189
6697.863822	0.9991199970245361
6698.110371	0.9994670152664185
6698.35692	1.0001330375671387
6698.603469	1.001533031463623
6698.850018	1.003999948501587
6699.096567	1.0060670375823975
6699.343116	1.0043330192565918
6699.5896649999995	1.004533052444458
6699.836214	0.9980670213699341
6700.082763	0.9904670119285583
6700.329312	0.9778670072555542
6700.575861	0.9706000089645386
6700.82241	0.9660670161247253
6701.068959	0.9681329727172852
6701.315508	0.9819329977035522
6701.562057	0.9936670064926147
6701.808606	0.9772670269012451
6702.055155	0.9140669703483582
6702.3017039999995	0.857200026512146
