6643.413376	0.027457
6643.413376	1.0199073553085327
6643.440833000001	1.0199096202850342
6643.468290000001	1.0198893547058105
6643.495747000001	1.0198923349380493
6643.523204	1.0200220346450806
6643.550661	1.020197868347168
6643.578118	1.020342469215393
6643.6055750000005	1.020517110824585
6643.633032000001	1.0206217765808105
6643.660489000001	1.0207518339157104
6643.687946	1.0208525657653809
6643.715403	1.0209944248199463
6643.74286	1.0208556652069092
6643.770317	1.0207191705703735
6643.797774000001	1.020592212677002
6643.825231000001	1.020481824874878
6643.852688000001	1.020724892616272
6643.880145	1.0209983587265015
6643.907602	1.0212785005569458
6643.935059	1.0215784311294556
6643.9625160000005	1.0212396383285522
6643.989973000001	1.0208954811096191
6644.017430000001	1.020557165145874
6644.044887	1.0202250480651855
6644.072344	1.0208678245544434
6644.099801	1.021557331085205
6644.127258	1.0222331285476685
6644.154715000001	1.0229690074920654
6644.182172000001	1.0228372812271118
6644.209629000001	1.0227221250534058
6644.237086	1.0225944519042969
6644.264543	1.0225180387496948
6644.292	1.0212796926498413
6644.3194570000005	1.0200319290161133
6644.346914000001	1.0187872648239136
6644.374371000001	1.0175098180770874
6644.401828	1.01789391040802
6644.429285	1.0183206796646118
6644.456742	1.0187408924102783
6644.484199	1.0191633701324463
6644.511656000001	1.0189149379730225
6644.539113000001	1.018631100654602
6644.566570000001	1.0183531045913696
6644.594027	1.0180532932281494
6644.621484	1.0184324979782104
6644.648941	1.0188446044921875
6644.6763980000005	1.0192389488220215
6644.703855000001	1.0196304321289062
6644.731312000001	1.0195664167404175
6644.758769	1.019484281539917
6644.786226	1.0193835496902466
6644.813683	1.0192958116531372
6644.84114	1.019582748413086
6644.868597000001	1.0198932886123657
6644.896054000001	1.0201871395111084
6644.923511000001	1.0205084085464478
6644.950968	1.0208011865615845
6644.978425	1.0211039781570435
6645.005882	1.021398663520813
6645.0333390000005	1.0217397212982178
6645.060796000001	1.0209887027740479
6645.088253000001	1.0202101469039917
6645.11571	1.0194389820098877
6645.143167	1.018656849861145
6645.170624	1.0186907052993774
6645.1980810000005	1.0187430381774902
6645.225538000001	1.0188188552856445
6645.252995000001	1.0188636779785156
6645.280452000001	1.019612193107605
6645.307909	1.0204017162322998
6645.335366	1.0211917161941528
6645.362823	1.022032380104065
6645.3902800000005	1.0217174291610718
6645.417737000001	1.0213744640350342
6645.445194000001	1.0210500955581665
6645.472651	1.020741581916809
6645.500108	1.0202171802520752
6645.527565	1.0197088718414307
6645.5550220000005	1.0192017555236816
6645.582479000001	1.0186623334884644
6645.609936000001	1.019195556640625
6645.637393	1.0197992324829102
6645.66485	1.0203466415405273
6645.692307	1.020994782447815
6645.719764	1.0203208923339844
6645.7472210000005	1.0196088552474976
6645.774678000001	1.0189096927642822
6645.802135000001	1.0181972980499268
6645.829592	1.01790452003479
6645.857049	1.0176489353179932
6645.884506	1.0173910856246948
6645.9119630000005	1.0170841217041016
6645.939420000001	1.018088698387146
6645.966877000001	1.0191906690597534
6645.994334	1.0202443599700928
6646.021791	1.0213655233383179
6646.049248	1.0213366746902466
6646.076705	1.0212693214416504
6646.1041620000005	1.0211962461471558
6646.131619000001	1.0211424827575684
6646.159076000001	1.0209019184112549
6646.186533	1.0206325054168701
6646.21399	1.0203678607940674
6646.241447	1.0201364755630493
6646.2689040000005	1.0188877582550049
6646.296361000001	1.0175963640213013
6646.323818000001	1.0163129568099976
6646.351275	1.0149399042129517
6646.378732	1.015365719795227
6646.406189	1.0158649682998657
6646.433646	1.0163484811782837
6646.461103000001	1.0168051719665527
6646.488560000001	1.017588496208191
6646.516017000001	1.0183992385864258
6646.543474	1.0191816091537476
6646.570931	1.0200210809707642
6646.598388	1.0195670127868652
6646.6258450000005	1.0190472602844238
6646.653302000001	1.018548846244812
6646.680759000001	1.0180063247680664
6646.708216	1.018654227256775
6646.735673	1.019400954246521
6646.76313	1.0201075077056885
6646.790587	1.020866870880127
6646.818044000001	1.0207300186157227
6646.845501000001	1.0205411911010742
6646.872958000001	1.0203739404678345
6646.900415	1.0202279090881348
6646.927872	1.0199971199035645
6646.955329	1.019795536994934
6646.9827860000005	1.0195826292037964
6647.010243000001	1.0194016695022583
6647.037700000001	1.0191402435302734
6647.065157	1.018914818763733
6647.092614	1.018687129020691
6647.120071	1.0184580087661743
6647.147528	1.0184228420257568
6647.174985000001	1.018427848815918
6647.202442000001	1.018415093421936
6647.229899000001	1.018432855606079
6647.257356	1.0184463262557983
6647.284813	1.0184751749038696
6647.31227	1.0185084342956543
6647.3397270000005	1.0185461044311523
6647.367184000001	1.018635869026184
6647.394641000001	1.018741488456726
6647.422098	1.018847942352295
6647.449555	1.0189728736877441
6647.477012	1.018713116645813
6647.504469	1.0184423923492432
6647.531926000001	1.018174648284912
6647.559383000001	1.0179051160812378
6647.586840000001	1.0178965330123901
6647.614297	1.0179078578948975
6647.641754	1.0179294347763062
6647.669211	1.0179469585418701
6647.6966680000005	1.0183393955230713
6647.724125000001	1.0187796354293823
6647.751582000001	1.0191993713378906
6647.779039	1.0196723937988281
6647.806496	1.0194482803344727
6647.833953	1.0191893577575684
6647.86141	1.0189383029937744
6647.888867000001	1.0186915397644043
6647.916324000001	1.018363118171692
6647.943781000001	1.0180435180664062
6647.971238	1.0177297592163086
6647.998695	1.017378330230713
6648.026152	1.017311692237854
6648.0536090000005	1.0172686576843262
6648.081066000001	1.0171959400177002
6648.108523000001	1.01714289188385
6648.13598	1.0169909000396729
6648.163437	1.0168442726135254
6648.190894	1.0166884660720825
6648.218351	1.0165053606033325
6648.245808000001	1.0170120000839233
6648.273265000001	1.0175801515579224
6648.300722000001	1.0181171894073486
6648.328179	1.0186911821365356
6648.355636	1.0188297033309937
6648.383093	1.0189498662948608
6648.4105500000005	1.0190492868423462
6648.438007000001	1.0192136764526367
6648.465464000001	1.018571138381958
6648.492921	1.0178661346435547
6648.520378	1.0172008275985718
6648.547835	1.0164514780044556
6648.575292	1.01717209815979
6648.602749000001	1.0180085897445679
6648.630206000001	1.0188100337982178
6648.657663000001	1.0196781158447266
6648.68512	1.0197067260742188
6648.712577	1.0196568965911865
6648.740034	1.019644021987915
6648.7674910000005	1.019658088684082
6648.794948000001	1.0193932056427002
6648.822405000001	1.0191398859024048
6648.849862	1.0188767910003662
6648.877319	1.0186399221420288
6648.904776	1.018428087234497
6648.932233	1.018227458000183
6648.959690000001	1.0180249214172363
6648.987147000001	1.0178080797195435
6649.014604000001	1.0179582834243774
6649.042061	1.018158197402954
6649.069518	1.0183045864105225
6649.096975	1.0185546875
6649.1244320000005	1.0174468755722046
6649.151889000001	1.0162090063095093
6649.179346000001	1.0150165557861328
6649.206803	1.013716220855713
6649.23426	1.0141103267669678
6649.261717	1.014668583869934
6649.2891740000005	1.0151540040969849
6649.316631000001	1.0157020092010498
6649.344088000001	1.0152738094329834
6649.371545000001	1.01471745967865
6649.399002	1.014220118522644
6649.426459	1.0135631561279297
6649.453916	1.0152250528335571
6649.4813730000005	1.017128586769104
6649.508830000001	1.0189032554626465
6649.536287000001	1.0208830833435059
6649.563744	1.0203614234924316
6649.591201	1.0196237564086914
6649.618658	1.0189614295959473
6649.6461150000005	1.0182257890701294
6649.673572000001	1.0185205936431885
6649.701029000001	1.0189298391342163
6649.728486	1.0192986726760864
6649.755943	1.019753336906433
6649.7834	1.0192197561264038
6649.810857	1.0186083316802979
6649.8383140000005	1.018056869506836
6649.865771000001	1.0174469947814941
6649.893228000001	1.017502784729004
6649.920685	1.017640471458435
6649.948142	1.0177431106567383
6649.975599	1.0179071426391602
6650.0030560000005	1.0176295042037964
6650.030513000001	1.0173392295837402
6650.057970000001	1.0170705318450928
6650.085427	1.0167545080184937
6650.112884	1.0169355869293213
6650.140341	1.0171663761138916
6650.167798	1.0173695087432861
6650.1952550000005	1.0176714658737183
6650.222712000001	1.016613483428955
6650.250169000001	1.0154269933700562
6650.277626	1.014298677444458
6650.305083	1.0130177736282349
6650.33254	1.013785719871521
6650.3599970000005	1.0147805213928223
6650.387454000001	1.015688419342041
6650.414911000001	1.016672134399414
6650.442368	1.016770839691162
6650.469825	1.0167598724365234
6650.497282	1.0167826414108276
6650.524739	1.0167970657348633
6650.552196000001	1.016896367073059
6650.579653000001	1.017012119293213
6650.607110000001	1.0171345472335815
6650.634567	1.0172606706619263
6650.662024	1.0173190832138062
6650.689481	1.0173953771591187
6650.7169380000005	1.017476201057434
6650.744395000001	1.01755952835083
6650.771852000001	1.017709732055664
6650.799309	1.017878770828247
6650.826766	1.0180495977401733
6650.854223	1.0182689428329468
6650.88168	1.0179438591003418
6650.909137000001	1.0175682306289673
6650.936594000001	1.0172173976898193
6650.964051000001	1.016884684562683
6650.991508	1.016563057899475
6651.018965	1.0162608623504639
6651.046422	1.0159763097763062
6651.0738790000005	1.0156739950180054
6651.101336000001	1.0155324935913086
6651.128793000001	1.0154268741607666
6651.15625	1.0153183937072754
6651.183707	1.0151772499084473
6651.211164	1.0156400203704834
6651.238621	1.0161852836608887
6651.266078000001	1.016700267791748
6651.293535000001	1.0172696113586426
6651.320992000001	1.017350435256958
6651.348449	1.0173791646957397
6651.375906	1.0174291133880615
6651.403363	1.017518162727356
6651.4308200000005	1.0171244144439697
6651.458277000001	1.0166919231414795
6651.485734000001	1.0162794589996338
6651.513191	1.0158305168151855
6651.540648	1.015847086906433
6651.568105	1.0159372091293335
6651.595562	1.01600980758667
6651.623019000001	1.0160735845565796
6651.650476000001	1.0162936449050903
6651.677933000001	1.01655912399292
6651.70539	1.0167816877365112
6651.732847	1.0171128511428833
6651.760304	1.0162620544433594
6651.7877610000005	1.015276551246643
6651.815218000001	1.014357328414917
6651.842675000001	1.0132685899734497
6651.870132	1.0142724514007568
6651.897589	1.0155354738235474
6651.925046	1.0167073011398315
6651.952503	1.0180165767669678
6651.979960000001	1.0180025100708008
6652.007417000001	1.0178476572036743
6652.034874000001	1.017702579498291
6652.062331	1.0176262855529785
6652.089788	1.0168824195861816
6652.117245	1.0160866975784302
6652.1447020000005	1.0153114795684814
6652.172159000001	1.014472246170044
6652.199616000001	1.014495611190796
6652.227073	1.0146327018737793
6652.25453	1.0147455930709839
6652.281987	1.0148756504058838
6652.309444	1.0147396326065063
6652.336901000001	1.0145703554153442
6652.364358000001	1.0144232511520386
6652.391815000001	1.0142079591751099
6652.419272	1.0147582292556763
6652.446729	1.015430212020874
6652.474186	1.0160481929779053
6652.5016430000005	1.016749620437622
6652.529100000001	1.0167301893234253
6652.556557000001	1.016603708267212
6652.584014	1.0165122747421265
6652.611471	1.016411304473877
6652.638928	1.0163782835006714
6652.666385	1.016369342803955
6652.693842000001	1.0163531303405762
6652.721299000001	1.016344666481018
6652.748756000001	1.0163724422454834
6652.776213	1.0164316892623901
6652.80367	1.0164657831192017
6652.831127	1.0165234804153442
6652.8585840000005	1.0165523290634155
6652.886041000001	1.016598105430603
6652.913498000001	1.0166133642196655
6652.940955	1.0167306661605835
6652.968412	1.0158236026763916
6652.995869	1.0147514343261719
6653.023326	1.0137559175491333
6653.050783000001	1.0126134157180786
6653.078240000001	1.0128134489059448
6653.105697000001	1.0132055282592773
6653.133154	1.0135399103164673
6653.160611	1.0139211416244507
6653.188068	1.0140388011932373
6653.2155250000005	1.0141384601593018
6653.242982000001	1.014241337776184
6653.270439000001	1.0143154859542847
6653.297896	1.0146284103393555
6653.325353	1.0149803161621094
6653.35281	1.0153144598007202
6653.3802670000005	1.0156468152999878
6653.407724000001	1.0163358449935913
6653.435181000001	1.0171054601669312
6653.462638000001	1.0178252458572388
6653.490095	1.0187008380889893
6653.517552	1.0181463956832886
6653.545009	1.0173707008361816
6653.5724660000005	1.0166966915130615
6653.599923000001	1.0159331560134888
6653.627380000001	1.0159661769866943
6653.654837	1.0161508321762085
6653.682294	1.0162668228149414
6653.709751	1.0164921283721924
6653.7372080000005	1.0158053636550903
6653.764665000001	1.0149801969528198
6653.792122000001	1.0142230987548828
6653.819579	1.0133779048919678
6653.847036	1.0132839679718018
6653.874493	1.0133028030395508
6653.90195	1.0132838487625122
6653.9294070000005	1.013258457183838
6653.956864000001	1.013658046722412
6653.984321000001	1.014117956161499
6654.011778	1.0145548582077026
6654.039235	1.015062928199768
6654.066692	1.0150481462478638
6654.0941490000005	1.0149774551391602
6654.121606000001	1.0149098634719849
6654.149063000001	1.0148468017578125
6654.17652	1.0147978067398071
6654.203977	1.0147603750228882
6654.231434	1.014709711074829
6654.258891	1.0146466493606567
6654.2863480000005	1.0148859024047852
6654.313805000001	1.0151795148849487
6654.341262000001	1.015447974205017
6654.368719	1.0158120393753052
6654.396176	1.0152274370193481
6654.423633	1.014489769935608
6654.4510900000005	1.013816475868225
6654.478547000001	1.0130220651626587
6654.506004000001	1.0134004354476929
6654.533461	1.0139793157577515
6654.560918	1.0144975185394287
6654.588375	1.015097737312317
6654.615832	1.0149893760681152
6654.643289000001	1.014765977859497
6654.670746000001	1.014583706855774
6654.698203000001	1.0143518447875977
6654.72566	1.0145763158798218
6654.753117	1.0148738622665405
6654.780574	1.0151454210281372
6654.8080310000005	1.0154870748519897
6654.835488000001	1.0153356790542603
6654.862945000001	1.0151035785675049
6654.890402	1.0148829221725464
6654.917859	1.0146831274032593
6654.945316	1.0142590999603271
6654.972773	1.013805866241455
6655.000230000001	1.0133877992630005
6655.027687000001	1.0128508806228638
6655.055144000001	1.0134718418121338
6655.082601	1.0143040418624878
6655.110058	1.0150549411773682
6655.137515	1.015951156616211
6655.1649720000005	1.0156116485595703
6655.192429000001	1.0150758028030396
6655.219886000001	1.0145913362503052
6655.247343	1.0140634775161743
6655.2748	1.013995885848999
6655.302257	1.014008641242981
6655.329714	1.0140087604522705
6655.357171000001	1.0140321254730225
6655.384628000001	1.0137999057769775
6655.412085000001	1.013514757156372
6655.439542	1.013249158859253
6655.466999	1.0129281282424927
6655.494456	1.013171672821045
6655.5219130000005	1.0135154724121094
6655.549370000001	1.0138325691223145
6655.576827000001	1.0141854286193848
6655.604284	1.014225721359253
6655.631741	1.0142226219177246
6655.659198	1.0142232179641724
6655.686655	1.0142570734024048
6655.714112000001	1.014063835144043
6655.741569000001	1.013816475868225
6655.769026000001	1.0135945081710815
6655.796483	1.0133416652679443
6655.82394	1.013473391532898
6655.851397	1.0136821269989014
6655.8788540000005	1.0138657093048096
6655.906311000001	1.014048457145691
6655.933768000001	1.0145437717437744
6655.961225	1.0151110887527466
6655.988682	1.0156244039535522
6656.016139	1.0162932872772217
6656.043596	1.015799641609192
6656.071053000001	1.0151009559631348
6656.098510000001	1.0144809484481812
6656.125967000001	1.013811707496643
6656.153424	1.0134608745574951
6656.180881	1.0131748914718628
6656.208338	1.0128984451293945
6656.2357950000005	1.0125678777694702
6656.263252000001	1.0128369331359863
6656.290709000001	1.0132243633270264
6656.318166	1.0135753154754639
6656.345623	1.0139893293380737
6656.37308	1.0140742063522339
6656.400537	1.014112949371338
6656.427994000001	1.0141500234603882
6656.455451000001	1.014243721961975
6656.482908000001	1.0138013362884521
6656.510365	1.0132468938827515
6656.537822	1.0127391815185547
6656.565279	1.012162685394287
6656.5927360000005	1.0122044086456299
6656.620193000001	1.0123827457427979
6656.647650000001	1.0125175714492798
6656.675107	1.0126656293869019
6656.702564	1.0129454135894775
6656.730021	1.0132653713226318
6656.757478	1.0135548114776611
6656.784935000001	1.0138944387435913
6656.812392000001	1.0139497518539429
6656.839849000001	1.0139398574829102
6656.867306	1.0139522552490234
6656.894763	1.0139706134796143
6656.92222	1.0137946605682373
6656.9496770000005	1.0135666131973267
6656.977134000001	1.0133681297302246
6657.004591000001	1.013129711151123
6657.032048	1.013161540031433
6657.059505	1.0132558345794678
6657.086962	1.0133260488510132
6657.114419	1.013440489768982
6657.141876000001	1.0133007764816284
6657.169333000001	1.013124942779541
6657.196790000001	1.0129523277282715
6657.224247	1.012762188911438
6657.251704	1.0128008127212524
6657.279161	1.0128998756408691
6657.3066180000005	1.0129655599594116
6657.334075000001	1.013068675994873
6657.361532000001	1.0131378173828125
6657.388989	1.0132405757904053
6657.416446	1.0133241415023804
6657.443903	1.0134638547897339
6657.4713600000005	1.0130966901779175
6657.498817000001	1.0126241445541382
6657.526274000001	1.0121935606002808
6657.553731	1.0116814374923706
6657.581188	1.011936068534851
6657.608645	1.0123674869537354
6657.636102	1.0127477645874023
6657.6635590000005	1.0131710767745972
6657.691016000001	1.0133862495422363
6657.718473000001	1.0135830640792847
6657.74593	1.0137627124786377
6657.773387	1.0140273571014404
6657.800844	1.0137184858322144
6657.8283010000005	1.0132843255996704
6657.855758000001	1.0129222869873047
6657.883215000001	1.0124694108963013
6657.910672	1.0126909017562866
6657.938129	1.0130881071090698
6657.965586	1.0134201049804688
6657.993043	1.0138758420944214
6658.0205000000005	1.0134459733963013
6658.047957000001	1.012822151184082
6658.075414000001	1.0122864246368408
6658.102871	1.0116465091705322
6658.130328	1.0118350982666016
6658.157785	1.0122398138046265
6658.1852420000005	1.0125713348388672
6658.212699000001	1.0129660367965698
6658.240156000001	1.0128962993621826
6658.267613	1.0127336978912354
6658.29507	1.0126068592071533
6658.322527	1.012434720993042
6658.349984	1.0126166343688965
6658.3774410000005	1.012909173965454
6658.404898000001	1.0131381750106812
6658.432355000001	1.013480544090271
6658.459812	1.0130912065505981
6658.487269	1.0125391483306885
6658.514726	1.0120469331741333
6658.5421830000005	1.0114928483963013
6658.569640000001	1.0114103555679321
6658.597097000001	1.0114713907241821
6658.624554	1.011478304862976
6658.652011	1.0114856958389282
6658.679468	1.0116651058197021
6658.706925	1.0119181871414185
6658.734382000001	1.0121225118637085
6658.761839000001	1.0123906135559082
6658.789296000001	1.0123554468154907
6658.816753	1.0122467279434204
6658.84421	1.012182593345642
6658.871667	1.0120599269866943
6658.8991240000005	1.0124225616455078
6658.926581000001	1.0129090547561646
6658.954038000001	1.0133639574050903
6658.981495	1.013933539390564
6659.008952	1.0135194063186646
6659.036409	1.0129034519195557
6659.063866	1.0123342275619507
6659.091323000001	1.0117332935333252
6659.118780000001	1.0113874673843384
6659.146237000001	1.0111066102981567
6659.173694	1.0108236074447632
6659.201151	1.010475516319275
6659.228608	1.0108972787857056
6659.2560650000005	1.0115156173706055
6659.283522000001	1.0120534896850586
6659.310979000001	1.0126920938491821
6659.338436	1.0127239227294922
6659.365893	1.0126409530639648
6659.39335	1.0125709772109985
6659.420807	1.0125417709350586
6659.448264000001	1.0121909379959106
6659.475721000001	1.0117746591567993
6659.503178000001	1.0114003419876099
6659.530635	1.0109304189682007
6659.558092	1.0114426612854004
6659.585549	1.0122214555740356
6659.6130060000005	1.012904167175293
6659.640463000001	1.0137428045272827
6659.667920000001	1.0136685371398926
6659.695377	1.0133873224258423
6659.722834	1.0131617784500122
6659.750291	1.0129355192184448
6659.777748	1.0126038789749146
6659.805205000001	1.0122517347335815
6659.832662000001	1.0118982791900635
6659.860119000001	1.0115768909454346
6659.887576	1.0110886096954346
6659.915033	1.0105644464492798
6659.94249	1.0100973844528198
6659.9699470000005	1.0094846487045288
6659.997404000001	1.009966492652893
6660.024861000001	1.0107587575912476
6660.052318	1.0114408731460571
6660.079775	1.0122445821762085
6660.107232	1.0122913122177124
6660.134689	1.0121558904647827
6660.162146000001	1.0120594501495361
6660.189603000001	1.0119903087615967
6660.217060000001	1.0116404294967651
6660.244517	1.0112160444259644
6660.271974	1.010819911956787
6660.299431	1.010362982749939
6660.3268880000005	1.0103826522827148
6660.354345000001	1.010518193244934
6660.381802000001	1.0106333494186401
6660.409259	1.0107109546661377
6660.436716	1.01111900806427
6660.464173	1.0116370916366577
6660.49163	1.0120899677276611
6660.519087000001	1.0126615762710571
6660.546544000001	1.0124197006225586
6660.574001000001	1.0119620561599731
6660.601458	1.0115739107131958
6660.628915	1.0111385583877563
6660.656372	1.0109695196151733
6660.6838290000005	1.0108559131622314
6660.711286000001	1.0107375383377075
6660.738743000001	1.010581135749817
6660.7662	1.0108414888381958
6660.793657	1.011223316192627
6660.821114	1.0115575790405273
6660.848571	1.0119789838790894
6660.876028000001	1.0117334127426147
6660.903485000001	1.0113074779510498
6660.930942000001	1.0109375715255737
6660.958399	1.0105092525482178
6660.985856	1.0105470418930054
6661.013313	1.0107094049453735
6661.0407700000005	1.010839819908142
6661.068227000001	1.011002779006958
6661.095684000001	1.0110899209976196
6661.123141	1.0111721754074097
6661.150598	1.0112494230270386
6661.178055	1.011352777481079
6661.205512	1.0113338232040405
6661.232969000001	1.011282205581665
6661.260426000001	1.0112504959106445
6661.287883000001	1.0112050771713257
6661.31534	1.0112663507461548
6661.342797	1.011376976966858
6661.370254	1.0114622116088867
6661.3977110000005	1.0116074085235596
6661.425168000001	1.0113803148269653
6661.452625000001	1.0110398530960083
6661.480082	1.0107383728027344
6661.507539	1.0104036331176758
6661.534996	1.0102300643920898
6661.5624530000005	1.0101238489151
6661.589910000001	1.009965181350708
6661.617367000001	1.0099314451217651
6661.644824	1.0090442895889282
6661.672281	1.007889986038208
6661.699738	1.0068358182907104
6661.727195	1.0056345462799072
6661.7546520000005	1.0055598020553589
6661.782109000001	1.0058307647705078
6661.809566000001	1.0060219764709473
6661.837023	1.0062211751937866
6661.86448	1.0065549612045288
6661.891937	1.0069173574447632
6661.9193940000005	1.0072604417800903
6661.946851000001	1.0077153444290161
6661.974308000001	1.0075589418411255
6662.001765	1.0072325468063354
6662.029222	1.0069808959960938
6662.056679	1.0066869258880615
6662.084136	1.006515383720398
6662.1115930000005	1.006372332572937
6662.139050000001	1.0062541961669922
6662.166507000001	1.0060362815856934
6662.193964	1.0066899061203003
6662.221421	1.007631778717041
6662.248878	1.0084837675094604
6662.2763350000005	1.0094095468521118
6662.303792000001	1.0100715160369873
6662.331249000001	1.0106964111328125
6662.358706	1.011290431022644
6662.386163	1.0120519399642944
6662.41362	1.0115634202957153
6662.441077	1.0106847286224365
6662.468534000001	1.009935736656189
6662.495991000001	1.0090327262878418
6662.523448000001	1.009130597114563
6662.550905	1.0095335245132446
6662.578362	1.009852409362793
6662.605819	1.0102546215057373
6662.6332760000005	1.0102205276489258
6662.660733000001	1.0100563764572144
6662.688190000001	1.0099366903305054
6662.715647	1.0097718238830566
6662.743104	1.0098912715911865
6662.770561	1.0100884437561035
6662.798018	1.0102603435516357
6662.825475000001	1.0104186534881592
6662.852932000001	1.0108495950698853
6662.880389000001	1.011386513710022
6662.907846	1.0118783712387085
6662.935303	1.0124297142028809
6662.96276	1.0127711296081543
6662.9902170000005	1.0130664110183716
6663.017674000001	1.0133306980133057
6663.045131000001	1.0137302875518799
6663.072588	1.0132867097854614
6663.100045	1.0125585794448853
6663.127502	1.0119242668151855
6663.154959	1.0112723112106323
6663.182416000001	1.0106112957000732
6663.209873000001	1.0099365711212158
6663.237330000001	1.0093257427215576
6663.264787	1.008556604385376
6663.292244	1.0087875127792358
6663.319701	1.0093804597854614
6663.3471580000005	1.0098501443862915
6663.374615000001	1.010457992553711
6663.402072000001	1.0103552341461182
6663.429529	1.0100303888320923
6663.456986	1.009753704071045
6663.484443	1.0094996690750122
6663.5119	1.0090901851654053
6663.539357000001	1.0086325407028198
6663.566814000001	1.0082013607025146
6663.594271000001	1.00770902633667
6663.621728	1.0076767206192017
6663.649185	1.0078128576278687
6663.676642	1.0079033374786377
6663.7040990000005	1.0080240964889526
6663.731556000001	1.0080342292785645
6663.759013000001	1.0080006122589111
6663.78647	1.0079658031463623
6663.813927	1.0079532861709595
6663.841384	1.0079396963119507
6663.868841	1.007936954498291
6663.896298000001	1.0079396963119507
6663.923755000001	1.0079319477081299
6663.951212000001	1.0080323219299316
6663.978669	1.0081665515899658
6664.006126	1.0083112716674805
6664.033583	1.008407473564148
6664.0610400000005	1.0088573694229126
6664.088497000001	1.0094268321990967
6664.115954000001	1.009936809539795
6664.143411	1.0105501413345337
6664.170868	1.0106862783432007
6664.198325	1.0106837749481201
6664.225782	1.0106755495071411
6664.253239000001	1.0107636451721191
6664.280696000001	1.0102076530456543
6664.308153000001	1.0094279050827026
6664.33561	1.0087509155273438
6664.363067	1.0079410076141357
6664.390524	1.007935643196106
6664.4179810000005	1.0082180500030518
6664.445438000001	1.0084141492843628
6664.472895000001	1.0087183713912964
6664.500352	1.0085382461547852
6664.527809	1.0081946849822998
6664.555266	1.0078948736190796
6664.582723	1.0075311660766602
6664.610180000001	1.0076230764389038
6664.637637000001	1.0078675746917725
6664.665094000001	1.008077621459961
6664.692551	1.0082825422286987
6664.720008	1.0085622072219849
6664.747465	1.0088943243026733
6664.7749220000005	1.0091962814331055
6664.802379000001	1.0095466375350952
6664.829836000001	1.0096538066864014
6664.857293	1.0096770524978638
6664.88475	1.00973379611969
6664.912207	1.0097812414169312
6664.939664	1.009781002998352
6664.967121000001	1.0097696781158447
6664.994578000001	1.0097298622131348
6665.022035000001	1.0097942352294922
6665.049492	1.0092673301696777
6665.076949	1.0085183382034302
6665.104406	1.0078470706939697
6665.1318630000005	1.007053017616272
6665.159320000001	1.0070688724517822
6665.186777000001	1.0073927640914917
6665.214234	1.007622480392456
6665.241691	1.0079208612442017
6665.269148	1.0078572034835815
6665.296605	1.007664680480957
6665.324062000001	1.0074985027313232
6665.351519000001	1.007354736328125
6665.378976	1.0071433782577515
6665.406433	1.006898045539856
6665.43389	1.0066912174224854
6665.461347	1.0064209699630737
6665.4888040000005	1.0065773725509644
6665.516261000001	1.0069127082824707
6665.543718000001	1.0071536302566528
6665.571175	1.0075905323028564
6665.598632	1.006963849067688
6665.626089	1.005955457687378
6665.6535460000005	1.0050872564315796
6665.681003000001	1.0040291547775269
6665.708460000001	1.0041173696517944
6665.735917	1.0046507120132446
6665.763374	1.0050791501998901
6665.790831	1.005532145500183
6665.818288	1.006024956703186
6665.8457450000005	1.0065350532531738
6665.873202000001	1.0070600509643555
6665.900659000001	1.007536768913269
6665.928116	1.0083682537078857
6665.955573	1.0093551874160767
6665.98303	1.0102440118789673
6666.0104870000005	1.0114095211029053
6666.037944000001	1.01081383228302
6666.065401000001	1.0095311403274536
6666.092858	1.00846266746521
6666.120315	1.007154107093811
6666.147772	1.0072007179260254
6666.175229	1.0078057050704956
6666.2026860000005	1.008237600326538
6666.230143000001	1.0088691711425781
6666.257600000001	1.008493185043335
6666.285057	1.0077168941497803
6666.312514	1.0070958137512207
6666.339971	1.0062711238861084
6666.3674280000005	1.0065196752548218
6666.394885000001	1.0071959495544434
6666.422342000001	1.0077507495880127
6666.449799	1.0084134340286255
6666.477256	1.0085703134536743
6666.504713	1.0085500478744507
6666.53217	1.0085526704788208
6666.559627000001	1.0085806846618652
6666.587084000001	1.0084749460220337
6666.614541000001	1.0083175897598267
6666.641998	1.0081685781478882
6666.669455	1.0080710649490356
6666.696912	1.007682204246521
6666.7243690000005	1.007192611694336
6666.751826000001	1.0067546367645264
6666.779283000001	1.0062127113342285
6666.80674	1.0062650442123413
6666.834197	1.006577968597412
6666.861654	1.0068249702453613
6666.889111	1.0070892572402954
6666.916568000001	1.007473111152649
6666.944025000001	1.0079258680343628
6666.971482000001	1.0083558559417725
6666.998939	1.0088307857513428
6667.026396	1.009063959121704
6667.053853	1.0092161893844604
6667.0813100000005	1.0093669891357422
6667.108767000001	1.0096102952957153
6667.136224000001	1.0092486143112183
6667.163681	1.0086591243743896
6667.191138	1.0081449747085571
6667.218595	1.007514238357544
6667.246052	1.0075429677963257
6667.273509000001	1.007865071296692
6667.300966000001	1.008094072341919
6667.328423000001	1.0083959102630615
6667.35588	1.0083433389663696
6667.383337	1.0081617832183838
6667.410794	1.0079901218414307
6667.4382510000005	1.00786554813385
6667.465708000001	1.007446527481079
6667.493165000001	1.006904125213623
6667.520622	1.0064209699630737
6667.548079	1.0057920217514038
6667.575536	1.0060386657714844
6667.602993	1.0066369771957397
6667.630450000001	1.007120132446289
6667.657907000001	1.0077570676803589
6667.685364000001	1.0076144933700562
6667.712821	1.0071513652801514
6667.740278	1.0067622661590576
6667.767735	1.0063505172729492
6667.7951920000005	1.0059783458709717
6667.822649000001	1.005602240562439
6667.850106000001	1.0052517652511597
6667.877563	1.004771113395691
6667.90502	1.005226731300354
6667.932477	1.006091594696045
6667.959934	1.0068202018737793
6667.987391000001	1.007695198059082
6668.014848000001	1.007931113243103
6668.042305000001	1.0078990459442139
6668.069762	1.0079398155212402
6668.097219	1.0079501867294312
6668.124676	1.008103370666504
6668.1521330000005	1.0083539485931396
6668.179590000001	1.0085508823394775
6668.207047000001	1.0088974237442017
6668.234504	1.008410096168518
6668.261961	1.0075531005859375
6668.289418	1.0068179368972778
6668.316875	1.0059396028518677
6668.344332000001	1.0059144496917725
6668.371789000001	1.0063062906265259
6668.399246000001	1.0065950155258179
6668.426703	1.0068997144699097
6668.45416	1.007218599319458
6668.481617	1.0075560808181763
6668.5090740000005	1.0078247785568237
6668.536531000001	1.0082882642745972
6668.563988000001	1.0077290534973145
6668.591445	1.0066726207733154
6668.618902	1.0058040618896484
6668.646359	1.0046205520629883
6668.673816	1.005327582359314
6668.701273000001	1.0069189071655273
6668.728730000001	1.0082495212554932
6668.756187000001	1.0098490715026855
6668.783644	1.0101896524429321
6668.811101	1.0099632740020752
6668.838558	1.0098621845245361
6668.8660150000005	1.0098098516464233
6668.893472000001	1.0092353820800781
6668.920929000001	1.0083976984024048
6668.948386	1.0076470375061035
6668.975843	1.0068073272705078
6669.0033	1.0064672231674194
6669.030757	1.0063399076461792
6669.058214000001	1.0061671733856201
6669.085671000001	1.006034016609192
6669.113128000001	1.0058057308197021
6669.140585	1.0055571794509888
6669.168042	1.00531005859375
6669.195499	1.005075216293335
6669.2229560000005	1.0048846006393433
6669.250413000001	1.004726767539978
6669.277870000001	1.0045651197433472
6669.305327	1.004427194595337
6669.332784	1.0042058229446411
6669.360241	1.0039668083190918
6669.3876980000005	1.0037503242492676
6669.415155000001	1.0034555196762085
6669.442612000001	1.0036364793777466
6669.470069000001	1.0040208101272583
6669.497526	1.0043467283248901
6669.524983	1.004745364189148
6669.55244	1.004820704460144
6669.5798970000005	1.004775047302246
6669.607354000001	1.0047276020050049
6669.634811000001	1.0047765970230103
6669.662268	1.0042469501495361
6669.689725	1.0034335851669312
6669.717182	1.0027281045913696
6669.7446390000005	1.0018916130065918
6669.772096000001	1.001705288887024
6669.799553000001	1.0018593072891235
6669.82701	1.0018932819366455
6669.854467	1.0020641088485718
6669.881924	1.001530647277832
6669.909381	1.000648021697998
6669.9368380000005	0.9998845458030701
6669.964295000001	0.9989432096481323
6669.991752000001	0.9989908933639526
6670.019209	0.9995231628417969
6670.046666	0.999919056892395
6670.074123	1.0004503726959229
6670.1015800000005	1.0003689527511597
6670.129037000001	1.0000070333480835
6670.156494000001	0.9996933937072754
6670.183951	0.9993987679481506
6670.211408	0.9989393353462219
6670.238865	0.9984123706817627
6670.266322	0.9979403614997864
6670.2937790000005	0.9973410367965698
6670.321236000001	0.997381865978241
6670.348693000001	0.9977681636810303
6670.37615	0.9980526566505432
6670.403607	0.9984274506568909
6670.431064	0.9984346032142639
6670.4585210000005	0.998292863368988
6670.485978000001	0.9981892704963684
6670.513435000001	0.9981294870376587
6670.540892	0.9976725578308105
6670.568349	0.9969971179962158
6670.595806	0.9963718056678772
6670.623263	0.9957257509231567
6670.650720000001	0.9953058958053589
6670.678177000001	0.994992733001709
6670.705634000001	0.994658350944519
6670.733091	0.9943369626998901
6670.760548	0.9939654469490051
6670.788005	0.9935834407806396
6670.8154620000005	0.9931799173355103
6670.842919000001	0.9928711652755737
6670.870376000001	0.9920872449874878
6670.897833	0.991044819355011
6670.92529	0.9900988936424255
6670.952747	0.9889548420906067
6670.980204	0.9889512062072754
6671.007661000001	0.9895323514938354
6671.035118000001	0.9899494647979736
6671.062575000001	0.9905315041542053
6671.090032	0.9903923273086548
6671.117489	0.9899047017097473
6671.144946	0.9895159006118774
6671.1724030000005	0.9890468716621399
6671.199860000001	0.9888635277748108
6671.227317000001	0.9888273477554321
6671.254774	0.9887741208076477
6671.282231	0.9887084364891052
6671.309688	0.9887590408325195
6671.337145	0.9888814091682434
6671.364602000001	0.9889973998069763
6671.392059000001	0.9891290664672852
6671.419516000001	0.9892349243164062
6671.446973	0.9893515706062317
6671.47443	0.9894604682922363
6671.501887	0.9895985126495361
6671.5293440000005	0.989569902420044
6671.556801000001	0.9894706010818481
6671.584258000001	0.9893879294395447
6671.611715	0.9892815947532654
6671.639172	0.9893251657485962
6671.666629	0.9894598126411438
6671.694086	0.9895610213279724
6671.721543000001	0.9897122383117676
6671.749000000001	0.9896355867385864
6671.776457000001	0.9894623756408691
6671.803914	0.9892973899841309
6671.831371	0.9891598224639893
6671.858828	0.9888797402381897
6671.8862850000005	0.9884865283966064
6671.913742000001	0.9881480932235718
6671.941199000001	0.9877249002456665
6671.968656	0.9878200888633728
6671.996113	0.9882267117500305
6672.02357	0.9885136485099792
6672.051027	0.9890190958976746
6672.078484000001	0.9883971810340881
6672.105941000001	0.9871357083320618
6672.133398000001	0.9860799312591553
6672.160855	0.9847465753555298
6672.188312	0.9848139882087708
6672.215769	0.9856552481651306
6672.2432260000005	0.9862703084945679
6672.270683000001	0.9871075749397278
6672.298140000001	0.9870279431343079
6672.325597	0.9864481091499329
6672.353054	0.9860154390335083
6672.380511	0.9854112863540649
6672.407968	0.9856577515602112
6672.435425000001	0.9864034056663513
6672.462882000001	0.9870014786720276
6672.490339000001	0.9877232313156128
6672.517796	0.9879766702651978
6672.545253	0.9880061149597168
6672.57271	0.9880440831184387
6672.6001670000005	0.9882597327232361
6672.627624000001	0.9874003529548645
6672.655081000001	0.9858967661857605
6672.682538	0.9846511483192444
6672.709995	0.9829792976379395
6672.737452	0.9834235310554504
6672.764909	0.9850950241088867
6672.792366000001	0.986416220664978
6672.819823000001	0.9880348443984985
6672.847280000001	0.9884615540504456
6672.874737	0.9882334470748901
6672.902194	0.9881857633590698
6672.929651	0.9879981875419617
6672.9571080000005	0.988346517086029
6672.984565000001	0.9890065789222717
6673.012022000001	0.9895625114440918
6673.039479	0.9902269840240479
6673.066936	0.9904494285583496
6673.094393	0.9904007315635681
6673.12185	0.9904193878173828
6673.149307000001	0.9904351830482483
6673.176764000001	0.9904796481132507
6673.204221000001	0.9905429482460022
6673.231678	0.9906162023544312
6673.259135	0.990667462348938
6673.286592	0.9908751249313354
6673.3140490000005	0.9911628365516663
6673.341506000001	0.9914752244949341
6673.368963000001	0.991704523563385
6673.39642	0.9924283027648926
6673.423877	0.9934594631195068
6673.451334	0.9944339990615845
6673.4787910000005	0.99539715051651
6673.506248000001	0.9964735507965088
6673.533705000001	0.9976541996002197
6673.561162	0.9987595081329346
6673.588619	1.0000213384628296
6673.616076	1.000534176826477
6673.643533	1.0006221532821655
6673.6709900000005	1.000760793685913
6673.698447000001	1.0011099576950073
6673.725904000001	1.0001555681228638
6673.753361	0.9984268546104431
6673.780818	0.9968547224998474
6673.808275	0.9953014850616455
6673.8357320000005	0.9935306310653687
6673.863189000001	0.9916028380393982
6673.890646000001	0.9897413849830627
6673.918103	0.9877563714981079
6673.94556	0.9864010214805603
6673.973017	0.9854071140289307
6674.000474	0.9843131303787231
6674.0279310000005	0.9832658171653748
6674.055388000001	0.9821786284446716
6674.082845000001	0.9810672402381897
6674.110302	0.9799777269363403
6674.137759	0.9788938164710999
6674.165216	0.9778119325637817
6674.1926730000005	0.9767335653305054
6674.220130000001	0.9756803512573242
6674.247587000001	0.9745349287986755
6674.275044	0.9739519357681274
6674.302501	0.9737165570259094
6674.329958	0.9734153747558594
6674.357415	0.9730504751205444
6674.3848720000005	0.9731488823890686
6674.412329000001	0.9735419154167175
6674.439786000001	0.9739335179328918
6674.467243	0.9740674495697021
6674.4947	0.9756554961204529
6674.522157	0.9781747460365295
6674.5496140000005	0.9804174304008484
6674.577071000001	0.983000636100769
6674.604528000001	0.984111487865448
6674.631985	0.9843385815620422
6674.659442	0.9847820997238159
6674.686899	0.985127866268158
6674.714356	0.985700249671936
6674.741813000001	0.986382782459259
6674.769270000001	0.9870543479919434
6674.796727000001	0.9877119660377502
6674.824184	0.9885554909706116
6674.851641	0.9895229339599609
6674.879098	0.9904450178146362
6674.9065550000005	0.991470992565155
6674.934012000001	0.9920271039009094
6674.961469000001	0.9923183917999268
6674.988926	0.9926748871803284
6675.016383	0.9930421710014343
6675.04384	0.9931859970092773
6675.071297	0.9931833148002625
6675.098754000001	0.9932730197906494
6675.126211000001	0.9931073784828186
6675.153668000001	0.9942619204521179
6675.181125	0.9962735772132874
6675.208582	0.9980601668357849
6675.236039	0.9999916553497314
6675.2634960000005	1.0014735460281372
6675.290953000001	1.0026628971099854
6675.318410000001	1.0039297342300415
6675.345867	1.0051559209823608
6675.373324	1.0065598487854004
6675.400781	1.0080844163894653
6675.428238	1.009604811668396
6675.455695000001	1.0111089944839478
6675.483152000001	1.012668490409851
6675.510609000001	1.01429283618927
6675.538066	1.0158729553222656
6675.565523	1.0175544023513794
6675.59298	1.0187404155731201
6675.6204370000005	1.0196211338043213
6675.647894000001	1.0205515623092651
6675.675351000001	1.0215742588043213
6675.702808	1.0220361948013306
6675.730265	1.0221375226974487
6675.757722	1.022312045097351
6675.785179	1.022499680519104
6675.812636000001	1.0224436521530151
6675.840093000001	1.0222358703613281
6675.867550000001	1.0220545530319214
6675.895007	1.021883487701416
6675.922464	1.021594762802124
6675.949921	1.0212434530258179
6675.9773780000005	1.0208946466445923
6676.004835000001	1.020576000213623
6676.032292000001	1.020124912261963
6676.059749	1.0195943117141724
6676.087206	1.0190675258636475
6676.114663	1.018606185913086
6676.14212	1.0177240371704102
6676.169577000001	1.0165446996688843
6676.197034000001	1.015453815460205
6676.224491000001	1.014292597770691
6676.251948	1.013413429260254
6676.279405	1.0127607583999634
6676.306862	1.0120487213134766
6676.3343190000005	1.0113893747329712
6676.361776000001	1.0105359554290771
6676.389233000001	1.0095360279083252
6676.41669	1.0086135864257812
6676.444147	1.0075302124023438
6676.471604	1.0073004961013794
6676.499061	1.0076974630355835
6676.526518000001	1.007926106452942
6676.553975000001	1.0083144903182983
6676.581432000001	1.008053183555603
6676.608889	1.0073621273040771
6676.636346	1.0067838430404663
6676.663803	1.0061697959899902
6676.6912600000005	1.0055270195007324
6676.718717000001	1.0048763751983643
6676.746174000001	1.0041725635528564
6676.773631	1.0035908222198486
6676.801088	1.0024638175964355
6676.828545	1.0009328126907349
6676.856002	0.9995564222335815
6676.883459000001	0.9978916049003601
6676.910916000001	0.9975832104682922
6676.938373000001	0.9982388615608215
6676.96583	0.9986499547958374
6676.993287	0.9992391467094421
6677.020744	0.9991329908370972
6677.0482010000005	0.9985395669937134
6677.075658000001	0.9980486035346985
6677.103115000001	0.9975581765174866
6677.130572	0.9969922304153442
6677.158029	0.9963722825050354
6677.185486	0.9957626461982727
6677.212943	0.9951979517936707
6677.240400000001	0.9944466352462769
6677.267857000001	0.993556559085846
6677.295314000001	0.9927157163619995
6677.322771	0.9918211102485657
6677.350228	0.9911906719207764
6677.377685	0.9907529354095459
6677.4051420000005	0.9902731776237488
6677.432599000001	0.989768385887146
6677.460056000001	0.9895281195640564
6677.487513	0.9894630312919617
6677.51497	0.9893812537193298
6677.542427	0.9892284274101257
6677.5698840000005	0.9894516468048096
6677.597341000001	0.9899494051933289
6677.624798000001	0.9903883934020996
6677.652255000001	0.9908506274223328
6677.679712	0.9912800192832947
6677.707169	0.9917069673538208
6677.734626	0.9921194314956665
6677.7620830000005	0.9926156997680664
6677.789540000001	0.9926543235778809
6677.816997000001	0.992367684841156
6677.844454	0.9921489953994751
6677.871911	0.9919163584709167
6677.899368	0.9917087554931641
6677.9268250000005	0.9915053248405457
6677.954282000001	0.9912986159324646
6677.981739000001	0.9910738468170166
6678.009196	0.9909956455230713
6678.036653	0.9910035133361816
6678.06411	0.9910221695899963
6678.091567	0.9909168481826782
6678.1190240000005	0.9915306568145752
6678.146481000001	0.9927147030830383
6678.173938000001	0.9937372207641602
6678.201395	0.9949166774749756
6678.228852	0.9954825639724731
6678.256309	0.9956061840057373
6678.2837660000005	0.9958171248435974
6678.311223000001	0.9960649609565735
6678.338680000001	0.9960013628005981
6678.366137	0.9956819415092468
6678.393594	0.9954335689544678
6678.421051	0.9951008558273315
6678.448508	0.9951699376106262
6678.4759650000005	0.9955543875694275
6678.503422000001	0.9958792328834534
6678.530879000001	0.9962347149848938
6678.558336	0.9964956045150757
6678.585793	0.996705174446106
6678.61325	0.9969375729560852
6678.6407070000005	0.9971405267715454
6678.668164000001	0.9974797964096069
6678.695621000001	0.9979303479194641
6678.723078	0.9983464479446411
6678.750535	0.998777449131012
6678.777992	0.9992223381996155
6678.805449	0.9996674656867981
6678.832906000001	1.0001051425933838
6678.860363000001	1.000613808631897
6678.887820000001	1.0008034706115723
6678.915277	1.000754475593567
6678.942734	1.0007702112197876
6678.970191	1.0007872581481934
6678.9976480000005	1.0007293224334717
6679.025105000001	1.0006181001663208
6679.052562000001	1.0005676746368408
6679.080019	1.0003633499145508
6679.107476	1.0009089708328247
6679.134933	1.0020626783370972
6679.16239	1.0030547380447388
6679.189847000001	1.0041853189468384
6679.217304000001	1.004819393157959
6679.244761000001	1.0050711631774902
6679.272218	1.0054023265838623
6679.299675	1.0057013034820557
6679.327132	1.0060548782348633
6679.3545890000005	1.0064597129821777
6679.382046000001	1.006866216659546
6679.409503000001	1.0072383880615234
6679.43696	1.0077464580535889
6679.464417	1.008368968963623
6679.491874	1.0089654922485352
6679.519331	1.0095546245574951
6679.546788000001	1.0102812051773071
6679.574245000001	1.0111219882965088
6679.601702000001	1.0119001865386963
6679.629159	1.0128172636032104
6679.656616	1.0131220817565918
6679.684073	1.012890338897705
6679.7115300000005	1.0128083229064941
6679.738987000001	1.012563705444336
6679.766444000001	1.0129780769348145
6679.793901	1.0139366388320923
6679.821358	1.0147746801376343
6679.848815	1.0156593322753906
6679.876272	1.0164952278137207
6679.903729000001	1.0172927379608154
6679.931186000001	1.0180931091308594
6679.958643000001	1.0189567804336548
6679.9861	1.0195326805114746
6680.013557	1.0199052095413208
6680.041014	1.0202925205230713
6680.0684710000005	1.0207771062850952
6680.095928000001	1.020682692527771
6680.123385000001	1.020080804824829
6680.150842	1.0195988416671753
6680.178299	1.0190608501434326
6680.205756	1.0187281370162964
6680.233213	1.0185561180114746
6680.260670000001	1.0183497667312622
6680.288127000001	1.0181385278701782
6680.315584000001	1.0180732011795044
6680.343041	1.0181397199630737
6680.370498	1.018181562423706
6680.397955	1.0183002948760986
6680.4254120000005	1.01801335811615
6680.452869000001	1.0174013376235962
6680.480326000001	1.0168882608413696
6680.507783	1.0162537097930908
6680.53524	1.0160919427871704
6680.562697	1.016330361366272
6680.590154	1.0164515972137451
6680.617611000001	1.0167021751403809
6680.645068000001	1.0165009498596191
6680.672525000001	1.0159025192260742
6680.699982	1.0153974294662476
6680.727439	1.0148321390151978
6680.754896	1.014458179473877
6680.7823530000005	1.014243245124817
6680.809810000001	1.0139988660812378
6680.837267000001	1.013755440711975
6680.864724	1.013547420501709
6680.892181	1.013376235961914
6680.919638	1.013177752494812
6680.947095	1.013074517250061
6680.974552000001	1.0125782489776611
6681.002009000001	1.0117528438568115
6681.029466000001	1.0110318660736084
6681.056923	1.0102087259292603
6681.08438	1.009804368019104
6681.111837	1.0097706317901611
6681.1392940000005	1.0096204280853271
6681.166751000001	1.0096566677093506
6681.194208000001	1.008879542350769
6681.221665	1.00739586353302
6681.249122	1.00608491897583
6681.276579	1.0046569108963013
6681.304036	1.0036464929580688
6681.331493000001	1.002991795539856
6681.358950000001	1.0022929906845093
6681.386407	1.0015314817428589
6681.413864	1.0011409521102905
6681.441321	1.0011146068572998
6681.468778	1.0009775161743164
6681.4962350000005	1.0009969472885132
6681.523692000001	1.000387191772461
6681.551149000001	0.999203622341156
6681.578606	0.9981505870819092
6681.606063	0.9970273971557617
6681.63352	0.9961485266685486
6681.6609770000005	0.9954609870910645
6681.688434000001	0.9947453141212463
6681.715891000001	0.9940135478973389
6681.743348	0.9934045672416687
6681.770805	0.9929317235946655
6681.798262	0.9924575090408325
6681.825719	0.9919010400772095
6681.8531760000005	0.9917407035827637
6681.880633000001	0.9919454455375671
6681.908090000001	0.9920607805252075
6681.935547	0.992226779460907
6681.963004	0.9922988414764404
6681.990461	0.9922826290130615
6682.0179180000005	0.9922991394996643
6682.045375000001	0.9922929406166077
6682.072832000001	0.9923467636108398
6682.100289	0.9924890995025635
6682.127746	0.9925733208656311
6682.155203	0.9928652048110962
6682.18266	0.9921700954437256
6682.2101170000005	0.9905484914779663
6682.237574000001	0.9891878962516785
6682.265031000001	0.9875563979148865
6682.292488	0.9869764447212219
6682.319945	0.9873667359352112
6682.347402	0.9875267744064331
6682.3748590000005	0.9878042936325073
6682.402316000001	0.9878134727478027
6682.429773000001	0.9875896573066711
6682.45723	0.9874225854873657
6682.484687	0.9872656464576721
6682.512144	0.9869856238365173
6682.539601	0.9866055250167847
6682.5670580000005	0.986247718334198
6682.594515000001	0.9859164357185364
6682.621972000001	0.9854047298431396
6682.649429	0.9847040176391602
6682.676886	0.9840793013572693
6682.704343	0.9833158850669861
6682.7318000000005	0.9831632971763611
6682.759257000001	0.9836002588272095
6682.786714000001	0.9839074015617371
6682.814171	0.984276533126831
6682.841628	0.9845176339149475
6682.869085	0.9846829175949097
6682.896542	0.9848417043685913
6682.923999000001	0.9851210713386536
6682.951456000001	0.9847810864448547
6682.978913000001	0.9838160872459412
6683.00637	0.9830278754234314
6683.033827	0.9820213317871094
6683.061284	0.9819106459617615
6683.0887410000005	0.9826667308807373
6683.116198000001	0.9832240343093872
6683.143655000001	0.9838984608650208
6683.171112	0.9842542409896851
6683.198569	0.9843239188194275
6683.226026	0.9844270348548889
6683.253483	0.9846346378326416
6683.280940000001	0.9843034744262695
6683.308397000001	0.9834067821502686
6683.335854000001	0.9826469421386719
6683.363311	0.981768012046814
6683.390768	0.9813804030418396
6683.418225	0.9814759492874146
6683.4456820000005	0.9814826250076294
6683.473139000001	0.9814744591712952
6683.500596000001	0.9816395044326782
6683.528053	0.9819828867912292
6683.55551	0.9822627305984497
6683.582967	0.982667088508606
6683.610424	0.9825223684310913
6683.637881000001	0.9818084836006165
6683.665338000001	0.9812543988227844
6683.692795000001	0.9804883599281311
6683.720252	0.9806182384490967
6683.747709	0.9816474914550781
6683.775166	0.9824573993682861
6683.8026230000005	0.983424186706543
6683.830080000001	0.9839451909065247
6683.857537000001	0.9840225577354431
6683.884994	0.9842031002044678
6683.912451	0.9843987822532654
6683.939908	0.9843928217887878
6683.967365	0.98419189453125
6683.994822000001	0.984024167060852
6684.022279000001	0.9838910102844238
6684.049736000001	0.983588457107544
6684.077193	0.9830783605575562
6684.10465	0.9826768636703491
6684.132107	0.9820733070373535
6684.1595640000005	0.982365071773529
6684.187021000001	0.9836022853851318
6684.214478000001	0.9846019744873047
6684.241935	0.9858068823814392
6684.269392	0.9863358736038208
6684.296849	0.9861791133880615
6684.324306	0.9861759543418884
6684.351763000001	0.9861231446266174
6684.379220000001	0.9861085414886475
6684.406677000001	0.9861097931861877
6684.434134	0.9861467480659485
6684.461591	0.9860969185829163
6684.489048	0.9864756464958191
6684.5165050000005	0.987362265586853
6684.543962000001	0.9881047010421753
6684.571419000001	0.9890864491462708
6684.598876	0.9889946579933167
6684.626333	0.9877632260322571
6684.65379	0.9867912530899048
6684.681247	0.9856864213943481
6684.708704000001	0.9849829077720642
6684.736161000001	0.9846987724304199
6684.763618000001	0.9843602776527405
6684.791075	0.9839900135993958
6684.818532	0.9838208556175232
6684.845989	0.9838792681694031
6684.8734460000005	0.983909010887146
6684.900903000001	0.9839270710945129
6684.928360000001	0.9840142130851746
6684.955817	0.9842023849487305
6684.983274	0.9843552708625793
6685.010731	0.9845577478408813
6685.038188	0.9846046566963196
6685.065645000001	0.984480082988739
6685.093102000001	0.9844520092010498
6685.120559000001	0.9842395186424255
6685.148016	0.9847924113273621
6685.175473	0.9862022399902344
6685.20293	0.9873892664909363
6685.2303870000005	0.9888373017311096
6685.257844000001	0.9892770648002625
6685.285301000001	0.9886100888252258
6685.312758	0.9882121086120605
6685.340215	0.9875715374946594
6685.367672	0.9878247380256653
6685.395129	0.9890409111976624
6685.422586000001	0.9900086522102356
6685.450043000001	0.9911506175994873
6685.477500000001	0.9918113946914673
6685.504957	0.9919213652610779
6685.532414	0.9921843409538269
6685.559871	0.9923282861709595
6685.5873280000005	0.9928736090660095
6685.614785000001	0.993870735168457
6685.642242000001	0.9947282075881958
6685.669699	0.9957419633865356
6685.697156	0.9961690306663513
6685.724613	0.9959468841552734
6685.7520700000005	0.99588543176651
6685.779527000001	0.995685875415802
6685.806984000001	0.9959608912467957
6685.834441	0.9967472553253174
6685.861898	0.9974104166030884
6685.889355	0.9981999397277832
6685.916812	0.9985088109970093
6685.9442690000005	0.9982832670211792
6685.971726000001	0.9981904029846191
6685.999183000001	0.9980062246322632
6686.02664	0.9981536865234375
6686.054097	0.9986568689346313
6686.081554	0.9991002082824707
6686.1090110000005	0.999538242816925
6686.136468000001	1.0001417398452759
6686.163925000001	1.0009592771530151
6686.191382	1.0017048120498657
6686.218839	1.0025999546051025
6686.246296	1.0028654336929321
6686.273753	1.002386212348938
6686.3012100000005	1.0020833015441895
6686.328667000001	1.0016587972640991
6686.356124000001	1.0016764402389526
6686.383581	1.0022133588790894
6686.411038	1.0026386976242065
6686.438495	1.0031460523605347
6686.4659520000005	1.0034174919128418
6686.493409000001	1.0034154653549194
6686.520866000001	1.0034856796264648
6686.548323	1.003482460975647
6686.57578	1.0037246942520142
6686.603237	1.0042389631271362
6686.630694	1.0046753883361816
6686.6581510000005	1.005216360092163
6686.685608000001	1.005310297012329
6686.713065000001	1.004888892173767
6686.740522	1.0045713186264038
6686.767979	1.0041923522949219
6686.795436	1.0039145946502686
6686.8228930000005	1.003724217414856
6686.850350000001	1.0035114288330078
6686.877807000001	1.0032832622528076
6686.905264	1.0032011270523071
6686.932721	1.0032936334609985
6686.960178	1.0033328533172607
6686.987635	1.003430724143982
6687.015092000001	1.0033332109451294
6687.042549000001	1.0030120611190796
6687.070006000001	1.002738118171692
6687.097463	1.0025039911270142
6687.12492	1.0020756721496582
6687.152377	1.0013788938522339
6687.1798340000005	1.0007966756820679
6687.207291000001	1.0000580549240112
6687.234748000001	0.9999894499778748
6687.262205	1.0007511377334595
6687.289662	1.0013517141342163
6687.317119	1.0020391941070557
6687.344576	1.0024594068527222
6687.372033000001	1.0025559663772583
6687.399490000001	1.0027211904525757
6687.426947000001	1.0028550624847412
6687.454404	1.00310480594635
6687.481861	1.0035083293914795
6687.509318	1.0038846731185913
6687.5367750000005	1.0042752027511597
6687.564232000001	1.004653811454773
6687.591689000001	1.0049961805343628
6687.619146	1.005327582359314
6687.646603	1.0056828260421753
6687.67406	1.0059833526611328
6687.701517	1.0062023401260376
6687.728974000001	1.0063892602920532
6687.756431000001	1.0067800283432007
6687.783888000001	1.0062823295593262
6687.811345	1.004636526107788
6687.838802	1.003302812576294
6687.866259	1.0016028881072998
6687.8937160000005	1.001253366470337
6687.921173000001	1.002587080001831
6687.948630000001	1.0035243034362793
6687.976087	1.0047756433486938
6688.003544	1.005039930343628
6688.031001	1.004078984260559
6688.058458	1.0033879280090332
6688.085915000001	1.0025261640548706
6688.113372000001	1.0021326541900635
6688.140829000001	1.0022996664047241
6688.168286	1.0023497343063354
6688.195743	1.0024538040161133
6688.2232	1.0024347305297852
6688.2506570000005	1.0022462606430054
6688.278114000001	1.0020991563796997
6688.305571000001	1.0018976926803589
6688.333028	1.0019375085830688
6688.360485	1.002291202545166
6688.387942	1.0026010274887085
6688.415399	1.0028959512710571
6688.442856000001	1.0033323764801025
6688.470313000001	1.0039668083190918
6688.497770000001	1.004520058631897
6688.525227	1.0052399635314941
6688.552684	1.0052841901779175
6688.580141	1.0044370889663696
6688.6075980000005	1.0038081407546997
6688.635055000001	1.0030145645141602
6688.662512000001	1.0027729272842407
6688.689969	1.0032269954681396
6688.717426	1.003504991531372
6688.744883	1.0039825439453125
6688.77234	1.0037527084350586
6688.799797000001	1.0025984048843384
6688.827254000001	1.0016710758209229
6688.854711000001	1.0005329847335815
6688.882168	1.0001156330108643
6688.909625	1.0006765127182007
6688.937082	1.0010151863098145
6688.9645390000005	1.001578688621521
6688.991996000001	1.0013089179992676
6689.019453000001	0.9999397993087769
6689.04691	0.9988583326339722
6689.074367	0.9975453019142151
6689.101824	0.9970167279243469
6689.129281	0.9975215196609497
6689.156738000001	0.9978305101394653
6689.184195000001	0.9982017278671265
6689.211652000001	0.9985783696174622
6689.239109	0.9990002512931824
6689.266566	0.9993807673454285
6689.294023	0.9998937249183655
6689.3214800000005	0.9999076128005981
6689.348937000001	0.9992093443870544
6689.376394000001	0.9987021684646606
6689.403851	0.9980000853538513
6689.431308	0.9980090856552124
6689.458765	0.9989755153656006
6689.486222	0.9996933937072754
6689.513679000001	1.0007141828536987
6689.541136000001	1.0006591081619263
6689.568593	0.9991258978843689
6689.59605	0.9979578852653503
6689.623507	0.996407151222229
6689.650964	0.9962767362594604
6689.6784210000005	0.9980418086051941
6689.705878000001	0.9994117021560669
6689.733335000001	1.0010207891464233
6689.760792	1.0020214319229126
6689.788249	1.0022486448287964
6689.815706	1.0026222467422485
6689.8431630000005	1.0030059814453125
6689.870620000001	1.0031440258026123
6689.898077000001	1.0029157400131226
6689.925534	1.0027767419815063
6689.952991	1.0025827884674072
6689.980448	1.002536416053772
6690.007905	1.0026746988296509
6690.0353620000005	1.0027676820755005
6690.062819000001	1.002889633178711
6690.090276000001	1.0029730796813965
6690.117733	1.0029804706573486
6690.14519	1.0029916763305664
6690.172647	1.003060221672058
6690.2001040000005	1.0028929710388184
6690.227561000001	1.0023667812347412
6690.255018000001	1.0019149780273438
6690.282475	1.0014495849609375
6690.309932	1.0009806156158447
6690.337389	1.0005178451538086
6690.364846	1.0001013278961182
6690.3923030000005	0.9995711445808411
6690.419760000001	0.9994810223579407
6690.447217000001	1.000045895576477
6690.474674	1.000456690788269
6690.502131	1.000993013381958
6690.529588	1.0011073350906372
6690.5570450000005	1.000614881515503
6690.584502000001	1.0002585649490356
6690.611959000001	0.9998335242271423
6690.639416	0.9995326995849609
6690.666873	0.9993919730186462
6690.69433	0.9992372393608093
6690.721787	0.9990126490592957
6690.7492440000005	0.9991113543510437
6690.776701000001	0.999670684337616
6690.804158000001	1.0001211166381836
6690.831615	1.0006980895996094
6690.859072	1.0008018016815186
6690.886529	1.0001890659332275
6690.9139860000005	0.9997209906578064
6690.941443000001	0.999194860458374
6690.968900000001	0.9988610744476318
6690.996357	0.9987786412239075
6691.023814	0.9986435174942017
6691.051271	0.9985406994819641
6691.078728	0.9984192252159119
6691.106185000001	0.9982594847679138
6691.133642000001	0.9981289505958557
6691.161099000001	0.9979439377784729
6691.188556	0.9980180263519287
6691.216013	0.9984721541404724
6691.24347	0.9988412261009216
6691.2709270000005	0.999299943447113
6691.298384000001	0.999474823474884
6691.325841000001	0.9992091655731201
6691.353298	0.9990071058273315
6691.380755	0.9988741278648376
6691.408212	0.9983737468719482
6691.435669	0.9972854852676392
6691.463126000001	0.9963528513908386
6691.490583000001	0.9952064156532288
6691.518040000001	0.9948943853378296
6691.545497	0.9958241581916809
6691.572954	0.9965212345123291
6691.600411	0.9973142147064209
6691.6278680000005	0.9979680180549622
6691.655325000001	0.9984408617019653
6691.682782000001	0.998942494392395
6691.710239	0.9994929432868958
6691.737696	0.999794065952301
6691.765153	0.9997373819351196
6691.79261	0.9997424483299255
6691.820067000001	0.9997263550758362
6691.847524000001	0.9997242093086243
6691.874981000001	0.9997075796127319
6691.902438	0.9996814727783203
6691.929895	0.9997156858444214
6691.957352	0.9994943737983704
6691.9848090000005	0.9988402128219604
6692.012266000001	0.9983082413673401
6692.039723000001	0.9976786375045776
6692.06718	0.9973958134651184
6692.094637	0.9976599812507629
6692.122094	0.997830867767334
6692.149551	0.99801105260849
6692.177008000001	0.9982229471206665
6692.204465000001	0.998473584651947
6692.231922000001	0.9987152218818665
6692.259379	0.998997688293457
6692.286836	0.9990884065628052
6692.314293	0.9988954067230225
6692.3417500000005	0.9987703561782837
6692.369207000001	0.9985898733139038
6692.396664000001	0.9985243678092957
6692.424121	0.9986168146133423
6692.451578	0.9986769556999207
6692.479035	0.9987959265708923
6692.506492	0.9986896514892578
6692.533949000001	0.9982326626777649
6692.561406000001	0.9978530406951904
6692.588863000001	0.997400164604187
6692.61632	0.9972392320632935
6692.643777	0.9975410103797913
6692.671234	0.9977300763130188
6692.6986910000005	0.9980707168579102
6692.726148000001	0.9978183507919312
6692.753605000001	0.996570885181427
6692.781062	0.9955775141716003
6692.808519	0.9943110942840576
6692.835976	0.9939458966255188
6692.863433	0.9950129389762878
6692.890890000001	0.9957900047302246
6692.918347000001	0.9967652559280396
6692.945804000001	0.9971679449081421
6692.973261	0.9966708421707153
6693.000718	0.9963420629501343
6693.028175	0.9959728121757507
6693.0556320000005	0.995608925819397
6693.083089000001	0.9952102303504944
6693.110546000001	0.9948430061340332
6693.138003	0.9944206476211548
6693.16546	0.9942902326583862
6693.192917	0.9946714043617249
6693.220374	0.9949632883071899
6693.247831000001	0.9953078627586365
6693.275288000001	0.9954890608787537
6693.302745000001	0.9954214096069336
6693.330202	0.9953851699829102
6693.357659	0.9954148530960083
6693.385116	0.9951413869857788
6693.4125730000005	0.9943696856498718
6693.440030000001	0.9937185645103455
6693.467487000001	0.9929707050323486
6693.494944	0.9925117492675781
6693.522401	0.9925174713134766
6693.549858	0.9924222826957703
6693.577315	0.9924275279045105
6693.604772000001	0.992136538028717
6693.632229000001	0.9912634491920471
6693.659686000001	0.9905478954315186
6693.687143	0.9896480441093445
6693.7146	0.9894834160804749
6693.742057	0.9905871748924255
6693.7695140000005	0.9914376139640808
6693.796971000001	0.9924406409263611
6693.824428000001	0.9930597543716431
6693.851885	0.9930315017700195
6693.879342	0.9931424856185913
6693.906799	0.9931784272193909
6693.9342560000005	0.9934411644935608
6693.961713000001	0.9940995573997498
6693.989170000001	0.9946567416191101
6694.016627	0.9953445792198181
6694.044084	0.9955359101295471
6694.071541	0.9948141574859619
6694.098998	0.9942877888679504
6694.1264550000005	0.9936484694480896
6694.153912000001	0.9932878017425537
6694.181369000001	0.993381917476654
6694.208826	0.9933856725692749
6694.236283	0.9934178590774536
6694.26374	0.9934728741645813
6694.2911970000005	0.9935845732688904
6694.318654000001	0.9936869144439697
6694.346111000001	0.9938271641731262
6694.373568	0.9937829971313477
6694.401025	0.9933659434318542
6694.428482	0.9930275678634644
6694.455939	0.992625892162323
6694.4833960000005	0.9924086332321167
6694.510853000001	0.9924882054328918
6694.538310000001	0.9925252199172974
6694.565767	0.9925664663314819
6694.593224	0.9926558136940002
6694.620681	0.9928454160690308
6694.6481380000005	0.9930133819580078
6694.675595000001	0.9932041168212891
6694.703052000001	0.9933004975318909
6694.730509	0.9932022094726562
6694.757966	0.9931514859199524
6694.785423	0.9930793642997742
6694.81288	0.993073582649231
6694.8403370000005	0.9931342601776123
6694.867794000001	0.9931701421737671
6694.895251000001	0.9932252168655396
6694.922708	0.99334317445755
6694.950165	0.9935837984085083
6694.977622	0.9937999844551086
6695.0050790000005	0.9940809607505798
6695.032536000001	0.9940845370292664
6695.059993000001	0.9936158061027527
6695.08745	0.9932535886764526
6695.114907	0.9927971959114075
6695.142364	0.992642879486084
6695.169821	0.9930176734924316
6695.197278000001	0.993285059928894
6695.224735000001	0.9936053156852722
6695.252192000001	0.9937792420387268
6695.279649	0.993681013584137
6695.307106	0.9936234951019287
6695.334563	0.9935858249664307
6695.3620200000005	0.9934107661247253
6695.389477000001	0.9929680824279785
6695.416934000001	0.9925997257232666
6695.444391	0.992138147354126
6695.471848	0.9919456839561462
6695.499305	0.9922386407852173
6695.526762	0.9924269914627075
6695.554219000001	0.9926734566688538
6695.581676000001	0.9926803112030029
6695.609133000001	0.9922081828117371
6695.63659	0.991821825504303
6695.664047	0.9913877844810486
6695.691504	0.9910687208175659
6695.7189610000005	0.9909380674362183
6695.746418000001	0.9907705187797546
6695.773875000001	0.9905579090118408
6695.801332	0.9906103610992432
6695.828789	0.9912005066871643
6695.856246	0.9916819930076599
6695.883703	0.9922651052474976
6695.911160000001	0.992463231086731
6695.938617000001	0.9919132590293884
6695.966074000001	0.9915149807929993
6695.993531	0.9909862279891968
6696.020988	0.9909281134605408
6696.048445	0.9917756915092468
6696.0759020000005	0.9924729466438293
6696.103359000001	0.9932630658149719
6696.130816000001	0.993764340877533
6696.158273	0.9936791062355042
6696.18573	0.9937109351158142
6696.213187	0.9937362670898438
6696.240644	0.9937177300453186
6696.268101000001	0.9935798645019531
6696.295558000001	0.9934676289558411
6696.323015000001	0.9933819770812988
6696.350472	0.9932262301445007
6696.377929	0.992906928062439
6696.405386	0.9926450252532959
6696.4328430000005	0.9923244714736938
6696.460300000001	0.9922807216644287
6696.487757000001	0.9927307963371277
6696.515214	0.9930758476257324
6696.542671	0.9935789108276367
6696.570128	0.9935581684112549
6696.597585	0.9924485087394714
6696.625042000001	0.9915654063224792
6696.652499000001	0.990542471408844
6696.679956000001	0.9899626970291138
6696.707413	0.9902385473251343
6696.73487	0.990370512008667
6696.762327	0.9905403852462769
6696.7897840000005	0.9907328486442566
6696.817241000001	0.9909743070602417
6696.844698000001	0.9912266731262207
6696.872155	0.9914658069610596
6696.899612	0.9917239546775818
6696.927069	0.9920543432235718
6696.954526	0.9923628568649292
6696.981983000001	0.9927186369895935
6697.009440000001	0.9928370714187622
6697.036897000001	0.9924242496490479
6697.064354	0.9920971393585205
6697.091811	0.9917302131652832
6697.119268	0.9914261102676392
6697.1467250000005	0.9911872744560242
6697.174182000001	0.9909611940383911
6697.201639000001	0.9906449317932129
6697.229096	0.9906798005104065
6697.256553	0.9914256930351257
6697.28401	0.9920074343681335
6697.311467	0.992765486240387
6697.338924000001	0.9928967356681824
6697.366381000001	0.9917125105857849
6697.393838	0.9907986521720886
6697.421295	0.9897024631500244
6697.448752	0.9890565276145935
6697.476209	0.9892897009849548
6697.5036660000005	0.9893935322761536
6697.531123000001	0.9894756078720093
6697.558580000001	0.9897746443748474
6697.586037	0.9905641078948975
6697.613494	0.991253137588501
6697.640951	0.9920513033866882
6697.668408	0.9924536943435669
6697.695865000001	0.9919916987419128
6697.723322000001	0.9916897416114807
6697.750779	0.9912983179092407
6697.778236	0.9911052584648132
6697.805693	0.9912962317466736
6697.83315	0.9914126396179199
6697.8606070000005	0.9915815591812134
6697.888064000001	0.9916585683822632
6697.915521000001	0.9915155172348022
6697.942978	0.991420328617096
6697.970435	0.9912863969802856
6697.997892	0.991346001625061
6698.0253490000005	0.9918318390846252
6698.052806000001	0.9922365546226501
6698.080263000001	0.9927552342414856
6698.10772	0.9929631948471069
6698.135177	0.9924995303153992
6698.162634	0.9921556115150452
6698.190091	0.991815447807312
6698.2175480000005	0.9914247989654541
6698.245005000001	0.9908850193023682
6698.272462000001	0.9903935194015503
6698.299919	0.9898466467857361
6698.327376	0.9895564317703247
6698.354833	0.9897860884666443
6698.3822900000005	0.9899523258209229
6698.409747000001	0.9900935292243958
6698.437204000001	0.9904481768608093
6698.464661	0.9912790060043335
6698.492118	0.9920284748077393
6698.519575	0.992891252040863
6698.547032	0.9933825731277466
6698.5744890000005	0.9930509328842163
6698.601946000001	0.992863118648529
6698.629403000001	0.9926654100418091
6698.65686	0.992331862449646
6698.684317	0.9916414022445679
6698.711774	0.9910381436347961
6698.7392310000005	0.9903332591056824
6698.766688000001	0.9900029897689819
6698.794145000001	0.9897528886795044
6698.821602	0.9896212816238403
6698.849059	0.9894835352897644
6698.876516	0.9893386960029602
6698.903973	0.9891855120658875
6698.931430000001	0.9890236258506775
6698.958887000001	0.9890874624252319
6698.986344000001	0.9891411066055298
6699.013801	0.9890906810760498
6699.041258	0.989124059677124
6699.068715	0.9891941547393799
6699.0961720000005	0.9892545342445374
6699.123629000001	0.9893525838851929
6699.151086000001	0.9895168542861938
6699.178543	0.9896660447120667
6699.206	0.9895923733711243
6699.233457	0.9899008274078369
6699.260914	0.9901336431503296
6699.288371000001	0.9903908371925354
6699.315828000001	0.990622341632843
6699.343285000001	0.9907684326171875
6699.370742	0.9909214973449707
6699.398199	0.9910828471183777
6699.425656	0.991235077381134
6699.4531130000005	0.9913345575332642
6699.480570000001	0.9914363026618958
6699.508027000001	0.9915773272514343
6699.535484	0.9916110038757324
6699.562941	0.991380512714386
6699.590398	0.9912227392196655
6699.617855	0.9910237789154053
6699.645312000001	0.9909456968307495
6699.672769000001	0.9911256432533264
6699.700226000001	0.9912699460983276
6699.727683	0.9914844036102295
6699.75514	0.9914160370826721
6699.782597	0.9905572533607483
6699.8100540000005	0.9898467659950256
6699.837511000001	0.9890311360359192
6699.864968000001	0.9886026382446289
6699.892425	0.9890918135643005
6699.919882	0.9894389510154724
6699.947339	0.9898554682731628
6699.974796	0.9901478290557861
6700.002253000001	0.9901406764984131
6700.029710000001	0.9901831150054932
6700.057167000001	0.9902408719062805
6700.084624	0.9902009963989258
6700.112081	0.989854633808136
6700.139538	0.9895956516265869
6700.1669950000005	0.9892506003379822
6700.194452000001	0.9892082214355469
6700.221909000001	0.989875078201294
6700.249366	0.9904270768165588
6700.276823	0.9910800457000732
6700.30428	0.9914773106575012
6700.331737	0.9912525415420532
6700.359194000001	0.9911212921142578
6700.386651000001	0.9909895062446594
6700.414108000001	0.9907681941986084
6700.441565	0.9902570247650146
6700.469022	0.9898073673248291
6700.496479	0.9893227219581604
6700.5239360000005	0.9889586567878723
6700.551393000001	0.9888327121734619
6700.578850000001	0.9887018203735352
6700.606307	0.9884953498840332
6700.633764	0.9885924458503723
6700.661221	0.989424467086792
6700.688678	0.9901231527328491
6700.716135000001	0.99095219373703
6700.743592000001	0.9913231730461121
6700.771049000001	0.9905028939247131
6700.798506	0.9899063110351562
6700.825963	0.989170491695404
6700.85342	0.9887561798095703
6700.8808770000005	0.9891234636306763
6700.908334000001	0.9893481731414795
6700.935791000001	0.989666223526001
6700.963248	0.9897666573524475
6700.990705	0.9893110990524292
6701.018162	0.9889395236968994
6701.045619	0.9885255694389343
6701.073076000001	0.9881649017333984
6701.100533000001	0.9879055023193359
6701.127990000001	0.9876587986946106
6701.155447	0.9873120188713074
6701.182904	0.9873941540718079
6701.210361	0.9886189699172974
6701.2378180000005	0.9896553158760071
6701.265275000001	0.9908241629600525
6701.292732000001	0.9915664792060852
6701.320189	0.9911649823188782
6701.347646	0.9909272193908691
6701.375103	0.9906606674194336
6701.40256	0.990379273891449
6701.430017000001	0.9899574518203735
6701.457474000001	0.9895849227905273
6701.484931000001	0.989145815372467
6701.512388	0.9889099597930908
6701.539845	0.9892182350158691
6701.567302	0.9894266128540039
6701.5947590000005	0.9896999001502991
6701.622216000001	0.9898098707199097
6701.649673000001	0.9894521832466125
6701.67713	0.9891722202301025
6701.704587	0.9888766407966614
6701.732044	0.988545835018158
6701.7595010000005	0.9880512952804565
6701.786958000001	0.987609326839447
6701.814415000001	0.987070620059967
6701.841872	0.9868577122688293
6701.869329	0.9875292181968689
6701.896786	0.9880701899528503
6701.924243	0.9886485934257507
6701.9517000000005	0.9891669750213623
6701.979157000001	0.989533543586731
6702.006614000001	0.9899267554283142
6702.034071	0.9903224110603333
6702.061528	0.990706741809845
6702.088985	0.9910507798194885
6702.1164420000005	0.9913764595985413
6702.143899000001	0.9918285012245178
6702.171356000001	0.9917581081390381
6702.198813	0.9901300668716431
6702.22627	0.988796055316925
6702.253727	0.9872606992721558
6702.281184	0.9863300323486328
6702.3086410000005	0.9870684742927551
6702.336098000001	0.9875646829605103
6702.363555000001	0.98814857006073
6702.391012	0.9886387586593628
6702.418469	0.9888959527015686
6702.445926	0.9891999959945679
6702.4733830000005	0.98951655626297
6702.500840000001	0.9897680282592773
6702.528297000001	0.9898324608802795
6702.555754	0.9899321794509888
6702.583211	0.9900650978088379
6702.610668	0.9900339245796204
6702.638125	0.9895505905151367
6702.6655820000005	0.989137589931488
6702.693039000001	0.9886812567710876
6702.720496000001	0.9883041977882385
6702.747953	0.9880911707878113
6702.77541	0.9878487586975098
6702.802867	0.98760986328125
6702.8303240000005	0.9874025583267212
6702.857781000001	0.9873220324516296
6702.885238000001	0.98723304271698
6702.912695	0.9870973229408264
6702.940152	0.9871261715888977
6702.967609	0.9876548051834106
6702.995066	0.988091230392456
6703.022523000001	0.9886369705200195
6703.049980000001	0.988835334777832
6703.077437000001	0.9880049824714661
6703.104894	0.9873641729354858
6703.132351	0.9865522384643555
6703.159808	0.9862437844276428
6703.1872650000005	0.9874255061149597
6703.214722000001	0.9883644580841064
6703.242179000001	0.9894801378250122
6703.269636	0.9901463389396667
6703.297093	0.989495575428009
6703.32455	0.9890605211257935
6703.352007	0.9885318279266357
6703.379464000001	0.9881690740585327
6703.406921000001	0.9882908463478088
6703.434378000001	0.988349437713623
6703.461835	0.9883927702903748
6703.489292	0.9885225296020508
6703.516749	0.9888612031936646
6703.5442060000005	0.9891618490219116
6703.571663000001	0.9895482659339905
6703.599120000001	0.9897029399871826
6703.626577	0.9891626834869385
6703.654034	0.9887351393699646
6703.681491	0.9882492423057556
6703.708948	0.9879313707351685
6703.736405000001	0.988064169883728
6703.763862000001	0.988146960735321
6703.791319000001	0.9882427453994751
6703.818776	0.98834627866745
6703.846233	0.9884575605392456
6703.87369	0.9885790944099426
6703.9011470000005	0.9887447953224182
6703.928604000001	0.9887785911560059
6703.956061000001	0.9884313344955444
6703.983518	0.9881555438041687
6704.010975	0.9878624677658081
6704.038432	0.9875688552856445
6704.065889	0.9871661067008972
6704.093346000001	0.9868067502975464
6704.120803000001	0.986395001411438
6704.148260000001	0.9861255884170532
6704.175717	0.9862583875656128
6704.203174	0.9863386750221252
6704.230631	0.9863710999488831
6704.2580880000005	0.9866484999656677
6704.285545000001	0.9876499772071838
6704.313002000001	0.9885233640670776
6704.340459	0.9895281791687012
6704.367916	0.9900943636894226
6704.395373	0.9892229437828064
6704.42283	0.9885633587837219
6704.450287000001	0.9878144860267639
6704.477744000001	0.9872069358825684
6704.505201000001	0.9869843125343323
6704.532658	0.9867329597473145
6704.560115	0.9864189624786377
6704.587572	0.9863944053649902
6704.6150290000005	0.9873884320259094
6704.642486000001	0.9882333874702454
6704.669943000001	0.9892014265060425
6704.6974	0.9897739887237549
6704.724857	0.989136278629303
6704.752314	0.9886640310287476
6704.779771	0.9881706833839417
6704.807228000001	0.9876224398612976
6704.834685000001	0.9868502616882324
6704.862142000001	0.9861392378807068
6704.889599	0.985278844833374
6704.917056	0.9849114418029785
6704.944513	0.9860948920249939
6704.9719700000005	0.9870434999465942
6704.999427000001	0.9881309866905212
6705.026884000001	0.9888697266578674
6705.054341	0.988422691822052
6705.081798	0.9881380796432495
6705.109255	0.9878157377243042
6705.136712	0.9875171780586243
6705.164169000001	0.9872824549674988
6705.191626000001	0.9870566129684448
6705.219083000001	0.9867735505104065
6705.24654	0.9866991639137268
6705.273997	0.9873205423355103
6705.301454	0.9878197312355042
6705.3289110000005	0.9884440302848816
6705.356368000001	0.9887130260467529
6705.383825000001	0.9877582788467407
6705.411282	0.9869986176490784
6705.438739	0.9861308336257935
6705.466196	0.9855290651321411
6705.493653	0.9857584834098816
6705.521110000001	0.9858798384666443
6705.548567000001	0.9860275387763977
6705.576024	0.9861609935760498
6705.603481	0.9862035512924194
6705.630938	0.9862745404243469
6705.658395	0.9863256216049194
6705.6858520000005	0.986419677734375
6705.713309000001	0.9866304397583008
6705.740766000001	0.9868360757827759
6705.768223	0.9870260953903198
6705.79568	0.9873017072677612
6705.823137	0.9878023862838745
6705.8505940000005	0.9882717728614807
6705.878051000001	0.988797128200531
6705.905508000001	0.9891588687896729
6705.932965	0.9888412356376648
6705.960422	0.9886265397071838
6705.987879	0.9884218573570251
6706.015336	0.9881454706192017
6706.0427930000005	0.9875272512435913
6706.070250000001	0.9869895577430725
6706.097707000001	0.9863976836204529
6706.125164	0.9859937429428101
6706.152621	0.9862566590309143
6706.180078	0.9864479899406433
6706.2075350000005	0.9866392016410828
6706.234992000001	0.9869343638420105
6706.262449000001	0.9876229763031006
6706.289906	0.9882659912109375
6706.317363	0.9889969229698181
6706.34482	0.9894773960113525
6706.372277	0.9890238642692566
6706.3997340000005	0.9886846542358398
6706.427191000001	0.9883905053138733
6706.454648000001	0.9877746105194092
6706.482105	0.9858251214027405
6706.509562	0.984104335308075
6706.537019	0.9821128249168396
6706.5644760000005	0.9810060262680054
6706.591933000001	0.9830957055091858
6706.619390000001	0.9847546219825745
6706.646847	0.9866356253623962
6706.674304	0.9879850745201111
6706.701761	0.9875065088272095
6706.729218	0.9872527718544006
6706.7566750000005	0.9869469404220581
6706.784132000001	0.9865931868553162
6706.811589000001	0.9859879016876221
6706.839046	0.985427975654602
6706.866503	0.9848089218139648
6706.89396	0.984333336353302
6706.9214170000005	0.9844568371772766
6706.948874000001	0.9845133423805237
6706.976331000001	0.9845150709152222
6707.003788	0.9847192764282227
6707.031245	0.9856686592102051
6707.058702	0.9865145087242126
6707.086159	0.9874587059020996
6707.113616000001	0.988079845905304
6707.141073000001	0.9874665141105652
6707.168530000001	0.9870452880859375
6707.195987	0.9865162372589111
6707.223444	0.986193060874939
6707.250901	0.9866694211959839
6707.2783580000005	0.9870361685752869
6707.305815000001	0.9875197410583496
6707.333272000001	0.9876490235328674
6707.360729	0.9864068031311035
6707.388186	0.9853895306587219
6707.415643	0.9842115640640259
6707.4431	0.9834856390953064
6707.470557000001	0.9844968914985657
6707.498014000001	0.9852890968322754
6707.525471000001	0.9861860871315002
6707.552928	0.9869335889816284
6707.580385	0.9871289134025574
6707.607842	0.9874017834663391
6707.6352990000005	0.9876907467842102
6707.662756000001	0.98785400390625
6707.690213000001	0.9873374104499817
6707.71767	0.9869543313980103
6707.745127	0.9865116477012634
6707.772584	0.9862486720085144
6707.800041	0.9866541028022766
6707.827498000001	0.9869757890701294
6707.854955000001	0.9873879551887512
6707.882412000001	0.9875997304916382
6707.909869	0.986876368522644
6707.937326	0.9863040447235107
6707.964783	0.9856782555580139
6707.9922400000005	0.9851875305175781
6708.019697000001	0.985261082649231
6708.047154000001	0.9852737188339233
6708.074611	0.9853194952011108
6708.102068	0.9853522181510925
6708.129525	0.9852824807167053
6708.156982	0.9852473735809326
6708.184439000001	0.9852028489112854
6708.211896000001	0.9852081537246704
6708.239353000001	0.9854167699813843
6708.26681	0.9855977296829224
6708.294267	0.9858180284500122
6708.321724	0.9859610199928284
6708.3491810000005	0.985720157623291
6708.376638000001	0.9855270981788635
6708.404095000001	0.9853181838989258
6708.431552	0.9851315021514893
6708.459009	0.984986424446106
6708.486466	0.9848726391792297
6708.513923	0.9847093224525452
6708.541380000001	0.9847037196159363
6708.568837000001	0.9853922724723816
6708.596294000001	0.9860042929649353
6708.623751	0.9866774678230286
6708.651208	0.9871952533721924
6708.678665	0.987015426158905
6708.7061220000005	0.9869434833526611
6708.733579000001	0.9868322610855103
6708.761036000001	0.9867721199989319
6708.788493	0.9868786931037903
6708.81595	0.9869598746299744
6708.843407	0.9871239066123962
6708.870864	0.987010657787323
6708.898321000001	0.9856099486351013
6708.925778000001	0.9844041466712952
6708.953235000001	0.9830157160758972
6708.980692	0.9820715188980103
6709.008149	0.9830326437950134
6709.035606	0.9837421178817749
6709.0630630000005	0.9845774173736572
6709.090520000001	0.9850994944572449
6709.117977000001	0.9841787219047546
6709.145434	0.9834597110748291
6709.172891	0.9825745820999146
6709.200348	0.9820840358734131
6709.227805	0.983359158039093
6709.255262000001	0.9843950271606445
6709.282719000001	0.9855647087097168
6709.310176000001	0.9863827228546143
6709.337633	0.9856826663017273
6709.36509	0.9851775765419006
6709.392547	0.9845505952835083
6709.4200040000005	0.9841780066490173
6709.447461000001	0.9848059415817261
6709.474918000001	0.9852972030639648
6709.502375	0.9858916401863098
6709.529832	0.9862241148948669
6709.557289	0.9853010177612305
6709.584746	0.9845504760742188
6709.612203000001	0.9836722016334534
6709.639660000001	0.9831148386001587
6709.667117000001	0.9839388728141785
6709.694574	0.9846071600914001
6709.722031	0.985339879989624
6709.749488	0.9860039949417114
6709.7769450000005	0.9863173365592957
6709.804402000001	0.9866681694984436
6709.831859000001	0.9870482087135315
6709.859316	0.9872941970825195
6709.886773	0.9867092967033386
6709.91423	0.9862279295921326
6709.9416870000005	0.9857341051101685
6709.969144000001	0.985301673412323
6709.996601000001	0.9851121306419373
6710.024058	0.9849261045455933
6710.051515	0.9847493767738342
6710.078972	0.984582245349884
6710.106429	0.9843847751617432
6710.1338860000005	0.9842101335525513
6710.161343000001	0.9840142726898193
6710.188800000001	0.9839293360710144
6710.216257	0.9842321276664734
6710.243714	0.9845210909843445
6710.271171	0.9848196506500244
6710.2986280000005	0.9851301908493042
6710.326085000001	0.9854424595832825
6710.353542000001	0.9857421517372131
6710.380999	0.986110270023346
6710.408456	0.9862802028656006
6710.435913	0.9853228330612183
6710.46337	0.9845204949378967
6710.4908270000005	0.9836137294769287
6710.518284000001	0.98296719789505
6710.545741000001	0.9835013151168823
6710.573198	0.9839262366294861
6710.600655	0.9843987226486206
6710.628112	0.9848112463951111
6710.6555690000005	0.984910249710083
6710.683026000001	0.9850401878356934
6710.710483000001	0.9851850271224976
6710.73794	0.9852385520935059
6710.765397	0.9847466349601746
6710.792854	0.9843384623527527
6710.820311	0.9838406443595886
6710.8477680000005	0.9835782051086426
6710.875225000001	0.9845064878463745
6710.902682000001	0.9852744340896606
6710.930139	0.9861531257629395
6710.957596	0.9867194294929504
6710.985053	0.9855914115905762
6711.0125100000005	0.9846542477607727
6711.039967000001	0.9836004376411438
6711.067424000001	0.9827650189399719
6711.094881	0.9829297065734863
6711.122338	0.9829549789428711
6711.149795	0.9830418825149536
6711.177252	0.9829544425010681
6711.204709000001	0.9818829894065857
6711.232166000001	0.9809660911560059
6711.259623000001	0.9798518419265747
6711.28708	0.9792012572288513
6711.314537	0.9809957146644592
6711.341994	0.9824912548065186
6711.3694510000005	0.9841433763504028
6711.396908000001	0.9853975176811218
6711.424365000001	0.984582245349884
6711.451822	0.983985185623169
6711.479279	0.9832686185836792
6711.506736	0.9827741384506226
6711.534193	0.9834047555923462
6711.561650000001	0.983941376209259
6711.589107000001	0.9844835996627808
6711.616564000001	0.9850138425827026
6711.644021	0.9853371381759644
6711.671478	0.9856932163238525
6711.698935	0.9860740900039673
6711.7263920000005	0.9863119125366211
6711.753849000001	0.9856002926826477
6711.781306000001	0.9850139021873474
6711.808763	0.9843876361846924
6711.83622	0.9838746786117554
6711.863677	0.9839990139007568
6711.891134	0.9840726256370544
6711.918591000001	0.98418790102005
6711.946048000001	0.9842590689659119
6711.973505000001	0.9840105175971985
6712.000962	0.9838120937347412
6712.028419	0.9835818409919739
6712.055876	0.9834499359130859
6712.0833330000005	0.9836381673812866
6712.110790000001	0.9837977290153503
6712.138247000001	0.9839863777160645
6712.165704	0.9841272830963135
6712.193161	0.9838772416114807
6712.220618	0.9836964011192322
6712.248075	0.9834714531898499
6712.275532000001	0.9833470582962036
6712.302989000001	0.9835646748542786
6712.330446000001	0.9837796092033386
6712.357903	0.9840199947357178
6712.38536	0.984198808670044
6712.412817	0.983936071395874
6712.4402740000005	0.9837349057197571
6712.467731000001	0.9834914207458496
6712.495188000001	0.9833818078041077
6712.522645	0.9839301109313965
6712.550102	0.9844240546226501
6712.577559	0.9849696159362793
6712.605016	0.9853633642196655
6712.632473000001	0.9848253726959229
6712.659930000001	0.9843869805335999
6712.687387000001	0.9839268326759338
6712.714844	0.9835047721862793
6712.742301	0.983305037021637
6712.769758	0.9830922484397888
6712.7972150000005	0.9828712940216064
6712.824672000001	0.9827066659927368
6712.852129000001	0.9827245473861694
6712.879586	0.9827396273612976
6712.907043	0.9827500581741333
6712.9345	0.9827505946159363
6712.961957	0.9826115369796753
6712.989414000001	0.9824790954589844
6713.016871000001	0.9823254942893982
6713.044328000001	0.982170581817627
6713.071785	0.9819897413253784
6713.099242	0.9818052649497986
6713.126699	0.9815799593925476
6713.1541560000005	0.9814483523368835
6713.181613000001	0.9817787408828735
6713.209070000001	0.9820554256439209
6713.236527	0.982346773147583
6713.263984	0.9825996160507202
6713.291441	0.9826386570930481
6713.318898	0.9827088117599487
6713.346355000001	0.9827420711517334
6713.373812000001	0.9827861785888672
6713.401269	0.9827450513839722
6713.428726	0.9827269315719604
6713.456183	0.982681393623352
6713.48364	0.9826595783233643
6713.5110970000005	0.9827631115913391
6713.538554000001	0.9828726053237915
6713.566011000001	0.9829798936843872
6713.593468	0.9830837249755859
6713.620925	0.9831157326698303
6713.648382	0.9831655025482178
6713.675839	0.9831950664520264
6713.703296000001	0.9832861423492432
6713.730753000001	0.9835296273231506
6713.75821	0.9837700724601746
6713.785667	0.9840433597564697
6713.813124	0.9842057228088379
6713.840581	0.9836243391036987
6713.8680380000005	0.9831196069717407
6713.895495000001	0.9825921058654785
6713.922952000001	0.9821646809577942
6713.950409	0.982401430606842
6713.977866	0.982592761516571
6714.005323	0.982805073261261
6714.0327800000005	0.9829933047294617
6714.060237000001	0.9828846454620361
6714.087694000001	0.9828372597694397
6714.115151	0.9827718138694763
6714.142608	0.9826762080192566
6714.170065	0.9821406006813049
6714.197522	0.9816756248474121
6714.2249790000005	0.9811519384384155
6714.252436000001	0.9808361530303955
6714.279893000001	0.9818410277366638
6714.30735	0.9827326536178589
6714.334807	0.9837005138397217
6714.362264	0.9845783114433289
6714.3897210000005	0.9847397804260254
6714.417178000001	0.9849751591682434
6714.444635000001	0.9852493405342102
6714.472092	0.9853811264038086
6714.499549	0.9844114780426025
6714.527006	0.9835447072982788
6714.554463	0.9826614856719971
6714.5819200000005	0.9818596839904785
6714.609377000001	0.9816438555717468
6714.636834000001	0.9813955426216125
6714.664291	0.9811358451843262
6714.691748	0.9809421300888062
6714.719205	0.9811403751373291
6714.7466620000005	0.9813152551651001
6714.774119000001	0.981465756893158
6714.801576000001	0.9816483855247498
6714.829033	0.9817823767662048
6714.85649	0.9819461703300476
6714.883947	0.9820873737335205
6714.911404	0.9822239279747009
6714.9388610000005	0.9822615385055542
6714.966318000001	0.9822953939437866
6714.993775000001	0.9823429584503174
6715.021232	0.9823307991027832
6715.048689	0.9819329380989075
6715.076146	0.9815782904624939
6715.1036030000005	0.9811779260635376
6715.131060000001	0.9808305501937866
6715.158517000001	0.9808060526847839
6715.185974	0.9807450175285339
6715.213431	0.9806749820709229
6715.240888	0.9806865453720093
6715.268345	0.9814183115959167
6715.295802000001	0.9820857048034668
6715.323259000001	0.9827966094017029
6715.350716000001	0.9833862781524658
6715.378173	0.9830565452575684
6715.40563	0.9828064441680908
6715.433087	0.9825456142425537
6715.4605440000005	0.9822179675102234
6715.488001000001	0.9813846945762634
6715.515458000001	0.9806033968925476
6715.542915	0.9797519445419312
6715.570372	0.9790933132171631
6715.597829	0.9799531102180481
6715.625286	0.9806791543960571
6715.652743000001	0.9814749956130981
6715.680200000001	0.9821815490722656
6715.707657000001	0.9823266267776489
6715.735114	0.982506275177002
6715.762571	0.9827060699462891
6715.790028	0.98289954662323
6715.8174850000005	0.9830988049507141
6715.844942000001	0.9833120703697205
6715.872399000001	0.983529269695282
6715.899856	0.9837022423744202
6715.927313	0.9831209182739258
6715.95477	0.9826091527938843
6715.982227	0.9820813536643982
6716.009684000001	0.9815933704376221
6716.037141000001	0.9811109900474548
6716.064598000001	0.9806540608406067
6716.092055	0.9801636338233948
6716.119512	0.9798336625099182
6716.146969	0.9808437824249268
6716.1744260000005	0.9817399978637695
6716.201883000001	0.9827148914337158
6716.229340000001	0.9835690855979919
6716.256797	0.9832234978675842
6716.284254	0.9829909205436707
6716.311711	0.9827327728271484
6716.339168	0.9824610948562622
6716.366625000001	0.9817646741867065
6716.394082000001	0.9811166524887085
6716.421539000001	0.9804360270500183
6716.448996	0.979897141456604
6716.476453	0.9805130362510681
6716.50391	0.981060266494751
6716.5313670000005	0.9816364645957947
6716.558824000001	0.9821336269378662
6716.586281000001	0.981846034526825
6716.613738	0.9816306233406067
6716.641195	0.9813999533653259
6716.668652	0.9811398983001709
6716.696109	0.9806641936302185
6716.723566000001	0.9802095890045166
6716.751023000001	0.9797278642654419
6716.778480000001	0.9793222546577454
6716.805937	0.9797176122665405
6716.833394	0.980063259601593
6716.860851	0.9804155826568604
6716.8883080000005	0.9807709455490112
6716.915765000001	0.9812187552452087
6716.943222000001	0.9816701412200928
6716.970679	0.9821402430534363
6716.998136	0.9825001955032349
6717.025593	0.9817771315574646
6717.05305	0.9811394214630127
6717.080507000001	0.9804583787918091
6717.107964000001	0.9798839092254639
6717.135421000001	0.9801165461540222
6717.162878	0.9803004264831543
6717.190335	0.9804989099502563
6717.217792	0.9806718826293945
6717.2452490000005	0.9804883003234863
6717.272706000001	0.980323076248169
6717.300163000001	0.9801424741744995
6717.32762	0.9800282120704651
6717.355077	0.9807422161102295
6717.382534	0.9813929200172424
6717.409991	0.9820826053619385
6717.437448000001	0.9826869964599609
6717.464905000001	0.9823476076126099
6717.492362000001	0.9820592403411865
6717.519819	0.9817513227462769
6717.547276	0.981490969657898
6717.574733	0.9813756346702576
6717.6021900000005	0.9812569618225098
6717.629647000001	0.9811710119247437
6717.657104000001	0.981033444404602
6717.684561	0.9804352521896362
6717.712018	0.9798853397369385
6717.739475	0.9792949557304382
6717.766932	0.9787927865982056
6717.794389000001	0.9790962338447571
6717.821846000001	0.9793598055839539
6717.849303000001	0.9796210527420044
6717.87676	0.9799086451530457
6717.904217	0.9801930785179138
6717.931674	0.980482816696167
6717.9591310000005	0.9808083772659302
6717.986588000001	0.981078565120697
6718.014045000001	0.9807201027870178
6718.041502	0.9804167151451111
6718.068959	0.9800909161567688
6718.096416	0.9798532128334045
6718.1238730000005	0.9804655909538269
6718.151330000001	0.9810569286346436
6718.178787000001	0.9816665649414062
6718.206244	0.9822502136230469
6718.233701	0.9822136759757996
6718.261158	0.982264518737793
6718.288615	0.9823031425476074
6718.3160720000005	0.9823553562164307
6718.343529000001	0.9824633002281189
6718.370986000001	0.9825858473777771
6718.398443	0.982721745967865
6718.4259	0.9828216433525085
6718.453357	0.9819902777671814
6718.4808140000005	0.9812309741973877
6718.508271000001	0.9804423451423645
6718.535728000001	0.9797460436820984
6718.563185	0.9799838066101074
6718.590642	0.9801878929138184
6718.618099	0.9804081320762634
6718.645556	0.9805561900138855
6718.6730130000005	0.9797363877296448
6718.700470000001	0.9789823889732361
6718.727927000001	0.9781672358512878
6718.755384	0.9774274826049805
6718.782841	0.9777019619941711
6718.810298	0.9779062867164612
6718.8377550000005	0.9780877232551575
6718.865212000001	0.9782780408859253
6718.892669000001	0.9785056710243225
6718.920126	0.9787248373031616
6718.947583	0.9789299964904785
6718.97504	0.9791145920753479
6719.002497	0.9788259267807007
6719.0299540000005	0.9785950183868408
6719.057411000001	0.9782984852790833
6719.084868000001	0.9780926704406738
6719.112325	0.97896409034729
6719.139782	0.9797850847244263
6719.167239	0.9806265234947205
6719.1946960000005	0.9813632369041443
6719.222153000001	0.9805524349212646
6719.249610000001	0.9798355102539062
6719.277067	0.9790580868721008
6719.304524	0.9783985018730164
6719.331981	0.9791156053543091
6719.359438	0.9797664284706116
6719.386895000001	0.980440080165863
6719.414352000001	0.9810965061187744
6719.441809000001	0.9814119338989258
6719.469266	0.9817611575126648
6719.496723	0.9821191430091858
6719.52418	0.9824175238609314
6719.5516370000005	0.9813082814216614
6719.579094000001	0.9803141355514526
6719.606551000001	0.9792802333831787
6719.634008	0.9783570170402527
6719.661465	0.9792521595954895
6719.688922	0.9800881147384644
6719.716379	0.9809611439704895
6719.743836000001	0.9817487597465515
6719.771293000001	0.9809165000915527
6719.798750000001	0.9801902770996094
6719.826207	0.9794171452522278
6719.853664	0.9787362813949585
6719.881121	0.9787561297416687
6719.9085780000005	0.9787643551826477
6719.936035000001	0.9787784218788147
6719.963492000001	0.9788135886192322
6719.990949	0.9789518117904663
6720.018406	0.9791022539138794
6720.045863	0.9792585372924805
6720.07332	0.9794229865074158
6720.100777000001	0.9795159101486206
6720.128234000001	0.9796354174613953
6720.155691000001	0.9797536730766296
6720.183148	0.9799196124076843
6720.210605	0.9801861643791199
6720.238062	0.9804900288581848
6720.2655190000005	0.9807873964309692
6720.292976000001	0.9810883402824402
6720.320433000001	0.9811967015266418
6720.34789	0.9813379645347595
6720.375347	0.9814778566360474
6720.402804	0.9816075563430786
6720.430261	0.9809690713882446
6720.457718000001	0.9803884029388428
6720.485175000001	0.9798084497451782
6720.512632000001	0.9792206287384033
6720.540089	0.9784222841262817
6720.567546	0.9776636958122253
6720.595003	0.9768523573875427
6720.6224600000005	0.9761205315589905
6720.649917000001	0.9768668413162231
6720.677374000001	0.9775428771972656
6720.704831	0.9782354235649109
6720.732288	0.9788678288459778
6720.759745	0.9785811305046082
6720.787202	0.9783161878585815
6720.814659000001	0.9780382513999939
6720.842116000001	0.9777683615684509
6720.869573000001	0.9779894351959229
6720.89703	0.9781781435012817
6720.924487	0.9783627390861511
6720.951944	0.9785488843917847
6720.9794010000005	0.9784875512123108
6721.006858000001	0.9784314632415771
6721.034315000001	0.9783567786216736
6721.061772	0.9782999157905579
6721.089229	0.97823566198349
6721.116686	0.9781819581985474
6721.144143	0.9780964255332947
6721.171600000001	0.9780407547950745
6721.199057000001	0.9785903692245483
6721.226514	0.9791216850280762
6721.253971	0.9796527624130249
6721.281428	0.9801806211471558
6721.308885	0.9801443815231323
6721.3363420000005	0.9801722168922424
6721.363799000001	0.9801709055900574
6721.391256000001	0.9801632761955261
6721.418713	0.9795075058937073
6721.44617	0.9788855910301208
6721.473627	0.978262722492218
6721.501084	0.9776935577392578
6721.528541000001	0.9783415198326111
6721.555998000001	0.9789583086967468
6721.583455	0.9796085953712463
6721.610912	0.9802292585372925
6721.638369	0.9799429774284363
6721.665826	0.9796967506408691
6721.6932830000005	0.9794637560844421
6721.720740000001	0.9792264699935913
6721.748197000001	0.9789246320724487
6721.775654	0.9786512851715088
6721.803111	0.9783743619918823
6721.830568	0.9781203866004944
6721.858025	0.9781984090805054
6721.885482000001	0.978283166885376
6721.912939000001	0.9783523082733154
6721.940396	0.9784687757492065
6721.967853	0.9785890579223633
6721.99531	0.9787298440933228
6722.022767	0.9788604974746704
6722.0502240000005	0.978999674320221
6722.077681000001	0.9786167740821838
6722.105138000001	0.978263795375824
6722.132595	0.9778879284858704
6722.160052	0.9775406122207642
6722.187509	0.9777703285217285
6722.2149660000005	0.977978527545929
6722.242423000001	0.9781988263130188
6722.269880000001	0.9784173965454102
6722.297337	0.9784833192825317
6722.324794	0.9785638451576233
6722.352251	0.9786532521247864
6722.379708	0.9787235856056213
6722.4071650000005	0.9786344766616821
6722.434622000001	0.9785352349281311
6722.462079000001	0.9784489274024963
6722.489536	0.9783599972724915
6722.516993	0.9782320261001587
6722.54445	0.9781311750411987
6722.5719070000005	0.978013277053833
6722.599364000001	0.9779124855995178
6722.626821000001	0.9777973294258118
6722.654278	0.9776757955551147
6722.681735	0.9775729775428772
6722.709192	0.977482259273529
6722.736649	0.9776342511177063
6722.7641060000005	0.9777992963790894
6722.791563000001	0.9779421091079712
6722.819020000001	0.9781113266944885
6722.846477	0.9783490896224976
6722.873934	0.978588342666626
6722.901391	0.9788202047348022
6722.9288480000005	0.9790332317352295
6722.956305000001	0.9783452153205872
6722.983762000001	0.9776703715324402
6723.011219	0.9769886136054993
6723.038676	0.9763215780258179
6723.066133	0.9763839244842529
6723.09359	0.9764329791069031
6723.1210470000005	0.9764724373817444
6723.148504000001	0.9765223860740662
6723.175961000001	0.9770662188529968
6723.203418	0.9775933027267456
6723.230875	0.9781286120414734
6723.258332	0.9786490201950073
6723.2857890000005	0.9785274267196655
6723.313246000001	0.9784284234046936
6723.340703000001	0.9783201217651367
6723.36816	0.9782320857048035
6723.395617	0.978827178478241
6723.423074	0.9794328808784485
