6528.85642726	0.113581358332
6528.85642726	1.1762874126434326
6528.970008618332	1.0282338857650757
6529.0835899766635	1.0590683221817017
6529.197171334996	1.07527756690979
6529.310752693328	1.093934416770935
6529.42433405166	1.0535365343093872
6529.537915409992	1.055318832397461
6529.651496768323	1.0709067583084106
6529.765078126656	1.0570318698883057
6529.878659484988	1.0442465543746948
6529.992240843319	1.0456148386001587
6530.105822201652	1.052638292312622
6530.219403559984	1.03719961643219
6530.332984918316	1.0365626811981201
6530.446566276648	1.0458660125732422
6530.560147634979	1.0398014783859253
6530.673728993312	1.0136605501174927
6530.787310351644	1.0049108266830444
6530.900891709975	1.0405843257904053
6531.014473068308	1.0774239301681519
6531.12805442664	1.0697178840637207
6531.241635784972	1.0528476238250732
6531.355217143304	1.0612730979919434
6531.468798501635	1.0555261373519897
6531.582379859968	1.0363895893096924
6531.6959612183	1.0458911657333374
6531.809542576631	1.0572419166564941
6531.923123934964	1.0516709089279175
6532.036705293296	1.036628246307373
6532.1502866516275	0.9994503855705261
6532.26386800996	0.966426432132721
6532.377449368291	0.9571791887283325
6532.491030726624	0.9342004656791687
6532.604612084956	0.9880105257034302
6532.718193443287	1.0197573900222778
6532.83177480162	1.0499674081802368
6532.945356159952	1.0511705875396729
6533.0589375182835	1.0802134275436401
6533.172518876616	1.0649430751800537
6533.286100234947	1.04102623462677
6533.39968159328	1.030303955078125
6533.513262951612	1.0163745880126953
6533.626844309943	1.0309693813323975
6533.740425668276	1.0337519645690918
6533.854007026608	1.0027406215667725
6533.9675883849395	1.016813039779663
6534.081169743272	1.0256201028823853
6534.194751101603	0.9889686107635498
6534.308332459936	1.0088598728179932
6534.421913818268	1.032954454421997
6534.535495176599	1.032562255859375
6534.649076534932	1.0475794076919556
6534.762657893264	1.0331668853759766
6534.8762392515955	1.0172878503799438
6534.989820609928	1.0033783912658691
6535.103401968259	1.0294933319091797
6535.216983326592	1.0460048913955688
6535.330564684924	1.0458950996398926
6535.444146043255	1.04071044921875
6535.557727401588	1.060681939125061
6535.67130875992	1.048193335533142
6535.7848901182515	1.02033531665802
6535.898471476584	1.007690668106079
6536.012052834915	1.0267188549041748
6536.125634193248	1.049317479133606
6536.23921555158	1.0467088222503662
6536.352796909911	1.0490386486053467
6536.466378268244	1.0417709350585938
6536.579959626576	1.0359753370285034
6536.6935409849075	1.035525918006897
6536.80712234324	1.0381684303283691
6536.920703701571	1.0538153648376465
6537.034285059904	1.067625641822815
6537.147866418236	1.0782580375671387
6537.261447776567	1.0629801750183105
6537.3750291349	1.0418267250061035
6537.488610493232	1.050054669380188
6537.6021918515635	1.0597463846206665
6537.715773209896	1.0309561491012573
6537.829354568228	1.0440069437026978
6537.94293592656	1.0799471139907837
6538.056517284892	1.0624535083770752
6538.170098643223	1.0645641088485718
6538.283680001556	1.063381314277649
6538.397261359888	1.0596156120300293
6538.5108427182195	1.071739912033081
6538.624424076552	1.0659881830215454
6538.738005434884	1.0420817136764526
6538.851586793216	1.0433704853057861
6538.965168151548	1.0544086694717407
6539.078749509879	1.0581022500991821
6539.192330868212	1.0658341646194458
6539.305912226544	1.048406958580017
6539.419493584875	1.04099440574646
6539.533074943208	1.0672969818115234
6539.64665630154	1.0737297534942627
6539.760237659872	1.0622193813323975
6539.873819018204	1.0462875366210938
6539.987400376535	1.0395400524139404
6540.100981734868	1.0440490245819092
6540.2145630932	1.0473252534866333
6540.328144451531	1.061556339263916
6540.441725809864	1.0302995443344116
6540.555307168196	1.0353225469589233
6540.668888526528	1.0613876581192017
6540.78246988486	1.0601818561553955
6540.896051243191	1.0599792003631592
6541.009632601524	1.0616505146026611
6541.123213959856	1.108400583267212
6541.236795318187	1.0838581323623657
6541.35037667652	1.0648086071014404
6541.463958034852	1.04255211353302
6541.5775393931835	1.0491929054260254
6541.691120751516	1.0611790418624878
6541.804702109847	1.0449246168136597
6541.91828346818	1.0612099170684814
6542.031864826512	1.0499720573425293
6542.145446184843	0.9928272366523743
6542.259027543176	0.9979531168937683
6542.372608901508	1.021305799484253
6542.4861902598395	1.0024572610855103
6542.599771618172	1.0371994972229004
6542.713352976503	1.067144513130188
6542.826934334836	1.0512332916259766
6542.940515693168	1.0661344528198242
6543.054097051499	1.0617406368255615
6543.167678409832	1.052948236465454
6543.281259768164	1.0682295560836792
6543.3948411264955	1.0598293542861938
6543.508422484828	1.0658791065216064
6543.622003843159	1.0335785150527954
6543.735585201492	0.967972457408905
6543.849166559824	0.9106613397598267
6543.962747918155	0.8820147514343262
6544.076329276488	0.9114056825637817
6544.18991063482	0.9906523823738098
6544.3034919931515	1.0335502624511719
6544.417073351484	1.0674015283584595
6544.530654709815	1.0695362091064453
6544.644236068148	1.0663409233093262
6544.75781742648	1.0539625883102417
6544.871398784811	1.059815764427185
6544.984980143144	1.0321874618530273
6545.098561501476	1.0272942781448364
6545.2121428598075	1.0235445499420166
6545.32572421814	1.0668092966079712
6545.439305576472	1.0702259540557861
6545.552886934804	1.0495517253875732
6545.666468293136	1.0594288110733032
6545.780049651467	1.0469108819961548
6545.8936310098	1.0371067523956299
6546.007212368132	1.0565897226333618
6546.1207937264635	1.062531590461731
6546.234375084796	1.0584815740585327
6546.347956443128	1.081028699874878
6546.46153780146	1.0852210521697998
6546.575119159792	1.0507451295852661
6546.688700518123	1.0558208227157593
6546.802281876456	1.069898009300232
6546.915863234788	1.0758782625198364
6547.0294445931195	1.0650591850280762
6547.143025951452	1.047749400138855
6547.256607309784	1.0299431085586548
6547.370188668116	1.032248616218567
6547.483770026448	1.0336359739303589
6547.597351384779	1.005702018737793
6547.710932743112	0.9742193222045898
6547.824514101444	0.9745864868164062
6547.9380954597755	1.0183314085006714
6548.051676818108	1.0323731899261475
6548.16525817644	1.0462875366210938
6548.278839534772	1.0541207790374756
6548.392420893104	1.023572564125061
6548.506002251435	0.985430121421814
6548.619583609768	0.9364578723907471
6548.7331649681	0.9401596188545227
6548.8467463264315	0.9708210229873657
6548.960327684764	1.0038204193115234
6549.073909043096	1.0408014059066772
6549.187490401428	1.035152792930603
6549.30107175976	1.0669113397598267
6549.414653118091	1.1112300157546997
6549.528234476424	1.0913299322128296
6549.641815834756	1.0737125873565674
6549.755397193087	1.0719761848449707
6549.86897855142	1.084535002708435
6549.982559909752	1.0931967496871948
6550.096141268084	1.0729589462280273
6550.209722626416	1.0597853660583496
6550.323303984747	1.1166616678237915
6550.43688534308	1.1529817581176758
6550.550466701412	1.0763698816299438
6550.664048059743	1.084568738937378
6550.777629418076	1.0891242027282715
6550.891210776408	1.0900932550430298
6551.00479213474	1.0938642024993896
6551.118373493072	1.112487554550171
6551.231954851403	1.0986555814743042
6551.345536209736	1.0901561975479126
6551.459117568068	1.1013339757919312
6551.572698926399	1.109270453453064
6551.686280284732	1.1158710718154907
6551.799861643064	1.0910385847091675
6551.9134430013955	1.0601505041122437
6552.027024359728	1.077940583229065
6552.140605718059	1.0850192308425903
6552.254187076392	1.0747907161712646
6552.367768434724	1.0272810459136963
6552.481349793055	0.9663318395614624
6552.594931151388	0.9384621977806091
6552.70851250972	0.9530234932899475
6552.8220938680515	1.005832552909851
6552.935675226384	1.0623466968536377
6553.049256584715	1.0792796611785889
6553.162837943048	1.0901890993118286
6553.27641930138	1.1236393451690674
6553.390000659711	1.1294658184051514
6553.503582018044	1.106444239616394
6553.617163376376	1.0829479694366455
6553.7307447347075	1.0721184015274048
6553.84432609304	1.0843290090560913
6553.957907451372	1.09784734249115
6554.071488809704	1.0993033647537231
6554.185070168036	1.1121699810028076
6554.298651526367	1.1282594203948975
6554.4122328847	1.1559864282608032
6554.525814243032	1.1385092735290527
6554.6393956013635	1.137850046157837
6554.752976959696	1.1693222522735596
6554.866558318028	1.1449987888336182
6554.98013967636	1.1345536708831787
6555.093721034692	1.1499850749969482
6555.207302393023	1.1649935245513916
6555.320883751356	1.1894813776016235
6555.434465109688	1.1765745878219604
6555.5480464680195	1.1860277652740479
6555.661627826352	1.1869139671325684
6555.775209184684	1.2303048372268677
6555.888790543016	1.2485045194625854
6556.002371901348	1.2461633682250977
6556.115953259679	1.2627902030944824
6556.229534618012	1.2879611253738403
6556.343115976344	1.2869776487350464
6556.4566973346755	1.3139058351516724
6556.570278693008	1.3443241119384766
6556.68386005134	1.365453839302063
6556.797441409672	1.3824872970581055
6556.911022768004	1.3742120265960693
6557.024604126335	1.369759202003479
6557.138185484668	1.3683041334152222
6557.251766843	1.4120153188705444
6557.3653482013315	1.4854538440704346
6557.478929559664	1.57979416847229
6557.592510917996	1.66599702835083
6557.706092276328	1.705654263496399
6557.81967363466	1.768159031867981
6557.933254992991	1.8396795988082886
6558.046836351324	1.8630590438842773
6558.160417709656	1.9226449728012085
6558.2739990679875	2.004159688949585
6558.38758042632	2.128300189971924
6558.501161784652	2.2377164363861084
6558.614743142984	2.331482410430908
6558.728324501316	2.428740978240967
6558.841905859647	2.526700735092163
6558.95548721798	2.659815788269043
6559.069068576312	2.7844061851501465
6559.182649934643	2.9058423042297363
6559.296231292976	3.021700382232666
6559.409812651308	3.172372817993164
6559.52339400964	3.278886318206787
6559.636975367972	3.408540964126587
6559.750556726303	3.5667123794555664
6559.864138084636	3.7543721199035645
6559.977719442968	3.934654474258423
6560.091300801299	4.093170642852783
6560.204882159632	4.187154293060303
6560.318463517964	4.231309413909912
6560.432044876296	4.369767189025879
6560.545626234628	4.5116801261901855
6560.659207592959	4.673532962799072
6560.772788951292	4.854129314422607
6560.886370309624	4.969884395599365
6560.999951667955	5.118995666503906
6561.113533026288	5.249808311462402
6561.22711438462	5.4066948890686035
6561.3406957429515	5.6379170417785645
6561.454277101284	5.815217018127441
6561.567858459615	5.950397968292236
6561.681439817948	6.1030449867248535
6561.79502117628	6.132396221160889
6561.908602534611	6.077825546264648
6562.022183892944	6.060408115386963
6562.135765251276	5.9595208168029785
6562.2493466096075	5.879717826843262
6562.36292796794	5.860232830047607
6562.476509326272	5.839094161987305
6562.590090684604	5.936365604400635
6562.703672042936	6.010070323944092
6562.817253401267	6.088358402252197
6562.9308347596	6.130927562713623
6563.044416117932	6.1121931076049805
6563.1579974762635	5.924887180328369
6563.271578834596	5.720582008361816
6563.385160192928	5.50066614151001
6563.49874155126	5.259059906005859
6563.612322909592	5.133826732635498
6563.725904267923	5.0313262939453125
6563.839485626256	4.83521032333374
6563.953066984588	4.626048564910889
6564.0666483429195	4.315046310424805
6564.180229701252	4.114057540893555
6564.293811059584	4.117187976837158
6564.407392417916	4.133937835693359
6564.520973776248	4.113895416259766
6564.634555134579	4.046029090881348
6564.748136492912	3.9035468101501465
6564.861717851244	3.7530415058135986
6564.9752992095755	3.574024200439453
6565.088880567908	3.410588502883911
6565.20246192624	3.304480791091919
6565.316043284572	3.156980037689209
6565.429624642904	3.0030548572540283
6565.543206001235	2.883366584777832
6565.656787359568	2.782715082168579
6565.7703687179	2.682267189025879
6565.8839500762315	2.565870761871338
6565.997531434564	2.428147554397583
6566.111112792896	2.338195323944092
6566.224694151228	2.247326612472534
6566.33827550956	2.1506738662719727
6566.451856867891	2.090932607650757
6566.565438226224	2.0064990520477295
6566.679019584556	1.924660563468933
6566.7926009428875	1.8696602582931519
6566.90618230122	1.8202764987945557
6567.019763659552	1.7948176860809326
6567.133345017884	1.7330504655838013
6567.246926376216	1.6453335285186768
6567.360507734547	1.605627417564392
6567.47408909288	1.572446584701538
6567.587670451212	1.5019605159759521
6567.7012518095435	1.4741486310958862
6567.814833167876	1.4515234231948853
6567.928414526208	1.419075846672058
6568.04199588454	1.4093825817108154
6568.155577242872	1.3334450721740723
6568.269158601203	1.3107777833938599
6568.382739959536	1.3069193363189697
6568.496321317868	1.2928509712219238
6568.609902676199	1.2656441926956177
6568.723484034532	1.2404656410217285
6568.837065392864	1.207913875579834
6568.950646751196	1.2020232677459717
6569.064228109528	1.204969048500061
6569.177809467859	1.1938103437423706
6569.291390826192	1.1740610599517822
6569.404972184524	1.1647056341171265
6569.518553542855	1.1663382053375244
6569.632134901188	1.1747506856918335
6569.74571625952	1.1660088300704956
6569.859297617852	1.1505621671676636
6569.972878976184	1.1474571228027344
6570.086460334516	1.1480761766433716
6570.200041692848	1.165165901184082
6570.31362305118	1.144141674041748
6570.427204409511	1.1291548013687134
6570.540785767844	1.1401805877685547
6570.654367126176	1.1395139694213867
6570.7679484845075	1.1365200281143188
6570.88152984284	1.113223910331726
6570.995111201172	1.09159255027771
6571.108692559504	1.117091417312622
6571.222273917836	1.1171948909759521
6571.335855276167	1.0905592441558838
6571.4494366345	1.0785582065582275
6571.563017992832	1.1303309202194214
6571.6765993511635	1.1114932298660278
6571.790180709496	1.0947750806808472
6571.903762067828	1.023058533668518
6572.01734342616	0.9881229996681213
6572.130924784492	0.9770764112472534
6572.244506142823	1.0185863971710205
6572.358087501156	1.0604830980300903
6572.471668859488	1.0506863594055176
6572.5852502178195	1.0838180780410767
6572.698831576152	1.1036207675933838
6572.812412934484	1.084101676940918
6572.925994292816	1.1070858240127563
6573.039575651148	1.0749362707138062
6573.153157009479	1.0935206413269043
6573.266738367812	1.0911188125610352
6573.380319726144	1.0868988037109375
6573.4939010844755	1.064416527748108
6573.607482442808	1.0666415691375732
6573.72106380114	1.069636583328247
6573.834645159472	1.0958393812179565
6573.948226517804	1.0847502946853638
6574.061807876135	1.0560189485549927
6574.175389234468	1.0661053657531738
6574.2889705928	1.0767567157745361
6574.4025519511315	1.0625542402267456
6574.516133309464	1.0453708171844482
6574.629714667796	0.993533194065094
6574.743296026128	0.9118763208389282
6574.85687738446	0.8805831074714661
6574.970458742791	0.9243574738502502
6575.084040101124	0.9974674582481384
6575.197621459456	1.0360506772994995
6575.3112028177875	1.0482151508331299
6575.42478417612	1.062242031097412
6575.538365534452	1.0529874563217163
6575.651946892784	1.0472214221954346
6575.765528251116	1.0552417039871216
6575.879109609447	1.044070839881897
6575.99269096778	1.06315016746521
6576.106272326112	1.0307797193527222
6576.2198536844435	1.031629204750061
6576.333435042776	1.0384657382965088
6576.447016401108	1.0437008142471313
6576.56059775944	1.0466634035110474
6576.674179117772	1.0505380630493164
6576.787760476103	1.0470927953720093
6576.901341834436	1.0164000988006592
6577.014923192768	1.0425479412078857
6577.1285045510995	1.0533138513565063
6577.242085909432	1.034958004951477
6577.355667267764	1.0200634002685547
6577.469248626096	1.0398004055023193
6577.582829984428	1.0656251907348633
6577.69641134276	1.0503629446029663
6577.809992701092	1.0424660444259644
6577.923574059424	1.0387940406799316
6578.0371554177555	1.0305908918380737
6578.150736776088	1.0333733558654785
6578.26431813442	1.0442628860473633
6578.377899492752	1.0603067874908447
6578.491480851084	1.0667405128479004
6578.605062209416	1.0783389806747437
6578.718643567748	1.0417720079421997
6578.83222492608	1.0217952728271484
6578.945806284411	1.0276782512664795
6579.059387642744	1.026904821395874
6579.172969001076	1.0174560546875
6579.286550359408	1.0214223861694336
6579.40013171774	1.0454610586166382
6579.513713076072	1.0443617105484009
6579.627294434404	1.0316476821899414
6579.740875792736	1.0383551120758057
6579.854457151067	1.02815842628479
6579.9680385094	1.0106041431427002
6580.081619867732	1.0181819200515747
6580.195201226064	1.011223316192627
6580.308782584396	0.993643581867218
6580.422363942728	0.9886371493339539
6580.53594530106	0.9828800559043884
6580.649526659392	0.9762630462646484
6580.763108017723	0.9725515246391296
6580.876689376056	0.971947193145752
6580.990270734388	0.9868378639221191
6581.1038520927195	1.0055878162384033
6581.217433451052	1.0357762575149536
6581.331014809384	1.0574697256088257
6581.444596167716	1.0253974199295044
6581.558177526048	1.0215471982955933
6581.671758884379	1.0380748510360718
6581.785340242712	1.0249382257461548
6581.898921601044	1.0152359008789062
6582.0125029593755	1.0364409685134888
6582.126084317708	1.0196912288665771
6582.23966567604	0.9993026256561279
6582.353247034372	1.0183554887771606
6582.466828392704	1.024826169013977
6582.580409751035	1.0274635553359985
6582.693991109368	1.0359917879104614
6582.8075724677	1.0284470319747925
6582.9211538260315	1.0177838802337646
6583.034735184364	1.0160218477249146
6583.148316542696	1.0466763973236084
6583.261897901028	1.0022028684616089
6583.37547925936	0.9866930842399597
6583.489060617691	1.0187278985977173
6583.602641976024	1.0119627714157104
6583.716223334356	1.013900876045227
6583.8298046926875	1.061346411705017
6583.94338605102	1.045620322227478
6584.056967409352	1.0460680723190308
6584.170548767684	1.0493392944335938
6584.284130126016	1.0441608428955078
6584.397711484347	1.0508159399032593
6584.51129284268	1.034635066986084
6584.624874201012	1.032951831817627
6584.7384555593435	1.0558900833129883
6584.852036917676	1.04918372631073
6584.965618276008	1.0509463548660278
6585.07919963434	1.028762698173523
6585.192780992672	1.0424039363861084
6585.306362351003	1.0512452125549316
6585.419943709336	1.0231959819793701
6585.533525067668	0.9950856566429138
6585.6471064259995	0.9856204390525818
6585.760687784332	0.9995353817939758
6585.874269142664	1.0151783227920532
6585.987850500996	1.0271121263504028
6586.101431859328	1.0476677417755127
6586.215013217659	1.0479909181594849
6586.328594575992	1.0083378553390503
6586.442175934324	0.9639318585395813
6586.5557572926555	0.9380356669425964
6586.669338650988	0.9663975238800049
6586.78292000932	0.9922676086425781
6586.896501367652	1.017251968383789
6587.010082725984	1.0260899066925049
6587.123664084316	1.0398684740066528
6587.237245442648	1.044801950454712
6587.35082680098	1.0266039371490479
6587.4644081593115	1.032673954963684
6587.577989517644	1.0107402801513672
6587.691570875976	1.0101600885391235
6587.805152234308	1.0293265581130981
6587.91873359264	1.0339726209640503
6588.032314950972	1.0297211408615112
6588.145896309304	1.0169358253479004
6588.259477667636	1.031528115272522
6588.373059025967	1.0353686809539795
6588.4866403843	1.0369685888290405
6588.600221742632	1.0267525911331177
6588.713803100964	1.0349218845367432
6588.827384459296	1.0389294624328613
6588.940965817628	1.0515936613082886
6589.05454717596	1.045880675315857
6589.168128534292	1.019646406173706
6589.281709892623	1.028918743133545
6589.395291250956	1.050927996635437
6589.508872609288	1.0416945219039917
6589.62245396762	1.0126609802246094
6589.736035325952	1.0259677171707153
6589.849616684284	1.0280054807662964
6589.963198042616	1.0252845287322998
6590.076779400948	1.0299118757247925
6590.190360759279	1.047126293182373
6590.303942117612	1.054772138595581
6590.417523475944	1.0538041591644287
6590.5311048342755	1.0308709144592285
6590.644686192608	1.0293668508529663
6590.75826755094	1.0270264148712158
6590.871848909272	1.0168805122375488
6590.985430267604	1.0258146524429321
6591.099011625935	1.0126612186431885
6591.212592984268	1.0137325525283813
6591.3261743426	1.0404052734375
6591.4397557009315	1.043272614479065
6591.553337059264	1.0368542671203613
6591.666918417596	1.0231512784957886
6591.780499775928	1.030414342880249
6591.89408113426	1.043906331062317
6592.007662492591	1.0112824440002441
6592.121243850924	1.0088173151016235
6592.234825209256	1.0187625885009766
6592.3484065675875	1.027899980545044
6592.46198792592	1.0142325162887573
6592.575569284252	1.0327861309051514
6592.689150642584	1.0323538780212402
6592.802732000916	1.0307611227035522
6592.916313359247	1.013385534286499
6593.02989471758	1.0084348917007446
6593.143476075912	1.0118025541305542
6593.2570574342435	1.0030378103256226
6593.370638792576	1.0228828191757202
6593.484220150908	1.0023432970046997
6593.59780150924	1.010339379310608
6593.711382867572	1.02242910861969
6593.824964225903	1.0261061191558838
6593.938545584236	1.0345309972763062
6594.052126942568	1.0323432683944702
6594.1657083008995	1.0003806352615356
6594.279289659232	0.9798110127449036
6594.392871017564	0.9710891246795654
6594.506452375896	0.9970209002494812
6594.620033734228	1.016108751296997
6594.73361509256	1.0232114791870117
6594.847196450892	0.9995121359825134
6594.960777809224	1.0132179260253906
6595.0743591675555	1.0379514694213867
6595.187940525888	1.0402671098709106
6595.30152188422	1.0379695892333984
6595.415103242552	1.030389666557312
6595.528684600884	1.020052194595337
6595.642265959216	1.0394227504730225
6595.755847317548	1.0343897342681885
6595.86942867588	1.010816216468811
6595.9830100342115	0.9984687566757202
6596.096591392544	1.0039724111557007
6596.210172750876	1.006105899810791
6596.323754109208	1.0275509357452393
6596.43733546754	1.0224018096923828
6596.550916825872	0.9962680339813232
6596.664498184204	0.9987490177154541
6596.778079542536	1.002142310142517
6596.8916609008675	1.0060750246047974
6597.0052422592	0.9967667460441589
6597.118823617532	1.016242504119873
6597.232404975864	1.0327461957931519
6597.345986334196	1.0043423175811768
6597.459567692528	1.0219290256500244
6597.57314905086	1.0202000141143799
6597.686730409192	0.9932849407196045
6597.800311767523	1.0164233446121216
6597.913893125856	1.0318094491958618
6598.027474484188	1.0202720165252686
6598.14105584252	1.010966181755066
6598.254637200852	1.0396342277526855
6598.368218559184	1.0308705568313599
6598.481799917516	1.018173098564148
6598.595381275848	1.0264034271240234
6598.708962634179	1.0316070318222046
6598.822543992512	1.0311498641967773
6598.936125350844	1.0066006183624268
6599.049706709176	1.0008958578109741
6599.163288067508	0.9970541000366211
6599.27686942584	0.9717814326286316
6599.390450784172	0.970877468585968
6599.504032142504	0.9868360757827759
6599.617613500835	1.023016333580017
6599.731194859168	1.039117455482483
6599.8447762175	1.0315814018249512
6599.9583575758315	1.0141079425811768
6600.071938934164	1.0129886865615845
6600.185520292496	1.0095757246017456
6600.299101650828	1.0016685724258423
6600.41268300916	1.0033999681472778
6600.526264367491	1.0267397165298462
6600.639845725824	1.0259891748428345
6600.753427084156	0.9876583814620972
6600.8670084424875	1.0030220746994019
6600.98058980082	0.9787545800209045
6601.094171159152	1.0032005310058594
6601.207752517484	1.0104761123657227
6601.321333875816	1.0002378225326538
6601.434915234147	1.0021207332611084
6601.54849659248	1.0358015298843384
6601.662077950812	1.0350892543792725
6601.7756593091435	1.0005452632904053
6601.889240667476	0.99836266040802
6602.002822025808	0.9932733774185181
6602.11640338414	0.98365318775177
6602.229984742472	0.9849420189857483
6602.343566100804	0.995510995388031
6602.457147459136	1.0119738578796387
6602.570728817468	1.0270497798919678
6602.6843101757995	1.0052666664123535
6602.797891534132	1.0178979635238647
6602.911472892464	1.0226631164550781
6603.025054250796	1.0038776397705078
6603.138635609128	1.0132148265838623
6603.25221696746	0.9951357841491699
6603.365798325792	0.9964140057563782
6603.479379684124	0.9915557503700256
6603.5929610424555	1.0017598867416382
6603.706542400788	0.9877187013626099
6603.82012375912	1.0079295635223389
6603.933705117452	1.0279507637023926
6604.047286475784	1.031294584274292
6604.160867834116	1.0786174535751343
6604.274449192448	1.1173709630966187
6604.38803055078	0.994253396987915
6604.5016119091115	1.0133811235427856
6604.615193267444	1.0162935256958008
6604.728774625776	1.0053291320800781
6604.842355984108	1.0106329917907715
6604.95593734244	1.0319702625274658
6605.069518700772	1.0099380016326904
6605.183100059104	0.9856134653091431
6605.296681417436	0.9945527911186218
6605.4102627757675	0.9999348521232605
6605.5238441341	0.9916897416114807
6605.637425492432	0.9893853068351746
6605.751006850764	1.0168607234954834
6605.864588209096	1.0053809881210327
6605.978169567428	1.0123865604400635
6606.09175092576	1.0128955841064453
6606.205332284092	1.0136998891830444
6606.3189136424235	1.015292763710022
6606.432495000756	1.0130096673965454
6606.546076359088	1.0095030069351196
6606.65965771742	1.0034464597702026
6606.773239075752	1.0054585933685303
6606.886820434084	1.0000756978988647
6607.000401792416	0.9891565442085266
6607.113983150748	1.0181124210357666
6607.2275645090795	0.9987787008285522
6607.341145867412	0.9966782927513123
6607.454727225744	0.9977176785469055
6607.568308584076	0.9880387783050537
6607.681889942408	0.9997351169586182
6607.79547130074	0.9957814812660217
6607.909052659072	0.9705595970153809
6608.022634017404	0.9710303544998169
6608.136215375735	1.00614595413208
6608.249796734068	0.9896621704101562
6608.3633780924	0.9794291257858276
6608.476959450732	0.9837287664413452
6608.590540809064	1.0152312517166138
6608.704122167396	1.0176007747650146
6608.817703525728	0.9923170804977417
6608.93128488406	1.0173358917236328
6609.044866242391	1.0385472774505615
6609.158447600724	1.0112437009811401
6609.272028959056	1.0016335248947144
6609.385610317388	1.0014225244522095
6609.49919167572	1.0032483339309692
6609.612773034052	1.008962631225586
6609.726354392384	0.9972150921821594
6609.839935750716	0.9969515800476074
6609.953517109047	0.9969046711921692
6610.06709846738	1.0199472904205322
6610.180679825712	1.0223888158798218
6610.2942611840435	1.0028177499771118
6610.407842542376	0.9948306679725647
6610.521423900708	0.9848354458808899
6610.63500525904	1.0126173496246338
6610.748586617372	0.9927594661712646
6610.862167975703	0.9643005132675171
6610.975749334036	0.9890744090080261
6611.089330692368	0.9758026003837585
6611.2029120506995	0.9879922866821289
6611.316493409032	1.016626238822937
6611.430074767364	0.9957835674285889
6611.543656125696	1.0096451044082642
6611.657237484028	1.0072487592697144
6611.77081884236	1.007373571395874
6611.884400200692	1.016767144203186
6611.997981559024	1.0206866264343262
6612.1115629173555	0.98984295129776
6612.225144275688	0.9840199947357178
6612.33872563402	1.0005470514297485
6612.452306992352	0.9757943153381348
6612.565888350684	0.9716352224349976
6612.679469709016	0.9832651019096375
6612.793051067348	0.9774531722068787
6612.90663242568	0.9771457314491272
6613.0202137840115	0.9956777691841125
6613.133795142344	0.9760664701461792
6613.247376500676	0.9673978686332703
6613.360957859008	0.9751935005187988
6613.47453921734	0.9977338314056396
6613.588120575672	0.9919551014900208
6613.701701934004	0.9792664647102356
6613.815283292336	0.9882193803787231
6613.9288646506675	0.9740036129951477
6614.042446009	0.9928709268569946
6614.156027367332	0.9975962042808533
6614.269608725664	0.9946568608283997
6614.383190083996	1.0040388107299805
6614.496771442328	1.021238088607788
6614.61035280066	1.0017411708831787
6614.723934158992	0.9943071007728577
6614.8375155173235	0.9834460020065308
6614.951096875656	0.9810423851013184
6615.064678233988	1.0070444345474243
6615.17825959232	0.9971010684967041
6615.291840950652	0.991458535194397
6615.405422308984	0.995724618434906
6615.519003667316	0.987036406993866
6615.632585025648	1.0103342533111572
6615.7461663839795	1.0167486667633057
6615.859747742312	1.0063930749893188
6615.973329100644	0.9985491633415222
6616.086910458976	1.003778338432312
6616.200491817308	1.0013600587844849
6616.31407317564	1.0071117877960205
6616.427654533972	1.0010672807693481
6616.541235892304	1.0062240362167358
6616.6548172506355	1.0268528461456299
6616.768398608968	1.0143153667449951
6616.8819799673	1.0459387302398682
6616.995561325632	1.0557327270507812
6617.109142683964	1.0311836004257202
6617.222724042296	0.9976337552070618
6617.336305400628	1.0321028232574463
6617.44988675896	1.019919514656067
6617.563468117291	0.9936646223068237
6617.677049475624	0.9949778914451599
6617.790630833956	1.00890052318573
6617.904212192288	1.0201228857040405
6618.01779355062	0.9933729767799377
6618.131374908952	0.9868482947349548
6618.244956267284	0.9858980774879456
6618.358537625616	0.9625940918922424
6618.472118983947	0.9938327074050903
6618.58570034228	1.0059610605239868
6618.699281700612	0.9932310581207275
6618.812863058944	0.9895063042640686
6618.926444417276	0.9726335406303406
6619.040025775608	0.966973602771759
6619.15360713394	1.0005143880844116
6619.267188492272	1.0038620233535767
6619.380769850604	0.981191873550415
6619.494351208936	0.9858920574188232
6619.607932567268	1.010985016822815
6619.7215139255995	0.9969980716705322
6619.835095283932	0.9891906976699829
6619.948676642264	0.9818304777145386
6620.062258000596	0.9771981239318848
6620.175839358928	1.0017752647399902
6620.28942071726	1.0097209215164185
6620.403002075592	0.9813278913497925
6620.516583433924	0.9921787977218628
6620.6301647922555	0.995904266834259
6620.743746150588	0.9967182874679565
6620.85732750892	1.0025675296783447
6620.970908867252	0.9835764169692993
6621.084490225584	1.00863516330719
6621.198071583916	0.9961435198783875
6621.311652942248	1.006869912147522
6621.42523430058	1.0239198207855225
6621.5388156589115	1.0133521556854248
6621.652397017244	0.9944206476211548
6621.765978375576	0.9917855262756348
6621.879559733908	0.9999873042106628
6621.99314109224	0.9991783499717712
6622.106722450572	0.9955403804779053
6622.220303808904	1.001503586769104
6622.333885167236	1.0091090202331543
6622.4474665255675	1.003868579864502
6622.5610478839	1.0085116624832153
6622.674629242232	1.0087833404541016
6622.788210600564	1.0130115747451782
6622.901791958896	1.0048673152923584
6623.015373317228	0.998998761177063
6623.12895467556	1.0191676616668701
6623.242536033892	1.0297366380691528
6623.3561173922235	1.0075916051864624
6623.469698750556	0.9927653074264526
6623.583280108888	0.9926314353942871
6623.69686146722	1.0050069093704224
6623.810442825552	1.0278671979904175
6623.924024183884	1.0311273336410522
6624.037605542216	1.0047316551208496
6624.151186900548	1.0114623308181763
6624.2647682588795	1.0133142471313477
6624.378349617212	1.000390648841858
6624.491930975544	0.9759233593940735
6624.605512333876	0.9982259273529053
6624.719093692208	1.0002450942993164
6624.83267505054	0.9948955774307251
6624.946256408872	1.0028916597366333
6625.059837767204	1.0089035034179688
6625.1734191255355	1.000082015991211
6625.287000483868	1.0080403089523315
6625.4005818422	0.9989657998085022
6625.514163200532	0.984848141670227
6625.627744558864	0.9858765602111816
6625.741325917196	0.9950436353683472
6625.854907275528	0.9994620084762573
6625.96848863386	0.9889296293258667
6626.0820699921915	0.9932013750076294
6626.195651350524	1.013351559638977
6626.309232708856	1.0055755376815796
6626.422814067188	0.988764226436615
6626.53639542552	0.9928343296051025
6626.649976783852	0.9886494874954224
6626.763558142184	0.9794921278953552
6626.877139500516	0.9802455902099609
6626.990720858848	0.9898032546043396
6627.10430221718	1.021805763244629
6627.217883575512	0.9944276213645935
6627.331464933844	1.000025987625122
6627.445046292176	1.0052955150604248
6627.558627650508	1.002808690071106
6627.67220900884	1.0064713954925537
6627.785790367172	1.0085132122039795
6627.899371725504	0.9937757253646851
6628.012953083836	0.9958864450454712
6628.126534442168	1.0031462907791138
6628.2401158005	0.9987230896949768
6628.353697158832	0.9754692316055298
6628.467278517164	0.9927654266357422
6628.580859875496	1.0019882917404175
6628.694441233828	0.969256579875946
6628.80802259216	1.0194944143295288
6628.921603950492	1.0052053928375244
6629.035185308824	1.0109515190124512
6629.1487666671555	0.9828081130981445
6629.262348025488	0.9691011905670166
6629.37592938382	0.988949716091156
6629.489510742152	0.9857504367828369
6629.603092100484	1.0088154077529907
6629.716673458816	0.9797292351722717
6629.830254817148	1.0252842903137207
6629.94383617548	1.0094178915023804
6630.0574175338115	1.012351632118225
6630.170998892144	1.0034650564193726
6630.284580250476	1.0276516675949097
6630.398161608808	0.999119222164154
6630.51174296714	0.9941970109939575
6630.625324325472	0.9850741624832153
6630.738905683804	0.9951452016830444
6630.852487042136	0.9720247387886047
6630.9660684004675	1.0073384046554565
6631.0796497588	1.0129039287567139
6631.193231117132	1.032372236251831
6631.306812475464	1.003689169883728
6631.420393833796	1.0190856456756592
6631.533975192128	1.013360619544983
6631.64755655046	1.0315247774124146
6631.761137908792	1.0181832313537598
6631.8747192671235	1.012110948562622
6631.988300625456	0.9950236082077026
6632.101881983788	1.0121662616729736
6632.21546334212	1.0023447275161743
6632.329044700452	1.0039794445037842
6632.442626058784	1.0072789192199707
6632.556207417116	0.9793766736984253
6632.669788775448	0.974990963935852
6632.7833701337795	0.9775927066802979
6632.896951492112	0.9940984845161438
6633.010532850444	1.0077005624771118
6633.124114208776	1.0165653228759766
6633.237695567108	1.0106699466705322
6633.35127692544	0.9900606870651245
6633.464858283772	0.9913657307624817
6633.578439642104	0.9886952638626099
6633.6920210004355	1.0102912187576294
6633.805602358768	1.0061510801315308
6633.9191837171	1.014991044998169
6634.032765075432	0.999408483505249
6634.146346433764	0.9791938662528992
6634.259927792096	0.9883718490600586
6634.373509150428	0.9933164119720459
6634.48709050876	0.9936403632164001
6634.600671867092	0.9930669069290161
6634.714253225424	1.0127959251403809
6634.827834583756	1.0157440900802612
6634.941415942088	1.0027276277542114
6635.05499730042	1.0030512809753418
6635.168578658752	1.0131782293319702
6635.282160017084	1.001476526260376
6635.395741375416	0.9940677881240845
6635.509322733748	0.9986034631729126
6635.62290409208	0.9719036221504211
6635.736485450412	0.9880940318107605
6635.850066808744	1.0028976202011108
6635.963648167076	1.002704381942749
6636.077229525408	1.0191205739974976
6636.19081088374	1.0168684720993042
6636.304392242072	1.016079306602478
6636.417973600404	1.0114307403564453
6636.531554958736	1.0167224407196045
6636.645136317068	1.0392996072769165
6636.7587176754	1.0140430927276611
6636.872299033732	1.022512674331665
6636.985880392064	1.0363298654556274
6637.099461750396	1.0024542808532715
6637.213043108728	0.9930645823478699
6637.32662446706	0.9906598925590515
6637.440205825392	1.0140910148620605
6637.553787183724	1.023875117301941
6637.667368542056	1.0127230882644653
6637.780949900388	0.9985905885696411
6637.89453125872	1.0122443437576294
6638.008112617052	1.004826545715332
6638.121693975384	0.9827539920806885
6638.235275333716	0.9709521532058716
6638.348856692048	1.0098493099212646
6638.46243805038	1.0069974660873413
6638.5760194087115	1.015482783317566
6638.689600767044	1.002676248550415
6638.803182125376	0.9963701963424683
6638.916763483708	1.0076123476028442
6639.03034484204	1.0287806987762451
6639.143926200372	1.0051769018173218
6639.257507558704	1.019237995147705
6639.371088917036	1.026056170463562
6639.4846702753675	1.0156993865966797
6639.5982516337	1.0034106969833374
6639.711832992032	0.9939503073692322
6639.825414350364	0.9864745140075684
6639.938995708696	0.9776283502578735
6640.052577067028	0.9992994070053101
6640.16615842536	1.001319408416748
6640.279739783692	0.9984681010246277
6640.3933211420235	0.9915561079978943
6640.506902500356	0.9880498051643372
6640.620483858688	0.9974942207336426
6640.73406521702	1.0108429193496704
6640.847646575352	1.001522183418274
6640.961227933684	0.9900845885276794
6641.074809292016	0.9992015361785889
6641.188390650348	0.9753217697143555
6641.3019720086795	0.9922764897346497
6641.415553367012	0.998094379901886
6641.529134725344	1.0091664791107178
6641.642716083676	1.0038015842437744
6641.756297442008	1.0034923553466797
6641.86987880034	0.9565479755401611
6641.983460158672	0.9983499646186829
6642.097041517004	0.9973952770233154
6642.2106228753355	1.0049840211868286
6642.324204233668	0.9953574538230896
6642.437785592	0.9954803586006165
6642.551366950332	0.9948977828025818
6642.664948308664	0.9884786605834961
6642.778529666996	0.9906845688819885
6642.892111025328	0.9812330007553101
6643.00569238366	0.9758484363555908
6643.1192737419915	0.9927360415458679
6643.232855100324	0.9970407485961914
6643.346436458656	1.001321792602539
6643.460017816988	1.0242804288864136
6643.57359917532	0.9966596364974976
6643.687180533652	0.9790225028991699
6643.800761891984	1.00020170211792
6643.914343250316	0.9982892274856567
6644.027924608648	1.0002583265304565
6644.14150596698	0.9926658272743225
6644.255087325312	1.0001661777496338
6644.368668683644	0.9937889575958252
6644.482250041976	0.9766616821289062
6644.595831400308	0.9923200011253357
6644.70941275864	1.0122730731964111
6644.822994116972	1.0175590515136719
6644.936575475304	1.0071663856506348
6645.050156833636	1.0141373872756958
6645.163738191968	1.0318126678466797
6645.2773195503	1.0389609336853027
6645.390900908632	1.0075170993804932
6645.504482266964	1.0039258003234863
6645.618063625296	1.023540735244751
6645.731644983628	1.031866192817688
6645.84522634196	1.0234944820404053
6645.958807700292	0.9923430681228638
6646.072389058624	0.9864251017570496
6646.185970416956	0.9948973059654236
6646.299551775288	1.0104355812072754
6646.41313313362	1.0141786336898804
6646.526714491952	1.0275145769119263
6646.640295850284	1.0195547342300415
6646.753877208616	1.0304404497146606
6646.867458566948	1.042107105255127
6646.98103992528	1.0094789266586304
6647.094621283612	1.0072312355041504
6647.208202641944	1.0008649826049805
6647.321784000276	1.012895107269287
6647.435365358608	0.9971903562545776
6647.54894671694	0.9979567527770996
6647.662528075272	1.0012978315353394
6647.776109433604	1.0029633045196533
6647.889690791936	1.0262902975082397
6648.003272150268	1.0296907424926758
6648.1168535086	1.023208498954773
6648.230434866932	0.9666403532028198
6648.344016225264	1.0192221403121948
6648.457597583596	1.0243669748306274
6648.571178941928	1.0380381345748901
6648.68476030026	1.0007199048995972
6648.798341658592	0.9653482437133789
6648.9119230169235	0.9993241429328918
6649.025504375256	1.0189708471298218
6649.139085733588	1.0204476118087769
6649.25266709192	1.0250866413116455
6649.366248450252	1.017890453338623
6649.479829808584	1.0020153522491455
6649.593411166916	0.9993378520011902
6649.706992525248	0.9990196228027344
6649.8205738835795	1.0038855075836182
6649.934155241912	1.0176869630813599
6650.047736600244	1.0161187648773193
6650.161317958576	1.0255440473556519
6650.274899316908	1.0413039922714233
6650.38848067524	1.0068581104278564
6650.502062033572	0.9783315062522888
6650.615643391904	0.9935909509658813
6650.7292247502355	0.988728940486908
6650.842806108568	1.0008103847503662
6650.9563874669	1.004751205444336
6651.069968825232	0.9896484613418579
6651.183550183564	0.9952259659767151
6651.297131541896	0.9832299947738647
6651.410712900228	1.0091935396194458
6651.52429425856	1.0223127603530884
6651.637875616892	1.0051862001419067
6651.751456975224	1.0095995664596558
6651.865038333556	1.0150526762008667
6651.978619691888	0.9931014180183411
6652.09220105022	0.9873853921890259
6652.205782408552	0.9928811192512512
6652.319363766884	0.9826440215110779
6652.432945125216	1.0022144317626953
6652.546526483548	1.0102908611297607
6652.66010784188	0.9981080889701843
6652.773689200212	0.987679123878479
6652.887270558544	1.0002275705337524
6653.000851916876	1.00313401222229
6653.114433275208	1.0109999179840088
6653.22801463354	1.009248971939087
6653.341595991872	1.0104204416275024
6653.455177350204	0.9849259257316589
6653.568758708536	1.0186938047409058
6653.682340066868	1.0019675493240356
6653.7959214252	1.0143258571624756
6653.909502783532	0.9712932109832764
6654.023084141864	0.9516357779502869
6654.136665500196	0.9840182065963745
6654.250246858528	0.9679290652275085
6654.36382821686	1.0239287614822388
6654.477409575192	1.010069489479065
6654.590990933524	1.0041208267211914
6654.704572291856	0.996430516242981
6654.818153650188	1.001115322113037
6654.93173500852	1.0013110637664795
6655.045316366852	0.9946037530899048
6655.158897725184	1.009163737297058
6655.272479083516	1.0526033639907837
6655.386060441848	1.024115800857544
6655.49964180018	0.9602614045143127
6655.613223158512	1.0020709037780762
6655.726804516844	1.0299845933914185
6655.840385875176	0.9860498309135437
6655.953967233508	0.9893746972084045
6656.06754859184	0.9982610940933228
6656.181129950172	0.9792725443840027
6656.294711308504	1.0022355318069458
6656.408292666836	1.000989317893982
6656.521874025168	1.0030486583709717
6656.6354553835	1.0136630535125732
6656.749036741832	1.0164165496826172
6656.862618100164	0.9928996562957764
6656.976199458496	0.9966529607772827
6657.089780816828	1.0236155986785889
6657.20336217516	1.001225471496582
6657.316943533492	0.9877265691757202
6657.430524891824	1.0240912437438965
6657.544106250156	0.9978724122047424
6657.657687608488	0.9807619452476501
6657.77126896682	0.9838661551475525
6657.884850325152	1.0077025890350342
6657.998431683484	1.0004042387008667
6658.112013041816	0.9782515168190002
6658.225594400148	0.9895676374435425
6658.3391757584795	1.020595908164978
6658.452757116812	1.0241329669952393
6658.566338475144	1.013655424118042
6658.679919833476	0.9882886409759521
6658.793501191808	0.9851873517036438
6658.90708255014	0.9807719588279724
6659.020663908472	0.9989768266677856
6659.134245266804	0.9817808866500854
6659.247826625136	0.9999285936355591
6659.361407983468	1.0038461685180664
6659.4749893418	1.0170042514801025
6659.588570700132	0.9944663047790527
6659.702152058464	1.0097243785858154
6659.815733416796	0.9920290112495422
6659.929314775128	0.9930355548858643
6660.04289613346	1.00791597366333
6660.1564774917915	0.9962387681007385
6660.270058850124	0.9678299427032471
6660.383640208456	0.976459801197052
6660.497221566788	1.0105115175247192
6660.61080292512	0.9993740320205688
6660.724384283452	1.020720362663269
6660.837965641784	0.9915384650230408
6660.951547000116	1.001020073890686
6661.065128358448	1.0087767839431763
6661.17870971678	1.0137325525283813
6661.292291075112	1.0082273483276367
6661.405872433444	1.0000247955322266
6661.519453791776	1.0064985752105713
6661.633035150108	0.9881307482719421
6661.74661650844	0.9953463077545166
6661.860197866772	1.0082961320877075
6661.973779225104	1.0142204761505127
6662.087360583436	1.0181827545166016
6662.200941941768	0.9958785176277161
6662.3145233001	1.0261324644088745
6662.428104658432	1.0196352005004883
6662.541686016764	1.0195046663284302
6662.655267375096	1.0051119327545166
6662.768848733428	1.0245869159698486
6662.88243009176	1.0006308555603027
6662.996011450092	1.008845567703247
6663.109592808424	0.9865515232086182
6663.223174166756	1.000731110572815
6663.336755525088	0.9914401173591614
6663.45033688342	0.9877678751945496
6663.563918241752	1.0066790580749512
6663.677499600084	1.010286569595337
6663.791080958416	0.9859820008277893
6663.904662316748	0.9765436053276062
6664.01824367508	1.008669376373291
6664.131825033412	1.0051380395889282
6664.245406391744	0.9948951601982117
6664.358987750076	0.9961653351783752
6664.472569108408	0.9984493255615234
6664.58615046674	1.0312997102737427
6664.699731825072	1.009661316871643
6664.813313183404	0.9968414902687073
6664.926894541736	0.9887527823448181
6665.040475900068	1.014032006263733
6665.1540572584	1.0106030702590942
6665.267638616732	0.9914247989654541
6665.381219975064	1.012715458869934
6665.494801333396	1.034502625465393
6665.608382691728	1.0031609535217285
6665.72196405006	1.0272969007492065
6665.835545408392	1.0454258918762207
6665.949126766724	1.003490924835205
6666.062708125056	1.0360589027404785
6666.176289483388	1.0180732011795044
6666.28987084172	0.9994474649429321
6666.403452200052	1.0191291570663452
6666.517033558384	0.9965804219245911
6666.630614916716	0.987446665763855
6666.744196275048	1.0038816928863525
6666.8577776333805	1.0051548480987549
6666.971358991712	0.9983949065208435
6667.084940350044	1.0270001888275146
6667.198521708376	1.0274027585983276
6667.312103066708	1.022020697593689
6667.42568442504	0.9868515133857727
6667.539265783372	0.9976298213005066
6667.652847141704	1.0138901472091675
6667.7664285000355	1.0080360174179077
6667.880009858368	1.0176585912704468
6667.9935912167	1.0192465782165527
6668.107172575032	0.9958041310310364
6668.220753933364	1.0022536516189575
6668.334335291696	1.0143747329711914
6668.447916650028	1.0055851936340332
6668.56149800836	0.9889246821403503
6668.675079366692	0.9890182614326477
6668.788660725024	0.9962812662124634
6668.902242083356	0.9848488569259644
6669.015823441688	0.9979112148284912
6669.12940480002	0.9977794885635376
6669.242986158352	0.9945008754730225
6669.356567516684	0.9786515235900879
6669.470148875016	1.0486770868301392
6669.583730233348	1.0207054615020752
6669.69731159168	0.9866472482681274
6669.810892950012	1.0133423805236816
6669.924474308344	1.0205384492874146
6670.038055666676	1.0137076377868652
6670.151637025008	1.032885193824768
6670.26521838334	1.0199885368347168
6670.378799741672	0.9986634850502014
6670.492381100004	1.0216658115386963
6670.605962458336	1.013490080833435
6670.719543816668	0.9917797446250916
6670.833125175	0.983523428440094
6670.946706533332	0.9768931269645691
6671.060287891664	0.999981701374054
6671.173869249996	1.0054433345794678
6671.287450608328	1.0295343399047852
6671.40103196666	0.99363112449646
6671.514613324992	0.9662219882011414
6671.628194683324	0.9953901767730713
6671.741776041656	1.0514521598815918
6671.855357399988	1.0247634649276733
6671.96893875832	1.0088136196136475
6672.082520116652	1.0112969875335693
6672.196101474984	0.9782183766365051
6672.309682833316	0.9961151480674744
6672.423264191648	1.0168097019195557
6672.53684554998	1.0055536031723022
6672.650426908312	0.9933561682701111
6672.764008266644	1.000773549079895
6672.877589624976	0.9922835230827332
6672.991170983308	0.9902237057685852
6673.10475234164	0.9902772903442383
6673.218333699972	1.0304267406463623
6673.331915058304	1.0219718217849731
6673.445496416636	1.0056527853012085
6673.559077774968	1.0059607028961182
6673.6726591333	0.9668989777565002
6673.786240491632	0.968937873840332
6673.899821849964	0.9606820940971375
6674.013403208296	0.9866032600402832
6674.126984566628	0.9673168659210205
6674.24056592496	0.9411434531211853
6674.354147283292	0.939376711845398
6674.467728641624	0.9348150491714478
6674.581309999956	0.9901218414306641
6674.694891358288	1.0075489282608032
6674.80847271662	0.9534324407577515
6674.922054074952	0.9714096188545227
6675.035635433284	0.9645074009895325
6675.149216791616	0.9159200191497803
6675.262798149948	0.9528036117553711
6675.37637950828	0.9591650366783142
6675.489960866612	0.9855473041534424
6675.603542224944	0.9763211011886597
6675.717123583276	0.9374902248382568
6675.830704941608	0.9543477296829224
6675.94428629994	0.9522473812103271
6676.057867658272	0.9406652450561523
6676.171449016604	0.9493659734725952
6676.2850303749365	0.9555426239967346
6676.398611733268	0.9551713466644287
6676.5121930916	0.9417065382003784
6676.625774449932	0.9364016056060791
6676.739355808264	0.9603478908538818
6676.852937166596	0.9560693502426147
6676.966518524928	0.9501116871833801
6677.08009988326	0.9464065432548523
6677.1936812415925	0.9515236020088196
6677.307262599924	0.906274676322937
6677.420843958256	0.8950032591819763
6677.534425316588	0.909593939781189
6677.64800667492	0.9214767217636108
6677.761588033252	0.9429558515548706
6677.875169391584	0.9345440864562988
6677.988750749916	0.9453023076057434
6678.102332108248	0.974776029586792
6678.21591346658	0.9255667328834534
6678.329494824912	0.9193833470344543
6678.443076183244	0.9372957348823547
6678.556657541576	0.937251627445221
6678.670238899908	0.9385222792625427
6678.78382025824	0.9232016205787659
6678.897401616572	0.9225705862045288
6679.010982974904	0.947659432888031
6679.124564333236	0.9382504224777222
6679.238145691568	0.9212502241134644
6679.3517270499	0.9455901980400085
6679.465308408232	0.9660987257957458
6679.578889766564	0.9714322090148926
6679.692471124896	0.9289915561676025
6679.806052483228	0.9368172287940979
6679.91963384156	0.9407548904418945
6680.033215199892	0.9683513641357422
6680.146796558224	0.9429354667663574
6680.260377916556	0.9570758938789368
6680.373959274888	0.9712082743644714
6680.48754063322	0.973915696144104
6680.601121991552	0.9689006805419922
6680.714703349884	0.9916346073150635
6680.828284708216	0.9691793322563171
6680.941866066548	0.965450644493103
6681.05544742488	0.9584145545959473
6681.169028783212	0.9501438140869141
6681.282610141544	0.9978732466697693
6681.396191499876	1.0107358694076538
6681.509772858208	0.9926660060882568
6681.62335421654	0.9913544654846191
6681.736935574872	0.9960305094718933
6681.850516933204	0.9437390565872192
6681.964098291536	0.979062020778656
6682.077679649868	1.044912576675415
6682.1912610082	0.9948493838310242
6682.304842366532	0.983101487159729
6682.418423724864	0.9597994089126587
6682.532005083196	0.9325667023658752
6682.645586441528	0.9403049945831299
6682.75916779986	0.9234783053398132
6682.872749158192	0.9723936915397644
6682.986330516524	0.9477079510688782
6683.099911874856	0.9349889755249023
6683.213493233188	0.9609401226043701
6683.32707459152	0.9885807037353516
6683.440655949852	0.9786192178726196
6683.554237308184	0.9630984663963318
6683.667818666516	0.9742690920829773
6683.781400024848	0.9731242656707764
6683.8949813831805	0.9530889987945557
6684.008562741512	0.9614465832710266
6684.122144099844	0.9639366269111633
6684.235725458176	0.9608767628669739
6684.349306816508	0.9422651529312134
6684.46288817484	0.9525918960571289
6684.576469533172	0.976229190826416
6684.690050891504	0.9665878415107727
6684.803632249836	1.0036789178848267
6684.917213608168	0.9716001749038696
6685.0307949665	0.9665350317955017
6685.144376324832	0.9681224226951599
6685.257957683164	0.9740282297134399
6685.371539041496	0.9472618103027344
6685.485120399828	0.9410226345062256
6685.59870175816	0.9384190440177917
6685.7122831164925	0.9650239944458008
6685.825864474824	0.9246937036514282
6685.939445833156	0.9351799488067627
6686.053027191488	0.9509953856468201
6686.16660854982	0.9724588394165039
6686.280189908152	0.9536489844322205
6686.393771266484	0.9507026672363281
6686.507352624816	0.9750654101371765
6686.6209339831485	0.9673430323600769
6686.73451534148	0.9774206280708313
6686.848096699812	0.9641978740692139
6686.961678058144	0.9890667200088501
6687.075259416476	1.0209057331085205
6687.188840774808	1.0210888385772705
6687.30242213314	1.0063854455947876
6687.416003491472	0.9995477199554443
6687.529584849804	1.0172570943832397
6687.643166208136	1.032341480255127
6687.756747566468	1.0093750953674316
6687.8703289248	0.9952049851417542
6687.983910283132	0.9957895278930664
6688.097491641464	1.005808711051941
6688.211072999796	0.986579179763794
6688.324654358128	1.0002336502075195
6688.43823571646	0.9991138577461243
6688.551817074792	0.9896090030670166
6688.665398433124	1.038830280303955
6688.778979791456	1.0315028429031372
6688.892561149788	1.0255870819091797
6689.00614250812	0.974092423915863
6689.119723866452	0.951742947101593
6689.233305224784	0.9905251264572144
6689.346886583116	1.03062105178833
6689.460467941448	1.0065048933029175
6689.57404929978	1.003884196281433
6689.687630658112	1.0133084058761597
6689.801212016444	0.9919790029525757
6689.914793374776	0.9914255142211914
6690.028374733108	1.0122177600860596
6690.14195609144	1.0117391347885132
6690.255537449772	0.9663856625556946
6690.369118808104	0.9855598211288452
6690.482700166436	0.9728461503982544
6690.596281524768	1.002664566040039
6690.7098628831	1.0099246501922607
6690.823444241432	0.9843088984489441
6690.937025599764	0.9998499751091003
6691.050606958096	1.0001075267791748
6691.164188316428	0.9800317287445068
6691.27776967476	1.02774977684021
6691.391351033092	1.008400559425354
6691.5049323914245	0.9992305040359497
6691.618513749756	1.0004405975341797
6691.732095108088	1.016843557357788
6691.84567646642	0.974160373210907
6691.959257824752	0.9768286943435669
6692.072839183084	0.9867439866065979
6692.186420541416	0.9912610054016113
6692.300001899748	1.0112055540084839
6692.41358325808	0.9997608661651611
6692.527164616412	0.9810547232627869
6692.640745974744	0.9731879234313965
6692.754327333076	1.0097614526748657
6692.867908691408	0.9875288009643555
6692.98149004974	0.9764338731765747
6693.095071408072	0.9955084323883057
6693.208652766404	0.9881024956703186
6693.3222341247365	1.0212494134902954
6693.435815483068	0.9914297461509705
6693.5493968414	0.9964228272438049
6693.662978199732	0.9857531785964966
6693.776559558064	0.9979808330535889
6693.890140916396	0.9951379895210266
6694.003722274728	0.9988386034965515
6694.11730363306	0.9997712969779968
6694.2308849913925	0.9940961599349976
6694.344466349724	0.9922113418579102
6694.458047708056	0.9702779054641724
6694.571629066388	0.9808632135391235
6694.68521042472	0.962701141834259
6694.798791783052	1.003970980644226
6694.912373141384	0.9817874431610107
6695.025954499716	0.9990650415420532
6695.1395358580485	1.0112128257751465
6695.25311721638	0.989846408367157
6695.366698574712	0.9767117500305176
6695.480279933044	0.9966112971305847
6695.593861291376	1.0120298862457275
6695.707442649708	0.9988985657691956
6695.82102400804	1.0080889463424683
6695.934605366372	0.9820243716239929
6696.0481867247045	0.9850448369979858
6696.161768083036	0.9993063807487488
6696.275349441368	0.953167200088501
6696.3889307997	0.9820579290390015
6696.502512158032	1.0136040449142456
6696.616093516364	1.0133050680160522
6696.729674874696	1.0231335163116455
6696.843256233028	1.000902533531189
6696.95683759136	0.9861040115356445
6697.070418949692	0.9751048684120178
6697.184000308024	0.9967931509017944
6697.297581666356	1.017462134361267
6697.411163024688	1.010340690612793
6697.52474438302	1.0099881887435913
6697.638325741352	0.9905663728713989
6697.751907099684	1.0001534223556519
6697.865488458016	0.998699426651001
6697.979069816348	0.9875427484512329
6698.09265117468	0.9942125678062439
6698.206232533012	0.9702396988868713
6698.319813891344	0.9971871972084045
6698.433395249676	1.0215038061141968
6698.546976608008	1.0238500833511353
6698.66055796634	0.9826889038085938
6698.774139324672	0.9851654767990112
6698.887720683004	0.9949713349342346
6699.001302041336	0.9790080189704895
6699.114883399668	0.9787759184837341
6699.228464758	1.0053602457046509
6699.342046116332	0.9657989144325256
6699.455627474664	1.0471211671829224
