6434.62988281	0.24658203125
6434.6298828125	116300.0
6434.87646484375	117412.03125
6435.123046875	116563.65625
6435.36962890625	116015.0078125
6435.6162109375	117047.78125
6435.86279296875	117179.890625
6436.109375	116671.0859375
6436.35595703125	116602.7734375
6436.6025390625	116634.65625
6436.84912109375	117508.6171875
6437.095703125	115735.890625
6437.34228515625	116128.640625
6437.5888671875	116862.71875
6437.83544921875	116413.0
6438.08203125	115340.7109375
6438.32861328125	115412.4609375
6438.5751953125	115464.1640625
6438.82177734375	115435.515625
6439.068359375	115125.4765625
6439.31494140625	115177.1953125
6439.5615234375	115651.1875
6439.80810546875	115602.4375
6440.0546875	115855.4765625
6440.30126953125	115766.5625
6440.5478515625	114509.8828125
6440.79443359375	114863.5078125
6441.041015625	115459.03125
6441.28759765625	115349.75
6441.5341796875	115502.34375
6441.78076171875	115453.421875
6442.02734375	116130.40625
6442.27392578125	115839.578125
6442.5205078125	115024.0625
6442.76708984375	115358.390625
6443.013671875	115531.390625
6443.26025390625	116492.0
6443.5068359375	115493.9609375
6443.75341796875	114778.15625
6444.0	116002.0546875
6444.24658203125	116074.3671875
6444.4931640625	114751.5546875
6444.73974609375	115612.3671875
6444.986328125	115583.4453125
6445.23291015625	115129.515625
6445.4794921875	115060.0078125
6445.72607421875	115314.359375
6445.97265625	115548.5859375
6446.21923828125	115337.2265625
6446.4658203125	115936.3359375
6446.71240234375	115035.8046875
6446.958984375	114154.984375
6447.20556640625	115646.625
6447.4521484375	115049.4765625
6447.69873046875	113965.0234375
6447.9453125	114706.765625
6448.19189453125	113804.265625
6448.4384765625	113896.4296875
6448.68505859375	114598.140625
6448.931640625	113857.390625
6449.17822265625	115087.875
6449.4248046875	113614.8671875
6449.67138671875	113747.6953125
6449.91796875	114592.65625
6450.16455078125	114461.2578125
6450.4111328125	114268.703125
6450.65771484375	114768.2578125
6450.904296875	114290.59375
6451.15087890625	114810.7578125
6451.3974609375	114495.75
6451.64404296875	115016.21875
6451.890625	115149.640625
6452.13720703125	115568.5546875
6452.3837890625	116497.640625
6452.63037109375	115896.8828125
6452.876953125	116744.9453125
6453.12353515625	116817.5859375
6453.3701171875	117257.8125
6453.61669921875	118290.6328125
6453.86328125	118363.6640625
6454.10986328125	118538.96875
6454.3564453125	118489.3828125
6454.60302734375	119135.0078125
6454.849609375	118349.140625
6455.09619140625	118647.25
6455.3427734375	118454.2578125
6455.58935546875	117892.640625
6455.8359375	118252.1328125
6456.08251953125	117444.359375
6456.3291015625	118377.5
6456.57568359375	118142.9921875
6456.822265625	117764.828125
6457.06884765625	117263.390625
6457.3154296875	118299.9296875
6457.56201171875	118741.984375
6457.80859375	117645.171875
6458.05517578125	118046.1328125
6458.3017578125	118447.328125
6458.54833984375	118971.8515625
6458.794921875	119414.4296875
6459.04150390625	117083.1953125
6459.2880859375	116723.8671875
6459.53466796875	117083.8046875
6459.78125	116436.21875
6460.02783203125	116796.1640625
6460.2744140625	115366.1796875
6460.52099609375	114717.515625
6460.767578125	115468.25
6461.01416015625	115457.4375
6461.2607421875	115755.5078125
6461.50732421875	114261.3203125
6461.75390625	114785.796875
6462.00048828125	114795.15625
6462.2470703125	113567.3359375
6462.49365234375	113040.0859375
6462.740234375	112079.2265625
6462.98681640625	113284.4375
6463.2333984375	112839.0
6463.47998046875	111629.453125
6463.7265625	112236.40625
6463.97314453125	111418.34375
6464.2197265625	111302.2734375
6464.46630859375	111434.0625
6464.712890625	111069.7890625
6464.95947265625	111263.4765625
6465.2060546875	111312.40625
6465.45263671875	111381.9765625
6465.69921875	111513.640625
6465.94580078125	112141.984375
6466.1923828125	112894.7890625
6466.43896484375	112011.921875
6466.685546875	111646.4296875
6466.93212890625	111860.7421875
6467.1787109375	111370.4609375
6467.42529296875	111584.640625
6467.671875	110782.8671875
6467.91845703125	111059.109375
6468.1650390625	111169.390625
6468.41162109375	111258.890625
6468.658203125	111057.78125
6468.90478515625	112019.0703125
6469.1513671875	111070.3359375
6469.39794921875	112281.1015625
6469.64453125	111020.1640625
6469.89111328125	110278.0703125
6470.1376953125	109327.625
6470.38427734375	109915.0703125
6470.630859375	109192.640625
6470.87744140625	111007.3671875
6471.1240234375	111782.578125
6471.37060546875	111455.1640625
6471.6171875	111002.609375
6471.86376953125	112590.015625
6472.1103515625	113241.03125
6472.35693359375	110747.0390625
6472.603515625	111106.0078125
6472.85009765625	110881.5546875
6473.0966796875	109406.34375
6473.34326171875	109806.6328125
6473.58984375	109352.0390625
6473.83642578125	109168.2734375
6474.0830078125	110340.421875
6474.32958984375	110448.71875
6474.576171875	110431.734375
6474.82275390625	110247.625
6475.0693359375	110000.6796875
6475.31591796875	108583.96875
6475.5625	107124.6953125
6475.80908203125	105288.5703125
6476.0556640625	104830.890625
6476.30224609375	105459.9453125
6476.548828125	105420.0546875
6476.79541015625	107366.765625
6477.0419921875	108665.7578125
6477.28857421875	109567.734375
6477.53515625	108858.609375
6477.78173828125	108714.1953125
6478.0283203125	111312.1171875
6478.27490234375	110393.21875
6478.521484375	111274.953125
6478.76806640625	111737.96875
6479.0146484375	111404.859375
6479.26123046875	110987.671875
6479.5078125	110570.2421875
6479.75439453125	110383.1015625
6480.0009765625	108916.6171875
6480.24755859375	107994.7421875
6480.494140625	107575.90625
6480.74072265625	107702.28125
6480.9873046875	108919.890625
6481.23388671875	110599.6640625
6481.48046875	110432.484375
6481.72705078125	110832.046875
6481.9736328125	110328.5234375
6482.22021484375	111778.3359375
6482.466796875	111316.5859375
6482.71337890625	111127.78125
6482.9599609375	112094.7890625
6483.20654296875	111548.3828125
6483.453125	110202.625
6483.69970703125	107447.2109375
6483.9462890625	105931.671875
6484.19287109375	106224.7890625
6484.439453125	106139.1328125
6484.68603515625	107526.6328125
6484.9326171875	108746.078125
6485.17919921875	108534.171875
6485.42578125	109817.1875
6485.67236328125	109984.2734375
6485.9189453125	110088.1484375
6486.16552734375	110697.5703125
6486.412109375	110653.828125
6486.65869140625	110146.265625
6486.9052734375	110987.59375
6487.15185546875	110247.7578125
6487.3984375	109697.3515625
6487.64501953125	111213.5625
6487.8916015625	111506.7265625
6488.13818359375	110449.546875
6488.384765625	110193.765625
6488.63134765625	111879.4765625
6488.8779296875	112911.296875
6489.12451171875	111937.6328125
6489.37109375	111829.2890625
6489.61767578125	112713.3984375
6489.8642578125	112668.28125
6490.11083984375	112285.0546875
6490.357421875	111986.078125
6490.60400390625	111158.5703125
6490.8505859375	110985.90625
6491.09716796875	109143.1015625
6491.34375	107595.5703125
6491.59033203125	109853.7421875
6491.8369140625	112154.796875
6492.08349609375	112510.453125
6492.330078125	112760.296875
6492.57666015625	112438.8125
6492.8232421875	112307.5859375
6493.06982421875	111075.609375
6493.31640625	108509.578125
6493.56298828125	109732.3671875
6493.8095703125	109579.0546875
6494.05615234375	111246.890625
6494.302734375	111856.0859375
6494.54931640625	111575.6015625
6494.7958984375	111252.5625
6495.04248046875	111459.078125
6495.2890625	111580.8046875
6495.53564453125	111872.0
6495.7822265625	111209.2265625
6496.02880859375	108447.1953125
6496.275390625	108313.7109375
6496.52197265625	108370.9375
6496.7685546875	109764.3515625
6497.01513671875	109376.1171875
6497.26171875	110409.171875
6497.50830078125	109660.046875
6497.7548828125	109695.8046875
6498.00146484375	108967.390625
6498.248046875	109448.65625
6498.49462890625	110269.6796875
6498.7412109375	110199.0078125
6498.98779296875	111529.7890625
6499.234375	111310.4140625
6499.48095703125	110305.0078125
6499.7275390625	111997.1953125
6499.97412109375	110970.171875
6500.220703125	111833.984375
6500.46728515625	111167.796875
6500.7138671875	111372.8203125
6500.96044921875	111280.1875
6501.20703125	111272.4921875
6501.45361328125	110669.3671875
6501.7001953125	110831.578125
6501.94677734375	111355.265625
6502.193359375	110071.0703125
6502.43994140625	110105.3671875
6502.6865234375	110756.59375
6502.93310546875	109556.75
6503.1796875	109654.6171875
6503.42626953125	108858.578125
6503.6728515625	110041.7890625
6503.91943359375	109330.609375
6504.166015625	109449.4921875
6504.41259765625	109930.296875
6504.6591796875	109857.484375
6504.90576171875	109614.2265625
6505.15234375	110180.1953125
6505.39892578125	109255.1171875
6505.6455078125	109544.078125
6505.89208984375	110493.546875
6506.138671875	109440.140625
6506.38525390625	110048.6796875
6506.6318359375	109975.2578125
6506.87841796875	110413.34375
6507.125	109806.875
6507.37158203125	109797.171875
6507.6181640625	109467.5625
6507.86474609375	110182.7109375
6508.111328125	109746.3359375
6508.35791015625	109629.7109375
6508.6044921875	108233.1484375
6508.85107421875	107412.21875
6509.09765625	107359.1640625
6509.34423828125	108927.6484375
6509.5908203125	109408.078125
6509.83740234375	109781.828125
6510.083984375	110155.609375
6510.33056640625	110123.8125
6510.5771484375	110860.4765625
6510.82373046875	110914.015625
6511.0703125	110583.1640625
6511.31689453125	110444.3984375
6511.5634765625	110284.171875
6511.81005859375	109419.0234375
6512.056640625	110711.046875
6512.30322265625	109760.2265625
6512.5498046875	109450.0703125
6512.79638671875	110720.921875
6513.04296875	111906.4765625
6513.28955078125	112899.8671875
6513.5361328125	113017.1015625
6513.78271484375	114096.140625
6514.029296875	112268.140625
6514.27587890625	112085.890625
6514.5224609375	110834.515625
6514.76904296875	109775.3046875
6515.015625	108159.859375
6515.26220703125	107634.75
6515.5087890625	110061.0078125
6515.75537109375	109343.3515625
6516.001953125	109203.078125
6516.24853515625	109298.0546875
6516.4951171875	106162.34375
6516.74169921875	103047.4296875
6516.98828125	103205.9375
6517.23486328125	105483.0625
6517.4814453125	106797.4375
6517.72802734375	108775.4921875
6517.974609375	110818.03125
6518.22119140625	110698.6953125
6518.4677734375	111414.2421875
6518.71435546875	111980.0
6518.9609375	111924.8125
6519.20751953125	110948.7421875
6519.4541015625	109736.8828125
6519.70068359375	109124.5
6519.947265625	108918.9375
6520.19384765625	109998.5703125
6520.4404296875	110242.8359375
6520.68701171875	110958.4609375
6520.93359375	110217.1328125
6521.18017578125	109797.078125
6521.4267578125	110341.2421875
6521.67333984375	110156.8125
6521.919921875	108707.75
6522.16650390625	110902.3046875
6522.4130859375	109410.125
6522.65966796875	108046.3203125
6522.90625	108633.265625
6523.15283203125	108941.5234375
6523.3994140625	108263.4296875
6523.64599609375	106534.4375
6523.892578125	105663.0
6524.13916015625	105799.4140625
6524.3857421875	106064.515625
6524.63232421875	107616.640625
6524.87890625	107581.5390625
6525.12548828125	108039.8125
6525.3720703125	108240.6640625
6525.61865234375	108720.453125
6525.865234375	109135.9140625
6526.11181640625	108693.03125
6526.3583984375	108335.8984375
6526.60498046875	108944.5
6526.8515625	109553.171875
6527.09814453125	109475.015625
6527.3447265625	109203.6015625
6527.59130859375	108975.0703125
6527.837890625	108037.96875
6528.08447265625	108625.21875
6528.3310546875	108804.53125
6528.57763671875	108726.1484375
6528.82421875	109055.78125
6529.07080078125	108461.921875
6529.3173828125	108383.4453125
6529.56396484375	109293.046875
6529.810546875	108441.234375
6530.05712890625	107696.7109375
6530.3037109375	107918.8984375
6530.55029296875	107539.4765625
6530.796875	106880.640625
6531.04345703125	107725.9609375
6531.2900390625	106787.6640625
6531.53662109375	106665.9140625
6531.783203125	105555.4296875
6532.02978515625	106508.3203125
6532.2763671875	105247.1953125
6532.52294921875	104759.8046875
6532.76953125	105282.8125
6533.01611328125	106343.4140625
6533.2626953125	105984.984375
6533.50927734375	106099.6015625
6533.755859375	106816.3671875
6534.00244140625	106113.7734375
6534.2490234375	105712.203125
6534.49560546875	104944.921875
6534.7421875	106608.265625
6534.98876953125	106787.46875
6535.2353515625	108042.3828125
6535.48193359375	107533.234375
6535.728515625	107884.6640625
6535.97509765625	108688.0234375
6536.2216796875	109556.0546875
6536.46826171875	108293.625
6536.71484375	108386.953125
6536.96142578125	108867.71875
6537.2080078125	107927.875
6537.45458984375	109657.234375
6537.701171875	108695.8203125
6537.94775390625	109715.0
6538.1943359375	109270.2109375
6538.44091796875	109686.671875
6538.6875	110189.34375
6538.93408203125	109270.75
6539.1806640625	108761.234375
6539.42724609375	109350.125
6539.673828125	109766.796875
6539.92041015625	109731.1640625
6540.1669921875	110018.6875
6540.41357421875	109509.1171875
6540.66015625	109882.875
6540.90673828125	109265.546875
6541.1533203125	109380.7890625
6541.39990234375	109302.1171875
6541.646484375	109783.7890625
6541.89306640625	110028.484375
6542.1396484375	108785.953125
6542.38623046875	108254.6171875
6542.6328125	107615.453125
6542.87939453125	108118.859375
6543.1259765625	108385.1875
6543.37255859375	108802.5078125
6543.619140625	106998.859375
6543.86572265625	105173.4140625
6544.1123046875	103304.625
6544.35888671875	104562.9765625
6544.60546875	106468.6328125
6544.85205078125	108115.7421875
6545.0986328125	108684.484375
6545.34521484375	109727.9765625
6545.591796875	108894.53125
6545.83837890625	108535.7109375
6546.0849609375	109320.59375
6546.33154296875	109263.9609375
6546.578125	108948.375
6546.82470703125	110381.09375
6547.0712890625	109957.71875
6547.31787109375	110311.453125
6547.564453125	109844.8984375
6547.81103515625	108298.796875
6548.0576171875	108112.8125
6548.30419921875	108272.375
6548.55078125	107632.953125
6548.79736328125	106280.765625
6549.0439453125	107412.3125
6549.29052734375	109429.75
6549.537109375	111857.9921875
6549.78369140625	112666.3671875
6550.0302734375	113604.5625
6550.27685546875	112900.8046875
6550.5234375	114098.6171875
6550.77001953125	113956.7890625
6551.0166015625	115133.40625
6551.26318359375	114991.7734375
6551.509765625	115196.078125
6551.75634765625	114773.53125
6552.0029296875	115907.65625
6552.24951171875	113474.359375
6552.49609375	114738.4921875
6552.74267578125	112326.4453125
6552.9892578125	113612.4609375
6553.23583984375	116434.515625
6553.482421875	118975.9609375
6553.72900390625	119441.078125
6553.9755859375	119754.9140625
6554.22216796875	122211.046875
6554.46875	124905.796875
6554.71533203125	125848.1171875
6554.9619140625	128630.46875
6555.20849609375	130417.71875
6555.455078125	133287.828125
6555.70166015625	135747.28125
6555.9482421875	139961.140625
6556.19482421875	143656.25
6556.44140625	147482.140625
6556.68798828125	152435.234375
6556.9345703125	156284.703125
6557.18115234375	161803.1875
6557.427734375	167387.9375
6557.67431640625	176765.90625
6557.9208984375	185799.25
6558.16748046875	197608.734375
6558.4140625	210938.15625
6558.66064453125	224465.75
6558.9072265625	242679.3125
6559.15380859375	263477.1875
6559.400390625	286621.8125
6559.64697265625	313436.90625
6559.8935546875	339260.78125
6560.14013671875	370882.4375
6560.38671875	401687.34375
6560.63330078125	434951.53125
6560.8798828125	470459.09375
6561.12646484375	501287.84375
6561.373046875	535727.375
6561.61962890625	571760.375
6561.8662109375	601029.375
6562.11279296875	636125.25
6562.359375	665910.25
6562.60595703125	693075.5625
6562.8525390625	708215.4375
6563.09912109375	710326.25
6563.345703125	704334.4375
6563.59228515625	678155.875
6563.8388671875	650232.6875
6564.08544921875	613326.625
6564.33203125	578128.625
6564.57861328125	545639.3125
6564.8251953125	510684.8125
6565.07177734375	476025.96875
6565.318359375	436159.875
6565.56494140625	398567.21875
6565.8115234375	364467.09375
6566.05810546875	330684.15625
6566.3046875	299068.21875
6566.55126953125	279326.96875
6566.7978515625	253877.15625
6567.04443359375	234646.734375
6567.291015625	217544.859375
6567.53759765625	204575.796875
6567.7841796875	192038.71875
6568.03076171875	182025.0
6568.27734375	173577.1875
6568.52392578125	164756.484375
6568.7705078125	158592.09375
6569.01708984375	152404.15625
6569.263671875	147435.28125
6569.51025390625	141483.890625
6569.7568359375	138540.078125
6570.00341796875	136686.0
6570.25	133784.375
6570.49658203125	130751.09375
6570.7431640625	128371.5234375
6570.98974609375	125947.6484375
6571.236328125	124767.2734375
6571.48291015625	123390.1640625
6571.7294921875	121816.15625
6571.97607421875	118844.0625
6572.22265625	116679.234375
6572.46923828125	116523.59375
6572.7158203125	116739.375
6572.96240234375	116714.9296875
6573.208984375	117411.796875
6573.45556640625	117278.2890625
6573.7021484375	117101.125
6573.94873046875	115108.9453125
6574.1953125	114034.75
6574.44189453125	113332.1171875
6574.6884765625	111338.5234375
6574.93505859375	109344.28125
6575.181640625	109669.3046875
6575.42822265625	112205.3203125
6575.6748046875	111677.2578125
6575.92138671875	112791.2890625
6576.16796875	113073.5390625
6576.41455078125	113027.3671875
6576.6611328125	113726.109375
6576.90771484375	113110.453125
6577.154296875	113349.3125
6577.40087890625	113632.1484375
6577.6474609375	113739.7265625
6577.89404296875	113781.65625
6578.140625	114656.984375
6578.38720703125	113646.234375
6578.6337890625	112328.0234375
6578.88037109375	112764.859375
6579.126953125	113311.578125
6579.37353515625	112168.3203125
6579.6201171875	112890.8359375
6579.86669921875	111703.28125
6580.11328125	112821.359375
6580.35986328125	111172.1015625
6580.6064453125	110181.3828125
6580.85302734375	109915.4921875
6581.099609375	109231.984375
6581.34619140625	109317.59375
6581.5927734375	109996.8828125
6581.83935546875	110038.71875
6582.0859375	110564.5078125
6582.33251953125	108758.6640625
6582.5791015625	108470.3359375
6582.82568359375	109524.2890625
6583.072265625	108311.6328125
6583.31884765625	108265.265625
6583.5654296875	108549.1640625
6583.81201171875	107776.125
6584.05859375	108764.8984375
6584.30517578125	107330.765625
6584.5517578125	107592.7109375
6584.79833984375	108251.453125
6585.044921875	107499.7421875
6585.29150390625	107210.765625
6585.5380859375	106635.0
6585.78466796875	106720.65625
6586.03125	105968.1328125
6586.27783203125	105700.7421875
6586.5244140625	105764.21875
6586.77099609375	104040.0078125
6587.017578125	104875.8125
6587.26416015625	106418.4296875
6587.5107421875	106526.28125
6587.75732421875	107097.9453125
6588.00390625	106454.8359375
6588.25048828125	106010.3359375
6588.4970703125	105654.1015625
6588.74365234375	106513.3515625
6588.990234375	105383.2890625
6589.23681640625	106043.7890625
6589.4833984375	105886.3046875
6589.72998046875	105573.8828125
6589.9765625	105991.3984375
6590.22314453125	105789.4921875
6590.4697265625	106340.0078125
6590.71630859375	106204.4765625
6590.962890625	105338.2890625
6591.20947265625	105423.9296875
6591.4560546875	104601.546875
6591.70263671875	104775.703125
6591.94921875	105082.796875
6592.19580078125	104968.953125
6592.4423828125	104877.21875
6592.68896484375	105295.3203125
6592.935546875	104937.515625
6593.18212890625	104801.3125
6593.4287109375	104310.171875
6593.67529296875	105526.9921875
6593.921875	104924.8203125
6594.16845703125	105321.03125
6594.4150390625	103875.125
6594.66162109375	104071.4453125
6594.908203125	104512.078125
6595.15478515625	104886.1953125
6595.4013671875	104083.203125
6595.64794921875	104301.8125
6595.89453125	104964.8984375
6596.14111328125	104139.1796875
6596.3876953125	105291.3828125
6596.63427734375	104598.765625
6596.880859375	103728.0234375
6597.12744140625	103968.8671875
6597.3740234375	104432.203125
6597.62060546875	105318.359375
6597.8671875	104313.4921875
6598.11376953125	105199.8828125
6598.3603515625	104216.796875
6598.60693359375	104146.109375
6598.853515625	104409.3671875
6599.10009765625	103158.3046875
6599.3466796875	103332.3125
6599.59326171875	102815.703125
6599.83984375	103769.53125
6600.08642578125	104010.5234375
6600.3330078125	103694.265625
6600.57958984375	103734.5703125
6600.826171875	104711.3671875
6601.07275390625	104149.671875
6601.3193359375	104256.875
6601.56591796875	103293.21875
6601.8125	104181.203125
6602.05908203125	104109.8125
6602.3056640625	102900.015625
6602.55224609375	103520.375
6602.798828125	104185.5546875
6603.04541015625	103845.953125
6603.2919921875	103818.9453125
6603.53857421875	103076.9609375
6603.78515625	104412.6640625
6604.03173828125	103715.140625
6604.2783203125	104134.9375
6604.52490234375	103973.5703125
6604.771484375	103968.609375
6605.01806640625	103583.4375
6605.2646484375	103131.03125
6605.51123046875	103103.421875
6605.7578125	103523.234375
6606.00439453125	103249.4375
6606.2509765625	103624.5546875
6606.49755859375	104022.1640625
6606.744140625	102561.5859375
6606.99072265625	104033.8515625
6607.2373046875	104118.0078125
6607.48388671875	103059.8046875
6607.73046875	104017.453125
6607.97705078125	104997.7734375
6608.2236328125	103513.21875
6608.47021484375	103821.2890625
6608.716796875	103681.0234375
6608.96337890625	103697.609375
6609.2099609375	103288.0859375
6609.45654296875	103371.8046875
6609.703125	103792.0
6609.94970703125	103584.0625
6610.1962890625	103308.6953125
6610.44287109375	102831.203125
6610.689453125	103071.8125
6610.93603515625	103132.8203125
6611.1826171875	103485.6875
6611.42919921875	102378.9375
6611.67578125	103742.421875
6611.92236328125	103039.609375
6612.1689453125	103100.40625
6612.41552734375	103363.3984375
6612.662109375	102772.4140625
6612.90869140625	101933.984375
6613.1552734375	102623.8984375
6613.40185546875	102032.375
6613.6484375	102160.2265625
6613.89501953125	102130.65625
6614.1416015625	102775.8125
6614.38818359375	102273.75
6614.634765625	101636.46875
6614.88134765625	102371.734375
6615.1279296875	102026.78125
6615.37451171875	103752.671875
6615.62109375	102844.8515625
6615.86767578125	103805.703125
6616.1142578125	102965.0859375
6616.36083984375	103137.75
6616.607421875	102431.8515625
6616.85400390625	103257.7734375
6617.1005859375	103498.03125
6617.34716796875	103512.90625
6617.59375	103031.84375
6617.84033203125	103542.5078125
6618.0869140625	102745.5859375
6618.33349609375	103075.8515625
6618.580078125	103767.0078125
6618.82666015625	102879.359375
6619.0732421875	103209.65625
6619.31982421875	103878.40625
6619.56640625	101658.859375
6619.81298828125	102688.578125
6620.0595703125	103289.65625
6620.30615234375	102920.1484375
6620.552734375	102979.453125
6620.79931640625	102541.921875
6621.0458984375	102284.8984375
6621.29248046875	103270.09375
6621.5390625	103397.0390625
6621.78564453125	102688.0078125
6622.0322265625	103402.3203125
6622.27880859375	102580.015625
6622.525390625	102977.96875
6622.77197265625	102810.828125
6623.0185546875	102620.9921875
6623.26513671875	102815.4765625
6623.51171875	102512.4140625
6623.75830078125	102593.7265625
6624.0048828125	102584.5234375
6624.25146484375	101873.9375
6624.498046875	102747.0078125
6624.74462890625	102262.453125
6624.9912109375	102320.90625
6625.23779296875	102537.7734375
6625.484375	102867.8671875
6625.73095703125	102699.8671875
6625.9775390625	103052.578125
6626.22412109375	103224.1640625
6626.470703125	101742.34375
6626.71728515625	101959.015625
6626.9638671875	102266.3203125
6627.21044921875	102573.65625
6627.45703125	102246.5078125
6627.70361328125	102168.5625
6627.9501953125	101795.859375
6628.19677734375	101400.34375
6628.443359375	101458.1328125
6628.68994140625	103012.46875
6628.9365234375	102458.078125
6629.18310546875	101926.1875
6629.4296875	101757.0546875
6629.67626953125	101837.40625
6629.9228515625	101668.140625
6630.16943359375	101997.9921875
6630.416015625	102827.1484375
6630.66259765625	102771.3125
6630.9091796875	101920.90625
6631.15576171875	102636.7109375
6631.40234375	101944.9375
6631.64892578125	102229.3828125
6631.8955078125	102831.8203125
6632.14208984375	102162.40625
6632.388671875	103037.453125
6632.63525390625	102958.5
6632.8818359375	101857.0703125
6633.12841796875	102414.1328125
6633.375	102357.6796875
6633.62158203125	101982.9765625
6633.8681640625	102381.0234375
6634.11474609375	102847.296875
6634.361328125	102085.8828125
6634.60791015625	101688.078125
6634.8544921875	101790.453125
6635.10107421875	101779.109375
6635.34765625	101858.6953125
6635.59423828125	101870.0078125
6635.8408203125	101107.7421875
6636.08740234375	101369.21875
6636.333984375	101767.2265625
6636.58056640625	102097.015625
6636.8271484375	102495.1171875
6637.07373046875	102142.0859375
6637.3203125	101538.484375
6637.56689453125	101868.2421875
6637.8134765625	102015.8671875
6638.06005859375	102049.6171875
6638.306640625	101513.953125
6638.55322265625	102276.5078125
6638.7998046875	102059.6015625
6639.04638671875	101181.890625
6639.29296875	101580.0
6639.53955078125	101955.34375
6639.7861328125	101874.921875
6640.03271484375	101247.40625
6640.279296875	101326.421875
6640.52587890625	101975.34375
6640.7724609375	102305.1640625
6641.01904296875	101517.6875
6641.265625	101733.46875
6641.51220703125	101470.28125
6641.7587890625	101594.7734375
6642.00537109375	101764.8828125
6642.251953125	101250.5703125
6642.49853515625	101375.0078125
6642.7451171875	101294.046875
6642.99169921875	101304.328125
6643.23828125	101131.9921875
6643.48486328125	100936.7890625
6643.7314453125	101083.921875
6643.97802734375	100865.765625
6644.224609375	100875.8671875
6644.47119140625	100885.9609375
6644.7177734375	102426.125
6644.96435546875	100449.2421875
6645.2109375	101966.7734375
6645.45751953125	101085.921875
6645.7041015625	101986.9296875
6645.95068359375	101425.7421875
6646.197265625	101184.328125
6646.44384765625	100577.1953125
6646.6904296875	101226.984375
6646.93701171875	100505.3984375
6647.18359375	100766.625
6647.43017578125	100684.9453125
6647.6767578125	100054.5
6647.92333984375	101024.546875
6648.169921875	100691.234375
6648.41650390625	101295.5546875
6648.6630859375	100550.4609375
6648.90966796875	100102.5703125
6649.15625	100981.4609375
6649.40283203125	101219.8671875
6649.6494140625	101229.4765625
6649.89599609375	100918.7109375
6650.142578125	100996.9140625
6650.38916015625	101326.875
6650.6357421875	101633.9921875
6650.88232421875	100910.9921875
6651.12890625	101630.1953125
6651.37548828125	100838.3046875
6651.6220703125	101534.6953125
6651.86865234375	101040.34375
6652.115234375	101003.9296875
6652.36181640625	100326.140625
6652.6083984375	101183.0078125
6652.85498046875	100940.3515625
6653.1015625	102118.1875
6653.34814453125	100248.640625
6653.5947265625	101541.15625
6653.84130859375	100748.328125
6654.087890625	101353.4921875
6654.33447265625	100858.4609375
6654.5810546875	100202.8515625
6654.82763671875	100532.9375
6655.07421875	101184.09375
6655.32080078125	101216.1953125
6655.5673828125	101752.8125
6655.81396484375	100477.6484375
6656.060546875	100073.8671875
6656.30712890625	101046.3125
6656.5537109375	99931.28125
6656.80029296875	101248.0
6657.046875	101440.6328125
6657.29345703125	101541.5078125
6657.5400390625	101757.109375
6657.78662109375	99769.4140625
6658.033203125	101430.9296875
6658.27978515625	100659.46875
6658.5263671875	99979.671875
6658.77294921875	102100.796875
6659.01953125	100778.0546875
6659.26611328125	101406.9765625
6659.5126953125	100681.015625
6659.75927734375	100620.96875
6660.005859375	101318.8984375
6660.25244140625	100271.09375
6660.4990234375	99935.2890625
6660.74560546875	100265.6875
6660.9921875	100619.109375
6661.23876953125	101386.21875
6661.4853515625	99993.1796875
6661.73193359375	100024.8671875
6661.978515625	100631.1796875
6662.22509765625	99421.5625
6662.4716796875	100027.921875
6662.71826171875	100335.46875
6662.96484375	100574.078125
6663.21142578125	100904.6953125
6663.4580078125	100545.4296875
6663.70458984375	100554.1015625
6663.951171875	99895.703125
6664.19775390625	101583.546875
6664.4443359375	100741.0546875
6664.69091796875	100565.640625
6664.9375	100114.0625
6665.18408203125	100905.0078125
6665.4306640625	101327.8671875
6665.67724609375	100738.125
6665.923828125	100907.828125
6666.17041015625	99880.5546875
6666.4169921875	101247.296875
6666.66357421875	99483.125
6666.91015625	99952.0703125
6667.15673828125	100259.890625
6667.4033203125	100176.265625
6667.64990234375	100852.6328125
6667.896484375	100861.171875
6668.14306640625	100316.84375
6668.3896484375	101062.4765625
6668.63623046875	99757.78125
6668.8828125	100365.2421875
6669.12939453125	100235.421875
6669.3759765625	101096.484375
6669.62255859375	100275.28125
6669.869140625	99822.7265625
6670.11572265625	100245.984375
6670.3623046875	100577.09375
6670.60888671875	99225.2890625
6670.85546875	99579.40625
6671.10205078125	100440.859375
6671.3486328125	99688.234375
6671.59521484375	99788.765625
6671.841796875	100742.6640625
6672.08837890625	100266.65625
6672.3349609375	100828.578125
6672.58154296875	99891.0703125
6672.828125	101122.1015625
6673.07470703125	101384.2734375
6673.3212890625	100423.4609375
6673.56787109375	100893.2734375
6673.814453125	99978.40625
6674.06103515625	100055.8671875
6674.3076171875	100133.3203125
6674.55419921875	99472.0703125
6674.80078125	99133.90625
6675.04736328125	97733.6015625
6675.2939453125	98226.4921875
6675.54052734375	97449.3515625
6675.787109375	97919.1640625
6676.03369140625	97234.2421875
6676.2802734375	97195.953125
6676.52685546875	96603.234375
6676.7734375	96264.53125
6677.02001953125	96757.484375
6677.2666015625	96903.9453125
6677.51318359375	96172.3203125
6677.759765625	95186.3671875
6678.00634765625	96280.234375
6678.2529296875	96403.5234375
6678.49951171875	97035.359375
6678.74609375	95078.2265625
6678.99267578125	95964.3203125
6679.2392578125	97035.5
6679.48583984375	96049.0
6679.732421875	97027.84375
6679.97900390625	96642.4140625
6680.2255859375	95794.359375
6680.47216796875	96426.453125
6680.71875	97960.734375
6680.96533203125	96557.3515625
6681.2119140625	98114.9921875
6681.45849609375	97382.359375
6681.705078125	98014.75
6681.95166015625	97119.9609375
6682.1982421875	98955.796875
6682.44482421875	98338.6484375
6682.69140625	99156.4375
6682.93798828125	99974.328125
6683.1845703125	100306.1953125
6683.43115234375	101286.3359375
6683.677734375	98886.296875
6683.92431640625	100769.484375
6684.1708984375	101309.8671875
6684.41748046875	100808.203125
6684.6640625	99681.1328125
6684.91064453125	100128.8671875
6685.1572265625	99789.09375
6685.40380859375	100051.5546875
6685.650390625	100105.53125
6685.89697265625	100066.8515625
6686.1435546875	98568.3671875
6686.39013671875	100290.625
6686.63671875	100553.1484375
6686.88330078125	99795.96875
6687.1298828125	100035.28125
6687.37646484375	100807.75
6687.623046875	100166.2578125
6687.86962890625	99965.1484375
6688.1162109375	100320.40625
6688.36279296875	99585.9453125
6688.609375	100660.03125
6688.85595703125	99531.21875
6689.1025390625	99909.6953125
6689.34912109375	100102.65625
6689.595703125	99506.984375
6689.84228515625	99676.7109375
6690.0888671875	99289.6875
6690.33544921875	99969.796875
6690.58203125	100000.328125
6690.82861328125	99798.8046875
6691.0751953125	99249.1796875
6691.32177734375	99140.375
6691.568359375	99611.75
6691.81494140625	99943.9140625
6692.0615234375	99719.03125
6692.30810546875	98936.9609375
6692.5546875	99756.6171875
6692.80126953125	99694.125
6693.0478515625	99120.796875
6693.29443359375	99220.7734375
6693.541015625	99018.84375
6693.78759765625	99188.453125
6694.0341796875	99102.5859375
6694.28076171875	99225.7421875
6694.52734375	99163.0546875
6694.77392578125	98960.9609375
6695.0205078125	98758.8203125
6695.26708984375	98905.1484375
6695.513671875	98517.0546875
6695.76025390625	99221.015625
6696.0068359375	98856.09375
6696.25341796875	98281.9375
6696.5	98823.296875
6696.74658203125	100154.96875
6696.9931640625	99882.90625
6697.23974609375	99541.0546875
6697.486328125	98920.171875
6697.73291015625	99066.40625
6697.9794921875	99189.390625
6698.22607421875	99847.1796875
6698.47265625	99528.375
6698.71923828125	97697.8671875
6698.9658203125	99053.3515625
6699.21240234375	98804.1328125
6699.458984375	99159.6484375
6699.70556640625	99422.125
6699.9521484375	99103.03125
6700.19873046875	98551.21875
6700.4453125	98813.6484375
6700.69189453125	97959.2265625
6700.9384765625	98919.703125
6701.18505859375	98041.8515625
6701.431640625	98676.6015625
6701.67822265625	98776.109375
6701.9248046875	97688.53125
6702.17138671875	98346.59375
6702.41796875	98213.234375
6702.66455078125	99080.90625
6702.9111328125	98179.2421875
6703.15771484375	97673.2578125
6703.404296875	98820.3984375
6703.65087890625	97802.046875
6703.8974609375	98436.984375
6704.14404296875	99933.6640625
6704.390625	98821.96875
6704.63720703125	98269.1171875
6704.8837890625	98508.171875
6705.13037109375	98630.7421875
6705.376953125	99149.3515625
6705.62353515625	98200.234375
6705.8701171875	97274.2890625
6706.11669921875	98258.859375
6706.36328125	99057.109375
6706.60986328125	98177.578125
6706.8564453125	97600.8984375
6707.10302734375	98748.78125
6707.349609375	96703.6328125
6707.59619140625	98434.28125
6707.8427734375	98603.3203125
6708.08935546875	98212.8828125
6708.3359375	98148.75
6708.58251953125	98714.0859375
6708.8291015625	98463.40625
6709.07568359375	98142.7421875
6709.322265625	98941.296875
6709.56884765625	98783.8046875
6709.8154296875	98276.453125
6710.06201171875	98725.265625
6710.30859375	98007.890625
6710.55517578125	97243.765625
6710.8017578125	97552.5625
6711.04833984375	98514.5625
6711.294921875	98240.203125
6711.54150390625	98782.3515625
6711.7880859375	98507.921875
6712.03466796875	97346.78125
6712.28125	98028.9296875
6712.52783203125	97941.0390625
6712.7744140625	98179.84375
6713.02099609375	98932.1015625
6713.267578125	97747.2265625
6713.51416015625	97472.4921875
6713.7607421875	97851.296875
6714.00732421875	98767.0234375
6714.25390625	98025.34375
6714.50048828125	98077.34375
6714.7470703125	98432.8359375
6714.99365234375	96476.8203125
6715.240234375	96832.2265625
6715.48681640625	97678.03125
6715.7333984375	97799.9765625
6715.97998046875	96684.1640625
6716.2265625	97319.8359375
6716.47314453125	97301.59375
6716.7197265625	98684.7578125
6716.96630859375	98199.359375
6717.212890625	97690.53125
6717.45947265625	97905.8359375
6717.7060546875	96158.703125
6717.95263671875	98079.4296875
6718.19921875	97920.875
6718.44580078125	96547.2734375
6718.6923828125	96996.1484375
6718.93896484375	97772.1875
6719.185546875	97730.359375
6719.43212890625	97805.359375
6719.6787109375	97740.1328125
6719.92529296875	97394.390625
6720.171875	96440.8828125
6720.41845703125	98081.890625
6720.6650390625	97736.0703125
6720.91162109375	96899.265625
6721.158203125	96670.1953125
6721.40478515625	97282.765625
6721.6513671875	97965.5078125
6721.89794921875	97268.78125
6722.14453125	97554.046875
6722.39111328125	97652.25
6722.6376953125	96440.8671875
6722.88427734375	96959.9609375
6723.130859375	97221.8046875
6723.37744140625	96548.1171875
6723.6240234375	97230.9609375
6723.87060546875	97305.6875
6724.1171875	97590.9296875
6724.36376953125	97291.359375
6724.6103515625	96477.0703125
6724.85693359375	96902.6484375
6725.103515625	97258.046875
6725.35009765625	95952.2578125
6725.5966796875	98249.6796875
6725.84326171875	98113.75
6726.08984375	98094.8125
6726.33642578125	97724.828125
6726.5830078125	96137.8515625
6726.82958984375	96376.203125
6727.076171875	97223.1015625
6727.32275390625	96735.9140625
6727.5693359375	97910.5546875
6727.81591796875	96533.8359375
6728.0625	97591.5078125
6728.30908203125	96027.34375
6728.5556640625	96335.8984375
6728.80224609375	96972.2421875
6729.048828125	96695.515625
6729.29541015625	96090.9609375
6729.5419921875	96774.1640625
6729.78857421875	97363.7421875
6730.03515625	96290.7578125
6730.28173828125	96201.2265625
6730.5283203125	96345.8671875
6730.77490234375	96865.21875
6731.021484375	96002.765625
6731.26806640625	97154.5234375
6731.5146484375	96760.4453125
6731.76123046875	96741.1015625
6732.0078125	97377.6484375
6732.25439453125	95999.609375
6732.5009765625	96940.703125
6732.74755859375	96640.1875
6732.994140625	96433.34375
6733.24072265625	96859.0859375
6733.4873046875	96324.1953125
6733.73388671875	97546.625
6733.98046875	96777.359375
6734.22705078125	97859.2890625
6734.4736328125	97722.6953125
6734.72021484375	96601.78125
6734.966796875	97144.765625
6735.21337890625	96726.8359375
6735.4599609375	95136.953125
6735.70654296875	96336.21875
6735.953125	96316.671875
6736.19970703125	97187.890625
6736.4462890625	96441.6484375
6736.69287109375	96023.546875
6736.939453125	97715.3828125
6737.18603515625	96945.6015625
6737.4326171875	96199.203125
6737.67919921875	97328.5
6737.92578125	98340.640625
6738.17236328125	96538.984375
6738.4189453125	97222.8515625
6738.66552734375	97179.8125
6738.912109375	96761.5234375
6739.15869140625	97468.921875
6739.4052734375	96745.703125
6739.65185546875	96960.6015625
6739.8984375	96659.5
6740.14501953125	96499.1015625
6740.3916015625	96854.7421875
6740.63818359375	96788.15625
6740.884765625	96791.9453125
6741.13134765625	95998.0859375
6741.3779296875	95767.21875
6741.62451171875	97014.421875
6741.87109375	96009.3046875
6742.11767578125	97209.6796875
6742.3642578125	97236.9140625
6742.61083984375	97099.890625
6742.857421875	95625.2734375
6743.10400390625	97553.28125
6743.3505859375	97228.4921875
6743.59716796875	95941.4453125
6743.84375	97048.2265625
6744.09033203125	95479.421875
6744.3369140625	96116.828125
6744.58349609375	96214.40625
6744.830078125	95678.203125
6745.07666015625	95587.9765625
6745.3232421875	95709.0078125
6745.56982421875	97449.90625
6745.81640625	96984.078125
6746.06298828125	95391.2734375
6746.3095703125	97249.734375
6746.55615234375	96126.3984375
6746.802734375	97045.796875
6747.04931640625	95687.5390625
6747.2958984375	97241.015625
6747.54248046875	95671.3046875
6747.7890625	96731.7109375
6748.03564453125	95631.5546875
6748.2822265625	95682.140625
6748.52880859375	96085.015625
6748.775390625	96769.7734375
6749.02197265625	95974.7890625
6749.2685546875	95673.0234375
6749.51513671875	96663.203125
6749.76171875	96807.765625
6750.00830078125	96482.484375
6750.2548828125	95475.890625
6750.50146484375	96207.75
6750.748046875	96070.359375
6750.99462890625	96097.421875
6751.2412109375	95795.53125
6751.48779296875	94553.71875
6751.734375	95473.6484375
6751.98095703125	94772.203125
6752.2275390625	96350.203125
6752.47412109375	96518.265625
6752.720703125	96310.3046875
6752.96728515625	94833.1796875
6753.2138671875	94860.1640625
6753.46044921875	95145.6953125
6753.70703125	96042.3828125
6753.95361328125	95928.3671875
6754.2001953125	96378.5
6754.44677734375	95582.75
6754.693359375	94175.7265625
6754.93994140625	95801.3046875
6755.1865234375	94770.3359375
6755.43310546875	94726.7578125
6755.6796875	95106.390625
6755.92626953125	95697.6640625
6756.1728515625	95277.875
6756.41943359375	95539.984375
6756.666015625	95825.625
6756.91259765625	96440.5078125
6757.1591796875	94256.8828125
6757.40576171875	96235.7890625
6757.65234375	96474.4375
6757.89892578125	95513.6015625
6758.1455078125	94411.5625
6758.39208984375	94744.2421875
6758.638671875	95712.046875
6758.88525390625	96868.109375
6759.1318359375	94566.21875
6759.37841796875	95934.03125
6759.625	95819.8203125
6759.87158203125	95423.2890625
6760.1181640625	95050.25
6760.36474609375	94888.9296875
6760.611328125	95904.0390625
6760.85791015625	94801.546875
6761.1044921875	96099.09375
6761.35107421875	95961.3046875
6761.59765625	94576.296875
6761.84423828125	95544.5
6762.0908203125	95924.421875
6762.33740234375	96422.0390625
6762.583984375	96354.828125
6762.83056640625	94875.4296875
6763.0771484375	94902.3125
6763.32373046875	95188.109375
6763.5703125	94767.7578125
6763.81689453125	94700.46875
6764.0634765625	95668.96875
6764.31005859375	95036.7109375
6764.556640625	95534.4296875
6764.80322265625	94407.7109375
6765.0498046875	93845.96875
6765.29638671875	95073.5859375
6765.54296875	95948.09375
6765.78955078125	95810.171875
6766.0361328125	95860.6171875
6766.28271484375	94804.3125
6766.529296875	94336.6484375
6766.77587890625	95776.46875
6767.0224609375	96180.1640625
6767.26904296875	94346.5234375
6767.515625	96116.21875
6767.76220703125	95672.0625
6768.0087890625	94097.2890625
6768.25537109375	94901.4296875
6768.501953125	95564.28125
6768.74853515625	95002.2578125
6768.9951171875	96183.4140625
6769.24169921875	95103.09375
6769.48828125	95671.8125
6769.73486328125	96217.0
6769.9814453125	95419.296875
6770.22802734375	95917.390625
6770.474609375	93753.03125
6770.72119140625	95240.734375
6770.9677734375	96186.5859375
6771.21435546875	95530.1171875
6771.4609375	96829.53125
6771.70751953125	96008.078125
6771.9541015625	94762.3671875
6772.20068359375	95849.765625
6772.447265625	96277.328125
6772.69384765625	95149.34375
6772.9404296875	95317.640625
6773.18701171875	96145.9296875
