6483.90870348	0.05695
6483.90870347871	0.9740009307861328
6483.96565347871	0.9833081960678101
6484.02260347871	0.9932804703712463
6484.07955347871	1.004434585571289
6484.1365034787095	1.0125808715820312
6484.19345347871	1.012258529663086
6484.25040347871	1.0130400657653809
6484.30735347871	1.0194576978683472
6484.36430347871	1.0255844593048096
6484.42125347871	1.0275845527648926
6484.4782034787095	1.029584527015686
6484.53515347871	1.0291310548782349
6484.59210347871	1.0285959243774414
6484.64905347871	1.0235780477523804
6484.70600347871	1.0178899765014648
6484.76295347871	1.0233120918273926
6484.819903478709	1.03201425075531
6484.87685347871	1.0353642702102661
6484.93380347871	1.0361300706863403
6484.99075347871	1.0363131761550903
6485.04770347871	1.0360690355300903
6485.10465347871	1.0390527248382568
6485.16160347871	1.0455408096313477
6485.2185534787095	1.0488929748535156
6485.27550347871	1.0471750497817993
6485.33245347871	1.0457336902618408
6485.38940347871	1.044985294342041
6485.44635347871	1.0435006618499756
6485.50330347871	1.0388318300247192
6485.5602534787095	1.0338846445083618
6485.61720347871	1.02614426612854
6485.67415347871	1.018405556678772
6485.73110347871	1.0226545333862305
6485.78805347871	1.0269749164581299
6485.84500347871	1.035865306854248
6485.90195347871	1.0452771186828613
6485.9589034787095	1.0444227457046509
6486.01585347871	1.0410139560699463
6486.07280347871	1.0386799573898315
6486.12975347871	1.0367976427078247
6486.18670347871	1.0318344831466675
6486.24365347871	1.0248844623565674
6486.3006034787095	1.0289521217346191
6486.35755347871	1.0435359477996826
6486.41450347871	1.0459065437316895
6486.47145347871	1.0310958623886108
6486.52840347871	1.0204274654388428
6486.58535347871	1.0185813903808594
6486.642303478709	1.0209914445877075
6486.69925347871	1.0381864309310913
6486.75620347871	1.050988793373108
6486.81315347871	1.033800482749939
6486.87010347871	1.0174003839492798
6486.92705347871	1.0247461795806885
6486.98400347871	1.0320907831192017
6487.0409534787095	1.0237088203430176
6487.09790347871	1.0142611265182495
6487.15485347871	1.0184530019760132
6487.21180347871	1.0252227783203125
6487.26875347871	1.027980089187622
6487.32570347871	1.0293688774108887
6487.3826534787095	1.0318331718444824
6487.43960347871	1.0348752737045288
6487.49655347871	1.036655306816101
6487.55350347871	1.03742516040802
6487.61045347871	1.0374796390533447
6487.66740347871	1.0366958379745483
6487.724353478709	1.0355147123336792
6487.78130347871	1.0336438417434692
6487.83825347871	1.0307592153549194
6487.89520347871	1.0251431465148926
6487.95215347871	1.0197886228561401
6488.00910347871	1.0156539678573608
6488.06605347871	1.0125337839126587
6488.1230034787095	1.0208289623260498
6488.17995347871	1.0291231870651245
6488.23690347871	1.036580204963684
6488.29385347871	1.0440250635147095
6488.35080347871	1.0396413803100586
6488.40775347871	1.0338391065597534
6488.464703478709	1.0340478420257568
6488.52165347871	1.0357716083526611
6488.57860347871	1.040282964706421
6488.63555347871	1.0459625720977783
6488.69250347871	1.0437076091766357
6488.74945347871	1.0363949537277222
6488.80640347871	1.0337207317352295
6488.8633534787095	1.0353821516036987
6488.92030347871	1.032031536102295
6488.97725347871	1.021848201751709
6489.03420347871	1.01656973361969
6489.09115347871	1.0212687253952026
6489.14810347871	1.0229209661483765
6489.2050534787095	1.0147138833999634
6489.26200347871	1.0087168216705322
6489.31895347871	1.0159938335418701
6489.37590347871	1.022900938987732
6489.43285347871	1.0227079391479492
6489.48980347871	1.0225152969360352
6489.546753478709	1.0325403213500977
6489.60370347871	1.0430313348770142
6489.66065347871	1.0332956314086914
6489.71760347871	1.0203577280044556
6489.77455347871	1.0251599550247192
6489.83150347871	1.0352498292922974
6489.88845347871	1.0343278646469116
6489.9454034787095	1.0281662940979004
6490.00235347871	1.0327742099761963
6490.05930347871	1.0450241565704346
6490.11625347871	1.0473815202713013
6490.17320347871	1.0395393371582031
6490.23015347871	1.0320472717285156
6490.2871034787095	1.0250798463821411
6490.34405347871	1.016037940979004
6490.40100347871	1.0023237466812134
6490.45795347871	0.9907286167144775
6490.51490347871	0.9868483543395996
6490.57185347871	0.9813362956047058
6490.62880347871	0.9642099142074585
6490.68575347871	0.9478539824485779
6490.74270347871	0.9553018808364868
6490.79965347871	0.9627489447593689
6490.85660347871	0.9588821530342102
6490.91355347871	0.9542862176895142
6490.97050347871	0.9621853828430176
6491.0274534787095	0.9723294377326965
6491.08440347871	0.9817028045654297
6491.14135347871	0.9908269047737122
6491.19830347871	0.9955586791038513
6491.25525347871	0.9980729222297668
6491.31220347871	1.0054492950439453
6491.369153478709	1.016446828842163
6491.42610347871	1.0188432931900024
6491.48305347871	1.0119907855987549
6491.54000347871	1.0099965333938599
6491.59695347871	1.0155794620513916
6491.65390347871	1.0203347206115723
6491.71085347871	1.023155689239502
6491.7678034787095	1.0252594947814941
6491.82475347871	1.024643898010254
6491.88170347871	1.0241917371749878
6491.93865347871	1.0249617099761963
6491.99560347871	1.025741696357727
6492.05255347871	1.0268818140029907
6492.1095034787095	1.028022050857544
6492.16645347871	1.0226852893829346
6492.22340347871	1.0169103145599365
6492.28035347871	1.0229804515838623
6492.33730347871	1.031205415725708
6492.39425347871	1.030179500579834
6492.451203478709	1.0261633396148682
6492.50815347871	1.021543025970459
6492.56510347871	1.0166195631027222
6492.62205347871	1.0125337839126587
6492.67900347871	1.0090667009353638
6492.73595347871	1.0002193450927734
6492.79290347871	0.9856665134429932
6492.8498534787095	0.972710907459259
6492.90680347871	0.9621965289115906
6492.96375347871	0.9583339095115662
6493.02070347871	0.969582200050354
6493.07765347871	0.9791906476020813
6493.13460347871	0.9828483462333679
6493.1915534787095	0.987485945224762
6493.24850347871	0.9988973140716553
6493.30545347871	1.00982666015625
6493.36240347871	1.0082218647003174
6493.41935347871	1.0066176652908325
6493.47630347871	1.0061790943145752
6493.53325347871	1.005805253982544
6493.59020347871	1.0081629753112793
6493.64715347871	1.010970950126648
6493.70410347871	1.014114260673523
6493.76105347871	1.0173579454421997
6493.81800347871	1.0185420513153076
6493.87495347871	1.0187586545944214
6493.9319034787095	1.0172559022903442
6493.98885347871	1.0145663022994995
6494.04580347871	1.015967607498169
6494.10275347871	1.0214142799377441
6494.15970347871	1.0220978260040283
6494.21665347871	1.0160444974899292
6494.273603478709	1.008409857749939
6494.33055347871	0.9974997639656067
6494.38750347871	0.9915164113044739
6494.44445347871	1.0013692378997803
6494.50140347871	1.0108132362365723
6494.55835347871	1.0179266929626465
6494.61530347871	1.0241549015045166
6494.6722534787095	1.0167168378829956
6494.72920347871	1.0092798471450806
6494.78615347871	1.0151433944702148
6494.84310347871	1.0213791131973267
6494.90005347871	1.0199660062789917
6494.95700347871	1.0175577402114868
6495.0139534787095	1.019136905670166
6495.07090347871	1.0217316150665283
6495.12785347871	1.0193088054656982
6495.18480347871	1.0148301124572754
6495.24175347871	1.0133609771728516
6495.29870347871	1.013722538948059
6495.355653478709	1.0128934383392334
6495.41260347871	1.011026382446289
6495.46955347871	1.0047751665115356
6495.52650347871	0.993098258972168
6495.58345347871	0.9820743203163147
6495.64040347871	0.972212016582489
6495.69735347871	0.963374674320221
6495.7543034787095	0.9572709798812866
6495.81125347871	0.9523403644561768
6495.86820347871	0.9525567293167114
6495.92515347871	0.9530419707298279
6495.98210347871	0.9559819102287292
6496.03905347871	0.9590390920639038
6496.0960034787095	0.9718664884567261
6496.15295347871	0.9846926927566528
6496.20990347871	0.992550253868103
6496.26685347871	1.0000056028366089
6496.32380347871	1.0091722011566162
6496.38075347871	1.018667221069336
6496.43770347871	1.016343355178833
6496.49465347871	1.010127305984497
6496.55160347871	1.0116983652114868
6496.60855347871	1.017175555229187
6496.66550347871	1.0193405151367188
6496.72245347871	1.0191047191619873
6496.77940347871	1.015167236328125
6496.8363534787095	1.0074331760406494
6496.89330347871	1.0049593448638916
6496.95025347871	1.0101269483566284
6497.00720347871	1.012397050857544
6497.06415347871	1.0085628032684326
6497.12110347871	1.0066943168640137
6497.178053478709	1.0111839771270752
6497.23500347871	1.0128971338272095
6497.29195347871	0.9989380836486816
6497.34890347871	0.986050009727478
6497.40585347871	0.9885497689247131
6497.46280347871	0.9910494685173035
6497.51975347871	0.9957566261291504
6497.5767034787095	1.0005096197128296
6497.63365347871	1.0105674266815186
6497.69060347871	1.0212512016296387
6497.74755347871	1.0127005577087402
6497.80450347871	0.9996150135993958
6497.86145347871	0.9970613121986389
6497.9184034787095	0.9985197186470032
6497.97535347871	1.0036581754684448
6498.03230347871	1.0108734369277954
6498.08925347871	1.0125281810760498
6498.14620347871	1.0097140073776245
6498.20315347871	1.005860686302185
6498.260103478709	1.0008342266082764
6498.31705347871	1.001487135887146
6498.37400347871	1.0112061500549316
6498.43095347871	1.0186545848846436
6498.48790347871	1.0208230018615723
6498.54485347871	1.0209931135177612
6498.60180347871	1.0139236450195312
6498.6587534787095	1.007754921913147
6498.71570347871	1.0074987411499023
6498.77265347871	1.0073387622833252
6498.82960347871	1.0090843439102173
6498.88655347871	1.0108299255371094
6498.94350347871	1.0118451118469238
6499.0004534787095	1.0128331184387207
6499.05740347871	1.0107359886169434
6499.11435347871	1.008218765258789
6499.17130347871	1.0160815715789795
6499.22825347871	1.0265984535217285
6499.28520347871	1.0173356533050537
6499.34215347871	1.0000998973846436
6499.39910347871	0.9958878755569458
6499.45605347871	0.9993521571159363
6499.51300347871	1.0005306005477905
6499.56995347871	0.9998065829277039
6499.62690347871	0.9996009469032288
6499.68385347871	0.999998152256012
6499.7408034787095	1.0026869773864746
6499.79775347871	1.0091264247894287
6499.85470347871	1.0134217739105225
6499.91165347871	1.0126219987869263
6499.96860347871	1.0119659900665283
6500.02555347871	1.0118392705917358
6500.082503478709	1.0116617679595947
6500.13945347871	1.0111432075500488
6500.19640347871	1.0105948448181152
6500.25335347871	1.0094456672668457
6500.31030347871	1.0082967281341553
6500.36725347871	1.0081729888916016
6500.42420347871	1.0080866813659668
6500.4811534787095	1.0028326511383057
6500.53810347871	0.9968912601470947
6500.59505347871	0.999413788318634
6500.65200347871	1.0040498971939087
6500.70895347871	1.006171464920044
6500.76590347871	1.0073049068450928
6500.8228534787095	1.0032200813293457
6500.87980347871	0.9961458444595337
6500.93675347871	0.9949115514755249
6500.99370347871	0.9983839392662048
6501.05065347871	0.9969652891159058
6501.10760347871	0.9900713562965393
6501.16455347871	0.9879812598228455
6501.22150347871	0.9934042096138
6501.27845347871	1.0001864433288574
6501.33540347871	1.0100184679031372
6501.39235347871	1.0140154361724854
6501.44930347871	0.9981154799461365
6501.50625347871	0.9854002594947815
6501.5632034787095	0.9914135336875916
6501.62015347871	0.9966785311698914
6501.67710347871	0.9909948706626892
6501.73405347871	0.9853118658065796
6501.79100347871	0.9992240071296692
6501.84795347871	1.0134798288345337
6501.9049034787095	1.0070964097976685
6501.96185347871	0.9984616041183472
6502.01880347871	0.9973044991493225
6502.07575347871	0.9977819919586182
6502.13270347871	0.9978599548339844
6502.18965347871	0.997797429561615
6502.24660347871	0.9951847195625305
6502.30355347871	0.991252601146698
6502.36050347871	0.9913426637649536
6502.41745347871	0.9943647980690002
6502.47440347871	0.9924709796905518
6502.53135347871	0.9856188297271729
6502.58830347871	0.9912675023078918
6502.6452534787095	1.014362096786499
6502.70220347871	1.0226913690567017
6502.75915347871	1.0019900798797607
6502.81610347871	0.9846776127815247
6502.87305347871	0.9771621227264404
6502.93000347871	0.9711579084396362
6502.986953478709	0.9721844792366028
6503.04390347871	0.9739938378334045
6503.10085347871	0.983095109462738
6503.15780347871	0.9920958280563354
6503.21475347871	0.9953352212905884
6503.27170347871	0.9985746145248413
6503.32865347871	0.9926864504814148
6503.3856034787095	0.986189067363739
6503.44255347871	0.9873775243759155
6503.49950347871	0.9898402690887451
6503.55645347871	0.9877225160598755
6503.61340347871	0.9843000173568726
6503.67035347871	0.9866870641708374
6503.7273034787095	0.9915766716003418
6503.78425347871	0.9898838996887207
6503.84120347871	0.9841514229774475
6503.89815347871	0.9844288229942322
6503.95510347871	0.9898144602775574
6504.01205347871	0.9896335005760193
6504.06900347871	0.9829572439193726
6504.12595347871	0.9780248403549194
6504.18290347871	0.9759058952331543
6504.23985347871	0.9751060605049133
6504.29680347871	0.9773290157318115
6504.35375347871	0.9787227511405945
6504.41070347871	0.9772624969482422
6504.4676534787095	0.9769756197929382
6504.52460347871	0.9835209250450134
6504.58155347871	0.9900250434875488
6504.63850347871	0.9959678649902344
6504.69545347871	1.0019105672836304
6504.75240347871	0.9936666488647461
6504.809353478709	0.985276997089386
6504.86630347871	0.9850730895996094
6504.92325347871	0.9856635332107544
6504.98020347871	0.9930615425109863
6505.03715347871	1.0018197298049927
6505.09410347871	0.9997842907905579
6505.15105347871	0.9942562580108643
6505.2080034787095	0.9874365925788879
6505.26495347871	0.9800030589103699
6505.32190347871	0.9821882247924805
6505.37885347871	0.9907891154289246
6505.43580347871	0.9918882250785828
6505.49275347871	0.9861246943473816
6505.5497034787095	0.9818701148033142
6505.60665347871	0.9794992804527283
6505.66360347871	0.9813606142997742
6505.72055347871	0.9905112981796265
6505.77750347871	0.9956811666488647
6505.83445347871	0.9911064505577087
6505.891403478709	0.9859502911567688
6505.94835347871	0.9786435961723328
6506.00530347871	0.9721136093139648
6506.06225347871	0.9705248475074768
6506.11920347871	0.969552755355835
6506.17615347871	0.9784407019615173
6506.23310347871	0.9873283505439758
6506.2900534787095	0.985701858997345
6506.34700347871	0.9838830828666687
6506.40395347871	0.9945023655891418
6506.46090347871	1.0064220428466797
6506.51785347871	1.0039645433425903
6506.57480347871	0.9985358715057373
6506.6317534787095	0.9951726794242859
6506.68870347871	0.9924896955490112
6506.74565347871	0.9882400631904602
6506.80260347871	0.9832391738891602
6506.85955347871	0.9873566627502441
6506.91650347871	0.9975617527961731
6506.97345347871	0.9991853833198547
6507.03040347871	0.992998480796814
6507.08735347871	0.995176374912262
6507.14430347871	1.007681965827942
6507.20125347871	1.0100330114364624
6507.25820347871	0.9952119588851929
6507.31515347871	0.9848439693450928
6507.3721034787095	0.9850757718086243
6507.42905347871	0.9866223335266113
6507.48600347871	0.992825984954834
6507.54295347871	0.9991132616996765
6507.59990347871	1.0058956146240234
6507.65685347871	1.011387825012207
6507.713803478709	0.9995108842849731
6507.77075347871	0.9876344203948975
6507.82770347871	0.9971599578857422
6507.88465347871	1.006818413734436
6507.94160347871	1.0030335187911987
6507.99855347871	0.9980580806732178
6508.05550347871	0.9951981902122498
6508.1124534787095	0.9927307367324829
6508.16940347871	0.984496533870697
6508.22635347871	0.974526047706604
6508.28330347871	0.9713881015777588
6508.34025347871	0.9712671637535095
6508.39720347871	0.9721556901931763
6508.4541534787095	0.9736655950546265
6508.51110347871	0.9729475378990173
6508.56805347871	0.9703643321990967
6508.62500347871	0.9722744822502136
6508.68195347871	0.9792553782463074
6508.73890347871	0.9802649021148682
6508.79585347871	0.972144365310669
6508.85280347871	0.9672319293022156
6508.90975347871	0.9691007733345032
6508.96670347871	0.9713491201400757
6509.02365347871	0.9747540354728699
6509.08060347871	0.9773766994476318
6509.13755347871	0.9762583374977112
6509.1945034787095	0.97456955909729
6509.25145347871	0.9676856994628906
6509.30840347871	0.9610194563865662
6509.36535347871	0.9627724289894104
6509.42230347871	0.9645255208015442
6509.47925347871	0.9651263952255249
6509.5362034787095	0.9656685590744019
6509.59315347871	0.9697393774986267
6509.65010347871	0.9743011593818665
6509.70705347871	0.9727380275726318
6509.76400347871	0.9696858525276184
6509.82095347871	0.9703983664512634
6509.87790347871	0.9724960327148438
6509.93485347871	0.9756320118904114
6509.99180347871	0.9793080687522888
6510.04875347871	0.9841969609260559
6510.10570347871	0.9899474382400513
6510.16265347871	0.9900343418121338
6510.21960347871	0.9847163558006287
6510.2765534787095	0.9806237816810608
6510.33350347871	0.9780982732772827
6510.39045347871	0.9787730574607849
6510.44740347871	0.984991192817688
6510.50435347871	0.9890385270118713
6510.56130347871	0.987856924533844
6510.618253478709	0.9866341948509216
6510.67520347871	0.9852657914161682
6510.73215347871	0.983898401260376
6510.78910347871	0.9825351238250732
6510.84605347871	0.9812383055686951
6510.90300347871	0.9807478189468384
6510.95995347871	0.9802384376525879
6511.0169034787095	0.9748170375823975
6511.07385347871	0.9693956971168518
6511.13080347871	0.9727003574371338
6511.18775347871	0.9766438603401184
6511.24470347871	0.9755725860595703
6511.30165347871	0.9736838340759277
6511.3586034787095	0.9707521200180054
6511.41555347871	0.9675398468971252
6511.47250347871	0.9695319533348083
6511.52945347871	0.9735862612724304
6511.58640347871	0.9709421396255493
6511.64335347871	0.9646053314208984
6511.70030347871	0.9657275080680847
6511.75725347871	0.9724059104919434
6511.81420347871	0.9706922173500061
6511.87115347871	0.9606437087059021
6511.92810347871	0.952828049659729
6511.98505347871	0.9479667544364929
6512.04200347871	0.9454883933067322
6512.0989534787095	0.9472598433494568
6512.15590347871	0.9503055810928345
6512.21285347871	0.9564975500106812
6512.26980347871	0.9602060914039612
6512.32675347871	0.954970121383667
6512.38370347871	0.9528985023498535
6512.4406534787095	0.9692611694335938
6512.49760347871	0.9843055009841919
6512.55455347871	0.9832776784896851
6512.61150347871	0.982249915599823
6512.66845347871	0.981201171875
6512.72540347871	0.9801527261734009
6512.78235347871	0.9849010705947876
6512.83930347871	0.9900540113449097
6512.89625347871	0.9877604246139526
6512.95320347871	0.9842991232872009
6513.01015347871	0.985597550868988
6513.06710347871	0.9881295561790466
6513.12405347871	0.9837207198143005
6513.1810034787095	0.9766669869422913
6513.23795347871	0.9750657677650452
6513.29490347871	0.976348340511322
6513.35185347871	0.9786890745162964
6513.40880347871	0.9817829132080078
6513.46575347871	0.9885928630828857
6513.522703478709	0.9989104866981506
6513.57965347871	1.005007028579712
6513.63660347871	1.0058338642120361
6513.69355347871	1.003702163696289
6513.75050347871	0.9966439604759216
6513.80745347871	0.9913368225097656
6513.86440347871	0.9900040626525879
6513.9213534787095	0.9881882071495056
6513.97830347871	0.9848119616508484
6514.03525347871	0.9822409749031067
6514.09220347871	0.9836779236793518
6514.14915347871	0.9841846227645874
6514.20610347871	0.9761515259742737
6514.2630534787095	0.9682207107543945
6514.32000347871	0.9636739492416382
6514.37695347871	0.9591273069381714
6514.43390347871	0.951151430606842
6514.49085347871	0.9430343508720398
6514.54780347871	0.9381265044212341
6514.60475347871	0.9336084127426147
6514.66170347871	0.9331572651863098
6514.71865347871	0.9335802793502808
6514.77560347871	0.9398946762084961
6514.83255347871	0.9481251835823059
6514.88950347871	0.947352945804596
6514.94645347871	0.942464292049408
6515.0034034787095	0.9436940550804138
6515.06035347871	0.9487063884735107
6515.11730347871	0.9589630961418152
6515.17425347871	0.9735139608383179
6515.23120347871	0.9800227284431458
6515.28815347871	0.9778804779052734
6515.3451034787095	0.9739618301391602
6515.40205347871	0.9675270915031433
6515.45900347871	0.9638572335243225
6515.51595347871	0.9654119610786438
6515.57290347871	0.9643889665603638
6515.62985347871	0.9566828608512878
6515.68680347871	0.9513769149780273
6515.74375347871	0.9550564289093018
6515.80070347871	0.958001971244812
6515.85765347871	0.956560492515564
6515.91460347871	0.9555436968803406
6515.97155347871	0.9596892595291138
6516.02850347871	0.9637272953987122
6516.0854534787095	0.9556034803390503
6516.14240347871	0.9474796652793884
6516.19935347871	0.9688594341278076
6516.25630347871	0.9920672178268433
6516.31325347871	0.9589987993240356
6516.37020347871	0.9178665280342102
6516.427153478709	0.9029863476753235
6516.48410347871	0.8943524956703186
6516.54105347871	0.8851627707481384
6516.59800347871	0.87577885389328
6516.65495347871	0.8817394971847534
6516.71190347871	0.8951089382171631
6516.76885347871	0.9050593972206116
6516.8258034787095	0.912804365158081
6516.88275347871	0.920492947101593
6516.93970347871	0.9281339645385742
6516.99665347871	0.9359726905822754
6517.05360347871	0.9440298676490784
6517.11055347871	0.9609348177909851
6517.1675034787095	0.9906263947486877
6517.22445347871	1.0020784139633179
6517.28140347871	0.9785767197608948
6517.33835347871	0.9620598554611206
6517.39530347871	0.963779866695404
6517.45225347871	0.9637435078620911
6517.50920347871	0.9571435451507568
6517.56615347871	0.9528203010559082
6517.62310347871	0.9618781805038452
6517.68005347871	0.9703182578086853
6517.73700347871	0.9716296792030334
6517.79395347871	0.972825825214386
6517.85090347871	0.9660678505897522
6517.9078534787095	0.9593099355697632
6517.96480347871	0.9606755375862122
6518.02175347871	0.9624785780906677
6518.07870347871	0.9704794883728027
6518.13565347871	0.9792965650558472
6518.19260347871	0.9791966676712036
6518.2495534787095	0.9771198034286499
6518.30650347871	0.9694311618804932
6518.36345347871	0.9599065780639648
6518.42040347871	0.9569391012191772
6518.47735347871	0.9569370150566101
6518.53430347871	0.9607289433479309
6518.59125347871	0.966809093952179
6518.64820347871	0.9668221473693848
6518.70515347871	0.9620510339736938
6518.76210347871	0.9602711200714111
6518.81905347871	0.961548388004303
6518.87600347871	0.9624199271202087
6518.93295347871	0.9627540707588196
6518.9899034787095	0.9615485668182373
6519.04685347871	0.9576732516288757
6519.10380347871	0.9509865045547485
6519.16075347871	0.9377880096435547
6519.21770347871	0.9299190640449524
6519.27465347871	0.9391647577285767
6519.331603478709	0.9462491869926453
6519.38855347871	0.9430350065231323
6519.44550347871	0.9398695826530457
6519.50245347871	0.9370992183685303
6519.55940347871	0.9347699284553528
6519.61635347871	0.9416147470474243
6519.67330347871	0.9484598636627197
6519.7302534787095	0.950332760810852
6519.78720347871	0.9521157741546631
6519.84415347871	0.9628833532333374
6519.90110347871	0.9744463562965393
6519.95805347871	0.9712132215499878
6520.01500347871	0.9654765129089355
6520.0719534787095	0.9657136797904968
6520.12890347871	0.9675198197364807
6520.18585347871	0.971924364566803
6520.24280347871	0.9772956967353821
6520.29975347871	0.9812591075897217
6520.35670347871	0.9845157265663147
6520.41365347871	0.9889923930168152
6520.47060347871	0.9942728281021118
6520.52755347871	0.9874221682548523
6520.58450347871	0.9702370166778564
6520.64145347871	0.9635084271430969
6520.69840347871	0.9682323336601257
6520.75535347871	0.9721326231956482
6520.8123034787095	0.9748701453208923
6520.86925347871	0.9744808077812195
6520.92620347871	0.9683402180671692
6520.98315347871	0.9656581878662109
6521.04010347871	0.971450924873352
6521.09705347871	0.9761749505996704
6521.1540034787095	0.9772710204124451
6521.21095347871	0.977333128452301
6521.26790347871	0.9721795320510864
6521.32485347871	0.9677585363388062
6521.38180347871	0.9696870446205139
6521.43875347871	0.9715150594711304
6521.49570347871	0.9710176587104797
6521.5526534787095	0.9705202579498291
6521.60960347871	0.9638746976852417
6521.66655347871	0.9571019411087036
6521.72350347871	0.9591046571731567
6521.78045347871	0.9618906378746033
6521.83740347871	0.9608064889907837
6521.8943534787095	0.9590741395950317
6521.95130347871	0.9595915675163269
6522.00825347871	0.9606888890266418
6522.06520347871	0.960107684135437
6522.12215347871	0.958917498588562
6522.17910347871	0.9619364738464355
6522.23605347871	0.9670049548149109
6522.29300347871	0.9655877947807312
6522.34995347871	0.9600489735603333
6522.40690347871	0.9549053311347961
6522.46385347871	0.9500842094421387
6522.52080347871	0.9530335068702698
6522.57775347871	0.9640830755233765
6522.6347034787095	0.9721816182136536
6522.69165347871	0.9763500690460205
6522.74860347871	0.9811567664146423
6522.80555347871	0.9870584011077881
6522.86250347871	0.9885629415512085
6522.91945347871	0.9801754951477051
6522.9764034787095	0.9724828004837036
6523.03335347871	0.9669051766395569
6523.09030347871	0.9620083570480347
6523.14725347871	0.9600709080696106
6523.20420347871	0.958101749420166
6523.26115347871	0.9559146165847778
6523.31810347871	0.9537744522094727
6523.37505347871	0.9522902369499207
6523.43200347871	0.9508196115493774
6523.48895347871	0.9513221979141235
6523.54590347871	0.9518247842788696
6523.60285347871	0.9457226395606995
6523.65980347871	0.9392511248588562
6523.7167534787095	0.9406652450561523
6523.77370347871	0.9430803656578064
6523.83065347871	0.9456596970558167
6523.88760347871	0.9482733607292175
6523.94455347871	0.9460093975067139
6524.00150347871	0.9422744512557983
6524.058453478709	0.9421139359474182
6524.11540347871	0.9434208273887634
6524.17235347871	0.9484698176383972
6524.22930347871	0.9555366635322571
6524.28625347871	0.9592772722244263
6524.34320347871	0.960712194442749
6524.40015347871	0.9701630473136902
6524.4571034787095	0.9866781830787659
6524.51405347871	0.9888452291488647
6524.57100347871	0.9750048518180847
6524.62795347871	0.9713206887245178
6524.68490347871	0.9820187091827393
6524.74185347871	0.9833492636680603
6524.7988034787095	0.9676766991615295
6524.85575347871	0.9598571062088013
6524.91270347871	0.9706544280052185
6524.96965347871	0.9784486889839172
6525.02660347871	0.9766404032707214
6525.08355347871	0.9743179678916931
6525.14050347871	0.9696516990661621
6525.19745347871	0.9648897647857666
6525.25440347871	0.959438681602478
6525.31135347871	0.9547877311706543
6525.36830347871	0.9619091749191284
6525.42525347871	0.9690245389938354
6525.48220347871	0.9750096797943115
6525.5391534787095	0.980995237827301
6525.59610347871	0.9771876931190491
6525.65305347871	0.972841203212738
6525.71000347871	0.9764146208763123
6525.76695347871	0.9809660315513611
6525.82390347871	0.9804081916809082
6525.8808534787095	0.9788221716880798
6525.93780347871	0.9793051481246948
6525.99475347871	0.9803889989852905
6526.05170347871	0.9838213324546814
6526.10865347871	0.9881783127784729
6526.16560347871	0.9807505011558533
6526.22255347871	0.9672595858573914
6526.27950347871	0.9659413695335388
6526.33645347871	0.9726329445838928
6526.39340347871	0.973480761051178
6526.45035347871	0.9694711565971375
6526.50730347871	0.9685305953025818
6526.56425347871	0.9707951545715332
6526.6212034787095	0.9811665415763855
6526.67815347871	1.0021816492080688
6526.73510347871	1.007856011390686
6526.79205347871	0.988033652305603
6526.84900347871	0.9742103219032288
6526.90595347871	0.973190426826477
6526.962903478709	0.9716687798500061
6527.01985347871	0.9687381386756897
6527.07680347871	0.966448187828064
6527.13375347871	0.9666241407394409
6527.19070347871	0.9658454656600952
6527.24765347871	0.9596582055091858
6527.30460347871	0.9540852308273315
6527.3615534787095	0.9544417262077332
6527.41850347871	0.9550029635429382
6527.47545347871	0.9607540965080261
6527.53240347871	0.9665058255195618
6527.58935347871	0.9642490744590759
6527.64630347871	0.9618457555770874
6527.7032534787095	0.966220498085022
6527.76020347871	0.971135139465332
6527.81715347871	0.9724012613296509
6527.87410347871	0.9731251001358032
6527.93105347871	0.9691800475120544
6527.98800347871	0.9641754627227783
6528.04495347871	0.9592517614364624
6528.10190347871	0.9543534517288208
6528.15885347871	0.9682310819625854
6528.21580347871	0.9899916052818298
6528.27275347871	0.9912968277931213
6528.32970347871	0.9815453290939331
6528.38665347871	0.9789868593215942
6528.4436034787095	0.981343686580658
6528.50055347871	0.9790222644805908
6528.55750347871	0.9727008938789368
6528.61445347871	0.9725095629692078
6528.67140347871	0.978847324848175
6528.72835347871	0.9781185984611511
6528.7853034787095	0.9680039286613464
6528.84225347871	0.9624906778335571
6528.89920347871	0.9646503329277039
6528.95615347871	0.9651769399642944
6529.01310347871	0.9622394442558289
6529.07005347871	0.9594646096229553
6529.12700347871	0.9571384787559509
6529.18395347871	0.9569114446640015
6529.24090347871	0.9644981622695923
6529.29785347871	0.9698309302330017
6529.35480347871	0.963114857673645
6529.41175347871	0.9581340551376343
6529.46870347871	0.968172013759613
6529.5256534787095	0.9775917530059814
6529.58260347871	0.9751668572425842
6529.63955347871	0.972741961479187
6529.69650347871	0.9650225639343262
6529.75345347871	0.957280695438385
6529.81040347871	0.9714936017990112
6529.86735347871	0.987055242061615
6529.92430347871	0.9815557599067688
6529.98125347871	0.9734152555465698
6530.03820347871	0.9685180187225342
6530.09515347871	0.9642608165740967
6530.15210347871	0.9650831818580627
6530.20905347871	0.9673236608505249
6530.2660034787095	0.9664173126220703
6530.32295347871	0.9643384218215942
6530.37990347871	0.9649115800857544
6530.43685347871	0.966759204864502
6530.49380347871	0.9789726734161377
6530.55075347871	0.997474193572998
6530.6077034787095	0.9968326687812805
6530.66465347871	0.9817244410514832
6530.72160347871	0.9732511043548584
6530.77855347871	0.9709812998771667
6530.83550347871	0.9683724641799927
6530.89245347871	0.9653721451759338
6530.94940347871	0.9659808278083801
6531.00635347871	0.9717479944229126
6531.06330347871	0.9766809940338135
6531.12025347871	0.9801258444786072
6531.17720347871	0.98098224401474
6531.23415347871	0.9759925007820129
6531.29110347871	0.9715412855148315
6531.3480534787095	0.9686657190322876
6531.40500347871	0.9651584625244141
6531.46195347871	0.9591659903526306
6531.51890347871	0.9552076458930969
6531.57585347871	0.9627127647399902
6531.63280347871	0.9695476293563843
6531.6897534787095	0.9702685475349426
6531.74670347871	0.9707621932029724
6531.80365347871	0.9666596055030823
6531.86060347871	0.962556779384613
6531.91755347871	0.9607434272766113
6531.97450347871	0.9589402675628662
6532.03145347871	0.9487800598144531
6532.08840347871	0.9381240606307983
6532.14535347871	0.933834433555603
6532.20230347871	0.9303097724914551
6532.25925347871	0.9177417159080505
6532.31620347871	0.9034683704376221
6532.37315347871	0.9083901643753052
6532.4301034787095	0.9184063673019409
6532.48705347871	0.9275240898132324
6532.54400347871	0.9363254308700562
6532.60095347871	0.9455058574676514
6532.65790347871	0.9548584818840027
6532.71485347871	0.9587328433990479
6532.77180347871	0.9594929218292236
6532.82875347871	0.9622374773025513
6532.88570347871	0.9663792848587036
6532.94265347871	0.9714398384094238
6532.99960347871	0.9772948622703552
6533.05655347871	0.9755624532699585
6533.11350347871	0.9658000469207764
6533.1704534787095	0.958747148513794
6533.22740347871	0.9552068114280701
6533.28435347871	0.9552505016326904
6533.34130347871	0.9610126614570618
6533.39825347871	0.9639211893081665
6533.45520347871	0.9611693620681763
6533.5121534787095	0.9597615599632263
6533.56910347871	0.961722195148468
6533.62605347871	0.9611812829971313
6533.68300347871	0.952511191368103
6533.73995347871	0.9456164240837097
6533.79690347871	0.9465142488479614
6533.85385347871	0.9477428197860718
6533.91080347871	0.9510740637779236
6533.96775347871	0.9533253908157349
6534.02470347871	0.9441577196121216
6534.08165347871	0.9355807900428772
6534.13860347871	0.9423846006393433
6534.19555347871	0.9491891264915466
6534.2525034787095	0.9416984915733337
6534.30945347871	0.9340296387672424
6534.36640347871	0.9398046135902405
6534.42335347871	0.9464603066444397
6534.48030347871	0.9661210775375366
6534.53725347871	0.9873992204666138
6534.5942034787095	0.9762297868728638
6534.65115347871	0.9589035511016846
6534.70810347871	0.951106607913971
6534.76505347871	0.9458166360855103
6534.82200347871	0.9482378363609314
6534.87895347871	0.9533268809318542
6534.93590347871	0.9596436619758606
6534.99285347871	0.9665012955665588
6535.04980347871	0.966974675655365
6535.10675347871	0.9639483094215393
6535.16370347871	0.9629825353622437
6535.22065347871	0.9634048938751221
6535.27760347871	0.9652806520462036
6535.3345534787095	0.9683491587638855
6535.39150347871	0.9695930480957031
6535.44845347871	0.9690209627151489
6535.50540347871	0.9704324007034302
6535.56235347871	0.9742379784584045
6535.61930347871	0.980652928352356
6535.67625347871	0.9908976554870605
6535.73320347871	0.9890307188034058
6535.79015347871	0.9653899073600769
6535.84710347871	0.9525657892227173
6535.90405347871	0.9638463258743286
6535.96100347871	0.9747416973114014
6536.01795347871	0.984550952911377
6536.0749034787095	0.9916586875915527
6536.13185347871	0.9888868927955627
6536.18880347871	0.9851548671722412
6536.24575347871	0.9766489267349243
6536.30270347871	0.9675049185752869
6536.35965347871	0.9536963105201721
6536.4166034787095	0.9409406781196594
6536.47355347871	0.9415411353111267
6536.53050347871	0.9422791004180908
6536.58745347871	0.9481253623962402
6536.64440347871	0.9539723992347717
6536.70135347871	0.9589486718177795
6536.75830347871	0.9639071822166443
6536.81525347871	0.9582698941230774
6536.87220347871	0.9518658518791199
6536.92915347871	0.9535281658172607
6536.98610347871	0.9562292695045471
6537.04305347871	0.9570755362510681
6537.10000347871	0.9575669169425964
6537.1569534787095	0.9606651067733765
6537.21390347871	0.9644438624382019
6537.27085347871	0.9597843885421753
6537.32780347871	0.9522622227668762
6537.38475347871	0.9540805816650391
6537.44170347871	0.9598919153213501
6537.4986534787095	0.9640880823135376
6537.55560347871	0.9674318432807922
6537.61255347871	0.9674721360206604
6537.66950347871	0.9653872847557068
6537.72645347871	0.9653938412666321
6537.78340347871	0.9670256972312927
6537.84035347871	0.9655201435089111
6537.89730347871	0.9610835313796997
6537.95425347871	0.9579835534095764
6538.01120347871	0.9563824534416199
6538.06815347871	0.9560652375221252
6538.12510347871	0.957478404045105
6538.18205347871	0.9577683806419373
6538.2390034787095	0.9562303423881531
6538.29595347871	0.9542577862739563
6538.35290347871	0.9514241218566895
6538.40985347871	0.950181782245636
6538.46680347871	0.9528317451477051
6538.52375347871	0.95702064037323
6538.58070347871	0.9659454226493835
6538.63765347871	0.9736732244491577
6538.69460347871	0.9766203165054321
6538.75155347871	0.9782487750053406
6538.80850347871	0.9727174639701843
6538.86545347871	0.967065155506134
6538.92240347871	0.9604454040527344
6538.9793534787095	0.9543681740760803
6539.03630347871	0.9559330344200134
6539.09325347871	0.9574402570724487
6539.15020347871	0.9563560485839844
6539.20715347871	0.95527184009552
6539.26410347871	0.9549196362495422
6539.3210534787095	0.9545841813087463
6539.37800347871	0.9604793787002563
6539.43495347871	0.9668200016021729
6539.49190347871	0.9650142192840576
6539.54885347871	0.9621943831443787
6539.60580347871	0.9601259231567383
6539.66275347871	0.9581948518753052
6539.71970347871	0.9540154933929443
6539.77665347871	0.9492788314819336
6539.83360347871	0.9508703351020813
6539.89055347871	0.9544854760169983
6539.94750347871	0.9650212526321411
6540.00445347871	0.9783288240432739
6540.0614034787095	0.9762956500053406
6540.11835347871	0.9667260646820068
6540.17530347871	0.9618593454360962
6540.23225347871	0.9597881436347961
6540.28920347871	0.9611178040504456
6540.34615347871	0.9648709893226624
6540.403103478709	0.9664887189865112
6540.46005347871	0.9662927389144897
6540.51700347871	0.9664276838302612
6540.57395347871	0.9668964147567749
6540.63090347871	0.9643966555595398
6540.68785347871	0.9583379030227661
6540.74480347871	0.9555509090423584
6540.8017534787095	0.9574345946311951
6540.85870347871	0.9571298360824585
6540.91565347871	0.9530866742134094
6540.97260347871	0.9533815979957581
6541.02955347871	0.9626175761222839
6541.08650347871	0.9670765995979309
6541.1434534787095	0.9595032334327698
6541.20040347871	0.9546366333961487
6541.25735347871	0.9582560658454895
6541.31430347871	0.9604014754295349
6541.37125347871	0.9566367268562317
6541.42820347871	0.9552068710327148
6541.48515347871	0.9662667512893677
6541.54210347871	0.9751185178756714
6541.59905347871	0.9670555591583252
6541.65600347871	0.9596909880638123
6541.71295347871	0.9611238241195679
6541.76990347871	0.9623645544052124
6541.82685347871	0.9577630162239075
6541.8838034787095	0.9531609416007996
6541.94075347871	0.9511359333992004
6541.99770347871	0.9491362571716309
6542.05465347871	0.9508050680160522
6542.11160347871	0.9526727199554443
6542.16855347871	0.9416287541389465
6542.2255034787095	0.9292634725570679
6542.28245347871	0.9374017119407654
6542.33940347871	0.9487157464027405
6542.39635347871	0.9532025456428528
6542.45330347871	0.9562385678291321
6542.51025347871	0.9597692489624023
6542.56720347871	0.9634369611740112
6542.62415347871	0.957947850227356
6542.68110347871	0.9492853879928589
6542.73805347871	0.9542851448059082
6542.79500347871	0.9650900363922119
6542.85195347871	0.9765811562538147
6542.90890347871	0.9884249567985535
6542.9658534787095	0.9887031316757202
6543.02280347871	0.981906533241272
6543.07975347871	0.9785194396972656
6543.13670347871	0.9776017069816589
6543.19365347871	0.9705639481544495
6543.25060347871	0.9583036303520203
6543.30755347871	0.9530038833618164
6543.36450347871	0.9546841382980347
6543.42145347871	0.9569694399833679
6543.47840347871	0.9599674344062805
6543.53535347871	0.9528430104255676
6543.59230347871	0.9316891431808472
6543.64925347871	0.9165763854980469
6543.7062034787095	0.9113548398017883
6543.76315347871	0.9071444869041443
6543.82010347871	0.9049026966094971
6543.87705347871	0.9050844311714172
6543.93400347871	0.9109293818473816
6543.99095347871	0.9154253005981445
6544.0479034787095	0.9160830974578857
6544.10485347871	0.9207462668418884
6544.16180347871	0.9395533800125122
6544.21875347871	0.9541620016098022
6544.27570347871	0.9498087763786316
6544.33265347871	0.9455604553222656
6544.38960347871	0.9419482946395874
6544.44655347871	0.9400235414505005
6544.50350347871	0.9527944922447205
6544.56045347871	0.9645092487335205
6544.61740347871	0.9607601165771484
6544.67435347871	0.9571670293807983
6544.73130347871	0.9596409201622009
6544.7882534787095	0.9621152877807617
6544.84520347871	0.9619061350822449
6544.90215347871	0.961659848690033
6544.95910347871	0.9664286375045776
6545.01605347871	0.9714747071266174
6545.07300347871	0.9653000831604004
6545.1299534787095	0.9580038785934448
6545.18690347871	0.9588512778282166
6545.24385347871	0.9609076976776123
6545.30080347871	0.9596014022827148
6545.35775347871	0.9576182961463928
6545.41470347871	0.9606055021286011
6545.47165347871	0.9648804664611816
6545.52860347871	0.9608078002929688
6545.58555347871	0.9540431499481201
6545.64250347871	0.9512850046157837
6545.69945347871	0.9500986337661743
6545.75640347871	0.9471490383148193
6545.81335347871	0.9433709383010864
6545.8703034787095	0.9533202648162842
6545.92725347871	0.970903217792511
6545.98420347871	0.9668661952018738
6546.04115347871	0.9487160444259644
6546.09810347871	0.9450244307518005
6546.15505347871	0.9523495435714722
6546.21200347871	0.9701793789863586
6546.26895347871	0.9973185658454895
6546.32590347871	0.9971811771392822
6546.38285347871	0.9689822793006897
6546.43980347871	0.9516849517822266
6546.49675347871	0.9474056363105774
6546.55370347871	0.9462271928787231
6546.6106534787095	0.9493530988693237
6546.66760347871	0.9547765851020813
6546.72455347871	0.9639193415641785
6546.78150347871	0.9663631916046143
6546.83845347871	0.9560901522636414
6546.89540347871	0.9526378512382507
6546.9523534787095	0.964485764503479
6547.00930347871	0.9738740921020508
6547.06625347871	0.9766700863838196
6547.12320347871	0.9769381284713745
6547.18015347871	0.9689916372299194
6547.23710347871	0.9611918926239014
6547.29405347871	0.9539850354194641
6547.35100347871	0.9457390904426575
6547.40795347871	0.9321528077125549
6547.46490347871	0.9217185378074646
6547.52185347871	0.9330204725265503
6547.57880347871	0.9430843591690063
6547.63575347871	0.9407248497009277
6547.6927034787095	0.9383105039596558
6547.74965347871	0.9349523186683655
6547.80660347871	0.9316281080245972
6547.86355347871	0.9300625920295715
6547.92050347871	0.9284970760345459
6547.97745347871	0.9323782324790955
6548.03440347871	0.9363515973091125
6548.09135347871	0.9361071586608887
6548.14830347871	0.9356310367584229
6548.20525347871	0.9289261698722839
6548.26220347871	0.9216234087944031
6548.31915347871	0.9171087145805359
6548.37610347871	0.9129839539527893
6548.43305347871	0.9112314581871033
6548.49000347871	0.9099240899085999
6548.54695347871	0.9038169384002686
6548.60390347871	0.8965610861778259
6548.66085347871	0.9001871943473816
6548.71780347871	0.9070277214050293
6548.7747534787095	0.9101517200469971
6548.83170347871	0.9119507670402527
6548.88865347871	0.9149691462516785
6548.94560347871	0.9185044169425964
6549.00255347871	0.9223760366439819
6549.05950347871	0.9264152646064758
6549.11645347871	0.931682825088501
6549.17340347871	0.9376618266105652
6549.23035347871	0.9439762830734253
6549.28730347871	0.9505158066749573
6549.34425347871	0.9482643604278564
6549.40120347871	0.9392372369766235
6549.45815347871	0.9414620995521545
6549.5151034787095	0.9536421895027161
6549.57205347871	0.9584795236587524
6549.62900347871	0.9558727741241455
6549.68595347871	0.9549374580383301
6549.74290347871	0.9559435844421387
6549.79985347871	0.9559894800186157
6549.8568034787095	0.9547569751739502
6549.91375347871	0.9511123895645142
6549.97070347871	0.943776547908783
6550.02765347871	0.9412433505058289
6550.08460347871	0.9471879601478577
6550.14155347871	0.948805034160614
6550.19850347871	0.9415633082389832
6550.25545347871	0.9365997314453125
6550.31240347871	0.9370847940444946
6550.36935347871	0.9394098520278931
6550.42630347871	0.946925938129425
6550.48325347871	0.9535610675811768
6550.54020347871	0.9572209119796753
6550.5971534787095	0.9584674835205078
6550.65410347871	0.949788510799408
6550.71105347871	0.9430640935897827
6550.76800347871	0.9464009404182434
6550.82495347871	0.9483777284622192
6550.88190347871	0.9412499666213989
6550.93885347871	0.9353331923484802
6550.99580347871	0.9406521916389465
6551.05275347871	0.9453787803649902
6551.10970347871	0.9415553212165833
6551.16665347871	0.937798798084259
6551.22360347871	0.9360501766204834
6551.28055347871	0.9343022108078003
6551.33750347871	0.9375095963478088
6551.39445347871	0.940717339515686
6551.45140347871	0.9445996284484863
6551.50835347871	0.9485048055648804
6551.56530347871	0.9419823884963989
6551.62225347871	0.934745192527771
6551.6792034787095	0.9297260046005249
6551.73615347871	0.9249418377876282
6551.79310347871	0.9241251349449158
6551.85005347871	0.9238898754119873
6551.90700347871	0.9256601929664612
6551.96395347871	0.9278114438056946
6552.02090347871	0.9330756068229675
6552.07785347871	0.9390759468078613
6552.13480347871	0.9359796643257141
6552.19175347871	0.9302777051925659
6552.24870347871	0.9233205914497375
6552.30565347871	0.9159356951713562
6552.36260347871	0.9104782342910767
6552.4195534787095	0.9057896137237549
6552.47650347871	0.8994928002357483
6552.53345347871	0.8924513459205627
6552.59040347871	0.8923518061637878
6552.64735347871	0.8959478139877319
6552.70430347871	0.9027811884880066
6552.7612534787095	0.9115849137306213
6552.81820347871	0.9159517288208008
6552.87515347871	0.9172470569610596
6552.93210347871	0.9205179214477539
6552.98905347871	0.92533940076828
6553.04600347871	0.9231392741203308
6553.10295347871	0.9147047400474548
6553.15990347871	0.9133328795433044
6553.21685347871	0.9190449118614197
6553.27380347871	0.9258579611778259
6553.33075347871	0.9339177012443542
6553.38770347871	0.9392771124839783
6553.44465347871	0.9411819577217102
6553.5016034787095	0.936513364315033
6553.55855347871	0.9223326444625854
6553.61550347871	0.9143974184989929
6553.67245347871	0.916710376739502
6553.72940347871	0.9190326929092407
6553.78635347871	0.9213719367980957
6553.84330347871	0.9222425818443298
6553.90025347871	0.9199789762496948
6553.95720347871	0.9178462624549866
6554.01415347871	0.9160353541374207
6554.07110347871	0.9159897565841675
6554.12805347871	0.9209697842597961
6554.18500347871	0.9263358116149902
6554.24195347871	0.9329875111579895
6554.29890347871	0.9389137029647827
6554.35585347871	0.9419581294059753
6554.41280347871	0.9431736469268799
6554.46975347871	0.935591995716095
6554.52670347871	0.9300247430801392
6554.5836534787095	0.9365265369415283
6554.64060347871	0.9419543147087097
6554.69755347871	0.9390416145324707
6554.75450347871	0.9367097616195679
6554.81145347871	0.940607488155365
6554.86840347871	0.9442873001098633
6554.92535347871	0.9443314075469971
6554.98230347871	0.944519579410553
6555.03925347871	0.9496945142745972
6555.09620347871	0.9548702239990234
6555.15315347871	0.9521929025650024
6555.21010347871	0.9495121240615845
6555.26705347871	0.9525974988937378
6555.3240034787095	0.955854058265686
6555.38095347871	0.9527508616447449
6555.43790347871	0.9492629170417786
6555.49485347871	0.9505221247673035
6555.55180347871	0.9522230625152588
6555.60875347871	0.9508865475654602
6555.6657034787095	0.9491622447967529
6555.72265347871	0.9528288245201111
6555.77960347871	0.957381010055542
6555.83655347871	0.9648882746696472
6555.89350347871	0.9729965925216675
6555.95045347871	0.9775071144104004
6556.00740347871	0.9811385273933411
6556.06435347871	0.9775403738021851
6556.12130347871	0.9718547463417053
6556.17825347871	0.9678757190704346
6556.23520347871	0.9644695520401001
6556.29215347871	0.9604265689849854
6556.34910347871	0.9561370015144348
6556.4060534787095	0.9575110673904419
6556.46300347871	0.9613822102546692
6556.51995347871	0.9643480777740479
6556.57690347871	0.9668620824813843
6556.63385347871	0.9685155153274536
6556.69080347871	0.9696849584579468
6556.74775347871	0.9676898717880249
6556.80470347871	0.9636980891227722
6556.86165347871	0.961552619934082
6556.91860347871	0.9607094526290894
6556.97555347871	0.9575111865997314
6557.03250347871	0.9524605870246887
6557.08945347871	0.953367292881012
6557.1464034787095	0.9594879150390625
6557.20335347871	0.9645470380783081
6557.26030347871	0.9685736894607544
6557.31725347871	0.9764344096183777
6557.37420347871	0.9884384870529175
6557.43115347871	0.9981220960617065
6557.4881034787095	1.0050197839736938
6557.54505347871	1.0099340677261353
6557.60200347871	1.0122020244598389
6557.65895347871	1.0145941972732544
6557.71590347871	1.0171706676483154
6557.77285347871	1.0169483423233032
6557.82980347871	1.0120946168899536
6557.88675347871	1.0118635892868042
6557.94370347871	1.0201797485351562
6558.00065347871	1.0243014097213745
6558.05760347871	1.0197269916534424
6558.11455347871	1.0182439088821411
6558.17150347871	1.0239760875701904
6558.2284534787095	1.0282989740371704
6558.28540347871	1.0288982391357422
6558.34235347871	1.028210997581482
6558.39930347871	1.0236512422561646
6558.45625347871	1.0209249258041382
6558.51320347871	1.0245400667190552
6558.5701534787095	1.0285850763320923
6558.62710347871	1.0343554019927979
6558.68405347871	1.0374157428741455
6558.74100347871	1.0276460647583008
6558.79795347871	1.0211230516433716
6558.85490347871	1.0330533981323242
6558.91185347871	1.0422074794769287
6558.96880347871	1.031919002532959
6559.02575347871	1.0217070579528809
6559.08270347871	1.012194275856018
6559.13965347871	1.0032727718353271
6559.19660347871	1.001547932624817
6559.25355347871	0.9995303153991699
6559.3105034787095	0.9921536445617676
6559.36745347871	0.9850005507469177
6559.42440347871	0.9857689738273621
6559.48135347871	0.9865140318870544
6559.53830347871	0.9804934859275818
6559.59525347871	0.974472165107727
6559.65220347871	0.9663419723510742
6559.70915347871	0.9581664800643921
6559.76610347871	0.9515783786773682
6559.82305347871	0.9450631141662598
6559.88000347871	0.9463489055633545
6559.93695347871	0.9482045769691467
6559.99390347871	0.9389716982841492
6560.0508534787095	0.928618848323822
6560.10780347871	0.9243115186691284
6560.16475347871	0.920790433883667
6560.22170347871	0.9049338698387146
6560.27865347871	0.8870915770530701
6560.33560347871	0.8816913962364197
6560.3925534787095	0.8786924481391907
6560.44950347871	0.8733752965927124
6560.50645347871	0.8675314784049988
6560.56340347871	0.8591104745864868
6560.62035347871	0.8500118255615234
6560.67730347871	0.8393144011497498
6560.73425347871	0.8281359076499939
6560.79120347871	0.8221837878227234
6560.84815347871	0.8180078864097595
6560.90510347871	0.8035567402839661
6560.96205347871	0.7851793169975281
6561.01900347871	0.771270215511322
6561.07595347871	0.7592654228210449
6561.1329034787095	0.7468668818473816
6561.18985347871	0.7342807650566101
6561.24680347871	0.7241290807723999
6561.30375347871	0.7152519226074219
6561.36070347871	0.7035336494445801
6561.41765347871	0.6901746392250061
6561.4746034787095	0.6790081262588501
6561.53155347871	0.6692315340042114
6561.58850347871	0.6613333225250244
6561.64545347871	0.654740571975708
6561.70240347871	0.6420755386352539
6561.75935347871	0.6247923970222473
6561.81630347871	0.6099437475204468
6561.87325347871	0.5971167683601379
6561.93020347871	0.5825537443161011
6561.98715347871	0.566417396068573
6562.04410347871	0.5522801280021667
6562.10105347871	0.5401173233985901
6562.15800347871	0.5259284973144531
6562.2149534787095	0.5095598101615906
6562.27190347871	0.48918992280960083
6562.32885347871	0.46413102746009827
6562.38580347871	0.4445715546607971
6562.44275347871	0.43203461170196533
6562.49970347871	0.4137800335884094
6562.55665347871	0.38757050037384033
6562.61360347871	0.36283445358276367
6562.67055347871	0.340336412191391
6562.72750347871	0.3217298090457916
6562.78445347871	0.3095731735229492
6562.84140347871	0.297235369682312
6562.89835347871	0.2845709025859833
6562.9553034787095	0.27309027314186096
6563.01225347871	0.26396074891090393
6563.06920347871	0.2620958983898163
6563.12615347871	0.27606117725372314
6563.18310347871	0.29067370295524597
6563.24005347871	0.3068360984325409
6563.2970034787095	0.3228045105934143
6563.35395347871	0.33825477957725525
6563.41090347871	0.3576467037200928
6563.46785347871	0.3886216878890991
6563.52480347871	0.41574132442474365
6563.58175347871	0.4302157163619995
6563.63870347871	0.44808632135391235
6563.69565347871	0.47843286395072937
6563.75260347871	0.5050594806671143
6563.80955347871	0.5162265300750732
6563.86650347871	0.5270103216171265
6563.92345347871	0.5359726548194885
6563.98040347871	0.5465682744979858
6564.0373534787095	0.5660704970359802
6564.09430347871	0.5834974050521851
6564.15125347871	0.5876595377922058
6564.20820347871	0.593705415725708
6564.26515347871	0.6140889525413513
6564.32210347871	0.6341975927352905
6564.3790534787095	0.6517175436019897
6564.43600347871	0.6693981885910034
6564.49295347871	0.6889545321464539
6564.54990347871	0.7079479098320007
6564.60685347871	0.7178865075111389
6564.66380347871	0.7277620434761047
6564.72075347871	0.7360872030258179
6564.77770347871	0.7444538474082947
6564.83465347871	0.7546771764755249
6564.89160347871	0.764918327331543
6564.94855347871	0.7814884781837463
6565.00550347871	0.7980610132217407
6565.06245347871	0.8008822798728943
6565.1194034787095	0.8034807443618774
6565.17635347871	0.8139488101005554
6565.23330347871	0.8246986269950867
6565.29025347871	0.8363951444625854
6565.34720347871	0.8481461405754089
6565.40415347871	0.8607218861579895
6565.46110347871	0.8733623623847961
6565.51805347871	0.8739556670188904
6565.57500347871	0.8733735084533691
6565.63195347871	0.8874186873435974
6565.68890347871	0.9032158255577087
6565.74585347871	0.9118377566337585
6565.80280347871	0.919438898563385
6565.8597534787095	0.9216501116752625
6565.91670347871	0.9229667782783508
6565.97365347871	0.9372181296348572
6566.03060347871	0.9539348483085632
6566.08755347871	0.9556434750556946
6566.14450347871	0.9541140198707581
6566.2014534787095	0.9617263078689575
6566.25840347871	0.9715517163276672
6566.31535347871	0.9712380766868591
6566.37230347871	0.9681953191757202
6566.42925347871	0.9674279689788818
6566.48620347871	0.9673372507095337
6566.54315347871	0.9712326526641846
6566.60010347871	0.9764306545257568
6566.65705347871	0.9815216064453125
6566.71400347871	0.9865747094154358
6566.77095347871	1.0043619871139526
6566.82790347871	1.0271013975143433
6566.88485347871	1.0424295663833618
6566.9418034787095	1.0546338558197021
6566.99875347871	1.047920823097229
6567.05570347871	1.03258216381073
6567.11265347871	1.0448901653289795
6567.16960347871	1.070791482925415
6567.22655347871	1.073462963104248
6567.28350347871	1.0638495683670044
6567.34045347871	1.0575311183929443
6567.39740347871	1.0530827045440674
6567.45435347871	1.053350567817688
6567.51130347871	1.056486964225769
6567.56825347871	1.0606006383895874
6567.62520347871	1.0653506517410278
6567.68215347871	1.0632449388504028
6567.73910347871	1.056373953819275
6567.79605347871	1.0518275499343872
6567.85300347871	1.0490045547485352
6567.90995347871	1.0491234064102173
6567.96690347871	1.0515670776367188
6568.0238534787095	1.0541012287139893
6568.08080347871	1.0567110776901245
6568.13775347871	1.0554559230804443
6568.19470347871	1.0507407188415527
6568.25165347871	1.0427212715148926
6568.30860347871	1.0315572023391724
6568.36555347871	1.0280615091323853
6568.42250347871	1.0323201417922974
6568.47945347871	1.0339025259017944
6568.53640347871	1.0326107740402222
6568.59335347871	1.0295943021774292
6568.65030347871	1.024611473083496
6568.70725347871	1.0176154375076294
6568.7642034787095	1.0081831216812134
6568.82115347871	1.0069113969802856
6568.87810347871	1.0161226987838745
6568.93505347871	1.0184988975524902
6568.99200347871	1.0115563869476318
6569.04895347871	1.0050601959228516
6569.10590347871	0.9992102980613708
6569.16285347871	0.9964386224746704
6569.21980347871	0.9983953833580017
6569.27675347871	0.9980071187019348
6569.33370347871	0.9937938451766968
6569.39065347871	0.993527889251709
6569.44760347871	1.0001012086868286
6569.50455347871	1.0006542205810547
6569.56150347871	0.9901205897331238
6569.61845347871	0.9850198030471802
6569.67540347871	0.9905584454536438
6569.73235347871	0.9916437268257141
6569.78930347871	0.9834485650062561
6569.8462534787095	0.9793468117713928
6569.90320347871	0.9843310117721558
6569.96015347871	0.9861007928848267
6570.01710347871	0.9802641272544861
6570.07405347871	0.9770956039428711
6570.13100347871	0.9806671738624573
6570.18795347871	0.9835485219955444
6570.24490347871	0.9845662713050842
6570.30185347871	0.9846595525741577
6570.35880347871	0.9820817708969116
6570.41575347871	0.9772352576255798
6570.47270347871	0.9653629064559937
6570.52965347871	0.9549906253814697
6570.58660347871	0.9496134519577026
6570.64355347871	0.9470661282539368
6570.70050347871	0.954656720161438
6570.75745347871	0.958977222442627
6570.81440347871	0.950652003288269
6570.87135347871	0.9446658492088318
6570.9283034787095	0.9484710097312927
6570.98525347871	0.9510834217071533
6571.04220347871	0.9482749104499817
6571.09915347871	0.94596266746521
6571.15610347871	0.946109414100647
6571.21305347871	0.946967601776123
6571.27000347871	0.9516825079917908
6571.32695347871	0.9559115767478943
6571.38390347871	0.95723956823349
6571.44085347871	0.9580849409103394
6571.49780347871	0.9557437896728516
6571.55475347871	0.9529694318771362
6571.61170347871	0.9470090270042419
6571.6686534787095	0.941342294216156
6571.72560347871	0.9381127953529358
6571.78255347871	0.9350709319114685
6571.83950347871	0.9337966442108154
6571.89645347871	0.9320288300514221
6571.95340347871	0.9249175190925598
6572.01035347871	0.9179372787475586
6572.06730347871	0.9126328229904175
6572.12425347871	0.9081570506095886
6572.18120347871	0.9162927269935608
6572.23815347871	0.9243285059928894
6572.29510347871	0.9304629564285278
6572.35205347871	0.9362531900405884
6572.40900347871	0.933621883392334
6572.46595347871	0.9310503005981445
6572.52290347871	0.9305356740951538
6572.57985347871	0.930134117603302
6572.63680347871	0.936091959476471
6572.69375347871	0.9420073628425598
6572.7507034787095	0.9415306448936462
6572.80765347871	0.9410538673400879
6572.86460347871	0.946234941482544
6572.92155347871	0.9514392018318176
6572.97850347871	0.9496211409568787
6573.03545347871	0.947699785232544
6573.09240347871	0.9539661407470703
6573.14935347871	0.9604425430297852
6573.20630347871	0.9566704630851746
6573.26325347871	0.9525237083435059
6573.32020347871	0.9520519375801086
6573.37715347871	0.9517549276351929
6573.43410347871	0.9429492950439453
6573.49105347871	0.9336425065994263
6573.54800347871	0.9332071542739868
6573.60495347871	0.9333929419517517
6573.66190347871	0.9395564794540405
6573.71885347871	0.946207582950592
6573.77580347871	0.9467578530311584
6573.8327534787095	0.9467412829399109
6573.88970347871	0.9443609714508057
6573.94665347871	0.9417332410812378
6574.00360347871	0.9485280513763428
6574.06055347871	0.9564189910888672
6574.11750347871	0.950840413570404
6574.17445347871	0.9435363411903381
6574.23140347871	0.9369727969169617
6574.28835347871	0.9305121302604675
6574.34530347871	0.9338900446891785
6574.40225347871	0.9387636184692383
6574.45920347871	0.9342074394226074
6574.51615347871	0.9281031489372253
6574.5731034787095	0.9191306233406067
6574.63005347871	0.9096511006355286
6574.68700347871	0.9038543701171875
6574.74395347871	0.8987516164779663
6574.80090347871	0.8994139432907104
6574.85785347871	0.9012354612350464
6574.91480347871	0.9081381559371948
6574.97175347871	0.9161267280578613
6575.02870347871	0.9228826761245728
6575.08565347871	0.9293608069419861
6575.14260347871	0.9316396713256836
6575.19955347871	0.932915985584259
6575.25650347871	0.9383853077888489
6575.31345347871	0.9449098706245422
6575.37040347871	0.945816695690155
6575.42735347871	0.945238471031189
6575.48430347871	0.9505578875541687
6575.54125347871	0.9575130939483643
6575.59820347871	0.9566031098365784
6575.6551534787095	0.9534101486206055
6575.71210347871	0.9491502046585083
6575.76905347871	0.9445661902427673
6575.82600347871	0.9407626986503601
6575.88295347871	0.9372056126594543
6575.93990347871	0.936343252658844
6575.99685347871	0.9363688826560974
6576.05380347871	0.9398819208145142
6576.11075347871	0.9445908069610596
6576.16770347871	0.9494519233703613
6576.22465347871	0.9543678164482117
6576.28160347871	0.9482616782188416
6576.33855347871	0.9380826950073242
6576.3955034787095	0.9446390271186829
6576.45245347871	0.957603394985199
6576.50940347871	0.9569697380065918
6576.56635347871	0.9509474635124207
6576.62330347871	0.9507353901863098
6576.68025347871	0.9529041051864624
6576.7372034787095	0.9664029479026794
6576.79415347871	0.9846984148025513
6576.85110347871	0.9690208435058594
6576.90805347871	0.9385048747062683
6576.96500347871	0.9360827803611755
6577.02195347871	0.9463098645210266
6577.07890347871	0.9503350257873535
6577.13585347871	0.9514841437339783
6577.19280347871	0.9502801299095154
6577.24975347871	0.9479527473449707
6577.30670347871	0.9468047618865967
6577.36365347871	0.9462355375289917
6577.42060347871	0.9501657485961914
6577.4775534787095	0.9563655853271484
6577.53450347871	0.9579863548278809
6577.59145347871	0.9572360515594482
6577.64840347871	0.9567869901657104
6577.70535347871	0.956497848033905
6577.76230347871	0.9587365388870239
6577.81925347871	0.9623523354530334
6577.87620347871	0.9603563547134399
6577.93315347871	0.9552279114723206
6577.99010347871	0.9495752453804016
6578.04705347871	0.9436226487159729
6578.10400347871	0.9421850442886353
6578.16095347871	0.9433876276016235
6578.21790347871	0.9488291144371033
6578.27485347871	0.9568055868148804
6578.33180347871	0.951066255569458
6578.38875347871	0.9369445443153381
6578.44570347871	0.9322112798690796
6578.50265347871	0.9333377480506897
6578.5596034787095	0.9337558150291443
6578.61655347871	0.9337226748466492
6578.67350347871	0.9335479736328125
6578.73045347871	0.9332811236381531
6578.78740347871	0.9383025765419006
6578.84435347871	0.9468287825584412
6578.90130347871	0.9448640942573547
6578.95825347871	0.9358152151107788
6579.01520347871	0.9374372363090515
6579.07215347871	0.946398138999939
6579.12910347871	0.9502307176589966
6579.18605347871	0.950473427772522
6579.24300347871	0.954653799533844
6579.2999534787095	0.9616389274597168
6579.35690347871	0.9577654004096985
6579.41385347871	0.9460282325744629
6579.47080347871	0.9428097009658813
6579.52775347871	0.9458606839179993
6579.58470347871	0.9459315538406372
6579.6416534787095	0.9437745809555054
6579.69860347871	0.9430958032608032
6579.75555347871	0.9435387849807739
6579.81250347871	0.9456138014793396
6579.86945347871	0.9489458203315735
6579.92640347871	0.9525847434997559
6579.98335347871	0.9564635753631592
6580.04030347871	0.9526059627532959
6580.09725347871	0.9426214694976807
6580.15420347871	0.9381654262542725
6580.21115347871	0.938145637512207
6580.26810347871	0.938407301902771
6580.32505347871	0.9388976693153381
6580.3820034787095	0.9375817179679871
6580.43895347871	0.934779703617096
6580.49590347871	0.9426479339599609
6580.55285347871	0.9593976140022278
6580.60980347871	0.9593691229820251
6580.66675347871	0.9452179074287415
6580.72370347871	0.9398072361946106
6580.78065347871	0.9418331980705261
6580.83760347871	0.9461035132408142
6580.89455347871	0.9523029327392578
6580.95150347871	0.9536592960357666
6581.00845347871	0.9508113861083984
6581.06540347871	0.9514989852905273
6581.12235347871	0.9552849531173706
6581.17930347871	0.9637114405632019
6581.23625347871	0.9762407541275024
6581.29320347871	0.9733400344848633
6581.35015347871	0.9566829800605774
6581.40710347871	0.9484707117080688
6581.4640534787095	0.9478472471237183
6581.52100347871	0.9466380476951599
6581.57795347871	0.9448987245559692
6581.63490347871	0.9466279745101929
6581.69185347871	0.9515195488929749
6581.74880347871	0.9576107263565063
6581.80575347871	0.9648029208183289
6581.86270347871	0.9797260165214539
6581.91965347871	1.0017870664596558
6581.97660347871	0.9974070191383362
6582.03355347871	0.9684771299362183
6582.09050347871	0.9560009241104126
6582.14745347871	0.9588797688484192
6582.2044034787095	0.9616551399230957
6582.26135347871	0.9643333554267883
6582.31830347871	0.962850034236908
6582.37525347871	0.9574480056762695
6582.43220347871	0.9594100713729858
6582.48915347871	0.968332052230835
6582.5461034787095	0.97203129529953
6582.60305347871	0.9707785248756409
6582.66000347871	0.9650535583496094
6582.71695347871	0.9550762176513672
6582.77390347871	0.951711893081665
6582.83085347871	0.9546507596969604
6582.88780347871	0.951810359954834
6582.94475347871	0.9434511065483093
6583.00170347871	0.9452577233314514
6583.05865347871	0.9567861557006836
6583.11560347871	0.9618353843688965
6583.17255347871	0.9606825113296509
6583.22950347871	0.9575789570808411
6583.2864534787095	0.9526067972183228
6583.34340347871	0.9524622559547424
6583.40035347871	0.9569412469863892
6583.45730347871	0.9557607173919678
6583.51425347871	0.949161946773529
6583.57120347871	0.9486735463142395
6583.62815347871	0.9540297985076904
6583.68510347871	0.9607130885124207
6583.74205347871	0.9686641693115234
6583.79900347871	0.967724084854126
6583.85595347871	0.958306610584259
6583.91290347871	0.9561653733253479
6583.96985347871	0.9609465599060059
6584.02680347871	0.967274010181427
6584.08375347871	0.9750685691833496
6584.14070347871	0.9735568165779114
6584.19765347871	0.9632440805435181
6584.25460347871	0.9589843153953552
6584.31155347871	0.9604279398918152
6584.3685034787095	0.964310884475708
6584.42545347871	0.9704827666282654
6584.48240347871	0.9720800518989563
6584.53935347871	0.9694042205810547
6584.59630347871	0.9731016755104065
6584.65325347871	0.9827220439910889
6584.71020347871	0.9879540801048279
6584.76715347871	0.9891305565834045
6584.82410347871	0.9826722145080566
6584.88105347871	0.9691994190216064
6584.93800347871	0.9669777154922485
6584.99495347871	0.9750261902809143
6585.05190347871	0.977138340473175
6585.1088534787095	0.9738689661026001
6585.16580347871	0.9707915186882019
6585.22275347871	0.9678866267204285
6585.27970347871	0.9718116521835327
6585.33665347871	0.9818347096443176
6585.39360347871	0.9824155569076538
6585.45055347871	0.974635899066925
6585.50750347871	0.9709730744361877
6585.56445347871	0.9709235429763794
6585.62140347871	0.9745284914970398
6585.67835347871	0.9813113212585449
6585.73530347871	0.9778742790222168
6585.79225347871	0.9656359553337097
6585.84920347871	0.9640824794769287
6585.90615347871	0.9716373682022095
6585.96310347871	0.9766738414764404
6586.02005347871	0.9795865416526794
6586.07700347871	0.9767019152641296
6586.13395347871	0.9689821004867554
6586.1909034787095	0.968837559223175
6586.24785347871	0.9749380946159363
6586.30480347871	0.9749544858932495
6586.36175347871	0.9700153470039368
6586.41870347871	0.9680814146995544
6586.47565347871	0.9685644507408142
6586.53260347871	0.9698584079742432
6586.58955347871	0.9717960953712463
6586.64650347871	0.9694254994392395
6586.70345347871	0.9636809825897217
6586.76040347871	0.9631129503250122
6586.81735347871	0.9665421843528748
6586.87430347871	0.9764171242713928
6586.93125347871	0.9911976456642151
6586.98820347871	0.996322751045227
6587.04515347871	0.9942094683647156
6587.10210347871	0.9930629730224609
6587.15905347871	0.9926300048828125
6587.21600347871	0.9968424439430237
6587.27295347871	1.0044292211532593
6587.32990347871	1.0082505941390991
6587.38685347871	1.0093822479248047
6587.44380347871	1.003532886505127
6587.50075347871	0.9927809834480286
6587.55770347871	0.9853624105453491
6587.61465347871	0.9802432060241699
6587.67160347871	0.9784835577011108
6587.72855347871	0.9789999723434448
6587.78550347871	0.9806980490684509
6587.84245347871	0.9831820130348206
6587.89940347871	0.9860949516296387
6587.95635347871	0.9892876148223877
6588.0133034787095	0.9915449023246765
6588.07025347871	0.9932039976119995
6588.12720347871	0.9951169490814209
6588.18415347871	0.9971890449523926
6588.24110347871	0.9983676075935364
6588.29805347871	0.9989979267120361
6588.35500347871	1.0013933181762695
6588.41195347871	1.0048482418060303
6588.46890347871	1.0117132663726807
6588.52585347871	1.0205806493759155
6588.58280347871	1.01466965675354
6588.63975347871	1.0002766847610474
6588.69670347871	0.9927130341529846
6588.75365347871	0.9889770150184631
6588.81060347871	0.986825168132782
6588.86755347871	0.9855398535728455
6588.92450347871	0.9830698370933533
6588.98145347871	0.9799671769142151
6589.03840347871	0.984022855758667
6589.0953534787095	0.9918032288551331
6589.15230347871	0.9948484897613525
6589.20925347871	0.9954941868782043
6589.26620347871	0.9984157085418701
6589.32315347871	1.0024598836898804
6589.38010347871	1.0027679204940796
6589.43705347871	1.0012832880020142
6589.49400347871	1.0003596544265747
6589.55095347871	0.9996973276138306
6589.60790347871	0.9981832504272461
6589.66485347871	0.9962834715843201
6589.72180347871	1.0006842613220215
6589.77875347871	1.0078524351119995
6589.83570347871	1.0048348903656006
6589.89265347871	0.9974814057350159
6589.94960347871	1.0030611753463745
6590.00655347871	1.0139720439910889
6590.06350347871	1.0136512517929077
6590.12045347871	1.0088523626327515
6590.17740347871	1.007463812828064
6590.23435347871	1.0073888301849365
6590.29130347871	1.0072641372680664
6590.34825347871	1.0071206092834473
6590.40520347871	1.000994324684143
6590.46215347871	0.99272221326828
6590.51910347871	0.9981429576873779
6590.57605347871	1.008291482925415
6590.63300347871	1.0115950107574463
6590.68995347871	1.01262629032135
6590.74690347871	1.0071650743484497
6590.80385347871	0.9996334314346313
6590.86080347871	0.9958401322364807
6590.9177534787095	0.9931890368461609
6590.97470347871	0.9988163709640503
6591.03165347871	1.0068665742874146
6591.08860347871	1.0076878070831299
6591.14555347871	1.0064878463745117
6591.20250347871	1.0058298110961914
6591.25945347871	1.0053162574768066
6591.31640347871	1.0088435411453247
6591.37335347871	1.0133967399597168
6591.43030347871	1.0103461742401123
6591.48725347871	1.0054622888565063
6591.54420347871	1.007081389427185
6591.60115347871	1.0101854801177979
6591.65810347871	1.005437970161438
6591.71505347871	0.9989956021308899
6591.77200347871	1.0048975944519043
6591.82895347871	1.0133095979690552
6591.88590347871	1.0136559009552002
6591.94285347871	1.012462854385376
6591.9998034787095	1.0057467222213745
6592.05675347871	0.9980437755584717
6592.11370347871	0.9981392621994019
6592.17065347871	0.999531626701355
6592.22760347871	0.9953975081443787
6592.28455347871	0.9904109239578247
6592.34150347871	1.0001871585845947
6592.39845347871	1.012062907218933
6592.45540347871	1.0137113332748413
6592.51235347871	1.0140283107757568
6592.56930347871	1.00978422164917
6592.62625347871	1.0049996376037598
6592.68320347871	1.0011857748031616
6592.7401534787095	0.9974749684333801
6592.79710347871	0.999863862991333
6592.85405347871	1.0028326511383057
6592.91100347871	1.006795883178711
6592.96795347871	1.0108426809310913
6593.02490347871	1.0136466026306152
6593.08185347871	1.016361117362976
6593.13880347871	1.0162854194641113
6593.19575347871	1.0160400867462158
6593.25270347871	1.021163821220398
6593.30965347871	1.0265543460845947
6593.36660347871	1.0192393064498901
6593.42355347871	1.0114343166351318
6593.48050347871	0.999810516834259
6593.53745347871	0.9880800247192383
6593.59440347871	0.9907796382904053
6593.65135347871	0.9937196969985962
6593.70830347871	0.9845834970474243
6593.76525347871	0.9754530191421509
6593.8222034787095	0.9825640916824341
6593.87915347871	0.98954176902771
6593.93610347871	0.9879997372627258
6593.99305347871	0.9864477515220642
6594.05000347871	0.9845373034477234
6594.10695347871	0.9828678369522095
6594.16390347871	0.9874125719070435
6594.22085347871	0.991941511631012
6594.27780347871	0.9961499571800232
6594.33475347871	0.9999973177909851
6594.39170347871	0.9981460571289062
6594.44865347871	0.996929407119751
6594.50560347871	1.004017949104309
6594.56255347871	1.0103096961975098
6594.61950347871	1.0077248811721802
6594.67645347871	1.0054583549499512
6594.73340347871	1.0062642097473145
6594.79035347871	1.0073013305664062
6594.84730347871	1.0102962255477905
6594.9042534787095	1.01267409324646
6594.96120347871	1.0104148387908936
6595.01815347871	1.0089000463485718
6595.07510347871	1.0123971700668335
6595.13205347871	1.014726161956787
6595.18900347871	1.0099592208862305
6595.24595347871	1.0062408447265625
6595.30290347871	1.008306860923767
6595.35985347871	1.0093015432357788
6595.41680347871	1.0049030780792236
6595.47375347871	1.0008734464645386
6595.53070347871	0.9985473155975342
6595.58765347871	0.9962671995162964
6595.6446034787095	0.9941832423210144
6595.70155347871	0.9937383532524109
6595.75850347871	0.9997211694717407
6595.81545347871	1.004668116569519
6595.87240347871	1.005851149559021
6595.92935347871	1.0070348978042603
6595.98630347871	1.0082204341888428
6596.04325347871	1.0079599618911743
6596.10020347871	1.0031623840332031
6596.15715347871	1.0014472007751465
6596.21410347871	1.0087497234344482
6596.27105347871	1.0114344358444214
6596.32800347871	1.0015015602111816
6596.38495347871	0.995437741279602
6596.44190347871	0.9992644190788269
6596.49885347871	1.0050820112228394
6596.55580347871	1.0156649351119995
6596.61275347871	1.0207650661468506
6596.66970347871	1.0135549306869507
6596.7266534787095	1.0101872682571411
6596.78360347871	1.0149186849594116
6596.84055347871	1.0134965181350708
6596.89750347871	0.9998895525932312
6596.95445347871	0.9937680959701538
6597.01140347871	1.0015846490859985
6597.06835347871	1.004919409751892
6597.12530347871	1.0004029273986816
6597.18225347871	0.9982508420944214
6597.23920347871	0.9999976754188538
6597.29615347871	0.9993340969085693
6597.35310347871	0.9949278831481934
6597.41005347871	0.9958892464637756
6597.46700347871	1.0047017335891724
6597.52395347871	1.0085593461990356
6597.58090347871	1.0055885314941406
6597.63785347871	1.0055427551269531
6597.69480347871	1.0092952251434326
6597.75175347871	1.009169101715088
6597.8087034787095	1.0042976140975952
6597.86565347871	1.0049294233322144
6597.92260347871	1.0119045972824097
6597.97955347871	1.016406536102295
6598.03650347871	1.0182232856750488
6598.09345347871	1.0186392068862915
6598.15040347871	1.0176230669021606
6598.20735347871	1.009879231452942
6598.26430347871	0.9956621527671814
6598.32125347871	0.9928010702133179
6598.37820347871	1.0002185106277466
6598.43515347871	1.0029889345169067
6598.49210347871	1.001805067062378
6598.5490534787095	0.9973764419555664
6598.60600347871	0.990354061126709
6598.66295347871	0.9911706447601318
6598.71990347871	0.99786776304245
6598.77685347871	1.0084788799285889
6598.83380347871	1.0218431949615479
6598.89075347871	1.0211409330368042
6598.94770347871	1.011175513267517
6599.00465347871	1.0011407136917114
6599.06160347871	0.9910628199577332
6599.11855347871	0.9856184124946594
6599.17550347871	0.9828373789787292
6599.23245347871	0.9815822839736938
6599.28940347871	0.9811446070671082
6599.34635347871	0.985565185546875
6599.40330347871	0.9924064874649048
6599.46025347871	0.9922462701797485
6599.51720347871	0.9888492822647095
6599.57415347871	0.9910833835601807
6599.6311034787095	0.9957263469696045
6599.68805347871	0.9949284791946411
6599.74500347871	0.9919835925102234
6599.80195347871	0.9955175518989563
6599.85890347871	1.0014019012451172
6599.91585347871	1.003221869468689
6599.97280347871	1.0036922693252563
6600.02975347871	0.9990648031234741
6600.08670347871	0.9928944110870361
6600.14365347871	0.9865113496780396
6600.20060347871	0.9800692796707153
6600.25755347871	0.9850509166717529
6600.31450347871	0.9928526282310486
6600.37145347871	0.9936954975128174
6600.42840347871	0.993004560470581
6600.48535347871	0.9950961470603943
6600.54230347871	0.9977304339408875
6600.59925347871	0.997269332408905
6600.65620347871	0.9962806105613708
6600.7131534787095	0.9949420094490051
6600.77010347871	0.9935519099235535
6600.82705347871	1.0003747940063477
6600.88400347871	1.0082143545150757
6600.94095347871	1.0005369186401367
6600.99790347871	0.9912833571434021
6601.05485347871	0.9976449608802795
6601.11180347871	1.005257248878479
6601.16875347871	1.0038995742797852
6601.22570347871	1.0020099878311157
6601.28265347871	1.002648115158081
6601.33960347871	1.0033851861953735
6601.39655347871	1.0054981708526611
6601.4535034787095	1.0076383352279663
6601.51045347871	1.0059865713119507
6601.56740347871	1.0043461322784424
6601.62435347871	1.0035136938095093
6601.68130347871	1.002639889717102
6601.73825347871	1.0006791353225708
6601.79520347871	0.9986778497695923
6601.85215347871	0.995989203453064
6601.90910347871	0.9944374561309814
6601.96605347871	1.0070453882217407
6602.02300347871	1.0177134275436401
6602.07995347871	1.0095436573028564
6602.13690347871	1.001869559288025
6602.19385347871	0.9981083273887634
6602.25080347871	0.9953098297119141
6602.30775347871	0.9988491535186768
6602.36470347871	1.0011224746704102
6602.42165347871	0.9962955117225647
6602.47860347871	0.9946243762969971
6602.5355534787095	1.0082672834396362
6602.59250347871	1.0174016952514648
6602.64945347871	1.0073773860931396
6602.70640347871	1.000381350517273
6602.76335347871	1.0047595500946045
6602.82030347871	1.008557677268982
6602.87725347871	1.0104153156280518
6602.93420347871	1.0127002000808716
6602.99115347871	1.01626455783844
6603.04810347871	1.0200347900390625
6603.10505347871	1.0243602991104126
6603.16200347871	1.024983286857605
6603.21895347871	1.0165653228759766
6603.27590347871	1.0100289583206177
6603.33285347871	1.0076645612716675
6603.38980347871	1.0070655345916748
6603.44675347871	1.0100291967391968
6603.50370347871	1.0099023580551147
6603.56065347871	1.0040844678878784
6603.6176034787095	1.0012478828430176
6603.67455347871	1.0034310817718506
6603.73150347871	1.0042788982391357
6603.78845347871	1.0030678510665894
6603.84540347871	1.0025708675384521
6603.90235347871	1.0030828714370728
6603.95930347871	1.0060725212097168
6604.01625347871	1.0122747421264648
6604.07320347871	1.0142135620117188
6604.13015347871	1.011077880859375
6604.18710347871	1.0110321044921875
6604.24405347871	1.0143630504608154
6604.30100347871	1.0133243799209595
6604.3579534787095	1.00790274143219
6604.41490347871	1.0109553337097168
6604.47185347871	1.0218074321746826
6604.52880347871	1.0251123905181885
6604.58575347871	1.0220495462417603
6604.64270347871	1.0209643840789795
6604.69965347871	1.0214078426361084
6604.75660347871	1.0143684148788452
6604.81355347871	1.002041220664978
6604.87050347871	1.0059092044830322
6604.92745347871	1.0202220678329468
6604.98440347871	1.018800139427185
6605.04135347871	1.0081377029418945
6605.09830347871	1.00700843334198
6605.15525347871	1.0109622478485107
6605.21220347871	1.0054082870483398
6605.26915347871	0.9952662587165833
6605.32610347871	0.9895389080047607
6605.38305347871	0.9857305288314819
6605.4400034787095	0.9907015562057495
6605.49695347871	0.9990952610969543
6605.55390347871	1.0023455619812012
6605.61085347871	1.0038092136383057
6605.66780347871	1.0094842910766602
6605.72475347871	1.0164536237716675
6605.78170347871	1.0084420442581177
6605.83865347871	0.9963959455490112
6605.89560347871	0.9969077706336975
6605.95255347871	1.0003483295440674
6606.00950347871	1.0007768869400024
6606.06645347871	1.0006059408187866
6606.12340347871	1.0005615949630737
6606.18035347871	1.0005383491516113
6606.23730347871	1.0071039199829102
6606.29425347871	1.0145633220672607
6606.35120347871	1.0126421451568604
6606.40815347871	1.0097256898880005
6606.46510347871	1.0075899362564087
6606.52205347871	1.0055147409439087
6606.57900347871	1.0031477212905884
6606.63595347871	1.0007652044296265
6606.69290347871	1.0097146034240723
6606.74985347871	1.01895272731781
6606.80680347871	1.0158241987228394
6606.86375347871	1.0126163959503174
6606.92070347871	1.0065245628356934
6606.97765347871	1.0007452964782715
6607.03460347871	1.0012675523757935
6607.09155347871	1.0019581317901611
6607.14850347871	1.0048273801803589
6607.20545347871	1.0068295001983643
6607.2624034787095	1.0006707906723022
6607.31935347871	0.9966115355491638
6607.37630347871	1.0078706741333008
6607.43325347871	1.0153461694717407
6607.49020347871	1.0005412101745605
6607.54715347871	0.9891967177391052
6607.60410347871	0.9947609305381775
6607.66105347871	1.001226782798767
6607.71800347871	1.0114179849624634
6607.77495347871	1.0159974098205566
6607.83190347871	1.0006520748138428
6607.88885347871	0.992041826248169
6607.94580347871	1.0042051076889038
6608.00275347871	1.0102721452713013
6608.05970347871	0.9998610615730286
6608.11665347871	0.9909093976020813
6608.17360347871	0.9854408502578735
6608.23055347871	0.9845826625823975
6608.28750347871	0.9934846758842468
6608.34445347871	0.9982946515083313
6608.40140347871	0.9953827261924744
6608.45835347871	0.9961056113243103
6608.51530347871	1.0029633045196533
6608.57225347871	1.010485291481018
6608.62920347871	1.0190128087997437
6608.68615347871	1.0221806764602661
6608.74310347871	1.0180598497390747
6608.80005347871	1.0152033567428589
6608.85700347871	1.0138936042785645
6608.91395347871	1.0099451541900635
6608.97090347871	1.003090739250183
6609.02785347871	1.0010029077529907
6609.08480347871	1.0036410093307495
6609.14175347871	1.009681224822998
6609.19870347871	1.0187567472457886
6609.25565347871	1.0158648490905762
6609.31260347871	1.0033771991729736
6609.36955347871	1.0031156539916992
6609.42650347871	1.0116500854492188
6609.48345347871	1.0075312852859497
6609.54040347871	0.99526447057724
6609.59735347871	0.9924683570861816
6609.65430347871	0.9951127171516418
6609.71125347871	1.002017855644226
6609.76820347871	1.0110979080200195
6609.82515347871	1.0138599872589111
6609.88210347871	1.0137723684310913
6609.93905347871	1.0106080770492554
6609.99600347871	1.006225347518921
6610.05295347871	0.9976335763931274
6610.10990347871	0.9875900745391846
6610.1668534787095	0.9879748821258545
6610.22380347871	0.9914566874504089
6610.28075347871	0.9950905442237854
6610.33770347871	0.9987629055976868
6610.39465347871	1.0087025165557861
6610.45160347871	1.0199613571166992
6610.50855347871	1.0176737308502197
6610.56550347871	1.0130687952041626
6610.62245347871	1.0171018838882446
6610.67940347871	1.022292971611023
6610.73635347871	1.0179181098937988
6610.79330347871	1.0125943422317505
6610.85025347871	1.017025351524353
6610.90720347871	1.0221025943756104
6610.96415347871	1.0211302042007446
6611.02110347871	1.019945502281189
6611.07805347871	1.0210564136505127
6611.13500347871	1.0222723484039307
6611.19195347871	1.02742600440979
6611.24890347871	1.031532883644104
6611.30585347871	1.0163450241088867
6611.36280347871	1.0038713216781616
6611.41975347871	1.0225639343261719
6611.47670347871	1.0379477739334106
6611.53365347871	1.0262590646743774
6611.59060347871	1.0159698724746704
6611.64755347871	1.0144387483596802
6611.70450347871	1.013025164604187
6611.76145347871	1.0121990442276
6611.81840347871	1.0097371339797974
6611.87535347871	1.0005662441253662
6611.93230347871	0.9910256862640381
6611.9892534787095	0.9802166819572449
6612.04620347871	0.976596474647522
6612.10315347871	0.9940198659896851
6612.16010347871	1.0090597867965698
6612.21705347871	1.018092393875122
6612.27400347871	1.0254079103469849
6612.33095347871	1.0289665460586548
6612.38790347871	1.0287102460861206
6612.44485347871	1.0211608409881592
6612.50180347871	1.0156277418136597
6612.55875347871	1.0134801864624023
6612.61570347871	1.0097442865371704
6612.67265347871	1.0036579370498657
6612.72960347871	1.002413034439087
6612.78655347871	1.0075002908706665
6612.84350347871	1.0091650485992432
6612.90045347871	1.0068681240081787
6612.95740347871	1.0021165609359741
6613.01435347871	0.9948486089706421
6613.0713034787095	0.9882080554962158
6613.12825347871	0.9821367859840393
6613.18520347871	0.9802536964416504
6613.24215347871	0.9817322492599487
6613.29910347871	0.9842516183853149
6613.35605347871	0.987508237361908
6613.41300347871	0.9891848564147949
6613.46995347871	0.9898771047592163
6613.52690347871	0.986617386341095
6613.58385347871	0.9812014698982239
6613.64080347871	0.9783692955970764
6613.69775347871	0.9767639636993408
6613.75470347871	0.9750396013259888
6613.81165347871	0.9732661247253418
6613.86860347871	0.9837135672569275
6613.92555347871	0.9984475374221802
6613.98250347871	1.0051084756851196
6614.03945347871	1.0093812942504883
6614.09640347871	1.007806658744812
6614.15335347871	1.0047987699508667
6614.21030347871	1.0017056465148926
6614.26725347871	0.9985952377319336
6614.32420347871	0.9973297119140625
6614.38115347871	0.9963483810424805
6614.43810347871	1.002935528755188
6614.49505347871	1.0103806257247925
6614.55200347871	1.005689024925232
6614.60895347871	1.000085473060608
6614.66590347871	1.0065395832061768
6614.72285347871	1.0134679079055786
6614.77980347871	1.0123275518417358
6614.83675347871	1.011132836341858
6614.8937034787095	1.0096420049667358
6614.95065347871	1.0086524486541748
6615.00760347871	1.015663981437683
6615.06455347871	1.0212109088897705
6615.12150347871	1.0122058391571045
6615.17845347871	1.0045830011367798
6615.23540347871	1.006722092628479
6615.29235347871	1.009823203086853
6615.34930347871	1.0180976390838623
6615.40625347871	1.0245424509048462
6615.46320347871	1.0231680870056152
6615.52015347871	1.0234458446502686
6615.57710347871	1.0294933319091797
6615.63405347871	1.0308068990707397
6615.69100347871	1.0183395147323608
6615.74795347871	1.0104444026947021
6615.80490347871	1.013806700706482
6615.86185347871	1.015840768814087
6615.91880347871	1.015080451965332
6615.9757534787095	1.0203781127929688
6616.03270347871	1.0366536378860474
6616.08965347871	1.0373350381851196
6616.14660347871	1.0135363340377808
6616.20355347871	1.0013830661773682
6616.26050347871	1.005129337310791
6616.31745347871	1.0060756206512451
6616.37440347871	1.003689169883728
6616.43135347871	1.0014333724975586
6616.48830347871	0.9993133544921875
6616.54525347871	1.0025962591171265
6616.60220347871	1.0107784271240234
6616.65915347871	1.0188372135162354
6616.71610347871	1.0267986059188843
6616.77305347871	1.0272332429885864
6616.83000347871	1.0224974155426025
6616.88695347871	1.0150089263916016
6616.94390347871	1.0058835744857788
6617.00085347871	0.9989534616470337
6617.05780347871	0.9931457042694092
6617.11475347871	0.9957037568092346
6617.17170347871	1.0019125938415527
6617.22865347871	1.003699541091919
6617.28560347871	1.0038584470748901
6617.34255347871	1.004006028175354
6617.39950347871	1.004150152206421
6617.45645347871	1.0047059059143066
6617.51340347871	1.0053640604019165
6617.57035347871	1.0026328563690186
6617.62730347871	0.9992350339889526
6617.68425347871	1.0070371627807617
6617.74120347871	1.0165008306503296
6617.7981534787095	1.0215274095535278
6617.85510347871	1.0260945558547974
6617.91205347871	1.0200196504592896
6617.96900347871	1.013283133506775
6618.02595347871	1.0072896480560303
6618.08290347871	1.0014607906341553
6618.13985347871	1.0071877241134644
6618.19680347871	1.0124939680099487
6618.25375347871	1.0095182657241821
6618.31070347871	1.0074249505996704
6618.36765347871	1.0149320363998413
6618.42460347871	1.0205636024475098
6618.48155347871	1.0124626159667969
6618.53850347871	1.0048420429229736
6618.59545347871	0.9998182058334351
6618.65240347871	0.9973128437995911
6618.70935347871	1.0053764581680298
6618.76630347871	1.0097321271896362
6618.82325347871	1.001586675643921
6618.8802034787095	0.9966914653778076
6618.93715347871	1.0008025169372559
6618.99410347871	1.0061209201812744
6619.05105347871	1.014232873916626
6619.10800347871	1.0196270942687988
6619.16495347871	1.0197075605392456
6619.22190347871	1.0166760683059692
6619.27885347871	1.0084625482559204
6619.33580347871	1.0078943967819214
6619.39275347871	1.0182346105575562
6619.44970347871	1.0213772058486938
6619.50665347871	1.0156899690628052
6619.56360347871	1.0100758075714111
6619.62055347871	1.004538893699646
6619.67750347871	1.0039620399475098
6619.73445347871	1.0079008340835571
6619.79140347871	1.017240047454834
6619.84835347871	1.030808448791504
6619.90530347871	1.0275174379348755
6619.96225347871	1.012905478477478
6620.01920347871	1.0133334398269653
6620.07615347871	1.022374153137207
6620.13310347871	1.0346533060073853
6620.19005347871	1.0485022068023682
6620.24700347871	1.0307854413986206
6620.30395347871	1.000261664390564
6620.36090347871	1.0037354230880737
6620.41785347871	1.0185827016830444
6620.47480347871	1.0208532810211182
6620.53175347871	1.0197275876998901
6620.58870347871	1.0127719640731812
6620.64565347871	1.0045841932296753
6620.7026034787095	1.0041413307189941
6620.75955347871	1.004919171333313
6620.81650347871	1.0113120079040527
6620.87345347871	1.0183135271072388
6620.93040347871	1.017383098602295
6620.98735347871	1.0159528255462646
6621.04430347871	1.0171761512756348
6621.10125347871	1.0182914733886719
6621.15820347871	1.0105297565460205
6621.21515347871	1.0031943321228027
6621.27210347871	1.002920150756836
6621.32905347871	1.0029937028884888
6621.38600347871	1.0063451528549194
6621.44295347871	1.0093238353729248
6621.49990347871	1.009914755821228
6621.55685347871	1.0114437341690063
6621.61380347871	1.017418384552002
6621.67075347871	1.0206679105758667
6621.72770347871	1.0138823986053467
6621.7846534787095	1.0083509683609009
6621.84160347871	1.0065240859985352
6621.89855347871	1.0019930601119995
6621.95550347871	0.9909237027168274
6622.01245347871	0.9856309294700623
6622.06940347871	0.9919498562812805
6622.12635347871	0.9966647028923035
6622.18330347871	0.9986711740493774
6622.24025347871	0.9995037913322449
6622.29720347871	0.9986605048179626
6622.35415347871	0.9995691180229187
6622.41110347871	1.0026023387908936
6622.46805347871	1.007773995399475
6622.52500347871	1.0151532888412476
6622.58195347871	1.0133222341537476
6622.63890347871	1.0033986568450928
6622.69585347871	0.9984118938446045
6622.75280347871	0.9971087574958801
6622.80975347871	1.0000351667404175
6622.86670347871	1.0056300163269043
6622.92365347871	1.0012859106063843
6622.98060347871	0.9916776418685913
6623.03755347871	0.9969230890274048
6623.09450347871	1.0087037086486816
6623.15145347871	1.0029940605163574
6623.20840347871	0.990987241268158
6623.26535347871	0.9948667883872986
6623.32230347871	1.003326177597046
6623.37925347871	0.9998607635498047
6623.43620347871	0.9937291741371155
6623.49315347871	1.002355933189392
6623.55010347871	1.013416051864624
6623.6070534787095	1.011088252067566
6623.66400347871	1.0072686672210693
6623.72095347871	1.0040171146392822
6623.77790347871	1.0008009672164917
6623.83485347871	1.0026624202728271
6623.89180347871	1.0046271085739136
6623.94875347871	1.007147192955017
6624.00570347871	1.009097695350647
6624.06265347871	1.002997875213623
6624.11960347871	0.9985069632530212
6624.17655347871	1.0073158740997314
6624.23350347871	1.0157989263534546
6624.29045347871	1.0224332809448242
6624.34740347871	1.0262799263000488
6624.40435347871	1.0183955430984497
6624.46130347871	1.0115749835968018
6624.51825347871	1.0082330703735352
6624.57520347871	1.0061529874801636
6624.63215347871	1.007373571395874
6624.6891034787095	1.008206844329834
6624.74605347871	1.0082135200500488
6624.80300347871	1.0089584589004517
6624.85995347871	1.011007308959961
6624.91690347871	1.0109975337982178
6624.97385347871	1.0079540014266968
6625.03080347871	1.0072500705718994
6625.08775347871	1.0094399452209473
6625.14470347871	1.0055806636810303
6625.20165347871	0.9954237937927246
6625.25860347871	0.9946615099906921
6625.31555347871	1.0021315813064575
6625.37250347871	1.0054208040237427
6625.42945347871	1.00563383102417
6625.48640347871	1.002753734588623
6625.54335347871	0.997972846031189
6625.60030347871	0.9978217482566833
6625.65725347871	1.0000265836715698
6625.71420347871	1.0051591396331787
6625.77115347871	1.011509656906128
6625.82810347871	1.0153577327728271
6625.88505347871	1.0183707475662231
6625.94200347871	1.0198246240615845
6625.99895347871	1.020872712135315
6626.05590347871	1.02395498752594
6626.11285347871	1.0274323225021362
6626.16980347871	1.0197458267211914
6626.22675347871	1.0105559825897217
6626.28370347871	1.028386116027832
6626.34065347871	1.0483946800231934
6626.39760347871	1.0296660661697388
6626.45455347871	1.010036587715149
6626.51150347871	1.0127801895141602
6626.56845347871	1.0159659385681152
6626.62540347871	1.026294469833374
6626.68235347871	1.0341980457305908
6626.73930347871	1.0209420919418335
6626.79625347871	1.0102211236953735
6626.85320347871	1.0141570568084717
6626.91015347871	1.0192866325378418
6626.96710347871	1.0294328927993774
6627.02405347871	1.0347660779953003
6627.08100347871	1.0246127843856812
6627.13795347871	1.017782211303711
6627.19490347871	1.0194083452224731
6627.25185347871	1.0173534154891968
6627.30880347871	1.0077292919158936
6627.36575347871	1.0009304285049438
6627.42270347871	0.998893141746521
6627.47965347871	1.0131728649139404
6627.53660347871	1.0501943826675415
6627.5935534787095	1.0559288263320923
6627.65050347871	1.0254064798355103
6627.70745347871	1.0062391757965088
6627.76440347871	0.9980349540710449
6627.82135347871	0.9941244721412659
6627.87830347871	0.9936641454696655
6627.93525347871	0.9944424629211426
6627.99220347871	0.9960456490516663
6628.04915347871	1.0002278089523315
6628.10610347871	1.005821943283081
6628.16305347871	1.0002784729003906
6628.22000347871	0.9897827506065369
6628.27695347871	0.9884317517280579
6628.3339034787095	0.9903210401535034
6628.39085347871	0.9964027404785156
6628.44780347871	1.0036351680755615
6628.50475347871	1.0060381889343262
6628.56170347871	1.0074591636657715
6628.61865347871	1.0036749839782715
6628.67560347871	0.9991641640663147
6628.73255347871	1.0056368112564087
6628.78950347871	1.0130113363265991
6628.84645347871	1.0130031108856201
6628.90340347871	1.0126919746398926
6628.96035347871	1.0078684091567993
6629.01730347871	1.0033187866210938
6629.07425347871	1.0027363300323486
6629.13120347871	1.0029783248901367
6629.18815347871	1.0097764730453491
6629.24510347871	1.0130441188812256
6629.30205347871	0.9976254105567932
6629.35900347871	0.9869450330734253
6629.41595347871	0.9945051670074463
6629.47290347871	0.9993630647659302
6629.52985347871	0.9962690472602844
6629.58680347871	0.9947052001953125
6629.64375347871	0.996692419052124
6629.70070347871	0.9986758232116699
6629.75765347871	1.0006523132324219
6629.81460347871	1.0059430599212646
6629.87155347871	1.016276478767395
6629.92850347871	1.019842505455017
6629.98545347871	1.014950156211853
6630.04240347871	1.0113404989242554
6630.09935347871	1.0090528726577759
6630.15630347871	1.003257393836975
6630.21325347871	0.9944807291030884
6630.27020347871	0.9946672320365906
6630.32715347871	1.0011128187179565
6630.38410347871	1.0016001462936401
6630.44105347871	0.9986944198608398
6630.49800347871	1.0016754865646362
6630.55495347871	1.0073555707931519
6630.61190347871	1.005666971206665
6630.66885347871	1.0013104677200317
6630.72580347871	0.9984514117240906
6630.78275347871	0.99600750207901
6630.83970347871	1.0027201175689697
6630.89665347871	1.0112853050231934
6630.95360347871	1.008958101272583
6631.01055347871	1.0051544904708862
6631.06750347871	1.0118048191070557
6631.12445347871	1.0192458629608154
6631.18140347871	1.015640139579773
6631.2383534787095	1.0120198726654053
6631.29530347871	1.0161641836166382
6631.35225347871	1.019328236579895
6631.40920347871	1.0108240842819214
6631.46615347871	1.0036096572875977
6631.52310347871	1.0052638053894043
6631.58005347871	1.0075029134750366
6631.63700347871	1.0124694108963013
6631.69395347871	1.014729380607605
6631.75090347871	1.0077381134033203
6631.80785347871	1.0046658515930176
6631.86480347871	1.0118646621704102
6631.92175347871	1.0156916379928589
6631.97870347871	1.0125529766082764
6632.03565347871	1.0086209774017334
6632.09260347871	1.0033739805221558
6632.14955347871	1.001003623008728
6632.20650347871	1.0025025606155396
6632.26345347871	1.0070130825042725
6632.32040347871	1.0148290395736694
6632.37735347871	1.0130671262741089
6632.43430347871	1.002714991569519
6632.49125347871	1.0150513648986816
6632.54820347871	1.0439715385437012
6632.60515347871	1.0489157438278198
6632.66210347871	1.0396806001663208
6632.71905347871	1.0246243476867676
6632.77600347871	1.0068180561065674
6632.83295347871	1.008594036102295
6632.88990347871	1.0176109075546265
6632.94685347871	1.0084497928619385
6633.00380347871	0.9941930174827576
6633.06075347871	0.995503306388855
6633.11770347871	0.9999528527259827
6633.17465347871	1.0016170740127563
6633.23160347871	1.002913475036621
6633.28855347871	1.0039119720458984
6633.34550347871	1.0048893690109253
6633.40245347871	0.995989978313446
6633.45940347871	0.9872859120368958
6633.51635347871	0.987056314945221
6633.57330347871	0.9876481890678406
6633.63025347871	0.9965962171554565
6633.68720347871	1.0044745206832886
6633.74415347871	1.005855679512024
6633.80110347871	1.0069682598114014
6633.85805347871	1.006960153579712
6633.91500347871	1.0100679397583008
6633.97195347871	1.0227618217468262
6634.02890347871	1.0298439264297485
6634.08585347871	1.0236741304397583
6634.1428034787095	1.016770362854004
6634.19975347871	1.0085022449493408
6634.25670347871	1.0033845901489258
6634.31365347871	1.0029503107070923
6634.37060347871	1.0040658712387085
6634.42755347871	1.0070399045944214
6634.48450347871	1.0104271173477173
6634.54145347871	1.0142154693603516
6634.59840347871	1.0207723379135132
6634.65535347871	1.0295041799545288
6634.71230347871	1.0291906595230103
6634.76925347871	1.0231642723083496
6634.82620347871	1.0207277536392212
6634.88315347871	1.0200926065444946
6634.94010347871	1.0158690214157104
6634.99705347871	1.0102428197860718
6635.05400347871	1.019673228263855
6635.11095347871	1.0335458517074585
6635.16790347871	1.0325560569763184
6635.22485347871	1.0284241437911987
6635.28180347871	1.017637014389038
6635.33875347871	1.005933165550232
6635.39570347871	1.0155220031738281
6635.45265347871	1.0266523361206055
6635.50960347871	1.0229023694992065
6635.56655347871	1.018782138824463
6635.62350347871	1.0107916593551636
6635.68045347871	1.0034319162368774
6635.73740347871	1.0021636486053467
6635.79435347871	1.0000842809677124
6635.85130347871	0.9933299422264099
6635.90825347871	0.9899269938468933
6635.96520347871	0.9997657537460327
6636.02215347871	1.0049439668655396
6636.07910347871	0.9965938329696655
6636.13605347871	0.9904501438140869
6636.19300347871	0.9892041683197021
6636.24995347871	0.9882391095161438
6636.30690347871	0.9877628087997437
6636.36385347871	0.9871851205825806
6636.42080347871	0.9864674210548401
6636.47775347871	0.9877644777297974
6636.53470347871	0.9912939667701721
6636.59165347871	0.9963250160217285
6636.64860347871	1.0026919841766357
6636.70555347871	1.0078905820846558
6636.76250347871	1.0122570991516113
6636.81945347871	1.0125811100006104
6636.87640347871	1.0106232166290283
6636.93335347871	1.0079586505889893
6636.99030347871	1.0049829483032227
6637.0472534787095	1.0041049718856812
6637.10420347871	1.0039273500442505
6637.16115347871	1.016146183013916
6637.21810347871	1.0313667058944702
6637.27505347871	1.0153350830078125
6637.33200347871	0.9942397475242615
6637.38895347871	0.9976289868354797
6637.44590347871	1.0032576322555542
6637.50285347871	0.9981901049613953
6637.55980347871	0.9929264783859253
6637.61675347871	0.9915990233421326
6637.67370347871	0.9905818104743958
6637.73065347871	0.992957592010498
6637.78760347871	0.9953585267066956
6637.84455347871	0.9979148507118225
6637.90150347871	1.001174807548523
6637.95845347871	1.0073198080062866
6638.01540347871	1.0116983652114868
6638.07235347871	1.0108463764190674
6638.12930347871	1.0098185539245605
6638.18625347871	1.0083976984024048
6638.24320347871	1.0080435276031494
6638.30015347871	1.0095422267913818
6638.35710347871	1.0118739604949951
6638.41405347871	1.0153462886810303
6638.47100347871	1.013281226158142
6638.52795347871	1.0051908493041992
6638.58490347871	1.006433129310608
6638.64185347871	1.0157604217529297
6638.69880347871	1.0080876350402832
6638.75575347871	0.9887394905090332
6638.81270347871	0.9877833724021912
6638.86965347871	0.9967315793037415
6638.92660347871	0.9973013997077942
6638.98355347871	0.9944027662277222
6639.04050347871	0.9976933598518372
6639.09745347871	1.0028892755508423
6639.15440347871	0.999605655670166
6639.21135347871	0.994486927986145
6639.26830347871	0.9929831027984619
6639.32525347871	0.9919737577438354
6639.38220347871	0.9918473958969116
6639.43915347871	0.9917799234390259
6639.49610347871	0.9908286333084106
6639.55305347871	0.9899232387542725
6639.61000347871	0.9899133443832397
6639.66695347871	0.9898896217346191
6639.72390347871	0.9897572994232178
6639.78085347871	0.9899168014526367
6639.83780347871	0.9915079474449158
6639.89475347871	0.99407958984375
6639.9517034787095	0.9999772310256958
6640.00865347871	1.003909707069397
6640.06560347871	1.0029399394989014
6640.12255347871	1.0016086101531982
6640.17950347871	0.9995901584625244
6640.23645347871	0.9985544681549072
6640.29340347871	0.99897301197052
6640.35035347871	1.0029160976409912
6640.40730347871	1.0109624862670898
6640.46425347871	1.0108394622802734
6640.52120347871	1.003203272819519
6640.57815347871	0.996363639831543
6640.63510347871	0.9901010394096375
6640.69205347871	0.9898624420166016
6640.74900347871	0.993026614189148
6640.80595347871	0.9924840927124023
6640.86290347871	0.9903396368026733
6640.91985347871	0.9928401112556458
6640.97680347871	0.9968266487121582
6641.03375347871	0.9990705847740173
6641.09070347871	1.0009241104125977
6641.14765347871	1.0094650983810425
6641.20460347871	1.0189470052719116
6641.26155347871	1.005643367767334
6641.31850347871	0.9907893538475037
6641.37545347871	1.0003267526626587
6641.43240347871	1.0092030763626099
6641.48935347871	1.0053222179412842
6641.54630347871	1.004263162612915
6641.60325347871	1.0247045755386353
6641.66020347871	1.043722152709961
6641.71715347871	1.0560864210128784
6641.77410347871	0.9735642671585083
6641.83105347871	0.5846032500267029
6641.88800347871	0.2634904384613037
