6526.37743582	0.113980398958
6526.37743582	0.9800000190734863
6526.491416218958	0.9779999852180481
6526.605396617916	0.9769999980926514
6526.719377016874	0.9769999980926514
6526.833357415831	0.9800000190734863
6526.9473378147895	0.9800000190734863
6527.061318213748	0.9779999852180481
6527.175298612706	0.9760000109672546
6527.289279011664	0.9760000109672546
6527.403259410622	0.9760000109672546
6527.51723980958	0.9729999899864197
6527.631220208538	0.972000002861023
6527.7452006074955	0.9739999771118164
6527.859181006454	0.9769999980926514
6527.973161405412	0.9779999852180481
6528.08714180437	0.9760000109672546
6528.201122203328	0.9800000190734863
6528.315102602286	0.9789999723434448
6528.429083001244	0.9810000061988831
6528.543063400201	0.9800000190734863
6528.6570437991595	0.9789999723434448
6528.771024198118	0.9789999723434448
6528.885004597076	0.9789999723434448
6528.998984996034	0.9779999852180481
6529.112965394992	0.9760000109672546
6529.22694579395	0.9800000190734863
6529.340926192908	0.9819999933242798
6529.454906591865	0.9789999723434448
6529.568886990824	0.9769999980926514
6529.682867389782	0.9750000238418579
6529.79684778874	0.9769999980926514
6529.910828187698	0.9800000190734863
6530.024808586656	0.9800000190734863
6530.138788985614	0.9800000190734863
6530.252769384572	0.9779999852180481
6530.3667497835295	0.9760000109672546
6530.480730182488	0.9739999771118164
6530.594710581446	0.9710000157356262
6530.708690980404	0.9710000157356262
6530.822671379362	0.9750000238418579
6530.93665177832	0.9779999852180481
6531.050632177278	0.9800000190734863
6531.164612576235	0.9810000061988831
6531.2785929751935	0.9819999933242798
6531.392573374152	0.9810000061988831
6531.50655377311	0.9829999804496765
6531.620534172068	0.9860000014305115
6531.734514571026	0.984000027179718
6531.848494969984	0.9819999933242798
6531.962475368942	0.9789999723434448
6532.0764557678995	0.9670000076293945
6532.190436166858	0.9480000138282776
6532.304416565816	0.9300000071525574
6532.418396964774	0.9279999732971191
6532.532377363732	0.9449999928474426
6532.64635776269	0.9610000252723694
6532.760338161648	0.9729999899864197
6532.874318560605	0.9800000190734863
6532.9882989595635	0.9829999804496765
6533.102279358522	0.9850000143051147
6533.21625975748	0.9869999885559082
6533.330240156438	0.9890000224113464
6533.444220555396	0.9879999756813049
6533.558200954354	0.9879999756813049
6533.672181353312	0.9850000143051147
6533.786161752269	0.9769999980926514
6533.900142151228	0.9649999737739563
6534.014122550186	0.9549999833106995
6534.128102949144	0.9589999914169312
6534.242083348102	0.9649999737739563
6534.35606374706	0.9710000157356262
6534.470044146018	0.9760000109672546
6534.584024544976	0.9769999980926514
6534.6980049439335	0.9779999852180481
6534.811985342892	0.9789999723434448
6534.92596574185	0.9789999723434448
6535.039946140808	0.9769999980926514
6535.153926539766	0.9800000190734863
6535.267906938724	0.984000027179718
6535.381887337682	0.9879999756813049
6535.495867736639	0.9900000095367432
6535.6098481355975	0.9890000224113464
6535.723828534556	0.9869999885559082
6535.837808933514	0.9879999756813049
6535.951789332472	0.9900000095367432
6536.06576973143	0.9890000224113464
6536.179750130388	0.9890000224113464
6536.293730529346	0.9900000095367432
6536.4077109283035	0.9869999885559082
6536.521691327262	0.9810000061988831
6536.63567172622	0.9729999899864197
6536.749652125178	0.968999981880188
6536.863632524136	0.9729999899864197
6536.977612923094	0.9819999933242798
6537.091593322052	0.984000027179718
6537.205573721009	0.9850000143051147
6537.3195541199675	0.9869999885559082
6537.433534518926	0.9890000224113464
6537.547514917884	0.9860000014305115
6537.661495316842	0.9860000014305115
6537.7754757158	0.9919999837875366
6537.889456114758	0.9940000176429749
6538.003436513716	0.9909999966621399
6538.117416912673	0.9909999966621399
6538.231397311632	0.9909999966621399
6538.34537771059	0.9919999837875366
6538.459358109548	0.9940000176429749
6538.573338508506	0.9940000176429749
6538.687318907464	0.9929999709129333
6538.801299306422	0.9929999709129333
6538.91527970538	0.9909999966621399
6539.0292601043375	0.9900000095367432
6539.143240503296	0.9900000095367432
6539.257220902254	0.9929999709129333
6539.371201301212	0.9959999918937683
6539.48518170017	0.9980000257492065
6539.599162099128	0.996999979019165
6539.713142498086	0.9950000047683716
6539.827122897043	0.9959999918937683
6539.9411032960015	0.9950000047683716
6540.05508369496	0.9980000257492065
6540.169064093918	0.996999979019165
6540.283044492876	0.9909999966621399
6540.397024891834	0.9879999756813049
6540.511005290792	0.9900000095367432
6540.62498568975	0.9900000095367432
6540.7389660887075	0.9929999709129333
6540.852946487666	0.996999979019165
6540.966926886624	0.9959999918937683
6541.080907285582	0.9950000047683716
6541.19488768454	0.9980000257492065
6541.308868083498	0.9990000128746033
6541.422848482456	0.9950000047683716
6541.536828881413	0.9929999709129333
6541.6508092803715	0.9909999966621399
6541.76478967933	0.9940000176429749
6541.878770078288	0.9950000047683716
6541.992750477246	0.9890000224113464
6542.106730876204	0.9789999723434448
6542.220711275162	0.9679999947547913
6542.33469167412	0.9649999737739563
6542.448672073077	0.9739999771118164
6542.562652472036	0.9850000143051147
6542.676632870994	0.9900000095367432
6542.790613269952	0.9879999756813049
6542.90459366891	0.9879999756813049
6543.018574067868	0.9919999837875366
6543.132554466826	0.9929999709129333
6543.246534865784	0.9919999837875366
6543.3605152647415	0.9929999709129333
6543.4744956637	0.9919999837875366
6543.588476062658	0.984000027179718
6543.702456461616	0.9570000171661377
6543.816436860574	0.921999990940094
6543.930417259532	0.9049999713897705
6544.04439765849	0.9210000038146973
6544.158378057447	0.9480000138282776
6544.2723584564055	0.9750000238418579
6544.386338855364	0.9879999756813049
6544.500319254322	0.9879999756813049
6544.61429965328	0.9900000095367432
6544.728280052238	0.9919999837875366
6544.842260451196	0.9919999837875366
6544.956240850154	0.9909999966621399
6545.0702212491115	0.9929999709129333
6545.18420164807	0.9940000176429749
6545.298182047028	0.9929999709129333
6545.412162445986	0.9900000095367432
6545.526142844944	0.9879999756813049
6545.640123243902	0.9829999804496765
6545.75410364286	0.9769999980926514
6545.868084041817	0.9789999723434448
6545.9820644407755	0.984000027179718
6546.096044839734	0.9890000224113464
6546.210025238692	0.9919999837875366
6546.32400563765	0.9890000224113464
6546.437986036608	0.9879999756813049
6546.551966435566	0.9890000224113464
6546.665946834524	0.9890000224113464
6546.779927233481	0.9919999837875366
6546.89390763244	0.9929999709129333
6547.007888031398	0.9909999966621399
6547.121868430356	0.9900000095367432
6547.235848829314	0.9919999837875366
6547.349829228272	0.9900000095367432
6547.46380962723	0.9810000061988831
6547.577790026187	0.9660000205039978
6547.6917704251455	0.9589999914169312
6547.805750824104	0.9589999914169312
6547.919731223062	0.9710000157356262
6548.03371162202	0.9810000061988831
6548.147692020978	0.984000027179718
6548.261672419936	0.984000027179718
6548.375652818894	0.9679999947547913
6548.489633217851	0.9399999976158142
6548.6036136168095	0.9229999780654907
6548.717594015768	0.9259999990463257
6548.831574414726	0.9480000138282776
6548.945554813684	0.9649999737739563
6549.059535212642	0.9729999899864197
6549.1735156116	0.9760000109672546
6549.287496010558	0.9789999723434448
6549.401476409515	0.9829999804496765
6549.515456808474	0.9850000143051147
6549.629437207432	0.9860000014305115
6549.74341760639	0.9860000014305115
6549.857398005348	0.9879999756813049
6549.971378404306	0.9879999756813049
6550.085358803264	0.9829999804496765
6550.199339202221	0.9819999933242798
6550.3133196011795	0.9850000143051147
6550.427300000138	0.9850000143051147
6550.541280399096	0.984000027179718
6550.655260798054	0.9850000143051147
6550.769241197012	0.984000027179718
6550.88322159597	0.984000027179718
6550.997201994928	0.9860000014305115
6551.111182393885	0.9890000224113464
6551.225162792844	0.9890000224113464
6551.339143191802	0.9829999804496765
6551.45312359076	0.9810000061988831
6551.567103989718	0.9819999933242798
6551.681084388676	0.9819999933242798
6551.795064787634	0.9800000190734863
6551.909045186591	0.9760000109672546
6552.0230255855495	0.9729999899864197
6552.137005984508	0.972000002861023
6552.250986383466	0.9700000286102295
6552.364966782424	0.9580000042915344
6552.478947181382	0.9269999861717224
6552.59292758034	0.9039999842643738
6552.706907979298	0.9020000100135803
6552.820888378255	0.9279999732971191
6552.9348687772135	0.953000009059906
6553.048849176172	0.9679999947547913
6553.16282957513	0.9729999899864197
6553.276809974088	0.972000002861023
6553.390790373046	0.9739999771118164
6553.504770772004	0.9729999899864197
6553.618751170962	0.9610000252723694
6553.732731569919	0.9470000267028809
6553.846711968878	0.9470000267028809
6553.960692367836	0.9539999961853027
6554.074672766794	0.9620000123977661
6554.188653165752	0.9679999947547913
6554.30263356471	0.9729999899864197
6554.416613963668	0.9760000109672546
6554.530594362625	0.9739999771118164
6554.6445747615835	0.9750000238418579
6554.758555160542	0.9760000109672546
6554.8725355595	0.9760000109672546
6554.986515958458	0.9800000190734863
6555.100496357416	0.9829999804496765
6555.214476756374	0.9879999756813049
6555.328457155332	0.9980000257492065
6555.442437554289	1.0069999694824219
6555.556417953248	1.0080000162124634
6555.670398352206	1.0140000581741333
6555.784378751164	1.0219999551773071
6555.898359150122	1.027999997138977
6556.01233954908	1.027999997138977
6556.126319948038	1.0329999923706055
6556.240300346995	1.0399999618530273
6556.3542807459535	1.0460000038146973
6556.468261144912	1.0499999523162842
6556.58224154387	1.0529999732971191
6556.696221942828	1.0579999685287476
6556.810202341786	1.0570000410079956
6556.924182740744	1.0479999780654907
6557.038163139702	1.0390000343322754
6557.152143538659	1.031000018119812
6557.2661239376175	1.0360000133514404
6557.380104336576	1.0520000457763672
6557.494084735534	1.069000005722046
6557.608065134492	1.0820000171661377
6557.72204553345	1.0870000123977661
6557.836025932408	1.0839999914169312
6557.950006331366	1.0759999752044678
6558.063986730323	1.0700000524520874
6558.177967129282	1.0700000524520874
6558.29194752824	1.0750000476837158
6558.405927927198	1.0789999961853027
6558.519908326156	1.0770000219345093
6558.633888725114	1.0709999799728394
6558.747869124072	1.0670000314712524
6558.861849523029	1.059999942779541
6558.9758299219875	1.0499999523162842
6559.089810320946	1.0440000295639038
6559.203790719904	1.034999966621399
6559.317771118862	1.0240000486373901
6559.43175151782	1.0149999856948853
6559.545731916778	1.0019999742507935
6559.659712315736	0.9869999885559082
6559.773692714693	0.9710000157356262
6559.8876731136515	0.9620000123977661
6560.00165351261	0.9509999752044678
6560.115633911568	0.9340000152587891
6560.229614310526	0.9179999828338623
6560.343594709484	0.8939999938011169
6560.457575108442	0.8690000176429749
6560.571555507399	0.8479999899864197
6560.6855359063575	0.8320000171661377
6560.799516305316	0.8159999847412109
6560.913496704274	0.7979999780654907
6561.027477103232	0.7730000019073486
6561.14145750219	0.746999979019165
6561.255437901148	0.7279999852180481
6561.369418300106	0.7049999833106995
6561.483398699063	0.6830000281333923
6561.5973790980215	0.656000018119812
6561.71135949698	0.6259999871253967
6561.825339895938	0.5910000205039978
6561.939320294896	0.5519999861717224
6562.053300693854	0.5099999904632568
6562.167281092812	0.46399998664855957
6562.281261491769	0.4129999876022339
6562.395241890727	0.3610000014305115
6562.509222289686	0.3140000104904175
6562.623202688644	0.27900001406669617
6562.737183087602	0.25699999928474426
6562.85116348656	0.24899999797344208
6562.965143885518	0.25699999928474426
6563.079124284476	0.28200000524520874
6563.193104683433	0.32100000977516174
6563.3070850823915	0.3630000054836273
6563.42106548135	0.40299999713897705
6563.535045880308	0.4429999887943268
6563.649026279266	0.4860000014305115
6563.763006678224	0.5270000100135803
6563.876987077182	0.5590000152587891
6563.99096747614	0.5820000171661377
6564.104947875097	0.6019999980926514
6564.2189282740555	0.6299999952316284
6564.332908673014	0.6679999828338623
6564.446889071972	0.7070000171661377
6564.56086947093	0.7429999709129333
6564.674849869888	0.7720000147819519
6564.788830268846	0.796999990940094
6564.902810667803	0.8199999928474426
6565.0167910667615	0.8379999995231628
6565.13077146572	0.8640000224113464
6565.244751864678	0.8870000243186951
6565.358732263636	0.902999997138977
6565.472712662594	0.9200000166893005
6565.586693061552	0.9390000104904175
6565.70067346051	0.9570000171661377
6565.814653859467	0.9769999980926514
6565.9286342584255	0.9959999918937683
6566.042614657384	1.0119999647140503
6566.156595056342	1.0260000228881836
6566.2705754553	1.0369999408721924
6566.384555854258	1.0460000038146973
6566.498536253216	1.055999994277954
6566.612516652173	1.0640000104904175
6566.726497051131	1.0720000267028809
6566.84047745009	1.0820000171661377
6566.954457849048	1.090000033378601
6567.068438248006	1.0959999561309814
6567.182418646964	1.0980000495910645
6567.296399045922	1.1069999933242798
6567.41037944488	1.1139999628067017
6567.524359843837	1.1180000305175781
6567.6383402427955	1.121000051498413
6567.752320641754	1.1200000047683716
6567.866301040712	1.11899995803833
6567.98028143967	1.1230000257492065
6568.094261838628	1.125
6568.208242237586	1.1180000305175781
6568.322222636544	1.1100000143051147
6568.436203035501	1.1069999933242798
6568.5501834344595	1.0980000495910645
6568.664163833418	1.0850000381469727
6568.778144232376	1.0759999752044678
6568.892124631334	1.0709999799728394
6569.006105030292	1.0729999542236328
6569.12008542925	1.0740000009536743
6569.234065828207	1.0700000524520874
6569.3480462271655	1.0679999589920044
6569.462026626124	1.065000057220459
6569.576007025082	1.0579999685287476
6569.68998742404	1.0509999990463257
6569.803967822998	1.0460000038146973
6569.917948221956	1.0399999618530273
6570.031928620914	1.0369999408721924
6570.145909019871	1.034999966621399
6570.2598894188295	1.0290000438690186
6570.373869817788	1.0190000534057617
6570.487850216746	1.0119999647140503
6570.601830615704	1.00600004196167
6570.715811014662	1.0010000467300415
6570.82979141362	1.0
6570.943771812577	0.9959999918937683
6571.057752211535	0.9919999837875366
6571.171732610494	0.9890000224113464
6571.285713009452	0.9909999966621399
6571.39969340841	0.9940000176429749
6571.513673807368	0.9929999709129333
6571.627654206326	0.9900000095367432
6571.741634605284	0.9800000190734863
6571.855615004241	0.9629999995231628
6571.9695954031995	0.9430000185966492
6572.083575802158	0.9259999990463257
6572.197556201116	0.9319999814033508
6572.311536600074	0.9539999961853027
6572.425516999032	0.9670000076293945
6572.53949739799	0.972000002861023
6572.653477796948	0.9779999852180481
6572.767458195905	0.9779999852180481
6572.8814385948635	0.9779999852180481
6572.995418993822	0.9769999980926514
6573.10939939278	0.9729999899864197
6573.223379791738	0.972000002861023
6573.337360190696	0.9729999899864197
6573.451340589654	0.972000002861023
6573.565320988611	0.9700000286102295
6573.6793013875695	0.972000002861023
6573.793281786528	0.9750000238418579
6573.907262185486	0.9760000109672546
6574.021242584444	0.9789999723434448
6574.135222983402	0.9789999723434448
6574.24920338236	0.9760000109672546
6574.363183781318	0.9750000238418579
6574.477164180275	0.972000002861023
6574.5911445792335	0.9520000219345093
6574.705124978192	0.9229999780654907
6574.81910537715	0.9010000228881836
6574.933085776108	0.902999997138977
6575.047066175066	0.9319999814033508
6575.161046574024	0.9629999995231628
6575.275026972981	0.9760000109672546
6575.389007371939	0.9810000061988831
6575.502987770898	0.9819999933242798
6575.616968169856	0.9789999723434448
6575.730948568814	0.9769999980926514
6575.844928967772	0.9779999852180481
6575.95890936673	0.9810000061988831
6576.072889765688	0.9829999804496765
6576.186870164645	0.9810000061988831
6576.3008505636035	0.9789999723434448
6576.414830962562	0.9800000190734863
6576.52881136152	0.9829999804496765
6576.642791760478	0.9860000014305115
6576.756772159436	0.9850000143051147
6576.870752558394	0.9829999804496765
6576.984732957352	0.9850000143051147
6577.098713356309	0.9850000143051147
6577.2126937552675	0.9819999933242798
6577.326674154226	0.9760000109672546
6577.440654553184	0.9760000109672546
6577.554634952142	0.9800000190734863
6577.6686153511	0.9750000238418579
6577.782595750058	0.9769999980926514
6577.896576149015	0.9750000238418579
6578.0105565479735	0.9750000238418579
6578.124536946932	0.9760000109672546
6578.23851734589	0.9739999771118164
6578.352497744848	0.9739999771118164
6578.466478143806	0.9739999771118164
6578.580458542764	0.9750000238418579
6578.694438941722	0.9710000157356262
6578.808419340679	0.9700000286102295
6578.9223997396375	0.9700000286102295
6579.036380138596	0.972000002861023
6579.150360537554	0.9729999899864197
6579.264340936512	0.972000002861023
6579.37832133547	0.9739999771118164
6579.492301734428	0.9750000238418579
6579.606282133385	0.9750000238418579
6579.720262532343	0.9760000109672546
6579.834242931302	0.9789999723434448
6579.94822333026	0.9779999852180481
6580.062203729218	0.9779999852180481
6580.176184128176	0.9789999723434448
6580.290164527134	0.9760000109672546
6580.404144926092	0.9739999771118164
6580.518125325049	0.9660000205039978
6580.6321057240075	0.9580000042915344
6580.746086122966	0.949999988079071
6580.860066521924	0.949999988079071
6580.974046920882	0.9599999785423279
6581.08802731984	0.968999981880188
6581.202007718798	0.9739999771118164
6581.315988117756	0.9750000238418579
6581.429968516713	0.9729999899864197
6581.5439489156715	0.9729999899864197
6581.65792931463	0.9769999980926514
6581.771909713588	0.9779999852180481
6581.885890112546	0.9769999980926514
6581.999870511504	0.9750000238418579
6582.113850910462	0.9739999771118164
6582.227831309419	0.9739999771118164
6582.3418117083775	0.9700000286102295
6582.455792107336	0.9700000286102295
6582.569772506294	0.972000002861023
6582.683752905252	0.9769999980926514
6582.79773330421	0.9800000190734863
6582.911713703168	0.9769999980926514
6583.025694102126	0.9760000109672546
6583.139674501083	0.9739999771118164
6583.2536549000415	0.9710000157356262
6583.367635299	0.9660000205039978
6583.481615697958	0.9639999866485596
6583.595596096916	0.9710000157356262
6583.709576495874	0.9810000061988831
6583.823556894832	0.9879999756813049
6583.937537293789	0.9900000095367432
6584.051517692747	0.9900000095367432
6584.165498091706	0.9919999837875366
6584.279478490664	0.9929999709129333
6584.393458889622	0.9940000176429749
6584.50743928858	0.9959999918937683
6584.621419687538	0.9980000257492065
6584.735400086496	0.996999979019165
6584.849380485453	0.9980000257492065
6584.9633608844115	0.996999979019165
6585.07734128337	0.9909999966621399
6585.191321682328	0.9909999966621399
6585.305302081286	0.9929999709129333
6585.419282480244	0.9900000095367432
6585.533262879202	0.9860000014305115
6585.647243278159	0.9850000143051147
6585.761223677117	0.9879999756813049
6585.8752040760755	0.9890000224113464
6585.989184475034	0.9900000095367432
6586.103164873992	0.9919999837875366
6586.21714527295	0.9900000095367432
6586.331125671908	0.9779999852180481
6586.445106070866	0.9649999737739563
6586.559086469823	0.9580000042915344
6586.6730668687815	0.9660000205039978
6586.78704726774	0.9769999980926514
6586.901027666698	0.9860000014305115
6587.015008065656	0.9950000047683716
6587.128988464614	1.0010000467300415
6587.242968863572	1.0010000467300415
6587.35694926253	0.9990000128746033
6587.470929661487	1.0019999742507935
6587.5849100604455	1.003000020980835
6587.698890459404	1.0019999742507935
6587.812870858362	1.0010000467300415
6587.92685125732	0.9990000128746033
6588.040831656278	1.0010000467300415
6588.154812055236	1.003000020980835
6588.268792454193	1.003000020980835
6588.382772853151	1.003000020980835
6588.49675325211	1.0010000467300415
6588.610733651068	1.0
6588.724714050026	1.0010000467300415
6588.838694448984	0.9990000128746033
6588.952674847942	1.003000020980835
6589.0666552469	1.0049999952316284
6589.180635645857	1.0049999952316284
6589.2946160448155	1.0089999437332153
6589.408596443774	1.0080000162124634
6589.522576842732	1.0069999694824219
6589.63655724169	1.0089999437332153
6589.750537640648	1.0089999437332153
6589.864518039606	1.00600004196167
6589.978498438563	1.00600004196167
6590.092478837521	1.0069999694824219
6590.2064592364795	1.0089999437332153
6590.320439635438	1.00600004196167
6590.434420034396	1.00600004196167
6590.548400433354	1.00600004196167
6590.662380832312	1.003000020980835
6590.77636123127	1.0049999952316284
6590.890341630227	1.003999948501587
6591.0043220291855	1.0049999952316284
6591.118302428144	1.003999948501587
6591.232282827102	1.0010000467300415
6591.34626322606	1.00600004196167
6591.460243625018	1.0069999694824219
6591.574224023976	1.0049999952316284
6591.688204422934	1.003000020980835
6591.802184821891	1.0019999742507935
6591.9161652208495	1.003000020980835
6592.030145619808	1.0019999742507935
6592.144126018766	1.003999948501587
6592.258106417724	1.0069999694824219
6592.372086816682	1.0049999952316284
6592.48606721564	1.0049999952316284
6592.600047614597	1.00600004196167
6592.714028013555	1.0019999742507935
6592.828008412514	1.0
6592.941988811472	1.0
6593.05596921043	1.003000020980835
6593.169949609388	1.003000020980835
6593.283930008346	0.9950000047683716
6593.397910407304	0.9940000176429749
6593.511890806261	0.996999979019165
6593.6258712052195	0.9990000128746033
6593.739851604178	1.0010000467300415
6593.853832003136	1.0019999742507935
6593.967812402094	1.0
6594.081792801052	0.9959999918937683
6594.19577320001	0.9919999837875366
6594.309753598967	0.9890000224113464
6594.423733997925	0.9850000143051147
6594.5377143968835	0.9869999885559082
6594.651694795842	0.9940000176429749
6594.7656751948	1.0
6594.879655593758	1.0010000467300415
6594.993635992716	1.0
6595.107616391674	1.0019999742507935
6595.221596790631	1.0019999742507935
6595.3355771895895	0.996999979019165
6595.449557588548	0.9959999918937683
6595.563537987506	0.9990000128746033
6595.677518386464	0.9980000257492065
6595.791498785422	0.996999979019165
6595.90547918438	1.0
6596.019459583338	1.0
6596.133439982295	0.996999979019165
6596.2474203812535	0.9959999918937683
6596.361400780212	0.9950000047683716
6596.47538117917	0.9940000176429749
6596.589361578128	0.9940000176429749
6596.703341977086	0.9940000176429749
6596.817322376044	0.9940000176429749
6596.931302775001	0.9929999709129333
6597.045283173959	0.9950000047683716
6597.159263572918	0.996999979019165
6597.273243971876	0.9980000257492065
6597.387224370834	0.9959999918937683
6597.501204769792	0.9990000128746033
6597.61518516875	1.0
6597.729165567708	1.0019999742507935
6597.843145966665	0.9990000128746033
6597.9571263656235	0.9959999918937683
6598.071106764582	0.9959999918937683
6598.18508716354	0.9940000176429749
6598.299067562498	0.9940000176429749
6598.413047961456	0.9940000176429749
6598.527028360414	0.9959999918937683
6598.641008759371	0.9959999918937683
6598.754989158329	0.9940000176429749
6598.8689695572875	0.9950000047683716
6598.982949956246	0.9929999709129333
6599.096930355204	0.9850000143051147
6599.210910754162	0.9819999933242798
6599.32489115312	0.9769999980926514
6599.438871552078	0.9779999852180481
6599.552851951035	0.9860000014305115
6599.6668323499935	0.9959999918937683
6599.780812748952	0.9980000257492065
6599.89479314791	0.9959999918937683
6600.008773546868	0.9940000176429749
6600.122753945826	0.996999979019165
6600.236734344784	0.9959999918937683
6600.350714743741	0.9929999709129333
6600.464695142699	0.9990000128746033
6600.5786755416575	0.996999979019165
6600.692655940616	0.996999979019165
6600.806636339574	0.9990000128746033
6600.920616738532	0.9980000257492065
6601.03459713749	0.996999979019165
6601.148577536448	0.9940000176429749
6601.262557935405	0.9980000257492065
6601.376538334363	1.0010000467300415
6601.490518733322	0.9980000257492065
6601.60449913228	0.9940000176429749
6601.718479531238	0.9909999966621399
6601.832459930196	0.9890000224113464
6601.946440329154	0.9850000143051147
6602.060420728112	0.9850000143051147
6602.174401127069	0.9869999885559082
6602.2883815260275	0.9879999756813049
6602.402361924986	0.9959999918937683
6602.516342323944	0.996999979019165
6602.630322722902	0.9919999837875366
6602.74430312186	0.9950000047683716
6602.858283520818	0.9990000128746033
6602.972263919775	0.996999979019165
6603.086244318733	0.996999979019165
6603.2002247176915	0.9980000257492065
6603.31420511665	0.9980000257492065
6603.428185515608	0.996999979019165
6603.542165914566	0.9959999918937683
6603.656146313524	0.9959999918937683
6603.770126712482	0.9980000257492065
6603.884107111439	1.0010000467300415
6603.998087510397	1.0010000467300415
6604.112067909356	1.0010000467300415
6604.226048308314	1.0
6604.340028707272	1.0
6604.45400910623	0.9990000128746033
6604.567989505188	0.996999979019165
6604.681969904145	0.9959999918937683
6604.795950303103	0.9940000176429749
6604.9099307020615	0.9980000257492065
6605.02391110102	0.9959999918937683
6605.137891499978	0.9959999918937683
6605.251871898936	0.9950000047683716
6605.365852297894	0.9950000047683716
6605.479832696852	0.9940000176429749
6605.593813095809	0.9919999837875366
6605.707793494767	0.9959999918937683
6605.821773893726	0.9980000257492065
6605.935754292684	0.9990000128746033
6606.049734691642	1.0049999952316284
6606.1637150906	1.00600004196167
6606.277695489558	1.0
6606.391675888516	0.9990000128746033
6606.505656287473	0.9980000257492065
6606.6196366864315	1.0010000467300415
6606.73361708539	1.0019999742507935
6606.847597484348	1.0010000467300415
6606.961577883306	1.0019999742507935
6607.075558282264	1.003000020980835
6607.189538681222	0.9980000257492065
6607.303519080179	0.996999979019165
6607.417499479137	1.0019999742507935
6607.5314798780955	1.0019999742507935
6607.645460277054	1.0019999742507935
6607.759440676012	1.003999948501587
6607.87342107497	1.0010000467300415
6607.987401473928	1.0019999742507935
6608.101381872886	1.003999948501587
6608.215362271843	1.003999948501587
6608.329342670801	1.0019999742507935
6608.44332306976	1.0
6608.557303468718	1.0049999952316284
6608.671283867676	1.00600004196167
6608.785264266634	1.003999948501587
6608.899244665592	1.0010000467300415
6609.013225064549	1.0019999742507935
6609.127205463507	1.00600004196167
6609.2411858624655	1.003999948501587
6609.355166261424	1.0019999742507935
6609.469146660382	1.0
6609.58312705934	0.9980000257492065
6609.697107458298	1.0010000467300415
6609.811087857256	1.0
6609.925068256213	0.9980000257492065
6610.039048655171	1.0019999742507935
6610.15302905413	1.003000020980835
6610.267009453088	0.9990000128746033
6610.380989852046	0.9990000128746033
6610.494970251004	1.0019999742507935
6610.608950649962	1.0019999742507935
6610.72293104892	1.0
6610.836911447877	0.9980000257492065
6610.9508918468355	0.996999979019165
6611.064872245794	0.9940000176429749
6611.178852644752	0.996999979019165
6611.29283304371	0.9950000047683716
6611.406813442668	0.9959999918937683
6611.520793841626	0.9980000257492065
6611.634774240583	0.9959999918937683
6611.748754639541	0.9959999918937683
6611.8627350384995	0.9959999918937683
6611.976715437458	0.9959999918937683
6612.090695836416	0.9950000047683716
6612.204676235374	0.9919999837875366
6612.318656634332	0.9919999837875366
6612.43263703329	0.9890000224113464
6612.546617432247	0.9879999756813049
6612.660597831205	0.9909999966621399
6612.774578230164	0.9940000176429749
6612.888558629122	0.9900000095367432
6613.00253902808	0.9890000224113464
6613.116519427038	0.9869999885559082
6613.230499825996	0.9829999804496765
6613.344480224953	0.9800000190734863
6613.458460623911	0.9789999723434448
6613.5724410228695	0.9760000109672546
6613.686421421828	0.9739999771118164
6613.800401820786	0.9800000190734863
6613.914382219744	0.9810000061988831
6614.028362618702	0.9810000061988831
6614.14234301766	0.9850000143051147
6614.256323416617	0.9929999709129333
6614.370303815575	0.9950000047683716
6614.484284214534	0.9890000224113464
6614.598264613492	0.9919999837875366
6614.71224501245	0.9980000257492065
6614.826225411408	0.996999979019165
6614.940205810366	0.996999979019165
6615.054186209323	0.996999979019165
6615.168166608281	0.9950000047683716
6615.2821470072395	0.9959999918937683
6615.396127406198	0.996999979019165
6615.510107805156	0.9940000176429749
6615.624088204114	0.9919999837875366
6615.738068603072	0.9929999709129333
6615.85204900203	0.9959999918937683
6615.966029400987	0.9980000257492065
6616.080009799945	0.996999979019165
6616.1939901989035	0.9900000095367432
6616.307970597862	0.9909999966621399
6616.42195099682	0.9929999709129333
6616.535931395778	0.9909999966621399
6616.649911794736	0.9950000047683716
6616.763892193694	0.9950000047683716
6616.877872592651	0.9919999837875366
6616.991852991609	0.9929999709129333
6617.105833390568	0.9940000176429749
6617.219813789526	0.9909999966621399
6617.333794188484	0.9900000095367432
6617.447774587442	0.9909999966621399
6617.5617549864	0.9909999966621399
6617.675735385357	0.9919999837875366
6617.789715784315	0.9900000095367432
6617.9036961832735	0.9919999837875366
6618.017676582232	0.9959999918937683
6618.13165698119	0.9929999709129333
6618.245637380148	0.9950000047683716
6618.359617779106	0.9990000128746033
6618.473598178064	0.9950000047683716
6618.587578577021	0.9929999709129333
6618.701558975979	0.9959999918937683
6618.8155393749375	0.9959999918937683
6618.929519773896	0.9950000047683716
6619.043500172854	0.9959999918937683
6619.157480571812	0.9950000047683716
6619.27146097077	0.9950000047683716
6619.385441369728	0.9990000128746033
6619.499421768685	1.0019999742507935
6619.6134021676435	1.0019999742507935
6619.727382566602	0.9959999918937683
6619.84136296556	0.9929999709129333
6619.955343364518	0.9959999918937683
6620.069323763476	0.9950000047683716
6620.183304162434	0.9919999837875366
6620.297284561391	0.9950000047683716
6620.411264960349	0.9950000047683716
6620.5252453593075	0.9950000047683716
6620.639225758266	0.9950000047683716
6620.753206157224	0.9940000176429749
6620.867186556182	0.9959999918937683
6620.98116695514	0.9959999918937683
6621.095147354098	0.9909999966621399
6621.209127753055	0.9919999837875366
6621.323108152013	0.9919999837875366
6621.437088550972	0.9909999966621399
6621.55106894993	0.9950000047683716
6621.665049348888	0.9940000176429749
6621.779029747846	0.9950000047683716
6621.893010146804	0.9940000176429749
6622.006990545761	0.9890000224113464
6622.120970944719	0.9929999709129333
6622.2349513436775	0.9980000257492065
6622.348931742636	0.9990000128746033
6622.462912141594	0.9950000047683716
6622.576892540552	0.9919999837875366
6622.69087293951	0.9959999918937683
6622.804853338468	0.9980000257492065
6622.918833737425	0.9990000128746033
6623.032814136383	0.9990000128746033
6623.1467945353415	0.9990000128746033
6623.2607749343	0.9990000128746033
6623.374755333258	1.0010000467300415
6623.488735732216	1.0010000467300415
6623.602716131174	0.9980000257492065
6623.716696530131	0.9980000257492065
6623.830676929089	0.9950000047683716
6623.9446573280475	0.9959999918937683
6624.058637727006	1.0
6624.172618125964	1.0010000467300415
6624.286598524922	0.9980000257492065
6624.40057892388	0.996999979019165
6624.514559322838	1.0010000467300415
6624.628539721795	1.0010000467300415
6624.742520120753	0.9959999918937683
6624.8565005197115	0.9919999837875366
6624.97048091867	0.9950000047683716
6625.084461317628	1.0
6625.198441716586	1.0010000467300415
6625.312422115544	0.996999979019165
6625.426402514502	0.9940000176429749
6625.540382913459	0.9990000128746033
6625.654363312417	1.0010000467300415
6625.768343711376	0.9959999918937683
6625.882324110334	0.9959999918937683
6625.996304509292	0.9990000128746033
6626.11028490825	0.9990000128746033
6626.224265307208	0.9980000257492065
6626.338245706165	1.0
6626.452226105123	1.0010000467300415
6626.5662065040815	0.9959999918937683
6626.68018690304	0.9959999918937683
6626.794167301998	0.996999979019165
6626.908147700956	0.9990000128746033
6627.022128099914	1.0010000467300415
6627.136108498872	1.003000020980835
6627.250088897829	1.0049999952316284
6627.364069296787	1.003000020980835
6627.4780496957455	1.0010000467300415
6627.592030094704	1.0019999742507935
6627.706010493662	1.0019999742507935
6627.81999089262	0.996999979019165
6627.933971291578	0.996999979019165
6628.047951690535	1.0
6628.161932089493	1.0
6628.2759124884515	0.9980000257492065
6628.38989288741	1.0019999742507935
6628.503873286368	1.003000020980835
6628.617853685326	1.0
6628.731834084284	0.9990000128746033
6628.845814483242	0.9990000128746033
6628.959794882199	1.0
6629.073775281157	1.0
6629.1877556801155	0.9990000128746033
6629.301736079074	1.003000020980835
6629.415716478032	1.003999948501587
6629.52969687699	1.0019999742507935
6629.643677275948	1.0
6629.757657674906	1.003000020980835
6629.871638073863	1.0049999952316284
6629.985618472821	1.0069999694824219
6630.09959887178	1.0049999952316284
6630.213579270738	1.0010000467300415
6630.327559669696	1.0
6630.441540068654	1.0019999742507935
6630.555520467612	1.003000020980835
6630.669500866569	1.0010000467300415
6630.783481265527	1.003999948501587
6630.8974616644855	1.0069999694824219
6631.011442063444	1.003999948501587
6631.125422462402	1.0010000467300415
6631.23940286136	1.003000020980835
6631.353383260318	1.0049999952316284
6631.467363659276	1.0019999742507935
6631.581344058233	1.0
6631.695324457191	1.0019999742507935
6631.8093048561495	1.00600004196167
6631.923285255108	1.00600004196167
6632.037265654066	1.0049999952316284
6632.151246053024	1.0019999742507935
6632.265226451982	0.996999979019165
6632.379206850939	0.9929999709129333
6632.493187249897	0.9959999918937683
6632.6071676488555	1.0
6632.721148047814	1.0010000467300415
6632.835128446772	1.003000020980835
6632.94910884573	1.0
6633.063089244688	0.9959999918937683
6633.177069643646	0.9959999918937683
6633.291050042603	0.9959999918937683
6633.405030441561	0.9990000128746033
6633.5190108405195	1.0019999742507935
6633.632991239478	1.0010000467300415
6633.746971638436	0.9980000257492065
6633.860952037394	0.9980000257492065
6633.974932436352	1.0
6634.08891283531	1.0
6634.202893234267	1.003000020980835
6634.316873633225	1.0069999694824219
6634.430854032184	1.0049999952316284
6634.544834431142	1.003000020980835
6634.6588148301	1.0
6634.772795229058	1.0019999742507935
6634.886775628016	1.0049999952316284
6635.000756026973	1.003999948501587
6635.114736425931	1.003000020980835
6635.2287168248895	1.0010000467300415
6635.342697223848	1.0
6635.456677622806	1.0019999742507935
6635.570658021764	1.0
6635.684638420722	1.0019999742507935
6635.79861881968	1.00600004196167
6635.912599218637	1.0019999742507935
6636.026579617595	0.9980000257492065
6636.1405600165535	1.0
6636.254540415512	1.0010000467300415
6636.36852081447	0.9980000257492065
6636.482501213428	0.9990000128746033
6636.596481612386	0.996999979019165
6636.710462011343	0.9959999918937683
6636.824442410301	1.0
6636.9384228092595	1.003000020980835
6637.052403208218	0.9990000128746033
6637.166383607176	1.0
6637.280364006134	1.0010000467300415
6637.394344405092	1.0
6637.50832480405	1.003000020980835
6637.622305203007	1.0
6637.736285601965	1.0
6637.8502660009235	1.0019999742507935
6637.964246399882	1.0019999742507935
6638.07822679884	1.0010000467300415
6638.192207197798	0.9990000128746033
6638.306187596756	0.9980000257492065
6638.420167995713	1.003000020980835
6638.534148394671	1.003000020980835
6638.648128793629	0.9990000128746033
6638.762109192588	0.9990000128746033
6638.876089591546	0.9990000128746033
6638.990069990504	0.9980000257492065
6639.104050389462	0.9990000128746033
6639.21803078842	0.9990000128746033
6639.332011187377	1.0
6639.445991586335	0.9990000128746033
6639.5599719852935	0.9940000176429749
6639.673952384252	0.996999979019165
6639.78793278321	0.9980000257492065
6639.901913182168	0.9990000128746033
6640.015893581126	1.0019999742507935
6640.129873980084	0.9980000257492065
6640.243854379041	0.9980000257492065
6640.357834777999	0.9980000257492065
6640.4718151769575	0.996999979019165
6640.585795575916	0.9990000128746033
6640.699775974874	0.996999979019165
6640.813756373832	1.0
6640.92773677279	1.0
6641.041717171747	0.9990000128746033
6641.155697570705	1.0
6641.2696779696635	1.0
6641.383658368622	0.9990000128746033
6641.49763876758	0.996999979019165
6641.611619166538	0.996999979019165
6641.725599565496	0.996999979019165
6641.839579964454	0.9959999918937683
6641.953560363411	0.9990000128746033
6642.067540762369	0.9990000128746033
6642.1815211613275	0.996999979019165
6642.295501560286	0.996999979019165
6642.409481959244	1.0
6642.523462358202	1.0
6642.63744275716	0.9980000257492065
6642.751423156117	0.9959999918937683
6642.865403555075	0.9950000047683716
6642.979383954033	0.996999979019165
6643.093364352992	0.9980000257492065
6643.20734475195	0.996999979019165
6643.321325150908	1.0
6643.435305549866	1.0019999742507935
6643.549285948824	1.0
6643.663266347781	0.996999979019165
6643.777246746739	0.9950000047683716
6643.8912271456975	0.9919999837875366
6644.005207544656	0.9909999966621399
6644.119187943614	0.9940000176429749
6644.233168342572	0.9980000257492065
6644.34714874153	1.0010000467300415
6644.461129140488	1.0049999952316284
6644.575109539445	1.0049999952316284
6644.689089938403	1.0010000467300415
6644.8030703373615	1.0019999742507935
6644.91705073632	0.9990000128746033
6645.031031135278	0.9990000128746033
6645.145011534236	1.0019999742507935
6645.258991933194	1.0010000467300415
6645.372972332151	0.9990000128746033
6645.486952731109	1.0010000467300415
6645.6009331300675	1.0069999694824219
6645.714913529026	1.0049999952316284
6645.828893927984	1.0010000467300415
6645.942874326942	0.9990000128746033
6646.0568547259	1.0010000467300415
6646.170835124858	1.003000020980835
6646.284815523815	1.003000020980835
6646.398795922773	0.9980000257492065
6646.5127763217315	0.9980000257492065
6646.62675672069	0.9980000257492065
6646.740737119648	1.0
6646.854717518606	1.0010000467300415
6646.968697917564	1.0010000467300415
6647.082678316521	1.0019999742507935
6647.196658715479	1.0049999952316284
6647.310639114437	1.003000020980835
6647.424619513396	1.0010000467300415
6647.538599912354	1.0019999742507935
6647.652580311312	1.003999948501587
6647.76656071027	1.0049999952316284
6647.880541109228	1.003999948501587
6647.994521508185	1.003000020980835
6648.108501907143	1.0019999742507935
6648.2224823061015	1.003000020980835
6648.33646270506	1.003000020980835
6648.450443104018	1.0049999952316284
6648.564423502976	1.0049999952316284
6648.678403901934	1.0049999952316284
6648.792384300892	1.0010000467300415
6648.906364699849	1.0010000467300415
6649.020345098807	1.003999948501587
6649.1343254977655	1.003999948501587
6649.248305896724	0.9990000128746033
6649.362286295682	1.0019999742507935
6649.47626669464	1.003999948501587
6649.590247093598	1.003000020980835
6649.704227492555	1.0019999742507935
6649.818207891513	1.003000020980835
6649.9321882904715	1.0049999952316284
6650.04616868943	1.0049999952316284
6650.160149088388	1.0019999742507935
6650.274129487346	1.0010000467300415
6650.388109886304	1.003000020980835
6650.502090285262	1.00600004196167
6650.616070684219	1.0049999952316284
6650.730051083177	1.0019999742507935
6650.8440314821355	1.003000020980835
6650.958011881094	1.0049999952316284
6651.071992280052	1.0069999694824219
6651.18597267901	1.00600004196167
6651.299953077968	1.0019999742507935
6651.413933476925	1.0019999742507935
6651.527913875883	1.0
6651.641894274841	0.9959999918937683
6651.7558746738	0.9980000257492065
6651.869855072758	0.9990000128746033
6651.983835471716	0.9990000128746033
6652.097815870674	1.0
6652.211796269632	0.9990000128746033
6652.325776668589	0.996999979019165
6652.439757067547	0.9990000128746033
6652.5537374665055	0.9990000128746033
6652.667717865464	1.0
6652.781698264422	1.0010000467300415
6652.89567866338	1.0019999742507935
6653.009659062338	1.0010000467300415
6653.123639461295	1.0
6653.237619860253	1.0019999742507935
6653.351600259211	1.0010000467300415
6653.4655806581695	1.0010000467300415
6653.579561057128	1.0019999742507935
6653.693541456086	1.0010000467300415
6653.807521855044	0.9990000128746033
6653.921502254002	0.9990000128746033
6654.035482652959	0.9980000257492065
6654.149463051917	0.9980000257492065
6654.2634434508755	1.0010000467300415
6654.377423849834	1.0
6654.491404248792	0.9950000047683716
6654.60538464775	0.9959999918937683
6654.719365046708	0.996999979019165
6654.833345445666	0.9959999918937683
6654.947325844623	0.9940000176429749
6655.061306243581	0.9950000047683716
6655.1752866425395	0.9929999709129333
6655.289267041498	0.9919999837875366
6655.403247440456	0.996999979019165
6655.517227839414	0.9990000128746033
6655.631208238372	0.9990000128746033
6655.745188637329	0.9980000257492065
6655.859169036287	0.9950000047683716
6655.973149435245	0.996999979019165
6656.087129834204	0.9940000176429749
6656.201110233162	0.9929999709129333
6656.31509063212	0.9950000047683716
6656.429071031078	0.9959999918937683
6656.543051430036	0.9950000047683716
6656.657031828993	0.9940000176429749
6656.771012227951	0.9919999837875366
6656.8849926269095	0.9919999837875366
6656.998973025868	0.9929999709129333
6657.112953424826	0.9929999709129333
6657.226933823784	0.9929999709129333
6657.340914222742	0.9929999709129333
6657.4548946217	0.9909999966621399
6657.568875020657	0.9890000224113464
6657.682855419615	0.9909999966621399
6657.7968358185735	0.9940000176429749
6657.910816217532	0.9940000176429749
6658.02479661649	0.9919999837875366
6658.138777015448	0.9940000176429749
6658.252757414406	0.9929999709129333
6658.366737813363	0.9919999837875366
6658.480718212321	0.9900000095367432
6658.5946986112795	0.9879999756813049
6658.708679010238	0.9900000095367432
6658.822659409196	0.9950000047683716
6658.936639808154	0.9980000257492065
6659.050620207112	0.9959999918937683
6659.16460060607	0.9929999709129333
6659.278581005027	0.996999979019165
6659.392561403985	0.9959999918937683
6659.5065418029435	0.9929999709129333
6659.620522201902	0.9890000224113464
6659.73450260086	0.9879999756813049
6659.848482999818	0.9900000095367432
6659.962463398776	0.9909999966621399
6660.076443797733	0.9909999966621399
6660.190424196691	0.9909999966621399
6660.304404595649	0.9879999756813049
6660.418384994608	0.9869999885559082
6660.532365393566	0.9860000014305115
6660.646345792524	0.9860000014305115
6660.760326191482	0.9860000014305115
6660.87430659044	0.9890000224113464
6660.988286989397	0.9900000095367432
6661.102267388355	0.9909999966621399
6661.2162477873135	0.9900000095367432
6661.330228186272	0.9900000095367432
6661.44420858523	0.9890000224113464
6661.558188984188	0.9869999885559082
6661.672169383146	0.9869999885559082
6661.786149782103	0.9890000224113464
6661.900130181061	0.9879999756813049
6662.014110580019	0.9890000224113464
6662.1280909789775	0.9919999837875366
6662.242071377936	0.9929999709129333
6662.356051776894	0.9919999837875366
6662.470032175852	0.9940000176429749
6662.58401257481	0.9929999709129333
6662.697992973767	0.9900000095367432
6662.811973372725	0.9890000224113464
6662.925953771683	0.9890000224113464
6663.039934170642	0.9900000095367432
6663.1539145696	0.9929999709129333
6663.267894968558	0.9909999966621399
6663.381875367516	0.9909999966621399
6663.495855766474	0.9959999918937683
6663.609836165431	0.9950000047683716
6663.723816564389	0.9890000224113464
6663.8377969633475	0.9900000095367432
6663.951777362306	0.9919999837875366
6664.065757761264	0.9950000047683716
6664.179738160222	0.9950000047683716
6664.29371855918	0.9919999837875366
6664.407698958137	0.9879999756813049
6664.521679357095	0.9879999756813049
6664.635659756053	0.9879999756813049
6664.749640155012	0.9940000176429749
6664.86362055397	0.9950000047683716
6664.977600952928	0.9900000095367432
6665.091581351886	0.9890000224113464
6665.205561750844	0.9929999709129333
6665.319542149801	0.9919999837875366
6665.433522548759	0.9909999966621399
6665.5475029477175	0.9900000095367432
6665.661483346676	0.9879999756813049
6665.775463745634	0.9929999709129333
6665.889444144592	0.9919999837875366
6666.00342454355	0.9890000224113464
6666.117404942507	0.9919999837875366
6666.231385341465	0.9929999709129333
6666.345365740423	0.9909999966621399
6666.4593461393815	0.9940000176429749
6666.57332653834	0.9940000176429749
6666.687306937298	0.9900000095367432
6666.801287336256	0.9890000224113464
6666.915267735214	0.9900000095367432
6667.029248134171	0.9919999837875366
6667.143228533129	0.9909999966621399
6667.257208932087	0.9919999837875366
6667.371189331046	0.9919999837875366
6667.485169730004	0.9879999756813049
6667.599150128962	0.9900000095367432
6667.71313052792	0.9919999837875366
6667.827110926877	0.9919999837875366
6667.941091325835	0.9890000224113464
6668.055071724793	0.9950000047683716
6668.1690521237515	0.9940000176429749
6668.28303252271	0.9940000176429749
6668.397012921668	0.996999979019165
6668.510993320626	0.9959999918937683
6668.624973719584	0.9950000047683716
6668.738954118541	0.9950000047683716
6668.852934517499	0.9900000095367432
6668.966914916457	0.9919999837875366
6669.080895315416	0.9980000257492065
6669.194875714374	0.9940000176429749
6669.308856113332	0.9890000224113464
6669.42283651229	0.9879999756813049
6669.536816911248	0.9900000095367432
6669.650797310205	0.9919999837875366
6669.764777709163	0.9919999837875366
6669.8787581081215	0.9919999837875366
6669.99273850708	0.9909999966621399
6670.106718906038	0.9890000224113464
6670.220699304996	0.9909999966621399
6670.334679703954	0.9950000047683716
6670.448660102911	0.9950000047683716
6670.562640501869	0.9909999966621399
6670.676620900827	0.9860000014305115
6670.7906012997855	0.9879999756813049
6670.904581698744	0.9890000224113464
6671.018562097702	0.9879999756813049
6671.13254249666	0.9900000095367432
6671.246522895618	0.9890000224113464
6671.360503294575	0.9919999837875366
6671.474483693533	0.9929999709129333
6671.588464092491	0.9909999966621399
6671.70244449145	0.9890000224113464
6671.816424890408	0.9879999756813049
6671.930405289366	0.9850000143051147
6672.044385688324	0.9789999723434448
6672.158366087282	0.9789999723434448
6672.272346486239	0.9789999723434448
6672.386326885197	0.9760000109672546
6672.5003072841555	0.9739999771118164
6672.614287683114	0.9710000157356262
6672.728268082072	0.9670000076293945
6672.84224848103	0.9660000205039978
6672.956228879988	0.9620000123977661
6673.070209278945	0.9589999914169312
6673.184189677903	0.9620000123977661
6673.298170076861	0.9589999914169312
6673.4121504758195	0.9559999704360962
6673.526130874778	0.9570000171661377
6673.640111273736	0.9539999961853027
6673.754091672694	0.9490000009536743
6673.868072071652	0.9490000009536743
6673.982052470609	0.9549999833106995
6674.096032869567	0.9539999961853027
6674.2100132685255	0.9520000219345093
6674.323993667484	0.9520000219345093
6674.437974066442	0.9490000009536743
6674.5519544654	0.9470000267028809
6674.665934864358	0.9459999799728394
6674.779915263315	0.9459999799728394
6674.893895662273	0.9449999928474426
6675.007876061231	0.9430000185966492
6675.1218564601895	0.9399999976158142
6675.235836859148	0.9409999847412109
6675.349817258106	0.9419999718666077
6675.463797657064	0.9440000057220459
6675.577778056022	0.9449999928474426
6675.691758454979	0.9440000057220459
6675.805738853937	0.9409999847412109
6675.919719252895	0.9419999718666077
6676.033699651854	0.949999988079071
6676.147680050812	0.9390000104904175
6676.26166044977	0.9380000233650208
6676.375640848728	0.9390000104904175
6676.489621247685	0.9380000233650208
6676.603601646643	0.9359999895095825
6676.717582045601	0.9309999942779541
6676.8315624445595	0.9350000023841858
6676.945542843518	0.9369999766349792
6677.059523242476	0.9350000023841858
6677.173503641434	0.9340000152587891
6677.287484040392	0.9340000152587891
6677.401464439349	0.9290000200271606
6677.515444838307	0.9269999861717224
6677.629425237265	0.9290000200271606
6677.7434056362235	0.9229999780654907
6677.857386035182	0.921999990940094
6677.97136643414	0.9190000295639038
6678.085346833098	0.9179999828338623
6678.199327232056	0.9150000214576721
6678.313307631013	0.9169999957084656
6678.427288029971	0.9190000295639038
6678.5412684289295	0.9169999957084656
6678.655248827888	0.9169999957084656
6678.769229226846	0.9169999957084656
6678.883209625804	0.9210000038146973
6678.997190024762	0.9259999990463257
6679.111170423719	0.9279999732971191
6679.225150822677	0.9259999990463257
6679.339131221635	0.925000011920929
6679.4531116205935	0.925000011920929
6679.567092019552	0.9240000247955322
6679.68107241851	0.925000011920929
6679.795052817468	0.9279999732971191
6679.909033216426	0.9309999942779541
6680.023013615383	0.9319999814033508
6680.136994014341	0.9319999814033508
6680.250974413299	0.9309999942779541
6680.364954812258	0.9309999942779541
6680.478935211216	0.9290000200271606
6680.592915610174	0.9290000200271606
6680.706896009132	0.9279999732971191
6680.82087640809	0.9290000200271606
6680.934856807047	0.9319999814033508
6681.048837206005	0.9309999942779541
6681.1628176049635	0.9290000200271606
6681.276798003922	0.9319999814033508
6681.39077840288	0.9319999814033508
6681.504758801838	0.9350000023841858
6681.618739200796	0.9330000281333923
6681.732719599753	0.9330000281333923
6681.846699998711	0.9369999766349792
6681.960680397669	0.9399999976158142
6682.0746607966275	0.9399999976158142
6682.188641195586	0.9399999976158142
6682.302621594544	0.9390000104904175
6682.416601993502	0.9399999976158142
6682.530582392459	0.9449999928474426
6682.644562791417	0.949999988079071
6682.758543190375	0.9509999752044678
6682.8725235893335	0.949999988079071
6682.986503988292	0.9520000219345093
6683.10048438725	0.9589999914169312
6683.214464786208	0.9620000123977661
6683.328445185166	0.9639999866485596
6683.442425584123	0.9629999995231628
6683.556405983081	0.9629999995231628
6683.670386382039	0.9679999947547913
6683.7843667809975	0.972000002861023
6683.898347179956	0.9760000109672546
6684.012327578914	0.9779999852180481
6684.126307977872	0.9769999980926514
6684.24028837683	0.9789999723434448
6684.354268775787	0.9819999933242798
6684.468249174745	0.9810000061988831
6684.582229573703	0.9819999933242798
6684.696209972662	0.9869999885559082
6684.81019037162	0.9909999966621399
6684.924170770578	0.9919999837875366
6685.038151169536	0.9890000224113464
6685.152131568493	0.9900000095367432
6685.266111967451	0.9900000095367432
6685.380092366409	0.9890000224113464
6685.4940727653675	0.9890000224113464
6685.608053164326	0.9860000014305115
6685.722033563284	0.9819999933242798
6685.836013962242	0.9819999933242798
6685.9499943612	0.9860000014305115
6686.063974760157	0.9829999804496765
6686.177955159115	0.9789999723434448
6686.291935558073	0.9789999723434448
6686.4059159570315	0.9800000190734863
6686.51989635599	0.9819999933242798
6686.633876754948	0.9779999852180481
6686.747857153906	0.9789999723434448
6686.861837552864	0.9829999804496765
6686.975817951821	0.984000027179718
6687.089798350779	0.9800000190734863
6687.2037787497375	0.9810000061988831
6687.317759148696	0.9810000061988831
6687.431739547654	0.9800000190734863
6687.545719946612	0.9789999723434448
6687.65970034557	0.9829999804496765
6687.773680744527	0.9860000014305115
6687.887661143485	0.984000027179718
6688.001641542443	0.9810000061988831
6688.1156219414015	0.9800000190734863
6688.22960234036	0.9789999723434448
6688.343582739318	0.9819999933242798
6688.457563138276	0.9819999933242798
6688.571543537234	0.9789999723434448
6688.685523936191	0.9800000190734863
6688.799504335149	0.9789999723434448
6688.913484734107	0.9769999980926514
6689.027465133066	0.9789999723434448
6689.141445532024	0.9800000190734863
6689.255425930982	0.9769999980926514
6689.36940632994	0.9760000109672546
6689.483386728897	0.9850000143051147
6689.597367127855	0.9860000014305115
6689.711347526813	0.9779999852180481
6689.8253279257715	0.9829999804496765
6689.93930832473	0.9810000061988831
6690.053288723688	0.9789999723434448
6690.167269122646	0.9769999980926514
6690.281249521604	0.9800000190734863
6690.395229920561	0.9810000061988831
6690.509210319519	0.984000027179718
6690.623190718477	0.984000027179718
6690.7371711174355	0.9819999933242798
6690.851151516394	0.9810000061988831
6690.965131915352	0.984000027179718
6691.07911231431	0.9860000014305115
6691.193092713267	0.984000027179718
6691.307073112225	0.9819999933242798
6691.421053511183	0.9829999804496765
6691.5350339101415	0.9850000143051147
6691.6490143091	0.9800000190734863
6691.762994708058	0.9789999723434448
6691.876975107016	0.984000027179718
6691.990955505974	0.9810000061988831
6692.104935904931	0.9860000014305115
6692.218916303889	0.9850000143051147
6692.332896702847	0.9800000190734863
6692.4468771018055	0.9779999852180481
6692.560857500764	0.9800000190734863
6692.674837899722	0.9779999852180481
6692.78881829868	0.9760000109672546
6692.902798697638	0.9729999899864197
6693.016779096595	0.9729999899864197
6693.130759495553	0.9769999980926514
6693.244739894511	0.9829999804496765
