6520.46078397	0.11387969527
6520.46078397	1.0373291969299316
6520.57466366527	1.036914587020874
6520.68854336054	1.0383657217025757
6520.80242305581	1.0435482263565063
6520.91630275108	1.0503891706466675
6521.03018244635	1.0495598316192627
6521.14406214162	1.0464503765106201
6521.2579418368905	1.0522547960281372
6521.3718215321605	1.0590957403182983
6521.485701227431	1.0605467557907104
6521.599580922701	1.059510350227356
6521.71346061797	1.0537059307098389
6521.82734031324	1.0462430715560913
6521.94122000851	1.0400241613388062
6522.05509970378	1.0400241613388062
6522.16897939905	1.0414751768112183
6522.28285909432	1.0423043966293335
6522.39673878959	1.043962836265564
6522.51061848486	1.054535150527954
6522.62449818013	1.057229995727539
6522.7383778754	1.0568153858184814
6522.85225757067	1.0580592155456543
6522.96613726594	1.0485234260559082
6523.08001696121	1.0358781814575195
6523.19389665648	1.0253058671951294
6523.30777635175	1.0188795328140259
6523.42165604702	1.0172210931777954
6523.53553574229	1.004368543624878
6523.6494154375605	0.9786633253097534
6523.7632951328305	0.9486048221588135
6523.877174828101	0.9388616681098938
6523.991054523371	0.9656033515930176
6524.10493421864	1.0033320188522339
6524.21881391391	1.029451847076416
6524.33269360918	1.0435482263565063
6524.44657330445	1.0499744415283203
6524.56045299972	1.0520474910736084
6524.67433269499	1.0510109663009644
6524.78821239026	1.0555716753005981
6524.90209208553	1.0553643703460693
6525.0159717808	1.0541205406188965
6525.12985147607	1.059924840927124
6525.24373117134	1.0568153858184814
6525.35761086661	1.0518401861190796
6525.47149056188	1.0520474910736084
6525.58537025715	1.0433409214019775
6525.69924995242	1.0375365018844604
6525.81312964769	1.0425117015838623
6525.92700934296	1.0458284616470337
6526.0408890382305	1.0456211566925049
6526.1547687335005	1.0452066659927368
6526.268648428771	1.0510109663009644
6526.382528124041	1.0553643703460693
6526.49640781931	1.0510109663009644
6526.61028751458	1.0518401861190796
6526.72416720985	1.0549496412277222
6526.83804690512	1.0543278455734253
6526.95192660039	1.0543278455734253
6527.06580629566	1.0530840158462524
6527.17968599093	1.0512182712554932
6527.2935656862	1.0495598316192627
6527.40744538147	1.0445846319198608
6527.52132507674	1.0400241613388062
6527.63520477201	1.0410605669021606
6527.74908446728	1.0418897867202759
6527.86296416255	1.044377326965332
6527.97684385782	1.0464503765106201
6528.09072355309	1.051425576210022
6528.20460324836	1.0526694059371948
6528.31848294363	1.0510109663009644
6528.4323626389005	1.0503891706466675
6528.5462423341705	1.048730731010437
6528.660122029441	1.0518401861190796
6528.774001724711	1.0510109663009644
6528.88788141998	1.0472795963287354
6529.00176111525	1.0472795963287354
6529.11564081052	1.0472795963287354
6529.22952050579	1.0479015111923218
6529.34340020106	1.0483161211013794
6529.45727989633	1.0505963563919067
6529.5711595916	1.0516328811645508
6529.68503928687	1.0460357666015625
6529.79891898214	1.0456211566925049
6529.91279867741	1.0505963563919067
6530.02667837268	1.0497671365737915
6530.14055806795	1.0481088161468506
6530.25443776322	1.0452066659927368
6530.36831745849	1.0375365018844604
6530.48219715376	1.0257203578948975
6530.59607684903	1.017635703086853
6530.7099565443	1.0246838331222534
6530.8238362395705	1.0327686071395874
6530.9377159348405	1.0433409214019775
6531.051595630111	1.0483161211013794
6531.165475325381	1.0452066659927368
6531.27935502065	1.0456211566925049
6531.39323471592	1.0468649864196777
6531.50711441119	1.0489380359649658
6531.62099410646	1.0481088161468506
6531.73487380173	1.0456211566925049
6531.848753497	1.0394022464752197
6531.96263319227	1.0356707572937012
6532.07651288754	1.0132824182510376
6532.19039258281	0.9712005257606506
6532.30427227808	0.9318134784698486
6532.41815197335	0.927667498588562
6532.53203166862	0.9633231163024902
6532.64591136389	1.0045758485794067
6532.75979105916	1.028415322303772
6532.87367075443	1.0394022464752197
6532.9875504497	1.0418897867202759
6533.10143014497	1.0396095514297485
6533.2153098402405	1.0398168563842773
6533.3291895355105	1.0435482263565063
6533.443069230781	1.0458284616470337
6533.556948926051	1.0425117015838623
6533.67082862132	1.0362926721572876
6533.78470831659	1.0184649229049683
6533.89858801186	0.9927597045898438
6534.01246770713	0.9782487154006958
6534.1263474024	0.9834311604499817
6534.24022709767	1.0035393238067627
6534.35410679294	1.0161845684051514
6534.46798648821	1.0244766473770142
6534.58186618348	1.025098443031311
6534.69574587875	1.0242693424224854
6534.80962557402	1.0290372371673584
6534.92350526929	1.0319393873214722
6535.03738496456	1.0335978269577026
6535.15126465983	1.0375365018844604
6535.2651443551	1.0404386520385742
6535.37902405037	1.04292631149292
6535.49290374564	1.0472795963287354
6535.6067834409105	1.0470722913742065
6535.7206631361805	1.0414751768112183
6535.834542831451	1.041682481765747
6535.948422526721	1.0441701412200928
6536.06230222199	1.0408532619476318
6536.17618191726	1.038987636566162
6536.29006161253	1.0423043966293335
6536.4039413078	1.0431336164474487
6536.51782100307	1.032146692276001
6536.63170069834	1.014940857887268
6536.74558039361	1.0085145235061646
6536.85946008888	1.0163918733596802
6536.97333978415	1.0277934074401855
6537.08721947942	1.0358781814575195
6537.20109917469	1.0394022464752197
6537.31497886996	1.0383657217025757
6537.42885856523	1.0398168563842773
6537.5427382605	1.0437555313110352
6537.65661795577	1.0474869012832642
6537.77049765104	1.0481088161468506
6537.88437734631	1.046657681465149
6537.9982570415805	1.0472795963287354
6538.1121367368505	1.0458284616470337
6538.226016432121	1.0427190065383911
6538.339896127391	1.045413851737976
6538.45377582266	1.0474869012832642
6538.56765551793	1.0468649864196777
6538.6815352132	1.0445846319198608
6538.79541490847	1.0427190065383911
6538.90929460374	1.0452066659927368
6539.02317429901	1.0493526458740234
6539.13705399428	1.0512182712554932
6539.25093368955	1.0497671365737915
6539.36481338482	1.0445846319198608
6539.47869308009	1.041682481765747
6539.59257277536	1.0462430715560913
6539.70645247063	1.0491453409194946
6539.8203321659	1.0474869012832642
6539.93421186117	1.0462430715560913
6540.04809155644	1.0447920560836792
6540.16197125171	1.0433409214019775
6540.27585094698	1.0375365018844604
6540.3897306422505	1.0352561473846436
6540.5036103375205	1.0346343517303467
6540.617490032791	1.0377438068389893
6540.731369728061	1.040645956993103
6540.84524942333	1.0414751768112183
6540.9591291186	1.0423043966293335
6541.07300881387	1.04292631149292
6541.18688850914	1.0410605669021606
6541.30076820441	1.0391948223114014
6541.41464789968	1.034219741821289
6541.52852759495	1.034219741821289
6541.64240729022	1.0371218919754028
6541.75628698549	1.0398168563842773
6541.87016668076	1.0385730266571045
6541.98404637603	1.0286226272583008
6542.0979260713	1.0072706937789917
6542.21180576657	0.9861261248588562
6542.32568546184	0.9803217053413391
6542.43956515711	0.9906867146492004
6542.55344485238	1.0099656581878662
6542.66732454765	1.0269641876220703
6542.7812042429205	1.0329759120941162
6542.8950839381905	1.0329759120941162
6543.008963633461	1.0319393873214722
6543.122843328731	1.0292445421218872
6543.236723024	1.0280007123947144
6543.35060271927	1.029866337776184
6543.46448241454	1.0234401226043701
6543.57836210981	1.0016735792160034
6543.69224180508	0.9585551619529724
6543.80612150035	0.8947067856788635
6543.92000119562	0.8563563227653503
6544.03388089089	0.8878659009933472
6544.14776058616	0.9523361921310425
6544.26164028143	0.998356819152832
6544.3755199767	1.0228182077407837
6544.48939967197	1.029451847076416
6544.60327936724	1.0280007123947144
6544.71715906251	1.0292445421218872
6544.83103875778	1.0306956768035889
6544.94491845305	1.0313174724578857
6545.05879814832	1.029451847076416
6545.1726778435905	1.029866337776184
6545.2865575388605	1.0327686071395874
6545.400437234131	1.0338051319122314
6545.514316929401	1.0257203578948975
6545.62819662467	1.011831283569336
6545.74207631994	1.000015139579773
6545.85595601521	0.9981495141983032
6545.96983571048	1.0060268640518188
6546.08371540575	1.0180503129959106
6546.19759510102	1.0238547325134277
6546.31147479629	1.023647427558899
6546.42535449156	1.026134967803955
6546.53923418683	1.0296591520309448
6546.6531138821	1.0315247774124146
6546.76699357737	1.030073642730713
6546.88087327264	1.0275861024856567
6546.99475296791	1.029451847076416
6547.10863266318	1.0329759120941162
6547.22251235845	1.029451847076416
6547.33639205372	1.01991605758667
6547.45027174899	0.9991859793663025
6547.5641514442605	0.9703713059425354
6547.6780311395305	0.9483975172042847
6547.791910834801	0.9537873268127441
6547.905790530071	0.9815654754638672
6548.01967022534	1.0051976442337036
6548.13354992061	1.0122458934783936
6548.24742961588	1.0076853036880493
6548.36130931115	0.9811508655548096
6548.47518900642	0.9284966588020325
6548.58906870169	0.8911826610565186
6548.70294839696	0.8969871401786804
6548.81682809223	0.9369959831237793
6548.9307077875	0.9807363152503967
6549.04458748277	0.9958691596984863
6549.15846717804	0.9985641241073608
6549.27234687331	1.0093437433242798
6549.38622656858	1.0182576179504395
6549.50010626385	1.0217816829681396
6549.61398595912	1.0240620374679565
6549.72786565439	1.0215743780136108
6549.84174534966	1.0178430080413818
6549.9556250449305	1.0174283981323242
6550.0695047402005	1.014940857887268
6550.1833844354705	1.014318823814392
6550.297264130741	1.0178430080413818
6550.411143826011	1.0178430080413818
6550.52502352128	1.0157699584960938
6550.63890321655	1.0170137882232666
6550.75278291182	1.0174283981323242
6550.86666260709	1.013904333114624
6550.98054230236	1.0141116380691528
6551.09442199763	1.0170137882232666
6551.2083016929	1.0132824182510376
6551.32218138817	1.0112093687057495
6551.43606108344	1.0116239786148071
6551.54994077871	1.006856083869934
6551.66382047398	0.9985641241073608
6551.77770016925	0.9952473044395447
6551.89157986452	0.9896501898765564
6552.00545955979	0.9809436202049255
6552.11933925506	0.977004885673523
6552.23321895033	0.9767976403236389
6552.3470986456	0.9573113918304443
6552.4609783408705	0.9056937098503113
6552.5748580361405	0.8495153784751892
6552.688737731411	0.8437110185623169
6552.802617426681	0.8897316455841064
6552.91649712195	0.9425930976867676
6553.03037681722	0.9753465056419373
6553.14425651249	0.986540675163269
6553.25813620776	0.9931743144989014
6553.37201590303	0.9906867146492004
6553.4858955983	0.9736881256103516
6553.59977529357	0.9560676217079163
6553.71365498884	0.9369959831237793
6553.82753468411	0.9262163639068604
6553.94141437938	0.9353376030921936
6554.05529407465	0.953994631767273
6554.16917376992	0.9647741913795471
6554.28305346519	0.9633231163024902
6554.39693316046	0.962286651134491
6554.51081285573	0.9641523361206055
6554.624692551	0.9583478569984436
6554.73857224627	0.9548237919807434
6554.8524519415405	0.9589698314666748
6554.9663316368105	0.9608355164527893
6555.080211332081	0.962493896484375
6555.194091027351	0.9643596410751343
6555.30797072262	0.9656033515930176
6555.42185041789	0.9656033515930176
6555.53573011316	0.9649814963340759
6555.64960980843	0.9647741913795471
6555.7634895037	0.9620792865753174
6555.87736919897	0.9597989916801453
6555.99124889424	0.9651888012886047
6556.10512858951	0.9643596410751343
6556.21900828478	0.9602136015892029
6556.33288798005	0.9612501263618469
6556.44676767532	0.9668471813201904
6556.56064737059	0.9620792865753174
6556.67452706586	0.9612501263618469
6556.78840676113	0.9639449715614319
6556.9022864564	0.9508851170539856
6557.01616615167	0.9189608693122864
6557.13004584694	0.8911826610565186
6557.2439255422105	0.8932557106018066
6557.3578052374805	0.9210338592529297
6557.471684932751	0.954201877117157
6557.585564628021	0.9693348407745361
6557.69944432329	0.9668471813201904
6557.81332401856	0.962493896484375
6557.92720371383	0.9546164870262146
6558.0410834091	0.945909857749939
6558.15496310437	0.9417638778686523
6558.26884279964	0.9510923624038696
6558.38272249491	0.962493896484375
6558.49660219018	0.9664326310157776
6558.61048188545	0.9689201712608337
6558.72436158072	0.9687128663063049
6558.83824127599	0.9701640009880066
6558.95212097126	0.9747246503829956
6559.06600066653	0.9751392006874084
6559.1798803618	0.967261791229248
6559.29376005707	0.9589698314666748
6559.40763975234	0.9575186967849731
6559.52151944761	0.9558603167533875
6559.6353991428805	0.9506778120994568
6559.7492788381505	0.9438368678092957
6559.863158533421	0.9320207834243774
6559.977038228691	0.9179244041442871
6560.09091792396	0.9063156247138977
6560.20479761923	0.8847563862800598
6560.3186773145	0.8553197979927063
6560.43255700977	0.8277488946914673
6560.54643670504	0.8084700107574463
6560.66031640031	0.7958247065544128
6560.77419609558	0.7879472970962524
6560.88807579085	0.7738508582115173
6561.00195548612	0.7473164796829224
6561.11583518139	0.7205747961997986
6561.22971487666	0.7050273418426514
6561.34359457193	0.6865776181221008
6561.4574742672	0.657762885093689
6561.57135396247	0.6216927170753479
6561.68523365774	0.5727698802947998
6561.79911335301	0.5060192942619324
6561.91299304828	0.41957518458366394
6562.0268727435505	0.3215223252773285
6562.1407524388205	0.23300519585609436
6562.254632134091	0.16550831496715546
6562.368511829361	0.12019254267215729
6562.48239152463	0.09826020151376724
6562.5962712199	0.09668471664190292
6562.71015091517	0.11571486294269562
6562.82403061044	0.1566980630159378
6562.93791030571	0.21911609172821045
6563.05179000098	0.3001703917980194
6563.16566969625	0.3820539116859436
6563.27954939152	0.4448658227920532
6563.39342908679	0.49213019013404846
6563.50730878206	0.5371143221855164
6563.62118847733	0.5839641094207764
6563.7350681726	0.6310212016105652
6563.84894786787	0.6646038293838501
6563.96282756314	0.669579029083252
6564.07670725841	0.6677132844924927
6564.19058695368	0.6876141428947449
6564.30446664895	0.7290741205215454
6564.4183463442205	0.7782042026519775
6564.5322260394905	0.8192496299743652
6564.646105734761	0.8484788537025452
6564.759985430031	0.861538827419281
6564.8738651253	0.8758425116539001
6564.98774482057	0.8934630155563354
6565.10162451584	0.9063156247138977
6565.21550421111	0.9173024892807007
6565.32938390638	0.9280821084976196
6565.44326360165	0.9353376030921936
6565.55714329692	0.939483642578125
6565.67102299219	0.9463245272636414
6565.78490268746	0.9554457068443298
6565.89878238273	0.9647741913795471
6566.012662078	0.9724442958831787
6566.12654177327	0.9780413508415222
6566.24042146854	0.9738953709602356
6566.35430116381	0.9724442958831787
6566.46818085908	0.9757611155509949
6566.58206055435	0.9707858562469482
6566.69594024962	0.9741026759147644
6566.8098199448905	0.9826020002365112
6566.9236996401605	0.9809436202049255
6567.037579335431	0.9772121906280518
6567.151459030701	0.9803217053413391
6567.26533872597	0.9786633253097534
6567.37921842124	0.9776268005371094
6567.49309811651	0.9765903353691101
6567.60697781178	0.9701640009880066
6567.72085750705	0.9724442958831787
6567.83473720232	0.9780413508415222
6567.94861689759	0.9772121906280518
6568.06249659286	0.9722369909286499
6568.17637628813	0.9658107161521912
6568.2902559834	0.9664326310157776
6568.40413567867	0.9651888012886047
6568.51801537394	0.9512996673583984
6568.63189506921	0.9324353933334351
6568.74577476448	0.919375479221344
6568.85965445975	0.919375479221344
6568.97353415502	0.927667498588562
6569.08741385029	0.9369959831237793
6569.2012935455605	0.9415566325187683
6569.3151732408305	0.9415566325187683
6569.429052936101	0.94217848777771
6569.542932631371	0.946946382522583
6569.65681232664	0.9512996673583984
6569.77069202191	0.9448733925819397
6569.88457171718	0.9457026124000549
6569.99845141245	0.9548237919807434
6570.11233110772	0.954201877117157
6570.22621080299	0.9564821720123291
6570.34009049826	0.9571041464805603
6570.45397019353	0.9544091820716858
6570.5678498888	0.9515069723129272
6570.68172958407	0.9535800218582153
6570.79560927934	0.9564821720123291
6570.90948897461	0.9560676217079163
6571.02336866988	0.961457371711731
6571.13724836515	0.9689201712608337
6571.25112806042	0.9724442958831787
6571.36500775569	0.969749391078949
6571.47888745096	0.9674690961837769
6571.5927671462305	0.9707858562469482
6571.7066468415005	0.9631158113479614
6571.820526536771	0.938447117805481
6571.934406232041	0.9029988050460815
6572.04828592731	0.8756352066993713
6572.16216562258	0.8781228065490723
6572.27604531785	0.9148148894309998
6572.38992501312	0.9602136015892029
6572.50380470839	0.977004885673523
6572.61768440366	0.9803217053413391
6572.73156409893	0.9821873903274536
6572.8454437942	0.9811508655548096
6572.95932348947	0.98280930519104
6573.07320318474	0.9873698949813843
6573.18708288001	0.986540675163269
6573.30096257528	0.9834311604499817
6573.41484227055	0.9817728400230408
6573.52872196582	0.9786633253097534
6573.64260166109	0.9794924855232239
6573.75648135636	0.9811508655548096
6573.87036105163	0.9813581705093384
6573.9842407469005	0.9875771999359131
6574.0981204421705	0.9908940196037292
6574.212000137441	0.9892356395721436
6574.325879832711	0.9884063601493835
6574.43975952798	0.9852968454360962
6574.55363922325	0.9579333066940308
6574.66751891852	0.8976089954376221
6574.78139861379	0.8482716083526611
6574.89527830906	0.844954788684845
6575.00915800433	0.8841344714164734
6575.1230376996	0.9419711828231812
6575.23691739487	0.977004885673523
6575.35079709014	0.9877845048904419
6575.46467678541	0.9929670095443726
6575.57855648068	0.9919304847717285
6575.69243617595	0.9925523996353149
6575.80631587122	0.9969056844711304
6575.92019556649	0.9991859793663025
6576.03407526176	0.9946253895759583
6576.14795495703	0.9904793500900269
6576.2618346523	0.9908940196037292
6576.3757143475705	0.9919304847717285
6576.4895940428405	0.993796169757843
6576.603473738111	0.9935888648033142
6576.717353433381	0.9975275993347168
6576.83123312865	1.0014662742614746
6576.94511282392	0.9985641241073608
6577.05899251919	0.9946253895759583
6577.17287221446	0.9977349042892456
6577.28675190973	1.0012589693069458
6577.400631605	1.0018808841705322
6577.51451130027	1.0012589693069458
6577.62839099554	0.9989786744117737
6577.74227069081	0.998356819152832
6577.85615038608	0.9956618547439575
6577.97003008135	0.9987713694572449
6578.08390977662	0.9998078942298889
6578.19778947189	0.9935888648033142
6578.31166916716	0.9925523996353149
6578.42554886243	0.9954546093940735
6578.5394285577	0.9942108392715454
6578.65330825297	0.9979422092437744
6578.7671879482405	0.9966983795166016
6578.8810676435105	0.9898574948310852
6578.994947338781	0.9879918098449707
6579.108827034051	0.9888210296630859
6579.22270672932	0.9923451542854309
6579.33658642459	0.9958691596984863
6579.45046611986	0.9948326945304871
6579.56434581513	0.9969056844711304
6579.6782255104	0.9998078942298889
6579.79210520567	0.9977349042892456
6579.90598490094	0.9979422092437744
6580.01986459621	0.9987713694572449
6580.13374429148	1.0014662742614746
6580.24762398675	1.0002224445343018
6580.36150368202	0.9940034747123718
6580.47538337729	0.9886136651039124
6580.58926307256	0.9788706302642822
6580.70314276783	0.9583478569984436
6580.8170224631	0.9483975172042847
6580.93090215837	0.9604208469390869
6581.04478185364	0.9848822951316833
6581.1586615489105	0.997320294380188
6581.2725412441805	1.0016735792160034
6581.3864209394505	1.0041612386703491
6581.500300634721	1.0022954940795898
6581.61418032999	1.0033320188522339
6581.72806002526	1.0037466287612915
6581.84193972053	1.0041612386703491
6581.9558194158	1.0078926086425781
6582.06969911107	1.0076853036880493
6582.18357880634	1.0033320188522339
6582.29745850161	0.9979422092437744
6582.41133819688	0.9935888648033142
6582.52521789215	0.9966983795166016
6582.63909758742	1.0004298686981201
6582.75297728269	1.001051664352417
6582.86685697796	1.0016735792160034
6582.98073667323	1.0025027990341187
6583.0946163685	0.9969056844711304
6583.20849606377	0.9859188199043274
6583.32237575904	0.9803217053413391
6583.43625545431	0.9767976403236389
6583.5501351495805	0.9826020002365112
6583.6640148448505	0.9915158748626709
6583.7778945401205	1.000637173652649
6583.891774235391	1.0093437433242798
6584.00565393066	1.0122458934783936
6584.11953362593	1.0161845684051514
6584.2334133212	1.013904333114624
6584.34729301647	1.0076853036880493
6584.46117271174	1.0076853036880493
6584.57505240701	1.0120385885238647
6584.68893210228	1.0141116380691528
6584.80281179755	1.014318823814392
6584.91669149282	1.0136970281600952
6585.03057118809	1.0116239786148071
6585.14445088336	1.0122458934783936
6585.25833057863	1.0099656581878662
6585.3722102739	1.010587453842163
6585.48608996917	1.0089291334152222
6585.59996966444	1.0012589693069458
6585.71384935971	0.9991859793663025
6585.82772905498	1.0041612386703491
6585.94160875025	1.0066487789154053
6586.0554884455205	1.0051976442337036
6586.1693681407905	1.003124713897705
6586.283247836061	0.9904793500900269
6586.39712753133	0.9643596410751343
6586.5110072266	0.9479828476905823
6586.62488692187	0.9457026124000549
6586.73876661714	0.9608355164527893
6586.85264631241	0.9838458299636841
6586.96652600768	1.0018808841705322
6587.08040570295	1.0101728439331055
6587.19428539822	1.0130751132965088
6587.30816509349	1.0157699584960938
6587.42204478876	1.0174283981323242
6587.53592448403	1.016599178314209
6587.6498041793	1.0195013284683228
6587.76368387457	1.0182576179504395
6587.87756356984	1.0153553485870361
6587.99144326511	1.0195013284683228
6588.10532296038	1.0234401226043701
6588.21920265565	1.0228182077407837
6588.33308235092	1.0197086334228516
6588.4469620461905	1.0230255126953125
6588.5608417414605	1.0130751132965088
6588.674721436731	1.007063388824463
6588.788601132	1.0147335529327393
6588.90248082727	1.0170137882232666
6589.01636052254	1.0178430080413818
6589.13024021781	1.0228182077407837
6589.24411991308	1.0317320823669434
6589.35799960835	1.0338051319122314
6589.47187930362	1.0269641876220703
6589.58575899889	1.0244766473770142
6589.69963869416	1.0257203578948975
6589.81351838943	1.0253058671951294
6589.9273980847	1.023647427558899
6590.04127777997	1.0228182077407837
6590.15515747524	1.0257203578948975
6590.26903717051	1.0255131721496582
6590.38291686578	1.0201233625411987
6590.49679656105	1.0226109027862549
6590.61067625632	1.0271714925765991
6590.72455595159	1.0259276628494263
6590.8384356468605	1.0195013284683228
6590.9523153421305	1.0172210931777954
6591.066195037401	1.0219889879226685
6591.180074732671	1.0246838331222534
6591.29395442794	1.0244766473770142
6591.40783412321	1.0219889879226685
6591.52171381848	1.0211597681045532
6591.63559351375	1.0253058671951294
6591.74947320902	1.0242693424224854
6591.86335290429	1.0230255126953125
6591.97723259956	1.0244766473770142
6592.09111229483	1.0246838331222534
6592.2049919901	1.021367073059082
6592.31887168537	1.0205378532409668
6592.43275138064	1.0242693424224854
6592.54663107591	1.0263422727584839
6592.66051077118	1.0253058671951294
6592.77439046645	1.0174283981323242
6592.88827016172	1.0136970281600952
6593.00214985699	1.0161845684051514
6593.11602955226	1.015562653541565
6593.2299092475305	1.014318823814392
6593.3437889428005	1.0147335529327393
6593.457668638071	1.0159772634506226
6593.571548333341	1.0195013284683228
6593.68542802861	1.0192941427230835
6593.79930772388	1.0178430080413818
6593.91318741915	1.0221962928771973
6594.02706711442	1.0195013284683228
6594.14094680969	1.0058196783065796
6594.25482650496	0.9942108392715454
6594.36870620023	0.9933816194534302
6594.4825858955	0.9991859793663025
6594.59646559077	1.0097583532333374
6594.71034528604	1.0161845684051514
6594.82422498131	1.015562653541565
6594.93810467658	1.0180503129959106
6595.05198437185	1.0226109027862549
6595.16586406712	1.0217816829681396
6595.27974376239	1.0188795328140259
6595.39362345766	1.0228182077407837
6595.50750315293	1.0244766473770142
6595.6213828482005	1.0201233625411987
6595.7352625434705	1.0170137882232666
6595.849142238741	1.0170137882232666
6595.963021934011	1.0157699584960938
6596.07690162928	1.011831283569336
6596.19078132455	1.0101728439331055
6596.30466101982	1.0151481628417969
6596.41854071509	1.0147335529327393
6596.53242041036	1.0054049491882324
6596.64630010563	1.0035393238067627
6596.7601798009	1.0076853036880493
6596.87405949617	1.0122458934783936
6596.98793919144	1.0093437433242798
6597.10181888671	1.003124713897705
6597.21569858198	1.007063388824463
6597.32957827725	1.0120385885238647
6597.44345797252	1.0134897232055664
6597.55733766779	1.0163918733596802
6597.67121736306	1.0159772634506226
6597.78509705833	1.0153553485870361
6597.8989767536	1.0182576179504395
6598.0128564488705	1.0157699584960938
6598.1267361441405	1.013904333114624
6598.240615839411	1.011831283569336
6598.354495534681	1.016599178314209
6598.46837522995	1.0197086334228516
6598.58225492522	1.0147335529327393
6598.69613462049	1.011831283569336
6598.81001431576	1.0083072185516357
6598.92389401103	1.0029174089431763
6599.0377737063	0.9960765242576599
6599.15165340157	0.9813581705093384
6599.26553309684	0.973273515701294
6599.37941279211	0.9792851805686951
6599.49329248738	0.9855042099952698
6599.60717218265	0.9954546093940735
6599.72105187792	1.0039539337158203
6599.83493157319	1.0041612386703491
6599.94881126846	1.0116239786148071
6600.06269096373	1.0147335529327393
6600.176570659	1.01286780834198
6600.29045035427	1.0124531984329224
6600.4043300495405	1.0141116380691528
6600.5182097448105	1.0157699584960938
6600.632089440081	1.0124531984329224
6600.745969135351	1.0141116380691528
6600.85984883062	1.0161845684051514
6600.97372852589	1.0207451581954956
6601.08760822116	1.0184649229049683
6601.20148791643	1.0197086334228516
6601.3153676117	1.0215743780136108
6601.42924730697	1.0151481628417969
6601.54312700224	1.0091363191604614
6601.65700669751	1.0089291334152222
6601.77088639278	1.0051976442337036
6601.88476608805	0.9966983795166016
6601.99864578332	0.9873698949813843
6602.11252547859	0.9919304847717285
6602.22640517386	1.0008443593978882
6602.34028486913	1.0054049491882324
6602.4541645644	1.0159772634506226
6602.56804425967	1.0209524631500244
6602.68192395494	1.0190868377685547
6602.7958036502105	1.0201233625411987
6602.9096833454805	1.014318823814392
6603.023563040751	1.0163918733596802
6603.137442736021	1.0157699584960938
6603.25132243129	1.0110021829605103
6603.36520212656	1.0116239786148071
6603.47908182183	1.0126605033874512
6603.5929615171	1.0124531984329224
6603.70684121237	1.014526128768921
6603.82072090764	1.018672227859497
6603.93460060291	1.0168064832687378
6604.04848029818	1.0184649229049683
6604.16235999345	1.0172210931777954
6604.27623968872	1.0147335529327393
6604.39011938399	1.0157699584960938
6604.50399907926	1.0174283981323242
6604.61787877453	1.0157699584960938
6604.7317584698	1.0110021829605103
6604.84563816507	1.0103801488876343
6604.95951786034	1.0126605033874512
6605.07339755561	1.017635703086853
6605.1872772508805	1.0159772634506226
6605.3011569461505	1.0116239786148071
6605.415036641421	1.0078926086425781
6605.528916336691	1.0060268640518188
6605.64279603196	1.004368543624878
6605.75667572723	1.0097583532333374
6605.8705554225	1.0141116380691528
6605.98443511777	1.0180503129959106
6606.09831481304	1.0197086334228516
6606.21219450831	1.0188795328140259
6606.32607420358	1.0209524631500244
6606.43995389885	1.0184649229049683
6606.55383359412	1.0161845684051514
6606.66771328939	1.016599178314209
6606.78159298466	1.0184649229049683
6606.89547267993	1.018672227859497
6607.0093523752	1.0180503129959106
6607.12323207047	1.0195013284683228
6607.23711176574	1.0174283981323242
6607.35099146101	1.0184649229049683
6607.46487115628	1.0203306674957275
6607.5787508515505	1.0159772634506226
6607.6926305468205	1.0195013284683228
6607.806510242091	1.0184649229049683
6607.920389937361	1.0174283981323242
6608.03426963263	1.0211597681045532
6608.1481493279	1.01991605758667
6608.26202902317	1.0168064832687378
6608.37590871844	1.0132824182510376
6608.48978841371	1.0147335529327393
6608.60366810898	1.014526128768921
6608.71754780425	1.015562653541565
6608.83142749952	1.0178430080413818
6608.94530719479	1.0147335529327393
6609.05918689006	1.014318823814392
6609.17306658533	1.0153553485870361
6609.2869462806	1.0126605033874512
6609.40082597587	1.013904333114624
6609.51470567114	1.0190868377685547
6609.62858536641	1.0197086334228516
6609.74246506168	1.0170137882232666
6609.85634475695	1.0159772634506226
6609.9702244522205	1.015562653541565
6610.0841041474905	1.0163918733596802
6610.197983842761	1.0190868377685547
6610.311863538031	1.0207451581954956
6610.4257432333	1.0132824182510376
6610.53962292857	1.0114166736602783
6610.65350262384	1.014940857887268
6610.76738231911	1.01286780834198
6610.88126201438	1.0114166736602783
6610.99514170965	1.011831283569336
6611.10902140492	1.013904333114624
6611.22290110019	1.0124531984329224
6611.33678079546	1.0151481628417969
6611.45066049073	1.0116239786148071
6611.564540186	1.0076853036880493
6611.67841988127	1.0056122541427612
6611.79229957654	1.0076853036880493
6611.90617927181	1.0083072185516357
6612.02005896708	1.0089291334152222
6612.13393866235	1.008099913597107
6612.24781835762	1.0056122541427612
6612.3616980528905	0.9942108392715454
6612.4755777481605	0.9896501898765564
6612.589457443431	0.990064799785614
6612.703337138701	0.9940034747123718
6612.81721683397	0.9950399994850159
6612.93109652924	0.9964911341667175
6613.04497622451	0.9915158748626709
6613.15885591978	0.9873698949813843
6613.27273561505	0.9892356395721436
6613.38661531032	0.9944181442260742
6613.50049500559	0.9975275993347168
6613.61437470086	1.000637173652649
6613.72825439613	1.0054049491882324
6613.8421340914	1.003124713897705
6613.95601378667	1.0027101039886475
6614.06989348194	1.007063388824463
6614.18377317721	1.0110021829605103
6614.29765287248	1.0097583532333374
6614.41153256775	1.0085145235061646
6614.52541226302	1.0085145235061646
6614.63929195829	1.0054049491882324
6614.7531716535605	1.0095510482788086
6614.8670513488305	1.0122458934783936
6614.9809310441005	1.0124531984329224
6615.094810739371	1.0095510482788086
6615.20869043464	1.0091363191604614
6615.32257012991	1.0120385885238647
6615.43644982518	1.0103801488876343
6615.55032952045	1.0054049491882324
6615.66420921572	0.9991859793663025
6615.77808891099	1.0037466287612915
6615.89196860626	1.006856083869934
6616.00584830153	1.0076853036880493
6616.1197279968	1.010587453842163
6616.23360769207	1.0112093687057495
6616.34748738734	1.0087218284606934
6616.46136708261	1.0097583532333374
6616.57524677788	1.0066487789154053
6616.68912647315	1.0058196783065796
6616.80300616842	1.0116239786148071
6616.91688586369	1.01286780834198
6617.03076555896	1.0087218284606934
6617.14464525423	1.007063388824463
6617.2585249495005	1.0116239786148071
6617.3724046447705	1.0083072185516357
6617.486284340041	1.0064414739608765
6617.60016403531	1.0076853036880493
6617.71404373058	1.006856083869934
6617.82792342585	1.0095510482788086
6617.94180312112	1.0083072185516357
6618.05568281639	1.006856083869934
6618.16956251166	1.0062341690063477
6618.28344220693	1.0062341690063477
6618.3973219022	1.007063388824463
6618.51120159747	1.0078926086425781
6618.62508129274	1.0103801488876343
6618.73896098801	1.0114166736602783
6618.85284068328	1.0085145235061646
6618.96672037855	1.007063388824463
6619.08060007382	1.0041612386703491
6619.19447976909	1.003124713897705
6619.30835946436	1.008099913597107
6619.42223915963	1.0097583532333374
6619.5361188549	1.0064414739608765
6619.6499985501705	1.007063388824463
6619.7638782454405	1.0064414739608765
6619.877757940711	1.0049903392791748
6619.99163763598	1.0083072185516357
6620.10551733125	1.0093437433242798
6620.21939702652	1.0078926086425781
6620.33327672179	1.0099656581878662
6620.44715641706	1.0120385885238647
6620.56103611233	1.0103801488876343
6620.6749158076	1.0097583532333374
6620.78879550287	1.011831283569336
6620.90267519814	1.0087218284606934
6621.01655489341	1.0058196783065796
6621.13043458868	1.006856083869934
6621.24431428395	1.0033320188522339
6621.35819397922	1.0041612386703491
6621.47207367449	1.0058196783065796
6621.58595336976	1.0025027990341187
6621.69983306503	1.0016735792160034
6621.8137127603	1.0054049491882324
6621.92759245557	1.0041612386703491
6622.0414721508405	1.003124713897705
6622.1553518461105	1.0047831535339355
6622.269231541381	1.0045758485794067
6622.38311123665	1.0047831535339355
6622.49699093192	1.0012589693069458
6622.61087062719	0.9985641241073608
6622.72475032246	0.9981495141983032
6622.83863001773	1.0012589693069458
6622.952509713	1.0054049491882324
6623.06638940827	1.0045758485794067
6623.18026910354	1.0022954940795898
6623.29414879881	1.003124713897705
6623.40802849408	1.010587453842163
6623.52190818935	1.01286780834198
6623.63578788462	1.0087218284606934
6623.74966757989	1.0089291334152222
6623.86354727516	1.0066487789154053
6623.97742697043	1.0064414739608765
6624.0913066657	1.0114166736602783
6624.20518636097	1.0083072185516357
6624.31906605624	1.0074779987335205
6624.4329457515105	1.006856083869934
6624.5468254467805	1.0039539337158203
6624.660705142051	1.0072706937789917
6624.77458483732	1.003124713897705
6624.88846453259	1.000015139579773
6625.00234422786	1.0027101039886475
6625.11622392313	1.0002224445343018
6625.2301036184	0.9996006488800049
6625.34398331367	1.003124713897705
6625.45786300894	1.0058196783065796
6625.57174270421	1.0076853036880493
6625.68562239948	1.0076853036880493
6625.79950209475	1.007063388824463
6625.91338179002	1.0072706937789917
6626.02726148529	1.0060268640518188
6626.14114118056	1.0018808841705322
6626.25502087583	0.9966983795166016
6626.3689005711	0.9969056844711304
6626.48278026637	1.0018808841705322
6626.59665996164	1.0074779987335205
6626.71053965691	1.0078926086425781
6626.8244193521805	1.0039539337158203
6626.9382990474505	1.0033320188522339
6627.052178742721	1.0060268640518188
6627.16605843799	1.0062341690063477
6627.27993813326	1.006856083869934
6627.39381782853	1.003124713897705
6627.5076975238	1.001051664352417
6627.62157721907	1.0025027990341187
6627.73545691434	0.9996006488800049
6627.84933660961	1.0002224445343018
6627.96321630488	0.9979422092437744
6628.07709600015	0.9991859793663025
6628.19097569542	1.0045758485794067
6628.30485539069	1.0033320188522339
6628.41873508596	1.0066487789154053
6628.53261478123	1.0085145235061646
6628.6464944765	1.0051976442337036
6628.76037417177	1.0014662742614746
6628.87425386704	1.0033320188522339
6628.98813356231	1.0054049491882324
6629.10201325758	1.0041612386703491
6629.2158929528505	1.0018808841705322
6629.3297726481205	1.002088189125061
6629.443652343391	1.0014662742614746
6629.55753203866	1.004368543624878
6629.67141173393	1.0041612386703491
6629.7852914292	1.0037466287612915
6629.89917112447	1.0041612386703491
6630.01305081974	1.0062341690063477
6630.12693051501	1.0033320188522339
6630.24081021028	1.0029174089431763
6630.35468990555	1.004368543624878
6630.46856960082	1.0041612386703491
6630.58244929609	1.0054049491882324
6630.69632899136	1.0062341690063477
6630.81020868663	1.0039539337158203
6630.9240883819	0.9993932843208313
6631.03796807717	0.9962838292121887
6631.15184777244	0.9987713694572449
6631.26572746771	1.0035393238067627
6631.37960716298	1.004368543624878
6631.49348685825	1.0027101039886475
6631.6073665535205	1.0054049491882324
6631.7212462487905	1.0037466287612915
6631.835125944061	0.9991859793663025
6631.94900563933	1.001051664352417
6632.0628853346	0.9998078942298889
6632.17676502987	1.0008443593978882
6632.29064472514	1.0033320188522339
6632.40452442041	0.9954546093940735
6632.51840411568	1.001051664352417
6632.63228381095	1.0029174089431763
6632.74616350622	0.9969056844711304
6632.86004320149	0.9958691596984863
6632.97392289676	0.9964911341667175
6633.08780259203	0.9971129894256592
6633.2016822873	0.9971129894256592
6633.31556198257	1.0014662742614746
6633.42944167784	1.0045758485794067
6633.54332137311	1.000637173652649
6633.65720106838	1.0004298686981201
6633.77108076365	1.0039539337158203
6633.88496045892	1.0033320188522339
6633.9988401541905	1.0004298686981201
6634.1127198494605	1.0004298686981201
6634.226599544731	0.9991859793663025
6634.34047924	0.9962838292121887
6634.45435893527	1.003124713897705
6634.56823863054	1.0037466287612915
6634.68211832581	0.9991859793663025
6634.79599802108	0.9989786744117737
6634.90987771635	1.002088189125061
6635.02375741162	1.002088189125061
6635.13763710689	0.9966983795166016
6635.25151680216	0.9977349042892456
6635.36539649743	1.0033320188522339
6635.4792761927	1.001051664352417
6635.59315588797	0.997320294380188
6635.70703558324	0.9969056844711304
6635.82091527851	0.9993932843208313
6635.93479497378	1.002088189125061
6636.04867466905	1.003124713897705
6636.16255436432	1.0016735792160034
6636.27643405959	1.0008443593978882
6636.3903137548605	1.0014662742614746
6636.5041934501305	1.0004298686981201
6636.618073145401	1.000637173652649
6636.73195284067	1.0027101039886475
6636.84583253594	1.0064414739608765
6636.95971223121	1.0062341690063477
6637.07359192648	1.0045758485794067
6637.18747162175	1.0049903392791748
6637.30135131702	1.0047831535339355
6637.41523101229	1.0033320188522339
6637.52911070756	1.0014662742614746
6637.64299040283	1.003124713897705
6637.7568700981	1.0014662742614746
6637.87074979337	0.9987713694572449
6637.98462948864	0.9956618547439575
6638.09850918391	0.9898574948310852
6638.21238887918	0.9925523996353149
6638.32626857445	0.9977349042892456
6638.44014826972	1.0033320188522339
6638.55402796499	1.0051976442337036
6638.66790766026	1.0041612386703491
6638.7817873555305	1.0022954940795898
6638.8956670508005	1.0002224445343018
6639.009546746071	1.0035393238067627
6639.12342644134	1.0072706937789917
6639.23730613661	1.0064414739608765
6639.35118583188	1.0029174089431763
6639.46506552715	1.0062341690063477
6639.57894522242	1.004368543624878
6639.69282491769	1.001051664352417
6639.80670461296	1.0049903392791748
6639.92058430823	1.003124713897705
6640.0344640035	0.9993932843208313
6640.14834369877	0.9977349042892456
6640.26222339404	1.0008443593978882
6640.37610308931	1.0025027990341187
6640.48998278458	1.0012589693069458
6640.60386247985	1.0002224445343018
6640.71774217512	1.0004298686981201
6640.83162187039	0.9966983795166016
6640.94550156566	0.9940034747123718
6641.05938126093	0.9956618547439575
6641.1732609562005	1.002088189125061
6641.2871406514705	1.0039539337158203
6641.401020346741	1.0022954940795898
6641.51490004201	1.0012589693069458
6641.62877973728	1.0002224445343018
6641.74265943255	0.9993932843208313
6641.85653912782	0.9996006488800049
6641.97041882309	0.9985641241073608
6642.08429851836	0.9966983795166016
6642.19817821363	0.9942108392715454
6642.3120579089	0.9952473044395447
6642.42593760417	0.9960765242576599
6642.53981729944	0.997320294380188
6642.65369699471	1.0029174089431763
6642.76757668998	1.002088189125061
6642.88145638525	0.9948326945304871
6642.99533608052	0.9925523996353149
6643.10921577579	0.9964911341667175
6643.22309547106	1.0025027990341187
6643.33697516633	1.0022954940795898
6643.4508548616	0.9966983795166016
6643.5647345568705	0.9975275993347168
6643.6786142521405	0.9952473044395447
6643.792493947411	0.9981495141983032
6643.90637364268	1.0029174089431763
6644.02025333795	1.0002224445343018
6644.13413303322	0.9962838292121887
6644.24801272849	0.9964911341667175
6644.36189242376	1.0008443593978882
6644.47577211903	1.0018808841705322
6644.5896518143	1.003124713897705
6644.70353150957	1.0047831535339355
6644.81741120484	1.0029174089431763
6644.93129090011	0.9993932843208313
6645.04517059538	0.9998078942298889
6645.15905029065	0.998356819152832
6645.27292998592	0.9991859793663025
6645.38680968119	1.0037466287612915
6645.50068937646	1.0002224445343018
6645.61456907173	0.9962838292121887
6645.728448767	0.9996006488800049
6645.84232846227	0.9971129894256592
6645.9562081575405	0.9987713694572449
6646.0700878528105	0.9989786744117737
6646.183967548081	0.9991859793663025
6646.29784724335	1.000637173652649
6646.41172693862	0.9987713694572449
6646.52560663389	0.9979422092437744
6646.63948632916	0.9954546093940735
6646.75336602443	0.9971129894256592
6646.8672457197	1.0029174089431763
6646.98112541497	0.9993932843208313
6647.09500511024	0.9991859793663025
6647.20888480551	0.9991859793663025
6647.32276450078	0.998356819152832
6647.43664419605	0.9966983795166016
6647.55052389132	0.9969056844711304
6647.66440358659	1.0012589693069458
6647.77828328186	1.0029174089431763
6647.89216297713	1.0025027990341187
6648.0060426724	1.0014662742614746
6648.11992236767	1.0008443593978882
6648.23380206294	1.0027101039886475
6648.3476817582105	1.0014662742614746
6648.4615614534805	0.9971129894256592
6648.5754411487505	0.9971129894256592
6648.68932084402	0.9944181442260742
6648.80320053929	0.9950399994850159
6648.91708023456	0.9996006488800049
6649.03095992983	0.9962838292121887
6649.1448396251	0.9952473044395447
6649.25871932037	1.0025027990341187
6649.37259901564	1.006856083869934
6649.48647871091	1.0033320188522339
6649.60035840618	1.0039539337158203
6649.71423810145	1.006856083869934
6649.82811779672	1.0047831535339355
6649.94199749199	0.9998078942298889
6650.05587718726	1.000015139579773
6650.16975688253	1.000015139579773
6650.2836365778	0.9962838292121887
6650.39751627307	0.9969056844711304
6650.51139596834	0.9985641241073608
6650.62527566361	0.9985641241073608
6650.73915535888	1.0004298686981201
6650.8530350541505	1.0012589693069458
6650.9669147494205	1.0049903392791748
6651.08079444469	1.0041612386703491
6651.19467413996	1.0008443593978882
6651.30855383523	1.0004298686981201
6651.4224335305	0.9993932843208313
6651.53631322577	1.0033320188522339
6651.65019292104	0.9996006488800049
6651.76407261631	0.9950399994850159
6651.87795231158	1.001051664352417
6651.99183200685	1.0049903392791748
6652.10571170212	1.0025027990341187
6652.21959139739	1.0064414739608765
6652.33347109266	1.006856083869934
6652.44735078793	0.9987713694572449
6652.5612304832	0.993796169757843
6652.67511017847	0.998356819152832
6652.78898987374	0.9998078942298889
6652.90286956901	0.9993932843208313
6653.01674926428	1.0002224445343018
6653.13062895955	0.9960765242576599
6653.2445086548205	0.997320294380188
6653.3583883500905	0.9996006488800049
6653.47226804536	0.998356819152832
6653.58614774063	1.0014662742614746
6653.7000274359	1.0062341690063477
6653.81390713117	1.0058196783065796
6653.92778682644	1.0035393238067627
6654.04166652171	1.0027101039886475
6654.15554621698	1.0054049491882324
6654.26942591225	1.0029174089431763
6654.38330560752	0.9985641241073608
6654.49718530279	0.9987713694572449
6654.61106499806	1.0022954940795898
6654.72494469333	1.0012589693069458
6654.8388243886	0.9950399994850159
6654.95270408387	0.9960765242576599
6655.06658377914	0.998356819152832
6655.18046347441	0.9975275993347168
6655.29434316968	0.9950399994850159
6655.40822286495	0.9946253895759583
6655.52210256022	0.9969056844711304
6655.6359822554905	0.9977349042892456
6655.7498619507605	0.9996006488800049
6655.86374164603	1.0014662742614746
6655.9776213413	1.0014662742614746
6656.09150103657	0.9971129894256592
6656.20538073184	1.0004298686981201
6656.31926042711	0.9969056844711304
6656.43314012238	0.9979422092437744
6656.54701981765	0.998356819152832
6656.66089951292	1.002088189125061
6656.77477920819	0.9998078942298889
6656.88865890346	0.9950399994850159
6657.00253859873	0.9925523996353149
6657.116418294	0.9981495141983032
6657.23029798927	0.9996006488800049
6657.34417768454	0.9971129894256592
6657.45805737981	0.9991859793663025
6657.57193707508	1.0008443593978882
6657.68581677035	1.0004298686981201
6657.79969646562	0.9942108392715454
6657.91357616089	0.9962838292121887
6658.0274558561605	1.000015139579773
6658.1413355514305	1.0004298686981201
6658.2552152467	0.9958691596984863
6658.36909494197	0.9935888648033142
6658.48297463724	0.9981495141983032
6658.59685433251	1.0014662742614746
6658.71073402778	1.0004298686981201
6658.82461372305	0.9958691596984863
6658.93849341832	0.9925523996353149
6659.05237311359	0.9962838292121887
6659.16625280886	0.9998078942298889
6659.28013250413	0.9979422092437744
6659.3940121994	0.9944181442260742
6659.50789189467	0.9908940196037292
6659.62177158994	0.9950399994850159
6659.73565128521	0.9979422092437744
6659.84953098048	0.9956618547439575
6659.96341067575	0.990064799785614
6660.07729037102	0.9931743144989014
6660.19117006629	0.9956618547439575
6660.30504976156	0.9935888648033142
6660.4189294568305	0.998356819152832
6660.5328091521005	0.9958691596984863
6660.64668884737	0.9894428849220276
6660.76056854264	0.9867479801177979
6660.87444823791	0.9894428849220276
6660.98832793318	0.9890283346176147
6661.10220762845	0.9917231798171997
6661.21608732372	0.9950399994850159
6661.32996701899	0.9935888648033142
6661.44384671426	0.9877845048904419
6661.55772640953	0.9859188199043274
6661.6716061048	0.9848822951316833
6661.78548580007	0.9892356395721436
6661.89936549534	0.9888210296630859
6662.01324519061	0.9834311604499817
6662.12712488588	0.9879918098449707
6662.24100458115	0.9904793500900269
6662.35488427642	0.9948326945304871
6662.46876397169	0.9987713694572449
6662.58264366696	0.9958691596984863
6662.69652336223	0.9929670095443726
6662.8104030575005	0.9908940196037292
6662.9242827527705	0.9908940196037292
6663.03816244804	0.9919304847717285
6663.15204214331	0.9908940196037292
6663.26592183858	0.9886136651039124
6663.37980153385	0.9894428849220276
6663.49368122912	0.9917231798171997
6663.60756092439	0.9935888648033142
6663.72144061966	0.9894428849220276
6663.83532031493	0.993796169757843
6663.9492000102	0.9935888648033142
6664.06307970547	0.9896501898765564
6664.17695940074	0.9917231798171997
6664.29083909601	0.9929670095443726
6664.40471879128	0.9935888648033142
6664.51859848655	0.9985641241073608
6664.63247818182	0.9969056844711304
6664.74635787709	0.9925523996353149
6664.86023757236	0.997320294380188
6664.97411726763	0.9898574948310852
6665.0879969629	0.9832238554954529
6665.2018766581705	0.9846749901771545
6665.3157563534405	0.9838458299636841
6665.42963604871	0.9869552850723267
6665.54351574398	0.9850896000862122
6665.65739543925	0.9846749901771545
6665.77127513452	0.9861261248588562
6665.88515482979	0.9915158748626709
6665.99903452506	0.9933816194534302
6666.11291422033	0.9896501898765564
6666.2267939156	0.9896501898765564
6666.34067361087	0.9921377897262573
6666.45455330614	0.9911013245582581
6666.56843300141	0.9933816194534302
6666.68231269668	0.9977349042892456
6666.79619239195	0.9960765242576599
6666.91007208722	0.9935888648033142
6667.02395178249	0.9890283346176147
6667.13783147776	0.98280930519104
6667.25171117303	0.9844676852226257
6667.3655908683	0.9911013245582581
6667.47947056357	0.9863333702087402
6667.5933502588405	0.9881991147994995
6667.7072299541105	0.9915158748626709
6667.82110964938	0.9898574948310852
6667.93498934465	0.9915158748626709
6668.04886903992	0.9902721047401428
6668.16274873519	0.9902721047401428
6668.27662843046	0.9898574948310852
6668.39050812573	0.9898574948310852
6668.504387821	0.9902721047401428
6668.61826751627	0.9844676852226257
6668.73214721154	0.9842603802680969
6668.84602690681	0.9917231798171997
6668.95990660208	0.9888210296630859
6669.07378629735	0.9896501898765564
6669.18766599262	0.9956618547439575
6669.30154568789	0.9929670095443726
6669.41542538316	0.9848822951316833
6669.52930507843	0.9834311604499817
6669.6431847737	0.986540675163269
6669.75706446897	0.9842603802680969
6669.87094416424	0.9786633253097534
6669.9848238595105	0.9811508655548096
6670.0987035547805	0.9846749901771545
6670.212583250051	0.98280930519104
6670.32646294532	0.9852968454360962
6670.44034264059	0.9892356395721436
6670.55422233586	0.986540675163269
6670.66810203113	0.9850896000862122
6670.7819817264	0.9875771999359131
6670.89586142167	0.9848822951316833
6671.00974111694	0.9823946952819824
6671.12362081221	0.9759683609008789
6671.23750050748	0.9767976403236389
6671.35138020275	0.9852968454360962
6671.46525989802	0.9877845048904419
6671.57913959329	0.9838458299636841
6671.69301928856	0.9834311604499817
6671.80689898383	0.9859188199043274
6671.9207786791	0.9840531349182129
6672.03465837437	0.9780413508415222
6672.14853806964	0.9790778756141663
6672.26241776491	0.9747246503829956
6672.3762974601805	0.9755538105964661
6672.4901771554505	0.9765903353691101
6672.604056850721	0.9767976403236389
6672.71793654599	0.9776268005371094
6672.83181624126	0.9714078307151794
6672.94569593653	0.9670544862747192
6673.0595756318	0.9662253260612488
6673.17345532707	0.9734808206558228
6673.28733502234	0.9763829708099365
6673.40121471761	0.9685056209564209
6673.51509441288	0.9639449715614319
6673.62897410815	0.9662253260612488
6673.74285380342	0.9664326310157776
6673.85673349869	0.967261791229248
6673.97061319396	0.9674690961837769
6674.08449288923	0.9656033515930176
6674.1983725845	0.9616646766662598
6674.31225227977	0.9604208469390869
6674.42613197504	0.9602136015892029
6674.54001167031	0.9583478569984436
6674.65389136558	0.9579333066940308
6674.7677710608505	0.9568968415260315
6674.8816507561205	0.9568968415260315
6674.995530451391	0.9620792865753174
6675.10941014666	0.9581406116485596
6675.22328984193	0.9527508020401001
6675.3371695372	0.9533727169036865
6675.45104923247	0.9512996673583984
6675.56492892774	0.945909857749939
6675.67880862301	0.9450806975364685
6675.79268831828	0.9409346580505371
6675.90656801355	0.939483642578125
6676.02044770882	0.9340938329696655
6676.13432740409	0.9278748035430908
6676.24820709936	0.9307770133018494
6676.36208679463	0.9253872036933899
6676.4759664899	0.915851354598999
6676.58984618517	0.9090105295181274
6676.70372588044	0.9063156247138977
6676.81760557571	0.9108762145042419
6676.93148527098	0.9135711193084717
6677.04536496625	0.9100469946861267
6677.1592446615205	0.9069374799728394
6677.2731243567905	0.904864490032196
6677.387004052061	0.9032061100006104
6677.50088374733	0.9040353298187256
6677.6147634426	0.9092178344726562
6677.72864313787	0.9114981293678284
6677.84252283314	0.9106688499450684
6677.95640252841	0.9125346541404724
6678.07028222368	0.9133638143539429
6678.18416191895	0.9137783646583557
6678.29804161422	0.9146076440811157
6678.41192130949	0.9112908244132996
6678.52580100476	0.9119126796722412
6678.63968070003	0.9168878793716431
6678.7535603953	0.9131565093994141
6678.86744009057	0.9154368042945862
6678.98131978584	0.9202046990394592
6679.09519948111	0.9160586595535278
6679.20907917638	0.9199973940849304
6679.32295887165	0.9243506789207458
6679.43683856692	0.9226922988891602
6679.5507182621905	0.9212411642074585
6679.6645979574605	0.9197901487350464
6679.7784776527305	0.9214485287666321
6679.892357348	0.9251798987388611
6680.00623704327	0.9251798987388611
6680.12011673854	0.9272528886795044
6680.23399643381	0.9291186332702637
6680.34787612908	0.9324353933334351
6680.46175582435	0.9353376030921936
6680.57563551962	0.938654363155365
6680.68951521489	0.9473609924316406
6680.80339491016	0.946946382522583
6680.91727460543	0.9508851170539856
6681.0311543007	0.9597989916801453
6681.14503399597	0.9597989916801453
6681.25891369124	0.9585551619529724
6681.37279338651	0.9602136015892029
6681.48667308178	0.9635303616523743
6681.60055277705	0.9656033515930176
6681.71443247232	0.9664326310157776
6681.82831216759	0.9685056209564209
6681.94219186286	0.9705786108970642
6682.0560715581305	0.9707858562469482
6682.1699512534005	0.9724442958831787
6682.28383094867	0.9705786108970642
6682.39771064394	0.9695421457290649
6682.51159033921	0.9743099808692932
6682.62547003448	0.9722369909286499
6682.73934972975	0.9680910110473633
6682.85322942502	0.9751392006874084
6682.96710912029	0.9776268005371094
6683.08098881556	0.9755538105964661
6683.19486851083	0.9817728400230408
6683.3087482061	0.9871626496315002
6683.42262790137	0.9873698949813843
6683.53650759664	0.9852968454360962
6683.65038729191	0.9867479801177979
6683.76426698718	0.9857115149497986
6683.87814668245	0.9888210296630859
6683.99202637772	0.9942108392715454
6684.10590607299	0.9940034747123718
6684.21978576826	0.9935888648033142
6684.33366546353	0.9925523996353149
6684.4475451588005	0.9861261248588562
6684.5614248540705	0.9877845048904419
6684.67530454934	0.9902721047401428
6684.78918424461	0.9863333702087402
6684.90306393988	0.9873698949813843
6685.01694363515	0.9867479801177979
6685.13082333042	0.9855042099952698
6685.24470302569	0.9873698949813843
6685.35858272096	0.9888210296630859
6685.47246241623	0.9879918098449707
6685.5863421115	0.990064799785614
6685.70022180677	0.9859188199043274
6685.81410150204	0.9869552850723267
6685.92798119731	0.9913086295127869
6686.04186089258	0.9915158748626709
6686.15574058785	0.9948326945304871
6686.26962028312	0.9902721047401428
6686.38349997839	0.9873698949813843
6686.49737967366	0.9890283346176147
6686.61125936893	0.986540675163269
6686.7251390642	0.9815654754638672
6686.8390187594705	0.9844676852226257
6686.9528984547405	0.9873698949813843
6687.06677815001	0.9902721047401428
6687.18065784528	0.9898574948310852
6687.29453754055	0.9855042099952698
6687.40841723582	0.9890283346176147
6687.52229693109	0.9902721047401428
6687.63617662636	0.9896501898765564
6687.75005632163	0.9875771999359131
6687.8639360169	0.990064799785614
6687.97781571217	0.9935888648033142
6688.09169540744	0.9884063601493835
6688.20557510271	0.9859188199043274
6688.31945479798	0.9881991147994995
6688.43333449325	0.9921377897262573
6688.54721418852	0.9942108392715454
6688.66109388379	0.986540675163269
6688.77497357906	0.9815654754638672
6688.88885327433	0.9834311604499817
6689.0027329696	0.9871626496315002
6689.11661266487	0.9873698949813843
6689.2304923601405	0.990064799785614
6689.3443720554105	0.9884063601493835
6689.458251750681	0.9859188199043274
6689.57213144595	0.9875771999359131
6689.68601114122	0.9846749901771545
6689.79989083649	0.9871626496315002
6689.91377053176	0.9923451542854309
6690.02765022703	0.9838458299636841
6690.1415299223	0.9755538105964661
6690.25540961757	0.9743099808692932
6690.36928931284	0.9736881256103516
6690.48316900811	0.974517285823822
