6337.03709202	0.1756
6337.03709201976	1.1418019533157349
6337.21269201976	1.1423194408416748
6337.38829201976	1.142462968826294
6337.56389201976	1.14326810836792
6337.73949201976	1.1442872285842896
6337.91509201976	1.1451529264450073
6338.09069201976	1.1452726125717163
6338.26629201976	1.1447644233703613
6338.44189201976	1.1428642272949219
6338.61749201976	1.1432015895843506
6338.7930920197605	1.145216941833496
6338.96869201976	1.1455187797546387
6339.1442920197605	1.1451088190078735
6339.31989201976	1.145932674407959
6339.495492019761	1.1475512981414795
6339.67109201976	1.1484482288360596
6339.84669201976	1.1481398344039917
6340.02229201976	1.1479183435440063
6340.19789201976	1.149458885192871
6340.37349201976	1.1485728025436401
6340.54909201976	1.1442492008209229
6340.72469201976	1.1426254510879517
6340.90029201976	1.145611047744751
6341.07589201976	1.1457924842834473
6341.25149201976	1.1412909030914307
6341.4270920197605	1.1387724876403809
6341.60269201976	1.1400883197784424
6341.778292019761	1.1400402784347534
6341.95389201976	1.136497139930725
6342.129492019761	1.1351361274719238
6342.30509201976	1.1368287801742554
6342.48069201976	1.1370457410812378
6342.65629201976	1.134965419769287
6342.83189201976	1.134135127067566
6343.00749201976	1.134046196937561
6343.18309201976	1.134511947631836
6343.35869201976	1.1372640132904053
6343.53429201976	1.1392992734909058
6343.70989201976	1.1388959884643555
6343.88549201976	1.1381009817123413
6344.0610920197605	1.138491153717041
6344.23669201976	1.138534426689148
6344.412292019761	1.1366732120513916
6344.58789201976	1.1356499195098877
6344.76349201976	1.1359901428222656
6344.93909201976	1.1359065771102905
6345.11469201976	1.1348146200180054
6345.29029201976	1.1336899995803833
6345.46589201976	1.1341665983200073
6345.64149201976	1.1339908838272095
6345.81709201976	1.1311352252960205
6345.99269201976	1.127971887588501
6346.16829201976	1.12738835811615
6346.3438920197605	1.1261940002441406
6346.51949201976	1.1210944652557373
6346.6950920197605	1.115818977355957
6346.87069201976	1.1131056547164917
6347.046292019761	1.111899971961975
6347.22189201976	1.113525152206421
6347.39749201976	1.115796685218811
6347.57309201976	1.1178799867630005
6347.74869201976	1.1206753253936768
6347.92429201976	1.122532844543457
6348.09989201976	1.1242222785949707
6348.27549201976	1.1262744665145874
6348.45109201976	1.1278225183486938
6348.62669201976	1.1316665410995483
6348.80229201976	1.1359494924545288
6348.9778920197605	1.1343152523040771
6349.15349201976	1.1321343183517456
6349.3290920197605	1.1321519613265991
6349.50469201976	1.1323070526123047
6349.680292019761	1.1339489221572876
6349.85589201976	1.136040449142456
6350.03149201976	1.1351009607315063
6350.20709201976	1.1325620412826538
6350.38269201976	1.1310991048812866
6350.55829201976	1.1292155981063843
6350.73389201976	1.1295989751815796
6350.90949201976	1.1307252645492554
6351.08509201976	1.1308773756027222
6351.26069201976	1.1305768489837646
6351.43629201976	1.1331214904785156
6351.6118920197605	1.136628270149231
6351.78749201976	1.1384618282318115
6351.963092019761	1.1397265195846558
6352.13869201976	1.1388978958129883
6352.314292019761	1.1358985900878906
6352.48989201976	1.1370627880096436
6352.66549201976	1.141233205795288
6352.84109201976	1.1420692205429077
6353.01669201976	1.1417033672332764
6353.19229201976	1.140648603439331
6353.36789201976	1.1390074491500854
6353.54349201976	1.138683557510376
6353.71909201976	1.140596866607666
6353.89469201976	1.1412091255187988
6354.07029201976	1.1420485973358154
6354.2458920197605	1.1409038305282593
6354.42149201976	1.1372318267822266
6354.597092019761	1.1371163129806519
6354.77269201976	1.1404768228530884
6354.94829201976	1.1406038999557495
6355.12389201976	1.138617992401123
6355.29949201976	1.1372363567352295
6355.47509201976	1.1347923278808594
6355.65069201976	1.1329076290130615
6355.82629201976	1.1313600540161133
6356.00189201976	1.1316245794296265
6356.17749201976	1.1344695091247559
6356.35309201976	1.1357775926589966
6356.5286920197605	1.1350092887878418
6356.70429201976	1.1355043649673462
6356.8798920197605	1.1398394107818604
6357.05549201976	1.1402347087860107
6357.231092019761	1.1348936557769775
6357.40669201976	1.1327264308929443
6357.58229201976	1.1345945596694946
6357.75789201976	1.1350672245025635
6357.93349201976	1.135128378868103
6358.10909201976	1.1343556642532349
6358.28469201976	1.1306713819503784
6358.46029201976	1.1290477514266968
6358.63589201976	1.1305853128433228
6358.81149201976	1.1320810317993164
6358.98709201976	1.1320674419403076
6359.1626920197605	1.132733702659607
6359.33829201976	1.1335365772247314
6359.5138920197605	1.1338305473327637
6359.68949201976	1.1345653533935547
6359.865092019761	1.1349276304244995
6360.04069201976	1.1348721981048584
6360.21629201976	1.1343188285827637
6360.39189201976	1.1315557956695557
6360.56749201976	1.1298599243164062
6360.74309201976	1.1312687397003174
6360.91869201976	1.1319894790649414
6361.09429201976	1.1317155361175537
6361.26989201976	1.1311973333358765
6361.44549201976	1.1286906003952026
6361.62109201976	1.1267279386520386
6361.7966920197605	1.1288715600967407
6361.97229201976	1.131066918373108
6362.147892019761	1.1307786703109741
6362.32349201976	1.1307052373886108
6362.499092019761	1.131954312324524
6362.67469201976	1.1335729360580444
6362.85029201976	1.1354925632476807
6363.02589201976	1.1375553607940674
6363.20149201976	1.1372112035751343
6363.37709201976	1.1374289989471436
6363.55269201976	1.1394590139389038
6363.72829201976	1.1410833597183228
6363.90389201976	1.1399508714675903
6364.07949201976	1.1380385160446167
6364.25509201976	1.1357697248458862
6364.4306920197605	1.133871078491211
6364.60629201976	1.138860821723938
6364.781892019761	1.1442763805389404
6364.95749201976	1.1397981643676758
6365.13309201976	1.1338666677474976
6365.30869201976	1.1340285539627075
6365.48429201976	1.1347360610961914
6365.65989201976	1.1351697444915771
6365.83549201976	1.135925531387329
6366.01109201976	1.1340453624725342
6366.18669201976	1.1319743394851685
6366.36229201976	1.1324660778045654
6366.53789201976	1.1334211826324463
6366.71349201976	1.1354790925979614
6366.88909201976	1.1377469301223755
6367.0646920197605	1.1357260942459106
6367.24029201976	1.1310819387435913
6367.415892019761	1.1310924291610718
6367.59149201976	1.1318472623825073
6367.76709201976	1.1294159889221191
6367.94269201976	1.1275888681411743
6368.11829201976	1.1253423690795898
6368.29389201976	1.1236262321472168
6368.46949201976	1.1224815845489502
6368.64509201976	1.121994137763977
6368.82069201976	1.1221940517425537
6368.99629201976	1.123449683189392
6369.17189201976	1.1239511966705322
6369.3474920197605	1.1236498355865479
6369.52309201976	1.1244086027145386
6369.6986920197605	1.1249918937683105
6369.87429201976	1.1242966651916504
6370.049892019761	1.122868299484253
6370.22549201976	1.1209442615509033
6370.40109201976	1.1187350749969482
6370.57669201976	1.118149995803833
6370.75229201976	1.1196393966674805
6370.92789201976	1.1192739009857178
6371.10349201976	1.1170424222946167
6371.27909201976	1.1164672374725342
6371.45469201976	1.1182090044021606
6371.63029201976	1.1171000003814697
6371.80589201976	1.1136596202850342
6371.9814920197605	1.1130965948104858
6372.15709201976	1.1142605543136597
6372.3326920197605	1.1162132024765015
6372.50829201976	1.1205413341522217
6372.683892019761	1.1219662427902222
6372.85949201976	1.1203644275665283
6373.03509201976	1.1204732656478882
6373.21069201976	1.122570514678955
6373.38629201976	1.1233644485473633
6373.56189201976	1.1227049827575684
6373.73749201976	1.1233209371566772
6373.91309201976	1.1243889331817627
6374.08869201976	1.1251342296600342
6374.26429201976	1.124951958656311
6374.43989201976	1.1250548362731934
6374.6154920197605	1.1243526935577393
6374.79109201976	1.1260719299316406
6374.966692019761	1.131109595298767
6375.14229201976	1.134459137916565
6375.31789201976	1.1353510618209839
6375.49349201976	1.135015606880188
6375.66909201976	1.1316423416137695
6375.84469201976	1.1299000978469849
6376.02029201976	1.131281852722168
6376.19589201976	1.132317304611206
6376.37149201976	1.1334847211837769
6376.54709201976	1.1344610452651978
6376.72269201976	1.1357882022857666
6376.89829201976	1.1359754800796509
6377.07389201976	1.1333768367767334
6377.2494920197605	1.132493019104004
6377.42509201976	1.136254906654358
6377.600692019761	1.138687252998352
6377.77629201976	1.1380802392959595
6377.95189201976	1.1378222703933716
6378.12749201976	1.1379402875900269
6378.30309201976	1.137721300125122
6378.47869201976	1.1363751888275146
6378.65429201976	1.1353795528411865
6378.82989201976	1.1373385190963745
6379.00549201976	1.1387438774108887
6379.18109201976	1.1383836269378662
6379.35669201976	1.1378581523895264
6379.5322920197605	1.1362967491149902
6379.70789201976	1.1349831819534302
6379.8834920197605	1.1354920864105225
6380.05909201976	1.1354457139968872
6380.234692019761	1.1325217485427856
6380.41029201976	1.1300519704818726
6380.58589201976	1.1300203800201416
6380.76149201976	1.1296100616455078
6380.93709201976	1.1279584169387817
6381.11269201976	1.1274363994598389
6381.28829201976	1.129805564880371
6381.46389201976	1.1319949626922607
6381.63949201976	1.1306871175765991
6381.81509201976	1.1296437978744507
6381.99069201976	1.128517508506775
6382.1662920197605	1.1271406412124634
6382.34189201976	1.1270005702972412
6382.5174920197605	1.1266908645629883
6382.69309201976	1.126475214958191
6382.868692019761	1.1267263889312744
6383.04429201976	1.1276453733444214
6383.21989201976	1.128179669380188
6383.39549201976	1.1268709897994995
6383.57109201976	1.1257799863815308
6383.74669201976	1.1249070167541504
6383.92229201976	1.123867154121399
6384.09789201976	1.1251068115234375
6384.27349201976	1.1267447471618652
6384.44909201976	1.125495433807373
6384.62469201976	1.1240832805633545
6384.8002920197605	1.1254767179489136
6384.97589201976	1.1279176473617554
6385.151492019761	1.12654709815979
6385.32709201976	1.1244043111801147
6385.50269201976	1.122475504875183
6385.67829201976	1.1209489107131958
6385.85389201976	1.1209536790847778
6386.02949201976	1.1218000650405884
6386.20509201976	1.1248266696929932
6386.38069201976	1.1286827325820923
6386.55629201976	1.1293169260025024
6386.73189201976	1.1288576126098633
6386.90749201976	1.1281216144561768
6387.08309201976	1.1267180442810059
6387.25869201976	1.1243958473205566
6387.4342920197605	1.1209874153137207
6387.60989201976	1.1241005659103394
6387.785492019761	1.1306308507919312
6387.96109201976	1.1316739320755005
6388.13669201976	1.1308882236480713
6388.31229201976	1.1288745403289795
6388.48789201976	1.1241549253463745
6388.66349201976	1.1245390176773071
6388.83909201976	1.1285560131072998
6389.01469201976	1.128480315208435
6389.19029201976	1.1258392333984375
6389.36589201976	1.125698208808899
6389.54149201976	1.125980257987976
6389.7170920197605	1.126816987991333
6389.89269201976	1.129891276359558
6390.0682920197605	1.1296277046203613
6390.24389201976	1.1275339126586914
6390.419492019761	1.1272457838058472
6390.59509201976	1.1276065111160278
6390.77069201976	1.126484751701355
6390.94629201976	1.124364972114563
6391.12189201976	1.1239049434661865
6391.29749201976	1.1249696016311646
6391.47309201976	1.124566912651062
6391.64869201976	1.12311589717865
6391.82429201976	1.1211514472961426
6391.99989201976	1.1187227964401245
6392.17549201976	1.1178843975067139
6392.3510920197605	1.118401050567627
6392.52669201976	1.1182764768600464
6392.7022920197605	1.117559790611267
6392.87789201976	1.1176731586456299
6393.053492019761	1.1207064390182495
6393.22909201976	1.1201850175857544
6393.40469201976	1.1156691312789917
6393.58029201976	1.1134806871414185
6393.75589201976	1.1123483180999756
6393.93149201976	1.1124069690704346
6394.10709201976	1.113215446472168
6394.28269201976	1.1142146587371826
6394.45829201976	1.1142232418060303
6394.63389201976	1.114662766456604
6394.80949201976	1.11612868309021
6394.9850920197605	1.1165374517440796
6395.16069201976	1.1156492233276367
6395.336292019761	1.1145155429840088
6395.51189201976	1.1134839057922363
6395.687492019761	1.1120439767837524
6395.86309201976	1.1109936237335205
6396.03869201976	1.109600305557251
6396.21429201976	1.1066555976867676
6396.38989201976	1.1062833070755005
6396.56549201976	1.1129863262176514
6396.74109201976	1.1142048835754395
6396.91669201976	1.1074984073638916
6397.09229201976	1.1027241945266724
6397.26789201976	1.1004081964492798
6397.44349201976	1.0998306274414062
6397.6190920197605	1.1017589569091797
6397.79469201976	1.1037681102752686
6397.970292019761	1.1054352521896362
6398.14589201976	1.1063886880874634
6398.32149201976	1.1058104038238525
6398.49709201976	1.105209469795227
6398.67269201976	1.1043134927749634
6398.84829201976	1.1031614542007446
6399.02389201976	1.1032320261001587
6399.19949201976	1.1031919717788696
6399.37509201976	1.1009963750839233
6399.55069201976	1.1000827550888062
6399.72629201976	1.1039457321166992
6399.90189201976	1.1063305139541626
6400.07749201976	1.1021430492401123
6400.2530920197605	1.0986988544464111
6400.42869201976	1.0996390581130981
6400.604292019761	1.1005250215530396
6400.77989201976	1.1011993885040283
6400.95549201976	1.102567434310913
6401.13109201976	1.106070876121521
6401.30669201976	1.1086431741714478
6401.48229201976	1.1057144403457642
6401.65789201976	1.1025694608688354
6401.83349201976	1.101576805114746
6402.00909201976	1.1007333993911743
6402.18469201976	1.1002185344696045
6402.36029201976	1.100212812423706
6402.5358920197605	1.101127028465271
6402.71149201976	1.1020950078964233
6402.8870920197605	1.1025391817092896
6403.06269201976	1.103026270866394
6403.238292019761	1.1035908460617065
6403.41389201976	1.1051687002182007
6403.58949201976	1.1064929962158203
6403.76509201976	1.1072598695755005
6403.94069201976	1.1041269302368164
6404.11629201976	1.1007112264633179
6404.29189201976	1.1009511947631836
6404.46749201976	1.101068377494812
6404.64309201976	1.1024116277694702
6404.81869201976	1.1047039031982422
6404.99429201976	1.1050275564193726
6405.1698920197605	1.1053657531738281
6405.34549201976	1.1055158376693726
6405.5210920197605	1.1057268381118774
6405.69669201976	1.1057720184326172
6405.87229201976	1.1055771112442017
6406.04789201976	1.1048964262008667
6406.22349201976	1.10448157787323
6406.39909201976	1.1051604747772217
6406.57469201976	1.1062856912612915
6406.75029201976	1.1080009937286377
6406.92589201976	1.1100505590438843
6407.10149201976	1.1089856624603271
6407.27709201976	1.1069360971450806
6407.45269201976	1.1046802997589111
6407.62829201976	1.1017636060714722
6407.8038920197605	1.1015983819961548
6407.97949201976	1.1027799844741821
6408.155092019761	1.1039284467697144
6408.33069201976	1.1047552824020386
6408.50629201976	1.1044621467590332
6408.68189201976	1.103042483329773
6408.85749201976	1.1051396131515503
6409.03309201976	1.1092859506607056
6409.20869201976	1.1095889806747437
6409.38429201976	1.1082885265350342
6409.55989201976	1.1094815731048584
6409.73549201976	1.1111218929290771
6409.91109201976	1.1144477128982544
6410.08669201976	1.1190670728683472
6410.26229201976	1.1174167394638062
6410.4378920197605	1.1129868030548096
6410.61349201976	1.1104624271392822
6410.789092019761	1.1082566976547241
6410.96469201976	1.1086483001708984
6411.14029201976	1.1118906736373901
6411.31589201976	1.11161208152771
6411.49149201976	1.110733985900879
6411.66709201976	1.1100658178329468
6411.84269201976	1.1094932556152344
6412.01829201976	1.1095088720321655
6412.19389201976	1.1100811958312988
6412.36949201976	1.1115000247955322
6412.54509201976	1.1142950057983398
6412.7206920197605	1.113614559173584
6412.89629201976	1.1092989444732666
6413.0718920197605	1.1085318326950073
6413.24749201976	1.1092795133590698
6413.423092019761	1.1086792945861816
6413.59869201976	1.1073611974716187
6413.77429201976	1.1069929599761963
6413.94989201976	1.106692910194397
6414.12549201976	1.1071497201919556
6414.30109201976	1.109025239944458
6414.47669201976	1.1089526414871216
6414.65229201976	1.1079415082931519
6414.82789201976	1.1078773736953735
6415.00349201976	1.1092742681503296
6415.17909201976	1.1082274913787842
6415.3546920197605	1.1054092645645142
6415.53029201976	1.1042745113372803
6415.7058920197605	1.105176329612732
6415.88149201976	1.1052252054214478
6416.057092019761	1.104478120803833
6416.23269201976	1.1042581796646118
6416.40829201976	1.104946494102478
6416.58389201976	1.1052850484848022
6416.75949201976	1.1050478219985962
6416.93509201976	1.1051274538040161
6417.11069201976	1.1055121421813965
6417.28629201976	1.1057008504867554
6417.46189201976	1.1069194078445435
6417.63749201976	1.1069085597991943
6417.81309201976	1.1030715703964233
6417.9886920197605	1.102716326713562
6418.16429201976	1.1075359582901
6418.339892019761	1.1101096868515015
6418.51549201976	1.1090140342712402
6418.691092019761	1.1089152097702026
6418.86669201976	1.1107652187347412
6419.04229201976	1.1106250286102295
6419.21789201976	1.1076633930206299
6419.39349201976	1.105566382408142
6419.56909201976	1.1051961183547974
6419.74469201976	1.1049753427505493
6419.92029201976	1.1041887998580933
6420.09589201976	1.1045702695846558
6420.27149201976	1.108611822128296
6420.44709201976	1.1104793548583984
6420.6226920197605	1.1075387001037598
6420.79829201976	1.1059108972549438
6420.973892019761	1.107572317123413
6421.14949201976	1.108821153640747
6421.32509201976	1.1094024181365967
6421.50069201976	1.1091350317001343
6421.67629201976	1.1063566207885742
6421.85189201976	1.1046422719955444
6422.02749201976	1.105346441268921
6422.20309201976	1.1062121391296387
6422.37869201976	1.1075866222381592
6422.55429201976	1.108962893486023
6422.72989201976	1.1085716485977173
6422.9054920197605	1.108540415763855
6423.08109201976	1.1114484071731567
6423.2566920197605	1.112562894821167
6423.43229201976	1.108353853225708
6423.607892019761	1.1051628589630127
6423.78349201976	1.1071654558181763
6423.95909201976	1.109131097793579
6424.13469201976	1.108489751815796
6424.31029201976	1.108025074005127
6424.48589201976	1.1075359582901
6424.66149201976	1.1067501306533813
6424.83709201976	1.1060938835144043
6425.01269201976	1.1053513288497925
6425.18829201976	1.104476809501648
6425.36389201976	1.1034445762634277
6425.5394920197605	1.1036680936813354
6425.71509201976	1.1038612127304077
6425.8906920197605	1.1016563177108765
6426.06629201976	1.100964069366455
6426.241892019761	1.1071455478668213
6426.41749201976	1.112928032875061
6426.59309201976	1.1124309301376343
6426.76869201976	1.1110217571258545
6426.94429201976	1.1091004610061646
6427.11989201976	1.1063002347946167
6427.29549201976	1.104597568511963
6427.47109201976	1.1030604839324951
6427.64669201976	1.1027222871780396
6427.82229201976	1.1023492813110352
6427.99789201976	1.1033782958984375
6428.1734920197605	1.1050649881362915
6428.34909201976	1.105938196182251
6428.524692019761	1.1068568229675293
6428.70029201976	1.1077587604522705
6428.87589201976	1.1082605123519897
6429.05149201976	1.1065410375595093
6429.22709201976	1.1041151285171509
6429.40269201976	1.1031012535095215
6429.57829201976	1.1023365259170532
6429.75389201976	1.100799798965454
6429.92949201976	1.0995012521743774
6430.10509201976	1.1009910106658936
6430.28069201976	1.103648066520691
6430.45629201976	1.104378581047058
6430.63189201976	1.1042147874832153
6430.8074920197605	1.1034131050109863
6430.98309201976	1.1024930477142334
6431.158692019761	1.0998615026474
6431.33429201976	1.097174882888794
6431.50989201976	1.0989632606506348
6431.68549201976	1.1030185222625732
6431.86109201976	1.1035096645355225
6432.03669201976	1.1033422946929932
6432.21229201976	1.1009039878845215
6432.38789201976	1.096914291381836
6432.56349201976	1.0962190628051758
6432.73909201976	1.0961086750030518
6432.91469201976	1.0935616493225098
6433.09029201976	1.0910089015960693
6433.26589201976	1.0921461582183838
6433.4414920197605	1.0958590507507324
6433.61709201976	1.0983225107192993
6433.792692019761	1.1002694368362427
6433.96829201976	1.1000680923461914
6434.14389201976	1.0990777015686035
6434.31949201976	1.099187970161438
6434.49509201976	1.0995306968688965
6434.67069201976	1.099297046661377
6434.84629201976	1.097925066947937
6435.02189201976	1.0994250774383545
6435.19749201976	1.101830005645752
6435.37309201976	1.1022125482559204
6435.54869201976	1.1012212038040161
6435.7242920197605	1.102698802947998
6435.89989201976	1.105948567390442
6436.0754920197605	1.1056804656982422
6436.25109201976	1.1031873226165771
6436.426692019761	1.1038172245025635
6436.60229201976	1.1046572923660278
6436.77789201976	1.1053229570388794
6436.95349201976	1.1054091453552246
6437.12909201976	1.1069220304489136
6437.30469201976	1.1095073223114014
6437.48029201976	1.108725905418396
6437.65589201976	1.1049187183380127
6437.83149201976	1.1040408611297607
6438.00709201976	1.1042866706848145
6438.18269201976	1.104799509048462
6438.3582920197605	1.1070067882537842
6438.53389201976	1.1075814962387085
6438.709492019761	1.1068055629730225
6438.88509201976	1.1059874296188354
6439.060692019761	1.105013132095337
6439.23629201976	1.1033740043640137
6439.41189201976	1.1014931201934814
6439.58749201976	1.0997408628463745
6439.76309201976	1.0973389148712158
6439.93869201976	1.0968283414840698
6440.11429201976	1.0978329181671143
6440.28989201976	1.0982762575149536
6440.46549201976	1.098022222518921
6440.64109201976	1.0987160205841064
6440.81669201976	1.1001062393188477
6440.9922920197605	1.1001012325286865
6441.16789201976	1.0990029573440552
6441.343492019761	1.0981502532958984
6441.51909201976	1.096449375152588
6441.69469201976	1.0966516733169556
6441.87029201976	1.0985668897628784
6442.04589201976	1.0993717908859253
6442.22149201976	1.1012041568756104
6442.39709201976	1.1008212566375732
6442.57269201976	1.0964306592941284
6442.74829201976	1.095619797706604
6442.92389201976	1.099478840827942
6443.09949201976	1.1000808477401733
6443.27509201976	1.097440242767334
6443.45069201976	1.096127986907959
6443.6262920197605	1.0965502262115479
6443.80189201976	1.0967270135879517
6443.977492019761	1.0980843305587769
6444.15309201976	1.0976042747497559
6444.32869201976	1.0949198007583618
6444.50429201976	1.093077301979065
6444.67989201976	1.0927939414978027
6444.85549201976	1.0921443700790405
6445.03109201976	1.0903041362762451
6445.20669201976	1.0908061265945435
6445.38229201976	1.0950323343276978
6445.55789201976	1.0979677438735962
6445.73349201976	1.0973492860794067
6445.9090920197605	1.098695993423462
6446.08469201976	1.1047691106796265
6446.2602920197605	1.106337308883667
6446.43589201976	1.0978635549545288
6446.611492019761	1.0939569473266602
6446.78709201976	1.0984017848968506
6446.96269201976	1.0997098684310913
6447.13829201976	1.0960421562194824
6447.31389201976	1.094659447669983
6447.48949201976	1.0970768928527832
6447.66509201976	1.097766637802124
6447.84069201976	1.095515489578247
6448.01629201976	1.0948688983917236
6448.19189201976	1.095016598701477
6448.36749201976	1.096195101737976
6448.5430920197605	1.0982195138931274
6448.71869201976	1.1005313396453857
6448.8942920197605	1.1039570569992065
6449.06989201976	1.1061657667160034
6449.24549201976	1.104690432548523
6449.42109201976	1.1041768789291382
6449.59669201976	1.1061677932739258
6449.77229201976	1.1076438426971436
6449.94789201976	1.1083567142486572
6450.12349201976	1.1091312170028687
6450.29909201976	1.1113667488098145
6450.47469201976	1.1127244234085083
6450.65029201976	1.1129200458526611
6450.82589201976	1.1124067306518555
6451.00149201976	1.1092225313186646
6451.1770920197605	1.1061275005340576
6451.35269201976	1.1054401397705078
6451.528292019761	1.103980302810669
6451.70389201976	1.1006135940551758
6451.87949201976	1.0984667539596558
6452.05509201976	1.1002085208892822
6452.23069201976	1.1019896268844604
6452.40629201976	1.1013809442520142
6452.58189201976	1.1010711193084717
6452.75749201976	1.1006776094436646
6452.93309201976	1.1003073453903198
6453.10869201976	1.0994508266448975
6453.28429201976	1.0978658199310303
6453.45989201976	1.095552682876587
6453.63549201976	1.0918558835983276
6453.8110920197605	1.0861605405807495
6453.98669201976	1.0817275047302246
6454.162292019761	1.0796985626220703
6454.33789201976	1.0796774625778198
6454.51349201976	1.0844024419784546
6454.68909201976	1.0889995098114014
6454.86469201976	1.0888314247131348
6455.04029201976	1.0886460542678833
6455.21589201976	1.0877622365951538
6455.39149201976	1.0870107412338257
6455.56709201976	1.0867496728897095
6455.74269201976	1.0868537425994873
6455.91829201976	1.0896292924880981
6456.0938920197605	1.0932046175003052
6456.26949201976	1.0958505868911743
6456.4450920197605	1.0970566272735596
6456.62069201976	1.091180443763733
6456.796292019761	1.0847582817077637
6456.97189201976	1.082187294960022
6457.14749201976	1.0801246166229248
6457.32309201976	1.0808087587356567
6457.49869201976	1.083344578742981
6457.67429201976	1.088476300239563
6457.84989201976	1.0938657522201538
6458.02549201976	1.0946791172027588
6458.20109201976	1.0920429229736328
6458.37669201976	1.0849566459655762
6458.55229201976	1.0763221979141235
6458.7278920197605	1.070994257926941
6458.90349201976	1.0672341585159302
6459.0790920197605	1.0669692754745483
6459.25469201976	1.0680700540542603
6459.430292019761	1.0712220668792725
6459.60589201976	1.0748207569122314
6459.78149201976	1.075947880744934
6459.95709201976	1.0767914056777954
6460.13269201976	1.080346941947937
6460.30829201976	1.084570288658142
6460.48389201976	1.0887025594711304
6460.65949201976	1.092707633972168
6460.83509201976	1.0930832624435425
6461.01069201976	1.0920798778533936
6461.18629201976	1.09239661693573
6461.3618920197605	1.0924384593963623
6461.53749201976	1.0904030799865723
6461.713092019761	1.0884183645248413
6461.88869201976	1.0878428220748901
6462.06429201976	1.0878573656082153
6462.23989201976	1.0906548500061035
6462.41549201976	1.094337821006775
6462.59109201976	1.094233751296997
6462.76669201976	1.0933746099472046
6462.94229201976	1.0920310020446777
6463.11789201976	1.0891437530517578
6463.29349201976	1.0840195417404175
6463.46909201976	1.0773190259933472
6463.64469201976	1.0737859010696411
6463.82029201976	1.0710152387619019
6463.9958920197605	1.0685511827468872
6464.17149201976	1.0667458772659302
6464.347092019761	1.0648099184036255
6464.52269201976	1.0636489391326904
6464.69829201976	1.0688128471374512
6464.87389201976	1.078224778175354
6465.04949201976	1.0823217630386353
6465.22509201976	1.0850495100021362
6465.40069201976	1.0819718837738037
6465.57629201976	1.0767179727554321
6465.75189201976	1.0742210149765015
6465.92749201976	1.0732394456863403
6466.10309201976	1.068197250366211
6466.2786920197605	1.0609675645828247
6466.45429201976	1.0630662441253662
6466.6298920197605	1.068782091140747
6466.80549201976	1.071939468383789
6466.981092019761	1.0749515295028687
6467.15669201976	1.0747754573822021
6467.33229201976	1.0723786354064941
6467.50789201976	1.0677093267440796
6467.68349201976	1.0610884428024292
6467.85909201976	1.0587069988250732
6468.03469201976	1.0597516298294067
6468.21029201976	1.0661407709121704
6468.38589201976	1.0762999057769775
6468.56149201976	1.0791009664535522
6468.73709201976	1.0776336193084717
6468.9126920197605	1.0729506015777588
6469.08829201976	1.0648868083953857
6469.2638920197605	1.0569896697998047
6469.43949201976	1.0480871200561523
6469.61509201976	1.0420702695846558
6469.79069201976	1.0390533208847046
6469.96629201976	1.0443795919418335
6470.14189201976	1.0566495656967163
6470.31749201976	1.0681164264678955
6470.49309201976	1.0805219411849976
6470.66869201976	1.0836548805236816
6470.84429201976	1.0815645456314087
6471.01989201976	1.0804952383041382
6471.19549201976	1.0793473720550537
6471.37109201976	1.0796782970428467
6471.5466920197605	1.0828438997268677
6471.72229201976	1.0804564952850342
6471.897892019761	1.0749258995056152
6472.07349201976	1.0678364038467407
6472.24909201976	1.0580934286117554
6472.42469201976	1.0496814250946045
6472.60029201976	1.0413862466812134
6472.77589201976	1.0354313850402832
6472.95149201976	1.0329782962799072
6473.12709201976	1.0386179685592651
6473.30269201976	1.0512480735778809
6473.47829201976	1.0598766803741455
6473.65389201976	1.0658742189407349
6473.82949201976	1.070997953414917
6474.00509201976	1.075415015220642
6474.1806920197605	1.0747350454330444
6474.35629201976	1.0688396692276
6474.531892019761	1.0539937019348145
6474.70749201976	1.0299179553985596
6474.88309201976	1.0096862316131592
6475.05869201976	0.9926947951316833
6475.23429201976	0.9789021611213684
6475.40989201976	0.9714493155479431
6475.58549201976	0.975559413433075
6475.76109201976	0.9882654547691345
6475.93669201976	1.003199815750122
6476.11229201976	1.0191895961761475
6476.28789201976	1.0339758396148682
6476.46349201976	1.0488522052764893
6476.63909201976	1.056486964225769
6476.8146920197605	1.0542314052581787
6476.99029201976	1.0533382892608643
6477.165892019761	1.052119493484497
6477.34149201976	1.0540257692337036
6477.51709201976	1.0583951473236084
6477.69269201976	1.063772201538086
6477.86829201976	1.0713633298873901
6478.04389201976	1.07615065574646
6478.21949201976	1.07858145236969
6478.39509201976	1.0769245624542236
6478.57069201976	1.070855975151062
6478.74629201976	1.0640218257904053
6478.92189201976	1.0577092170715332
6479.0974920197605	1.0499306917190552
6479.27309201976	1.0402244329452515
6479.4486920197605	1.0297011137008667
6479.62429201976	1.016575574874878
6479.799892019761	1.0101830959320068
6479.97549201976	1.0115017890930176
6480.15109201976	1.0159083604812622
6480.32669201976	1.0221428871154785
6480.50229201976	1.0329723358154297
6480.67789201976	1.053664207458496
6480.85349201976	1.064572811126709
6481.02909201976	1.0652815103530884
6481.20469201976	1.0660744905471802
6481.38029201976	1.0679429769515991
6481.55589201976	1.0685644149780273
6481.7314920197605	1.0660276412963867
6481.90709201976	1.0658447742462158
6482.0826920197605	1.070268988609314
6482.25829201976	1.0726816654205322
6482.433892019761	1.0724890232086182
6482.60949201976	1.0650466680526733
6482.78509201976	1.047104835510254
6482.96069201976	1.0284509658813477
6483.13629201976	1.0087181329727173
6483.31189201976	0.9915115237236023
6483.48749201976	0.980954110622406
6483.66309201976	0.9821330308914185
6483.83869201976	0.9944844841957092
6484.01429201976	1.006912350654602
6484.18989201976	1.0166590213775635
6484.3654920197605	1.0285847187042236
6484.54109201976	1.0463948249816895
6484.716692019761	1.0595539808273315
6484.89229201976	1.0643655061721802
6485.06789201976	1.0660594701766968
6485.24349201976	1.0643333196640015
6485.41909201976	1.0632504224777222
6485.59469201976	1.0621052980422974
6485.77029201976	1.061683177947998
6485.94589201976	1.063187599182129
6486.12149201976	1.063045859336853
6486.29709201976	1.060701608657837
6486.47269201976	1.0572785139083862
6486.64829201976	1.0494563579559326
6486.82389201976	1.0457100868225098
6486.9994920197605	1.0498543977737427
6487.17509201976	1.0545895099639893
6487.350692019761	1.0587149858474731
6487.52629201976	1.0620356798171997
6487.70189201976	1.062856674194336
6487.87749201976	1.0639674663543701
6488.05309201976	1.0670597553253174
6488.22869201976	1.0699238777160645
6488.40429201976	1.073390245437622
6488.57989201976	1.074337363243103
6488.75549201976	1.0681740045547485
6488.93109201976	1.0631238222122192
6489.10669201976	1.061745524406433
6489.2822920197605	1.0615482330322266
6489.45789201976	1.0647697448730469
6489.6334920197605	1.0688087940216064
6489.80909201976	1.0757861137390137
6489.984692019761	1.0755512714385986
6490.16029201976	1.059205174446106
6490.33589201976	1.0418334007263184
6490.51149201976	1.0265733003616333
6490.68709201976	1.012747883796692
6490.86269201976	1.0074304342269897
6491.03829201976	1.0142823457717896
6491.21389201976	1.0349957942962646
6491.38949201976	1.0546329021453857
6491.56509201976	1.066531777381897
6491.74069201976	1.0764743089675903
6491.9162920197605	1.0807290077209473
6492.09189201976	1.0754599571228027
6492.2674920197605	1.0615400075912476
6492.44309201976	1.0459996461868286
6492.61869201976	1.0299160480499268
6492.79429201976	1.015141248703003
6492.96989201976	1.0071640014648438
6493.14549201976	1.0100294351577759
6493.32109201976	1.0282750129699707
6493.49669201976	1.0462685823440552
6493.67229201976	1.0553221702575684
6493.84789201976	1.062333583831787
6494.02349201976	1.0642513036727905
6494.19909201976	1.0643510818481445
6494.37469201976	1.0635223388671875
6494.5502920197605	1.0623067617416382
6494.72589201976	1.062690258026123
6494.901492019761	1.062565565109253
6495.07709201976	1.061664342880249
6495.25269201976	1.0558488368988037
6495.42829201976	1.0346988439559937
6495.60389201976	1.0120213031768799
6495.77949201976	1.003401517868042
6495.95509201976	1.005689263343811
6496.13069201976	1.0207254886627197
6496.30629201976	1.0363686084747314
6496.48189201976	1.0523184537887573
6496.65749201976	1.0650697946548462
6496.83309201976	1.0657299757003784
6497.00869201976	1.0610427856445312
6497.1842920197605	1.0551172494888306
6497.35989201976	1.049880027770996
6497.535492019761	1.0502761602401733
6497.71109201976	1.052306056022644
6497.88669201976	1.0577391386032104
6498.06229201976	1.0636231899261475
6498.23789201976	1.0660102367401123
6498.41349201976	1.067869782447815
6498.58909201976	1.0697236061096191
6498.76469201976	1.071042776107788
6498.94029201976	1.0724538564682007
6499.11589201976	1.0731199979782104
6499.29149201976	1.0719212293624878
6499.4670920197605	1.0699084997177124
6499.64269201976	1.06870436668396
6499.8182920197605	1.0666848421096802
6499.99389201976	1.0643097162246704
6500.169492019761	1.06291925907135
6500.34509201976	1.0640124082565308
6500.52069201976	1.0659221410751343
6500.69629201976	1.0679446458816528
6500.87189201976	1.069269061088562
6501.04749201976	1.0683060884475708
6501.22309201976	1.0665059089660645
6501.39869201976	1.0632719993591309
6501.57429201976	1.0601004362106323
6501.74989201976	1.0607510805130005
6501.92549201976	1.0623490810394287
6502.1010920197605	1.0597373247146606
6502.27669201976	1.0572009086608887
6502.4522920197605	1.0578163862228394
6502.62789201976	1.0586626529693604
6502.803492019761	1.0575687885284424
6502.97909201976	1.055827260017395
6503.15469201976	1.0518795251846313
6503.33029201976	1.047084927558899
6503.50589201976	1.045828938484192
6503.68149201976	1.045150876045227
6503.85709201976	1.0439305305480957
6504.03269201976	1.043267011642456
6504.20829201976	1.0449509620666504
6504.38389201976	1.0473743677139282
6504.55949201976	1.0509793758392334
6504.7350920197605	1.0559558868408203
6504.91069201976	1.059897780418396
6505.086292019761	1.0622917413711548
6505.26189201976	1.0609855651855469
6505.437492019761	1.058053970336914
6505.61309201976	1.0573225021362305
6505.78869201976	1.0568885803222656
6505.96429201976	1.0576289892196655
6506.13989201976	1.059648871421814
6506.31549201976	1.0620840787887573
6506.49109201976	1.0639725923538208
6506.66669201976	1.060521125793457
6506.84229201976	1.055591344833374
6507.01789201976	1.0540618896484375
6507.19349201976	1.0526610612869263
6507.3690920197605	1.0517351627349854
6507.54469201976	1.0505059957504272
6507.720292019761	1.048719048500061
6507.89589201976	1.0456093549728394
6508.07149201976	1.0402498245239258
6508.24709201976	1.033326506614685
6508.42269201976	1.028962254524231
6508.59829201976	1.0273767709732056
6508.77389201976	1.0299899578094482
6508.94949201976	1.03565514087677
6509.12509201976	1.0452378988265991
6509.30069201976	1.0553053617477417
6509.47629201976	1.0560452938079834
6509.65189201976	1.055145025253296
6509.82749201976	1.056518793106079
6510.0030920197605	1.0570298433303833
6510.17869201976	1.0578296184539795
6510.354292019761	1.0585403442382812
6510.52989201976	1.060500144958496
6510.70549201976	1.0626075267791748
6510.88109201976	1.061328411102295
6511.05669201976	1.0580320358276367
6511.23229201976	1.0542773008346558
6511.40789201976	1.0489107370376587
6511.58349201976	1.041254997253418
6511.75909201976	1.0318537950515747
6511.93469201976	1.0258762836456299
6512.11029201976	1.0229092836380005
6512.2858920197605	1.0257314443588257
6512.46149201976	1.0317953824996948
6512.6370920197605	1.0378369092941284
6512.81269201976	1.044328212738037
6512.98829201976	1.049997091293335
6513.16389201976	1.053059458732605
6513.33949201976	1.051604986190796
6513.51509201976	1.0471662282943726
6513.69069201976	1.0420246124267578
6513.86629201976	1.0353103876113892
6514.04189201976	1.0217641592025757
6514.21749201976	1.0051299333572388
6514.39309201976	0.9901770949363708
6514.56869201976	0.9764754176139832
6514.74429201976	0.97332763671875
6514.9198920197605	0.9792991280555725
6515.09549201976	0.9918138384819031
6515.2710920197605	1.0089391469955444
6515.44669201976	1.015743374824524
6515.62229201976	1.014692783355713
6515.79789201976	1.0004403591156006
6515.97349201976	0.9798354506492615
6516.14909201976	0.9581542015075684
6516.32469201976	0.9342471361160278
6516.50029201976	0.9154125452041626
6516.67589201976	0.9084086418151855
6516.85149201976	0.9227838516235352
6517.02709201976	0.9474142789840698
6517.20269201976	0.9728414416313171
6517.37829201976	0.998682975769043
6517.5538920197605	1.0092978477478027
6517.72949201976	1.011225938796997
6517.905092019761	1.0144726037979126
6518.08069201976	1.0175026655197144
6518.25629201976	1.0189992189407349
6518.43189201976	1.0196058750152588
6518.60749201976	1.017889380455017
6518.78309201976	1.0130982398986816
6518.95869201976	1.0022135972976685
6519.13429201976	0.9889510869979858
6519.30989201976	0.9843770861625671
6519.48549201976	0.9869408011436462
6519.66109201976	0.9967346787452698
6519.83669201976	1.010483980178833
6520.01229201976	1.0228956937789917
6520.1878920197605	1.0346150398254395
6520.36349201976	1.0416089296340942
6520.539092019761	1.044272780418396
6520.71469201976	1.0469110012054443
6520.89029201976	1.0489259958267212
6521.06589201976	1.0485955476760864
6521.24149201976	1.0453860759735107
6521.41709201976	1.0441193580627441
6521.59269201976	1.0429552793502808
6521.76829201976	1.0407755374908447
6521.94389201976	1.038196325302124
6522.11949201976	1.0377620458602905
6522.29509201976	1.0380555391311646
6522.4706920197605	1.041164517402649
6522.64629201976	1.0463792085647583
6522.8218920197605	1.044716238975525
6522.99749201976	1.038329839706421
6523.173092019761	1.0264750719070435
6523.34869201976	1.0110994577407837
6523.52429201976	1.0018805265426636
6523.69989201976	0.9964509010314941
6523.87549201976	0.997864842414856
6524.05109201976	1.0044569969177246
6524.22669201976	1.015166997909546
6524.40229201976	1.0298264026641846
6524.57789201976	1.0397392511367798
6524.75349201976	1.0469928979873657
6524.92909201976	1.0472725629806519
6525.1046920197605	1.0414390563964844
6525.28029201976	1.0422945022583008
6525.4558920197605	1.044930338859558
6525.63149201976	1.0441118478775024
6525.807092019761	1.0409811735153198
6525.98269201976	1.0398180484771729
6526.15829201976	1.0394580364227295
6526.33389201976	1.0403220653533936
6526.50949201976	1.0412214994430542
6526.68509201976	1.040711522102356
6526.86069201976	1.0392860174179077
6527.03629201976	1.0400351285934448
6527.21189201976	1.0410354137420654
6527.38749201976	1.0402984619140625
6527.56309201976	1.0379664897918701
6527.7386920197605	1.0386230945587158
6527.91429201976	1.0403074026107788
6528.089892019761	1.0422754287719727
6528.26549201976	1.0452960729599
6528.44109201976	1.0453104972839355
6528.61669201976	1.0433011054992676
6528.79229201976	1.0428807735443115
6528.96789201976	1.042683482170105
6529.14349201976	1.0411654710769653
6529.31909201976	1.0392935276031494
6529.49469201976	1.0378923416137695
6529.67029201976	1.0370351076126099
6529.84589201976	1.0361590385437012
6530.02149201976	1.0353388786315918
6530.19709201976	1.0323631763458252
6530.3726920197605	1.0263023376464844
6530.54829201976	1.0268195867538452
6530.723892019761	1.0299289226531982
6530.89949201976	1.032528281211853
6531.07509201976	1.035225510597229
6531.25069201976	1.036341905593872
6531.42629201976	1.0363138914108276
6531.60189201976	1.0307942628860474
6531.77749201976	1.0215461254119873
6531.95309201976	1.0104211568832397
6532.12869201976	0.9974238276481628
6532.30429201976	0.9919371604919434
6532.47989201976	0.9930906295776367
6532.6554920197605	1.001390814781189
6532.83109201976	1.0138940811157227
6533.0066920197605	1.0229227542877197
6533.18229201976	1.029862642288208
6533.35789201976	1.030950665473938
6533.53349201976	1.0277141332626343
6533.70909201976	1.0219006538391113
6533.88469201976	1.0125669240951538
6534.06029201976	1.0082101821899414
6534.23589201976	1.0074409246444702
6534.41149201976	1.0096319913864136
6534.58709201976	1.0146223306655884
6534.76269201976	1.0200731754302979
6534.93829201976	1.0259199142456055
6535.11389201976	1.0307351350784302
6535.2894920197605	1.0348215103149414
6535.46509201976	1.036189317703247
6535.6406920197605	1.034494161605835
6535.81629201976	1.0349699258804321
6535.99189201976	1.036040186882019
6536.16749201976	1.0322107076644897
6536.34309201976	1.024084448814392
6536.51869201976	1.0209336280822754
6536.69429201976	1.0213805437088013
6536.86989201976	1.0240085124969482
6537.04549201976	1.0272926092147827
6537.22109201976	1.0329813957214355
6537.39669201976	1.04048490524292
6537.57229201976	1.043213129043579
6537.74789201976	1.0416531562805176
6537.9234920197605	1.0434036254882812
6538.09909201976	1.046584129333496
6538.274692019761	1.0471545457839966
6538.45029201976	1.044511079788208
6538.62589201976	1.0421117544174194
6538.80149201976	1.0382509231567383
6538.97709201976	1.0375421047210693
6539.15269201976	1.0385264158248901
6539.32829201976	1.0404199361801147
6539.50389201976	1.044267177581787
6539.67949201976	1.0438884496688843
6539.85509201976	1.0404621362686157
6540.03069201976	1.038646936416626
6540.20629201976	1.0370160341262817
6540.38189201976	1.0365715026855469
6540.5574920197605	1.0374668836593628
6540.73309201976	1.0385185480117798
6540.908692019761	1.039359450340271
6541.08429201976	1.0411996841430664
6541.25989201976	1.044721245765686
6541.43549201976	1.0431627035140991
6541.61109201976	1.038233995437622
6541.78669201976	1.0311015844345093
6541.96229201976	1.0205466747283936
6542.13789201976	1.0165538787841797
6542.31349201976	1.0155072212219238
6542.48909201976	1.0154731273651123
6542.66469201976	1.016680121421814
6542.84029201976	1.021799087524414
6543.01589201976	1.03187894821167
6543.1914920197605	1.0261727571487427
6543.36709201976	1.0080492496490479
6543.542692019761	0.9901247024536133
6543.71829201976	0.9718486666679382
6543.89389201976	0.9661154747009277
6544.06949201976	0.972291111946106
6544.24509201976	0.9865925908088684
6544.42069201976	1.0050767660140991
6544.59629201976	1.0182907581329346
6544.77189201976	1.0289796590805054
6544.94749201976	1.0345079898834229
6545.12309201976	1.0348701477050781
6545.29869201976	1.0317150354385376
6545.4742920197605	1.0266104936599731
6545.64989201976	1.0246095657348633
6545.8254920197605	1.02458655834198
6546.00109201976	1.0247670412063599
6546.176692019761	1.026275873184204
6546.35229201976	1.0300499200820923
6546.52789201976	1.0360596179962158
6546.70349201976	1.0367432832717896
6546.87909201976	1.0337764024734497
6547.05469201976	1.0307544469833374
6547.23029201976	1.026129126548767
6547.40589201976	1.0182946920394897
6547.58149201976	1.0070593357086182
6547.75709201976	1.0018755197525024
6547.93269201976	1.0010836124420166
6548.1082920197605	0.9959396123886108
6548.28389201976	0.9881125688552856
6548.459492019761	0.9826788902282715
6548.63509201976	0.9796861410140991
6548.810692019761	0.983887255191803
6548.98629201976	0.9965426921844482
6549.16189201976	1.011953592300415
6549.33749201976	1.0308948755264282
6549.51309201976	1.0367854833602905
6549.68869201976	1.034774899482727
6549.86429201976	1.035927414894104
6550.03989201976	1.0383288860321045
6550.21549201976	1.04070246219635
6550.39109201976	1.0427603721618652
6550.56669201976	1.0442156791687012
6550.7422920197605	1.0446698665618896
6550.91789201976	1.0462943315505981
6551.093492019761	1.048119068145752
6551.26909201976	1.0465006828308105
6551.44469201976	1.041843295097351
6551.62029201976	1.0385559797286987
6551.79589201976	1.035855770111084
6551.97149201976	1.0261168479919434
6552.14709201976	1.0086501836776733
6552.32269201976	0.9957371354103088
6552.49829201976	0.9869274497032166
6552.67389201976	0.9869910478591919
6552.84949201976	0.996279239654541
6553.02509201976	1.0113751888275146
6553.20069201976	1.0308762788772583
6553.3762920197605	1.0383083820343018
6553.55189201976	1.0385671854019165
6553.727492019761	1.042679786682129
6553.90309201976	1.0484821796417236
6554.07869201976	1.053584098815918
6554.25429201976	1.0590335130691528
6554.42989201976	1.0658501386642456
6554.60549201976	1.0744580030441284
6554.78109201976	1.0789788961410522
6554.95669201976	1.0806705951690674
6555.13229201976	1.0858392715454102
6555.30789201976	1.0926674604415894
6555.48349201976	1.1005538702011108
6555.6590920197605	1.1093822717666626
6555.83469201976	1.120585560798645
6556.0102920197605	1.1337412595748901
6556.18589201976	1.1457462310791016
6556.36149201976	1.1579071283340454
6556.53709201976	1.166556477546692
6556.71269201976	1.1715868711471558
6556.88829201976	1.1805638074874878
6557.06389201976	1.1944963932037354
6557.23949201976	1.2179726362228394
6557.41509201976	1.2482720613479614
6557.59069201976	1.2817174196243286
6557.76629201976	1.3174915313720703
6557.94189201976	1.353289008140564
6558.11749201976	1.389341115951538
6558.2930920197605	1.429145336151123
6558.46869201976	1.4731162786483765
6558.6442920197605	1.5160331726074219
6558.81989201976	1.559317946434021
6558.99549201976	1.6019436120986938
6559.17109201976	1.643956184387207
6559.34669201976	1.6798254251480103
6559.52229201976	1.7076557874679565
6559.69789201976	1.7319939136505127
6559.87349201976	1.750648856163025
6560.04909201976	1.7598257064819336
6560.22469201976	1.7570160627365112
6560.40029201976	1.745200753211975
6560.57589201976	1.7289859056472778
6560.75149201976	1.7056732177734375
6560.9270920197605	1.6772292852401733
6561.10269201976	1.6492420434951782
6561.278292019761	1.6203622817993164
6561.45389201976	1.5912156105041504
6561.62949201976	1.5619131326675415
6561.80509201976	1.5342512130737305
6561.98069201976	1.5079283714294434
6562.15629201976	1.4850810766220093
6562.33189201976	1.4671390056610107
6562.50749201976	1.4593188762664795
6562.68309201976	1.4587059020996094
6562.85869201976	1.4586515426635742
6563.03429201976	1.4589333534240723
6563.20989201976	1.4624614715576172
6563.38549201976	1.4690426588058472
6563.5610920197605	1.4745213985443115
6563.73669201976	1.481351613998413
6563.912292019761	1.4983940124511719
6564.08789201976	1.5269742012023926
6564.26349201976	1.5650705099105835
6564.43909201976	1.6088135242462158
6564.61469201976	1.6581432819366455
6564.79029201976	1.7138313055038452
6564.96589201976	1.7568278312683105
6565.14149201976	1.7869985103607178
6565.31709201976	1.8050075769424438
6565.49269201976	1.8119205236434937
6565.66829201976	1.808583378791809
6565.8438920197605	1.7959179878234863
6566.01949201976	1.7739311456680298
6566.1950920197605	1.7445281744003296
6566.37069201976	1.706046462059021
6566.546292019761	1.6631006002426147
6566.72189201976	1.6173585653305054
6566.89749201976	1.5690590143203735
6567.07309201976	1.5212095975875854
6567.24869201976	1.4719053506851196
6567.42429201976	1.426265001296997
6567.59989201976	1.3843674659729004
6567.77549201976	1.344334602355957
6567.95109201976	1.3058996200561523
6568.12669201976	1.2694423198699951
6568.30229201976	1.2351627349853516
6568.4778920197605	1.2056195735931396
6568.65349201976	1.1805239915847778
6568.8290920197605	1.158110499382019
6569.00469201976	1.1404287815093994
6569.180292019761	1.1301982402801514
6569.35589201976	1.1250773668289185
6569.53149201976	1.1185860633850098
6569.70709201976	1.1119195222854614
6569.88269201976	1.1061161756515503
6570.05829201976	1.1010308265686035
6570.23389201976	1.095125675201416
6570.40949201976	1.0886918306350708
6570.58509201976	1.082794189453125
6570.76069201976	1.0743025541305542
6570.93629201976	1.071358323097229
6571.1118920197605	1.0723098516464233
6571.28749201976	1.065853476524353
6571.463092019761	1.0557771921157837
6571.63869201976	1.0416550636291504
6571.81429201976	1.021681547164917
6571.98989201976	1.010023593902588
6572.16549201976	1.0048037767410278
6572.34109201976	1.0088093280792236
6572.51669201976	1.0188426971435547
6572.69229201976	1.028983235359192
6572.86789201976	1.0397008657455444
6573.04349201976	1.040897011756897
6573.21909201976	1.0357139110565186
6573.39469201976	1.0330079793930054
6573.57029201976	1.030380368232727
6573.7458920197605	1.0298080444335938
6573.92149201976	1.030752182006836
6574.097092019761	1.023414969444275
6574.27269201976	1.0095396041870117
6574.44829201976	0.992567777633667
6574.62389201976	0.9713572263717651
6574.79949201976	0.9616435766220093
6574.97509201976	0.9639410972595215
6575.15069201976	0.9761328101158142
6575.32629201976	0.9924445748329163
6575.50189201976	1.0051641464233398
6575.67749201976	1.0161988735198975
6575.85309201976	1.0204763412475586
6576.0286920197605	1.020530104637146
6576.20429201976	1.0195811986923218
6576.3798920197605	1.0172525644302368
6576.55549201976	1.0137989521026611
6576.73109201976	1.0092058181762695
6576.90669201976	1.010403037071228
6577.08229201976	1.0144727230072021
6577.25789201976	1.01393461227417
6577.43349201976	1.0109106302261353
6577.60909201976	1.0096209049224854
6577.78469201976	1.0076247453689575
6577.96029201976	1.00736665725708
6578.13589201976	1.008352279663086
6578.31149201976	1.0088106393814087
6578.48709201976	1.0097320079803467
6578.6626920197605	1.007502794265747
6578.83829201976	1.0026891231536865
6579.0138920197605	1.0022088289260864
6579.18949201976	1.0031907558441162
6579.36509201976	1.0033128261566162
6579.54069201976	1.004199743270874
6579.71629201976	1.0044268369674683
6579.89189201976	1.0053050518035889
6580.06749201976	1.0025579929351807
6580.24309201976	0.9977973103523254
6580.41869201976	0.993628978729248
6580.59429201976	0.9900121092796326
6580.76989201976	0.9872048497200012
6580.94549201976	0.9842453002929688
6581.12109201976	0.988211989402771
6581.2966920197605	0.9969081878662109
6581.47229201976	1.0024060010910034
6581.647892019761	1.0069489479064941
6581.82349201976	1.0062793493270874
6581.99909201976	1.001907467842102
6582.17469201976	1.002750039100647
6582.35029201976	1.004167914390564
6582.52589201976	1.0037480592727661
6582.70149201976	1.0023646354675293
6582.87709201976	0.9997912049293518
6583.05269201976	0.9969005584716797
6583.22829201976	0.9939342141151428
6583.40389201976	0.990906298160553
6583.57949201976	0.9921327233314514
6583.75509201976	0.9954818487167358
6583.9306920197605	1.0004222393035889
6584.10629201976	1.0069068670272827
6584.281892019761	1.008800745010376
6584.45749201976	1.008554458618164
6584.63309201976	1.008718490600586
6584.80869201976	1.007565975189209
6584.98429201976	1.0082342624664307
6585.15989201976	1.0096787214279175
6585.33549201976	1.0094512701034546
6585.51109201976	1.0085734128952026
6585.68669201976	1.0107777118682861
6585.86229201976	1.0132724046707153
6586.03789201976	1.007300615310669
6586.21349201976	0.9951514005661011
6586.38909201976	0.9888138771057129
6586.5646920197605	0.9856629967689514
6586.74029201976	0.9898171424865723
6586.915892019761	0.9971354007720947
6587.09149201976	1.0026768445968628
6587.26709201976	1.0084444284439087
6587.44269201976	1.013210415840149
6587.61829201976	1.0168437957763672
6587.79389201976	1.0176044702529907
6587.96949201976	1.0171564817428589
6588.14509201976	1.015031099319458
6588.32069201976	1.0119922161102295
6588.49629201976	1.010886788368225
6588.67189201976	1.0105869770050049
6588.8474920197605	1.0115834474563599
6589.02309201976	1.0129742622375488
6589.1986920197605	1.0139949321746826
6589.37429201976	1.0153529644012451
6589.549892019761	1.0178430080413818
6589.72549201976	1.0201295614242554
6589.90109201976	1.0216624736785889
6590.07669201976	1.0234332084655762
6590.25229201976	1.024841070175171
6590.42789201976	1.025885820388794
6590.60349201976	1.027194619178772
6590.77909201976	1.0281652212142944
6590.95469201976	1.026643991470337
6591.13029201976	1.0243632793426514
6591.30589201976	1.0248125791549683
6591.4814920197605	1.0268528461456299
6591.65709201976	1.0265899896621704
6591.8326920197605	1.026002049446106
6592.00829201976	1.0262733697891235
6592.18389201976	1.025980830192566
6592.35949201976	1.0235971212387085
6592.53509201976	1.0206856727600098
6592.71069201976	1.0192116498947144
6592.88629201976	1.0176901817321777
6593.06189201976	1.0183840990066528
6593.23749201976	1.0201846361160278
6593.41309201976	1.0212916135787964
6593.58869201976	1.0221871137619019
6593.76429201976	1.0203754901885986
6593.93989201976	1.0165752172470093
6594.1154920197605	1.012520432472229
6594.29109201976	1.0085150003433228
6594.466692019761	1.0100551843643188
6594.64229201976	1.0136507749557495
6594.81789201976	1.014917016029358
6594.99349201976	1.0157256126403809
6595.16909201976	1.016416311264038
6595.34469201976	1.0167514085769653
6595.52029201976	1.0190900564193726
6595.69589201976	1.0213433504104614
6595.87149201976	1.0176641941070557
6596.04709201976	1.0128453969955444
6596.22269201976	1.0135465860366821
6596.39829201976	1.0151622295379639
6596.57389201976	1.0123460292816162
6596.7494920197605	1.0096275806427002
6596.92509201976	1.0115118026733398
6597.10069201976	1.013369083404541
6597.27629201976	1.011789321899414
6597.45189201976	1.0098501443862915
6597.62749201976	1.0120548009872437
6597.80309201976	1.0148420333862305
6597.97869201976	1.0133658647537231
6598.15429201976	1.011030673980713
6598.32989201976	1.0136085748672485
6598.50549201976	1.0158308744430542
6598.68109201976	1.010850191116333
6598.85669201976	1.0039291381835938
6599.0322920197605	0.9994286298751831
6599.20789201976	0.9953217506408691
6599.3834920197605	0.9937030673027039
6599.55909201976	0.9942744970321655
6599.73469201976	0.9983423948287964
6599.91029201976	1.0036530494689941
6600.08589201976	1.0081202983856201
6600.26149201976	1.0120712518692017
6600.43709201976	1.0103566646575928
6600.61269201976	1.007980227470398
6600.78829201976	1.0070021152496338
6600.96389201976	1.0065743923187256
6601.13949201976	1.0097459554672241
6601.31509201976	1.0128382444381714
6601.49069201976	1.0082142353057861
6601.6662920197605	1.0035488605499268
6601.84189201976	1.0017807483673096
6602.0174920197605	1.000653624534607
6602.19309201976	0.9972453713417053
6602.36869201976	0.9956837892532349
6602.54429201976	1.0015321969985962
6602.71989201976	1.0085419416427612
6602.89549201976	1.00995671749115
6603.07109201976	1.0110344886779785
6603.24669201976	1.0114446878433228
6603.42229201976	1.011103630065918
6603.59789201976	1.010262370109558
6603.77349201976	1.0093921422958374
6603.94909201976	1.0100116729736328
6604.12469201976	1.0112066268920898
6604.3002920197605	1.013559341430664
6604.47589201976	1.0149093866348267
6604.651492019761	1.0114548206329346
6604.82709201976	1.008093237876892
6605.00269201976	1.00623619556427
6605.17829201976	1.005253791809082
6605.35389201976	1.0081753730773926
6605.52949201976	1.0109328031539917
6605.70509201976	1.0091288089752197
6605.88069201976	1.0081417560577393
6606.05629201976	1.0105177164077759
6606.23189201976	1.0124866962432861
6606.40749201976	1.0115841627120972
6606.58309201976	1.0109920501708984
6606.75869201976	1.0128425359725952
6606.9342920197605	1.0140082836151123
6607.10989201976	1.0130373239517212
6607.285492019761	1.012249231338501
6607.46109201976	1.0111008882522583
6607.63669201976	1.009827971458435
6607.81229201976	1.0086396932601929
6607.98789201976	1.0078341960906982
6608.16349201976	1.0064339637756348
6608.33909201976	1.005713939666748
6608.51469201976	1.009007453918457
6608.69029201976	1.011508584022522
6608.86589201976	1.0095781087875366
6609.04149201976	1.00823175907135
6609.2170920197605	1.0083223581314087
6609.39269201976	1.0083706378936768
6609.5682920197605	1.0090017318725586
6609.74389201976	1.0089696645736694
6609.919492019761	1.0057132244110107
6610.09509201976	1.0031230449676514
6610.27069201976	1.0038456916809082
6610.44629201976	1.0045864582061768
6610.62189201976	1.0059982538223267
6610.79749201976	1.0069421529769897
6610.97309201976	1.006147861480713
6611.14869201976	1.0053051710128784
6611.32429201976	1.0053309202194214
6611.49989201976	1.005266785621643
6611.67549201976	1.0054826736450195
6611.8510920197605	1.0046130418777466
6612.02669201976	1.000388503074646
6612.2022920197605	0.9973030686378479
6612.37789201976	0.9972614645957947
6612.553492019761	0.9974405765533447
6612.72909201976	0.9977318048477173
6612.90469201976	0.9991583824157715
6613.08029201976	1.002382516860962
6613.25589201976	1.0050708055496216
6613.43149201976	1.0048590898513794
6613.60709201976	1.0046769380569458
6613.78269201976	1.0058417320251465
6613.95829201976	1.0059856176376343
6614.13389201976	1.0033949613571167
6614.30949201976	1.0019840002059937
6614.4850920197605	1.0040435791015625
6614.66069201976	1.0053821802139282
6614.836292019761	1.0048396587371826
6615.01189201976	1.0041390657424927
6615.187492019761	1.003029704093933
6615.36309201976	1.0021846294403076
6615.53869201976	1.0016210079193115
6615.71429201976	1.0013412237167358
6615.88989201976	1.002500295639038
6616.06549201976	1.0029674768447876
6616.24109201976	1.0023229122161865
6616.41669201976	1.000491738319397
6616.59229201976	0.9974522590637207
6616.76789201976	0.9960101842880249
6616.94349201976	0.9979071021080017
6617.1190920197605	0.9998456835746765
6617.29469201976	1.0023376941680908
6617.47029201976	1.0038114786148071
6617.64589201976	1.0024152994155884
6617.82149201976	1.0014551877975464
6617.99709201976	1.0015172958374023
6618.17269201976	1.0004247426986694
6618.34829201976	0.9967609643936157
6618.52389201976	0.9949805736541748
6618.69949201976	0.9959824085235596
6618.87509201976	0.9965042471885681
6619.05069201976	0.9967184662818909
6619.22629201976	0.9972792267799377
6619.40189201976	0.9965001940727234
6619.57749201976	0.9973928928375244
6619.7530920197605	1.0008840560913086
6619.92869201976	1.003222107887268
6620.10429201976	1.0033708810806274
6620.27989201976	1.0025372505187988
6620.45549201976	0.9985581636428833
6620.63109201976	0.9972243905067444
6620.80669201976	1.0013182163238525
6620.98229201976	1.0020755529403687
6621.15789201976	0.9982964396476746
6621.33349201976	0.9967830181121826
6621.50909201976	0.9979446530342102
6621.68469201976	0.9980114102363586
6621.86029201976	0.9958367347717285
6622.0358920197605	0.9951938986778259
6622.21149201976	0.996569812297821
6622.3870920197605	0.9967383146286011
6622.56269201976	0.9960795640945435
6622.73829201976	0.9954504370689392
6622.91389201976	0.9977749586105347
6623.08949201976	0.9979144334793091
6623.26509201976	0.9970030784606934
6623.44069201976	0.9965601563453674
6623.61629201976	0.99631267786026
6623.79189201976	0.9963170289993286
6623.96749201976	0.9957004189491272
6624.14309201976	0.9951255321502686
6624.31869201976	0.9949485063552856
6624.49429201976	0.9951890707015991
6624.6698920197605	0.9963922500610352
6624.84549201976	0.9976293444633484
6625.0210920197605	0.9983142018318176
6625.19669201976	0.9988648295402527
6625.37229201976	0.9991617202758789
6625.54789201976	0.9996228218078613
6625.72349201976	0.9989403486251831
6625.89909201976	0.9984395503997803
6626.07469201976	0.9979274868965149
6626.25029201976	0.9961556196212769
6626.42589201976	0.9916307926177979
6626.60149201976	0.992129385471344
6626.77709201976	0.9969092607498169
6626.95269201976	0.9988346099853516
6627.12829201976	0.9991167783737183
6627.3038920197605	0.9986827969551086
6627.47949201976	0.9963698387145996
6627.655092019761	0.9950766563415527
6627.83069201976	0.9938102960586548
6628.00629201976	0.9934977293014526
6628.18189201976	0.9921127557754517
6628.35749201976	0.9929073452949524
6628.53309201976	0.995193600654602
6628.70869201976	0.9952513575553894
6628.88429201976	0.9931996464729309
6629.05989201976	0.9923917055130005
6629.23549201976	0.9921863675117493
6629.41109201976	0.9946593046188354
6629.58669201976	1.0016611814498901
6629.76229201976	1.0024373531341553
6629.9378920197605	0.9995768070220947
6630.11349201976	0.9981231689453125
6630.289092019761	0.996705174446106
6630.46469201976	0.9946227073669434
6630.64029201976	0.9922310709953308
6630.81589201976	0.9927077889442444
6630.99149201976	0.994226336479187
6631.16709201976	0.9953716397285461
6631.34269201976	0.9963539242744446
6631.51829201976	0.9973308444023132
6631.69389201976	0.998449444770813
6631.86949201976	0.9978614449501038
6632.04509201976	0.9962328672409058
6632.2206920197605	0.9927303791046143
6632.39629201976	0.9868884086608887
6632.5718920197605	0.9868792295455933
6632.74749201976	0.9905495047569275
6632.923092019761	0.9930694699287415
6633.09869201976	0.9952479600906372
6633.27429201976	0.9968430399894714
6633.44989201976	0.9978692531585693
6633.62549201976	0.9979194402694702
6633.80109201976	0.9965540170669556
6633.97669201976	0.9959909319877625
6634.15229201976	0.9952609539031982
6634.32789201976	0.9961701035499573
6634.50349201976	0.9987684488296509
6634.67909201976	0.9956064224243164
6634.8546920197605	0.9888058304786682
6635.03029201976	0.990372896194458
6635.2058920197605	0.9958207011222839
6635.38149201976	0.9951277375221252
6635.557092019761	0.9933220148086548
6635.73269201976	0.9924603700637817
6635.90829201976	0.992080569267273
6636.08389201976	0.9906429052352905
6636.25949201976	0.9889304041862488
6636.43509201976	0.9884876608848572
6636.61069201976	0.9883230924606323
6636.78629201976	0.9894585013389587
6636.96189201976	0.9907350540161133
6637.13749201976	0.9914533495903015
6637.31309201976	0.9925892949104309
6637.4886920197605	0.9944519996643066
6637.66429201976	0.9969468712806702
6637.839892019761	0.995042622089386
6638.01549201976	0.9910030364990234
6638.19109201976	0.9881947040557861
6638.36669201976	0.9859521985054016
6638.54229201976	0.9878167510032654
6638.71789201976	0.990995466709137
6638.89349201976	0.9945655465126038
6639.06909201976	0.9980173110961914
6639.24469201976	0.9977896213531494
6639.42029201976	0.9948078393936157
6639.59589201976	0.9940918684005737
6639.77149201976	0.993423581123352
6639.94709201976	0.992601752281189
6640.1226920197605	0.9920719861984253
6640.29829201976	0.990469217300415
6640.47389201976	0.9893506169319153
6640.64949201976	0.99007648229599
6640.82509201976	0.9927284717559814
6641.00069201976	0.9924755692481995
6641.17629201976	0.9916982054710388
6641.35189201976	0.9937717318534851
6641.52749201976	0.9958323240280151
6641.70309201976	0.9948092103004456
6641.87869201976	0.9922670722007751
6642.05429201976	0.9902360439300537
6642.22989201976	0.988497793674469
6642.4054920197605	0.9892129302024841
6642.58109201976	0.9903243184089661
6642.7566920197605	0.9897892475128174
6642.93229201976	0.9895325303077698
6643.10789201976	0.9884384870529175
6643.28349201976	0.9869888424873352
6643.45909201976	0.9902228713035583
6643.63469201976	0.9939143657684326
6643.81029201976	0.9926400780677795
6643.98589201976	0.9909758567810059
6644.16149201976	0.9890763759613037
6644.33709201976	0.9875427484512329
6644.51269201976	0.9893537163734436
6644.68829201976	0.9913896918296814
6644.86389201976	0.9890048503875732
6645.0394920197605	0.9868669509887695
6645.21509201976	0.9884986281394958
6645.3906920197605	0.9899346828460693
6645.56629201976	0.9924858212471008
6645.74189201976	0.9948333501815796
6645.91749201976	0.9912288188934326
6646.09309201976	0.9874985814094543
6646.26869201976	0.9868741035461426
6646.44429201976	0.9865405559539795
6646.61989201976	0.9865447282791138
6646.79549201976	0.9867243766784668
6646.97109201976	0.989081621170044
6647.14669201976	0.9917786717414856
6647.32229201976	0.9922000765800476
6647.49789201976	0.9917634725570679
6647.6734920197605	0.9898338913917542
6647.84909201976	0.9881803393363953
6648.024692019761	0.9898173213005066
6648.20029201976	0.9910529851913452
6648.37589201976	0.9899851679801941
6648.55149201976	0.9881744980812073
6648.72709201976	0.9857778549194336
6648.90269201976	0.9837089776992798
6649.07829201976	0.9833171963691711
6649.25389201976	0.9839027523994446
6649.42949201976	0.9857086539268494
6649.60509201976	0.9872890710830688
6649.78069201976	0.9880959987640381
6649.95629201976	0.9883719682693481
6650.13189201976	0.987433910369873
6650.3074920197605	0.9866463541984558
6650.48309201976	0.98813796043396
6650.658692019761	0.9891879558563232
6650.83429201976	0.9873175621032715
6651.00989201976	0.9858095645904541
6651.18549201976	0.9873433709144592
6651.36109201976	0.9877726435661316
6651.53669201976	0.9839903116226196
6651.71229201976	0.9821193814277649
6651.88789201976	0.9822793006896973
6652.06349201976	0.9826871156692505
6652.23909201976	0.9818968176841736
6652.41469201976	0.9820145964622498
6652.59029201976	0.9856496453285217
6652.76589201976	0.9874187111854553
6652.9414920197605	0.9855983257293701
6653.11709201976	0.9846332669258118
6653.292692019761	0.9846839904785156
6653.46829201976	0.9843956828117371
6653.64389201976	0.9835371971130371
6653.81949201976	0.9826517701148987
6653.99509201976	0.9803832173347473
6654.17069201976	0.9795575737953186
6654.34629201976	0.9816100597381592
6654.52189201976	0.9829031825065613
6654.69749201976	0.9821177124977112
6654.87309201976	0.9815722703933716
6655.04869201976	0.9806532263755798
6655.2242920197605	0.9802500009536743
6655.39989201976	0.9807433485984802
6655.5754920197605	0.9805927276611328
6655.75109201976	0.9800953269004822
6655.926692019761	0.9785124659538269
6656.10229201976	0.9765480756759644
6656.27789201976	0.9758609533309937
6656.45349201976	0.9767616391181946
6656.62909201976	0.9777260422706604
6656.80469201976	0.9785682559013367
6656.98029201976	0.9799988269805908
6657.15589201976	0.983009934425354
6657.33149201976	0.9846770167350769
6657.50709201976	0.9851964712142944
6657.68269201976	0.985303521156311
6657.8582920197605	0.9849169254302979
6658.03389201976	0.983608603477478
6658.209492019761	0.9802573919296265
6658.38509201976	0.9791947603225708
6658.560692019761	0.9791825413703918
6658.73629201976	0.9798107743263245
6658.91189201976	0.9814518690109253
6659.08749201976	0.9824349880218506
6659.26309201976	0.9833946228027344
6659.43869201976	0.9829562306404114
6659.61429201976	0.9800504446029663
6659.78989201976	0.9801380038261414
6659.96549201976	0.9836627244949341
6660.14109201976	0.9831916093826294
6660.31669201976	0.9789696335792542
6660.4922920197605	0.9774471521377563
6660.66789201976	0.9777989983558655
6660.84349201976	0.9781599044799805
6661.01909201976	0.9804449081420898
6661.19469201976	0.9811754822731018
6661.37029201976	0.979730486869812
6661.54589201976	0.9790873527526855
6661.72149201976	0.9802341461181641
6661.89709201976	0.9789184927940369
6662.07269201976	0.9750996828079224
6662.24829201976	0.9730356931686401
6662.42389201976	0.969900906085968
6662.59949201976	0.9711486101150513
6662.77509201976	0.9765579700469971
6662.95069201976	0.9789543747901917
6663.1262920197605	0.9821733236312866
6663.30189201976	0.9833646416664124
6663.47749201976	0.9833114147186279
6663.65309201976	0.9816988110542297
6663.82869201976	0.9775468707084656
6664.00429201976	0.9772635102272034
6664.17989201976	0.9780024290084839
6664.35549201976	0.9789984226226807
6664.53109201976	0.9811236262321472
6664.70669201976	0.9795698523521423
6664.88229201976	0.9746895432472229
6665.05789201976	0.975429356098175
6665.23349201976	0.9795686602592468
6665.4090920197605	0.9787635207176208
6665.58469201976	0.9752709269523621
6665.7602920197605	0.9753358364105225
6665.93589201976	0.9770234823226929
6666.11149201976	0.9757326245307922
6666.28709201976	0.974223256111145
6666.46269201976	0.9726126790046692
6666.63829201976	0.970765233039856
6666.81389201976	0.9723432660102844
6666.98949201976	0.9760512113571167
6667.16509201976	0.9763392806053162
6667.34069201976	0.9763504266738892
6667.51629201976	0.9754875302314758
6667.69189201976	0.9743757247924805
6667.86749201976	0.9755273461341858
6668.0430920197605	0.9773048162460327
6668.21869201976	0.9754803776741028
6668.3942920197605	0.9723435044288635
6668.56989201976	0.9724730253219604
6668.74549201976	0.9732474684715271
6668.92109201976	0.973125159740448
6669.09669201976	0.9734936952590942
6669.27229201976	0.9745206236839294
6669.44789201976	0.9765192270278931
6669.62349201976	0.9775912165641785
6669.79909201976	0.9786428213119507
6669.97469201976	0.9775434136390686
6670.15029201976	0.9750686287879944
6670.32589201976	0.9716119766235352
6670.50149201976	0.9681325554847717
6670.6770920197605	0.9659166932106018
6670.85269201976	0.9636712074279785
6671.028292019761	0.9597880840301514
6671.20389201976	0.9564861059188843
6671.37949201976	0.9583349823951721
6671.55509201976	0.960323691368103
6671.73069201976	0.9556068778038025
6671.90629201976	0.9503199458122253
6672.08189201976	0.9479037523269653
6672.25749201976	0.945911705493927
6672.43309201976	0.9428158402442932
6672.60869201976	0.9405478835105896
6672.78429201976	0.9402008652687073
6672.95989201976	0.9405989646911621
6673.13549201976	0.9396712779998779
6673.3110920197605	0.9383463859558105
6673.48669201976	0.9375391602516174
6673.662292019761	0.9366469383239746
6673.83789201976	0.937566339969635
6674.01349201976	0.937721312046051
6674.18909201976	0.932580292224884
6674.36469201976	0.92671799659729
6674.54029201976	0.9259328842163086
6674.71589201976	0.9255498051643372
6674.89149201976	0.9226930141448975
6675.06709201976	0.920457124710083
6675.24269201976	0.9223446249961853
6675.41829201976	0.924333930015564
6675.5938920197605	0.924598217010498
6675.76949201976	0.9252252578735352
6675.9450920197605	0.9247166514396667
6676.12069201976	0.9236921668052673
6676.296292019761	0.9234248995780945
6676.47189201976	0.9221768975257874
6676.64749201976	0.9178770780563354
6676.82309201976	0.9149037003517151
6676.99869201976	0.9156541228294373
6677.17429201976	0.9164717793464661
6677.34989201976	0.9174603223800659
6677.52549201976	0.9186965823173523
6677.70109201976	0.920088529586792
6677.87669201976	0.9206148982048035
6678.05229201976	0.917632520198822
6678.2278920197605	0.9156038761138916
6678.40349201976	0.9172388911247253
6678.5790920197605	0.9185030460357666
6678.75469201976	0.9190499782562256
6678.930292019761	0.9198163747787476
6679.10589201976	0.9204240441322327
6679.28149201976	0.9205811619758606
6679.45709201976	0.9199932813644409
6679.63269201976	0.9199990630149841
6679.80829201976	0.9205400943756104
6679.98389201976	0.9213603138923645
6680.15949201976	0.9223196506500244
6680.33509201976	0.9222375750541687
6680.51069201976	0.9200849533081055
6680.68629201976	0.9191081523895264
6680.8618920197605	0.9196892380714417
6681.03749201976	0.9208441972732544
6681.21309201976	0.9233005046844482
6681.38869201976	0.9251075983047485
6681.56429201976	0.9252359867095947
6681.73989201976	0.9256901741027832
6681.91549201976	0.9269137382507324
6682.09109201976	0.9282224178314209
6682.26669201976	0.92990642786026
6682.44229201976	0.9312832951545715
6682.61789201976	0.9307388663291931
6682.79349201976	0.9323240518569946
6682.96909201976	0.9369696378707886
6683.14469201976	0.9391139149665833
6683.32029201976	0.9372385144233704
6683.4958920197605	0.9369308352470398
6683.67149201976	0.9384374022483826
6683.84709201976	0.9400510191917419
6684.02269201976	0.9411798119544983
6684.19829201976	0.9428746104240417
6684.37389201976	0.945625901222229
6684.54949201976	0.9474560022354126
6684.72509201976	0.9487783908843994
6684.90069201976	0.9498017430305481
6685.07629201976	0.95127934217453
6685.25189201976	0.9531418681144714
6685.42749201976	0.954995334148407
6685.60309201976	0.9584299325942993
6685.7786920197605	0.9633256196975708
6685.95429201976	0.9665102362632751
6686.1298920197605	0.9699252843856812
6686.30549201976	0.9696388244628906
6686.48109201976	0.9664564728736877
6686.65669201976	0.9657129645347595
6686.83229201976	0.9669981598854065
6687.00789201976	0.9669615626335144
6687.18349201976	0.9674577116966248
6687.35909201976	0.9667372107505798
6687.53469201976	0.9655663371086121
6687.71029201976	0.9667149186134338
6687.88589201976	0.9694491028785706
6688.06149201976	0.9708132147789001
6688.23709201976	0.9722597599029541
6688.4126920197605	0.9725674986839294
6688.58829201976	0.9726570248603821
6688.7638920197605	0.9691296815872192
6688.93949201976	0.9626827239990234
6689.11509201976	0.9601167440414429
6689.29069201976	0.960658848285675
6689.46629201976	0.9626995921134949
6689.64189201976	0.9669097661972046
6689.81749201976	0.9672219157218933
6689.99309201976	0.9655480980873108
6690.16869201976	0.9672711491584778
6690.34429201976	0.9694861173629761
6690.51989201976	0.9692102074623108
6690.69549201976	0.9680799245834351
6690.87109201976	0.9681499600410461
6691.0466920197605	0.9683912992477417
6691.22229201976	0.9662590026855469
6691.397892019761	0.9630425572395325
6691.57349201976	0.9636635184288025
6691.74909201976	0.9654716849327087
6691.92469201976	0.9660982489585876
6692.10029201976	0.96673184633255
6692.27589201976	0.9670495390892029
6692.45149201976	0.9678083062171936
6692.62709201976	0.9670323133468628
6692.80269201976	0.9664344191551208
6692.97829201976	0.9643934369087219
6693.15389201976	0.9625858068466187
6693.32949201976	0.9611284136772156
6693.50509201976	0.9607312083244324
6693.6806920197605	0.9617118239402771
6693.85629201976	0.9636082649230957
6694.031892019761	0.9656796455383301
6694.20749201976	0.9674383997917175
6694.38309201976	0.9652113318443298
6694.55869201976	0.9613389372825623
6694.73429201976	0.9629804491996765
6694.90989201976	0.9649340510368347
6695.08549201976	0.9617968201637268
6695.26109201976	0.9585385918617249
6695.43669201976	0.9597266316413879
6695.61229201976	0.9618866443634033
6695.78789201976	0.9612690806388855
6695.96349201976	0.9601815342903137
6696.13909201976	0.9588521122932434
6696.3146920197605	0.9577365517616272
6696.49029201976	0.9620611667633057
6696.665892019761	0.9662423729896545
6696.84149201976	0.9654041528701782
6697.01709201976	0.9631052017211914
6697.19269201976	0.9581325650215149
6697.36829201976	0.9540426135063171
6697.54389201976	0.9585286378860474
6697.71949201976	0.9624857902526855
6697.89509201976	0.9588454365730286
6698.07069201976	0.9560077786445618
6698.24629201976	0.9577493071556091
6698.42189201976	0.9594632387161255
6698.5974920197605	0.9591962695121765
6698.77309201976	0.9589569568634033
6698.9486920197605	0.9593006372451782
6699.12429201976	0.9597206711769104
6699.299892019761	0.9589824676513672
6699.47549201976	0.9584036469459534
6699.65109201976	0.9590733051300049
6699.82669201976	0.9593866467475891
6700.00229201976	0.9581524729728699
6700.17789201976	0.9574693441390991
6700.35349201976	0.9578244686126709
6700.52909201976	0.9582799077033997
6700.70469201976	0.9613021612167358
6700.88029201976	0.9618521332740784
6701.05589201976	0.9560527801513672
6701.2314920197605	0.9524933695793152
6701.40709201976	0.9537550210952759
6701.5826920197605	0.9546962976455688
6701.75829201976	0.9555286765098572
6701.93389201976	0.956519603729248
6702.10949201976	0.9573922753334045
6702.28509201976	0.957154393196106
6702.46069201976	0.9550244212150574
6702.63629201976	0.95479416847229
6702.81189201976	0.9572724103927612
6702.98749201976	0.9595298767089844
6703.16309201976	0.9615438580513
6703.33869201976	0.9610353112220764
6703.51429201976	0.9549564719200134
6703.68989201976	0.9525572061538696
6703.8654920197605	0.9571595788002014
6704.04109201976	0.9581366777420044
6704.21669201976	0.9545028209686279
6704.39229201976	0.9540865421295166
6704.56789201976	0.9575294256210327
6704.74349201976	0.9589304327964783
6704.91909201976	0.9582716822624207
6705.09469201976	0.9579397439956665
6705.27029201976	0.9576930403709412
6705.44589201976	0.9576684236526489
6705.62149201976	0.9568091630935669
6705.79709201976	0.9562539458274841
6705.97269201976	0.9564909934997559
6706.14829201976	0.9555774331092834
6706.32389201976	0.954791247844696
6706.4994920197605	0.9545126557350159
6706.67509201976	0.9553349614143372
6706.85069201976	0.9570614099502563
6707.02629201976	0.9590949416160583
6707.20189201976	0.9611782431602478
6707.37749201976	0.9632574319839478
6707.55309201976	0.962490439414978
6707.72869201976	0.9588944911956787
6707.90429201976	0.9567094445228577
6708.07989201976	0.9558806419372559
6708.25549201976	0.9539826512336731
6708.43109201976	0.9505195021629333
6708.60669201976	0.9508099555969238
6708.7822920197605	0.9538707733154297
6708.95789201976	0.9555029273033142
6709.1334920197605	0.9568074345588684
6709.30909201976	0.9570797681808472
6709.48469201976	0.9569694995880127
6709.66029201976	0.9545947909355164
6709.83589201976	0.9500965476036072
6710.01149201976	0.9500284790992737
6710.18709201976	0.952466607093811
6710.36269201976	0.9520829916000366
6710.53829201976	0.9511687159538269
6710.71389201976	0.9502744078636169
6710.88949201976	0.9495132565498352
6711.06509201976	0.9500105381011963
6711.24069201976	0.9516894221305847
6711.4162920197605	0.9520326256752014
6711.59189201976	0.9512233734130859
6711.7674920197605	0.9510883688926697
6711.94309201976	0.9497841596603394
6712.11869201976	0.9507617950439453
6712.29429201976	0.9519839286804199
6712.46989201976	0.9541196823120117
6712.64549201976	0.9561077356338501
6712.82109201976	0.9571808576583862
6712.99669201976	0.9572040438652039
6713.17229201976	0.9558600187301636
6713.34789201976	0.9525803923606873
6713.52349201976	0.9517748951911926
6713.69909201976	0.9508785009384155
6713.87469201976	0.9518331289291382
6714.0502920197605	0.9538915753364563
6714.22589201976	0.9528677463531494
6714.401492019761	0.9515447020530701
6714.57709201976	0.9524940252304077
6714.75269201976	0.9534047245979309
6714.92829201976	0.9547943472862244
6715.10389201976	0.9555556774139404
6715.27949201976	0.955496609210968
6715.45509201976	0.9548817873001099
6715.63069201976	0.9549337029457092
6715.80629201976	0.9546480178833008
6715.98189201976	0.9503815174102783
6716.15749201976	0.9464972615242004
6716.33309201976	0.9483040571212769
6716.50869201976	0.950305163860321
6716.6842920197605	0.9492731690406799
6716.85989201976	0.9482662677764893
6717.035492019761	0.9484323859214783
6717.21109201976	0.9487925171852112
6717.38669201976	0.9499768018722534
6717.56229201976	0.9508931040763855
6717.73789201976	0.9483833312988281
6717.91349201976	0.9454914927482605
6718.08909201976	0.9449910521507263
6718.26469201976	0.9449551701545715
6718.44029201976	0.9463420510292053
6718.61589201976	0.9474837183952332
6718.79149201976	0.9463478922843933
6718.9670920197605	0.945427417755127
6719.14269201976	0.9448726773262024
6719.3182920197605	0.9451481103897095
6719.49389201976	0.9483550786972046
6719.669492019761	0.95034259557724
6719.84509201976	0.9486274719238281
6720.02069201976	0.9479828476905823
6720.19629201976	0.9471767544746399
6720.37189201976	0.9465795755386353
6720.54749201976	0.9475126266479492
6720.72309201976	0.9469431042671204
6720.89869201976	0.9437589049339294
6721.07429201976	0.942367434501648
6721.24989201976	0.9456276893615723
6721.42549201976	0.9467089772224426
6721.6010920197605	0.9429738521575928
6721.77669201976	0.9415568709373474
6721.9522920197605	0.9436269402503967
6722.12789201976	0.9442363381385803
6722.303492019761	0.9449849128723145
6722.47909201976	0.9450308084487915
6722.65469201976	0.9427555203437805
6722.83029201976	0.9429405927658081
6723.00589201976	0.9462388753890991
6723.18149201976	0.9481270909309387
6723.35709201976	0.9480009078979492
6723.53269201976	0.947613537311554
6723.70829201976	0.947562575340271
6723.88389201976	0.9470646381378174
6724.05949201976	0.9453374743461609
6724.2350920197605	0.9453740119934082
6724.41069201976	0.9485721588134766
6724.58629201976	0.9487623572349548
6724.76189201976	0.9452349543571472
6724.93749201976	0.9447669982910156
6725.11309201976	0.9473118185997009
6725.28869201976	0.9492020606994629
6725.46429201976	0.9512984156608582
6725.63989201976	0.9509901404380798
6725.81549201976	0.9472081065177917
6725.99109201976	0.9469298720359802
6726.16669201976	0.9496643543243408
6726.34229201976	0.9488928318023682
6726.51789201976	0.9452510476112366
6726.69349201976	0.9445619583129883
6726.8690920197605	0.9457294344902039
6727.04469201976	0.9462599158287048
6727.22029201976	0.9475060105323792
6727.39589201976	0.9479261040687561
6727.57149201976	0.9472479820251465
6727.74709201976	0.9470314383506775
6727.92269201976	0.9469244480133057
6728.09829201976	0.9468249082565308
6728.27389201976	0.9463001489639282
6728.44949201976	0.9460306763648987
6728.62509201976	0.9459191560745239
6728.80069201976	0.9445984363555908
6728.97629201976	0.9426198601722717
6729.15189201976	0.9435514807701111
6729.32749201976	0.9461097717285156
6729.5030920197605	0.9459628462791443
6729.67869201976	0.9445072412490845
6729.85429201976	0.9467213749885559
6730.02989201976	0.9495328068733215
6730.20549201976	0.9494174718856812
6730.38109201976	0.9480584859848022
6730.55669201976	0.9464414119720459
6730.73229201976	0.9437547326087952
6730.90789201976	0.9446985125541687
6731.08349201976	0.9466710090637207
6731.25909201976	0.946704626083374
6731.43469201976	0.9463996291160583
6731.61029201976	0.9457600116729736
6731.7858920197605	0.9448736906051636
6731.96149201976	0.9460706114768982
6732.1370920197605	0.9467702507972717
6732.31269201976	0.9467384815216064
6732.48829201976	0.9466116428375244
6732.66389201976	0.9459515810012817
6732.83949201976	0.9446075558662415
6733.01509201976	0.942996621131897
6733.19069201976	0.9413120150566101
6733.36629201976	0.9427045583724976
6733.54189201976	0.9442800879478455
6733.71749201976	0.9437215328216553
6733.89309201976	0.9430234432220459
6734.06869201976	0.9444390535354614
6734.24429201976	0.9453748464584351
6734.4198920197605	0.9444949626922607
6734.59549201976	0.9435508847236633
6734.7710920197605	0.9431728720664978
6734.94669201976	0.9425411820411682
6735.12229201976	0.9395109415054321
6735.29789201976	0.9378228187561035
6735.47349201976	0.9393624663352966
6735.64909201976	0.9406086802482605
6735.82469201976	0.9407479763031006
6736.00029201976	0.9407753944396973
6736.17589201976	0.9409909248352051
6736.35149201976	0.9415204524993896
6736.52709201976	0.9434326887130737
6736.70269201976	0.9443885087966919
6736.87829201976	0.9425883889198303
6737.0538920197605	0.941160261631012
6737.22949201976	0.9404403567314148
6737.405092019761	0.9397628307342529
6737.58069201976	0.9384966492652893
6737.75629201976	0.9378907680511475
6737.93189201976	0.9384120106697083
6738.10749201976	0.9379814863204956
6738.28309201976	0.9360818862915039
6738.45869201976	0.9352161884307861
6738.63429201976	0.9372433423995972
6738.80989201976	0.9383249878883362
6738.98549201976	0.9381352663040161
6739.16109201976	0.9386568069458008
6739.33669201976	0.9402238130569458
6739.51229201976	0.941871702671051
6739.6878920197605	0.9441097378730774
6739.86349201976	0.9444777965545654
6740.039092019761	0.9424278140068054
6740.21469201976	0.9402511715888977
6740.39029201976	0.9368663430213928
6740.56589201976	0.9363223910331726
6740.74149201976	0.9389888048171997
6740.91709201976	0.9404003620147705
6741.09269201976	0.9412248730659485
6741.26829201976	0.9412111043930054
6741.44389201976	0.9391557574272156
6741.61949201976	0.9388927221298218
6741.79509201976	0.939350962638855
6741.9706920197605	0.9386661052703857
6742.14629201976	0.9367053508758545
6742.3218920197605	0.9359962344169617
6742.49749201976	0.9364449381828308
6742.673092019761	0.9365697503089905
6742.84869201976	0.9378587007522583
6743.02429201976	0.9383459091186523
6743.19989201976	0.9388462901115417
6743.37549201976	0.9388934373855591
6743.55109201976	0.9389318823814392
6743.72669201976	0.9384604096412659
6743.90229201976	0.9363863468170166
6744.07789201976	0.9369972944259644
6744.25349201976	0.937968373298645
6744.42909201976	0.9388691782951355
6744.6046920197605	0.9393256306648254
6744.78029201976	0.9396468997001648
6744.9558920197605	0.940098762512207
6745.13149201976	0.9378595352172852
6745.30709201976	0.9345294237136841
6745.48269201976	0.9349477291107178
6745.65829201976	0.9370560646057129
6745.83389201976	0.9378240704536438
6746.00949201976	0.9388909339904785
6746.18509201976	0.9391564726829529
6746.36069201976	0.9388288259506226
6746.53629201976	0.9388251900672913
6746.71189201976	0.9391823410987854
6746.88749201976	0.9390705227851868
6747.06309201976	0.9388274550437927
6747.2386920197605	0.9375077486038208
6747.41429201976	0.9359702467918396
6747.58989201976	0.9359385967254639
6747.76549201976	0.9360898733139038
6747.94109201976	0.9365926384925842
6748.11669201976	0.9369664788246155
6748.29229201976	0.9378881454467773
6748.46789201976	0.9393889307975769
6748.64349201976	0.9392904043197632
6748.81909201976	0.9385614395141602
6748.99469201976	0.9376235604286194
6749.17029201976	0.936398983001709
6749.34589201976	0.9369258880615234
6749.52149201976	0.9376608729362488
6749.69709201976	0.9358428716659546
6749.8726920197605	0.933951199054718
6750.04829201976	0.9325199723243713
6750.22389201976	0.9315568804740906
6750.39949201976	0.9316391348838806
6750.57509201976	0.9324076771736145
6750.75069201976	0.9336825609207153
6750.92629201976	0.9346433281898499
6751.10189201976	0.9356851577758789
6751.27749201976	0.9363476634025574
6751.45309201976	0.9350481033325195
6751.62869201976	0.9338036775588989
6751.80429201976	0.9344282746315002
6751.97989201976	0.9345750212669373
6752.1554920197605	0.9347110390663147
6752.33109201976	0.9352924227714539
6752.5066920197605	0.9358235001564026
6752.68229201976	0.9356738328933716
6752.85789201976	0.9332187175750732
6753.03349201976	0.9321032166481018
6753.20909201976	0.9340999722480774
6753.38469201976	0.9356757402420044
6753.56029201976	0.9354040026664734
6753.73589201976	0.9357152581214905
6753.91149201976	0.9370513558387756
6754.08709201976	0.9373635649681091
6754.26269201976	0.9350677728652954
6754.43829201976	0.9341645240783691
6754.61389201976	0.9359772205352783
6754.7894920197605	0.9356918334960938
6754.96509201976	0.9338228702545166
6755.1406920197605	0.9324937462806702
6755.31629201976	0.9314038753509521
6755.49189201976	0.9315101504325867
6755.66749201976	0.9348381161689758
6755.84309201976	0.9358835220336914
6756.01869201976	0.9352191090583801
6756.19429201976	0.934669554233551
6756.36989201976	0.9334515333175659
6756.54549201976	0.9340468049049377
6756.72109201976	0.935166597366333
6756.89669201976	0.9360037446022034
6757.07229201976	0.9372237920761108
6757.24789201976	0.9376568794250488
6757.4234920197605	0.9360887408256531
6757.59909201976	0.9344510436058044
6757.774692019761	0.9329835176467896
6757.95029201976	0.9314695000648499
6758.12589201976	0.9305725693702698
6758.30149201976	0.9303773045539856
6758.47709201976	0.9300572872161865
6758.65269201976	0.9308590292930603
6758.82829201976	0.9316549897193909
6759.00389201976	0.9330644011497498
6759.17949201976	0.9349655508995056
6759.35509201976	0.9334571957588196
6759.53069201976	0.9307668209075928
6759.70629201976	0.9290891885757446
6759.88189201976	0.9281297326087952
6760.0574920197605	0.9289826154708862
6760.23309201976	0.931658148765564
6760.408692019761	0.9311526417732239
6760.58429201976	0.9297038316726685
6760.75989201976	0.9305698871612549
6760.93549201976	0.9324470162391663
6761.11109201976	0.9329107403755188
6761.28669201976	0.9325987100601196
6761.46229201976	0.931782066822052
6761.63789201976	0.9310193657875061
6761.81349201976	0.9312322735786438
6761.98909201976	0.9318113923072815
6762.16469201976	0.931505024433136
6762.34029201976	0.9306285977363586
6762.51589201976	0.9321025013923645
6762.6914920197605	0.9343664050102234
6762.86709201976	0.933809757232666
6763.042692019761	0.9326974153518677
6763.21829201976	0.9325344562530518
6763.39389201976	0.9317907691001892
6763.56949201976	0.9307489395141602
6763.74509201976	0.9302650690078735
6763.92069201976	0.9305305480957031
6764.09629201976	0.931267499923706
6764.27189201976	0.9330641627311707
6764.44749201976	0.9350272417068481
6764.62309201976	0.9341467618942261
6764.79869201976	0.9324846863746643
6764.9742920197605	0.9298226833343506
6765.14989201976	0.9275549650192261
6765.3254920197605	0.9290770292282104
6765.50109201976	0.930315375328064
6765.676692019761	0.9285581707954407
6765.85229201976	0.9272912740707397
6766.02789201976	0.9296128749847412
6766.20349201976	0.931039035320282
6766.37909201976	0.9276779294013977
6766.55469201976	0.9261408448219299
6766.73029201976	0.9292424321174622
6766.90589201976	0.9308085441589355
6767.08149201976	0.9288930296897888
6767.25709201976	0.928246259689331
6767.43269201976	0.9313831925392151
6767.6082920197605	0.9326086640357971
6767.78389201976	0.9299638867378235
6767.95949201976	0.928360641002655
6768.13509201976	0.9288946986198425
6768.31069201976	0.9278753399848938
6768.48629201976	0.9244124889373779
6768.66189201976	0.9227921962738037
6768.83749201976	0.9231239557266235
6769.01309201976	0.9235564470291138
6769.18869201976	0.9253878593444824
6769.36429201976	0.9259146451950073
6769.53989201976	0.9252203106880188
6769.71549201976	0.9250082969665527
6769.89109201976	0.9255470037460327
6770.06669201976	0.9266805648803711
6770.2422920197605	0.9290827512741089
6770.41789201976	0.9302539825439453
6770.59349201976	0.9302933216094971
6770.76909201976	0.9284576177597046
6770.94469201976	0.9254961609840393
6771.12029201976	0.9232882261276245
6771.29589201976	0.9209224581718445
6771.47149201976	0.9212899804115295
6771.64709201976	0.9244140982627869
6771.82269201976	0.9251277446746826
6771.99829201976	0.924367368221283
6772.17389201976	0.924371063709259
6772.34949201976	0.9259727597236633
6772.52509201976	0.9262008666992188
6772.70069201976	0.9258912801742554
6772.8762920197605	0.9251407980918884
