6503.40859083	0.0594897288083
6503.40859082586	0.9587246179580688
6503.468080554669	0.9731652736663818
6503.527570283477	0.9578343033790588
6503.587060012285	0.9421738386154175
6503.646549741094	0.9453305006027222
6503.706039469902	0.9492451548576355
6503.76552919871	0.9377010464668274
6503.825018927519	0.9257919788360596
6503.884508656327	0.9323066473007202
6503.943998385135	0.9400181770324707
6504.003488113944	0.952812671661377
6504.062977842752	0.9666303992271423
6504.12246757156	0.9696532487869263
6504.181957300369	0.9706624150276184
6504.241447029177	0.9737188816070557
6504.300936757985	0.9768698811531067
6504.360426486794	0.9809145927429199
6504.419916215602	0.9830573797225952
6504.47940594441	0.9848664402961731
6504.538895673219	0.9866531491279602
6504.598385402027	0.9914707541465759
6504.657875130835	0.9995949864387512
6504.717364859644	0.9952415227890015
6504.776854588452	0.9831463098526001
6504.83634431726	0.9736697673797607
6504.895834046069	0.9652329683303833
6504.955323774877	0.9584015011787415
6505.014813503685	0.9520686864852905
6505.074303232494	0.9472348690032959
6505.133792961302	0.9436144232749939
6505.19328269011	0.9428355097770691
6505.2527724189185	0.9455922245979309
6505.312262147727	0.9481035470962524
6505.371751876535	0.9491082429885864
6505.4312416053435	0.951923131942749
6505.490731334152	0.9589008688926697
6505.55022106296	0.9653140902519226
6505.6097107917685	0.9697033762931824
6505.669200520577	0.9725621342658997
6505.728690249385	0.9727274775505066
6505.7881799781935	0.9732261896133423
6505.847669707002	0.9775107502937317
6505.90715943581	0.980329692363739
6505.9666491646185	0.9766497611999512
6506.026138893427	0.9718102216720581
6506.085628622235	0.9713255763053894
6506.1451183510435	0.9716557860374451
6506.204608079852	0.9693353772163391
6506.26409780866	0.967465877532959
6506.3235875374685	0.9705867767333984
6506.383077266277	0.9744904637336731
6506.442566995085	0.9728378057479858
6506.5020567238935	0.9696606397628784
6506.561546452702	0.9724029302597046
6506.62103618151	0.9764367341995239
6506.6805259103185	0.97645503282547
6506.740015639127	0.9754967093467712
6506.799505367935	0.9812135100364685
6506.8589950967435	0.9929918050765991
6506.918484825552	0.9950985312461853
6506.97797455436	0.9912703037261963
6507.037464283168	0.9872093796730042
6507.096954011977	0.9812673330307007
6507.156443740785	0.9719752073287964
6507.215933469593	0.9603976607322693
6507.275423198402	0.9527896642684937
6507.33491292721	0.9448316693305969
6507.394402656018	0.9478446245193481
6507.453892384827	0.9631722569465637
6507.513382113635	0.9715656042098999
6507.572871842443	0.9775876998901367
6507.632361571252	0.9756818413734436
6507.69185130006	0.9633727073669434
6507.751341028868	0.9568504691123962
6507.810830757677	0.9554653167724609
6507.870320486485	0.9519765973091125
6507.929810215293	0.9464772939682007
6507.989299944102	0.9404059648513794
6508.04878967291	0.9349895715713501
6508.108279401718	0.9227163791656494
6508.167769130527	0.897659182548523
6508.227258859335	0.8869853615760803
6508.286748588143	0.8954753279685974
6508.346238316952	0.903497040271759
6508.40572804576	0.9089972972869873
6508.465217774568	0.9234641194343567
6508.524707503377	0.9540395140647888
6508.584197232185	0.9764115214347839
6508.643686960993	0.9834548234939575
6508.703176689802	0.9860696196556091
6508.76266641861	0.9850479960441589
6508.822156147418	0.9843729734420776
6508.881645876227	0.9870460033416748
6508.941135605035	0.9865421056747437
6509.000625333843	0.9766796231269836
6509.060115062652	0.969548761844635
6509.11960479146	0.9745050072669983
6509.179094520268	0.9802548885345459
6509.238584249077	0.9789541959762573
6509.298073977885	0.97606360912323
6509.357563706693	0.9740680456161499
6509.417053435502	0.9748724699020386
6509.47654316431	0.9839950203895569
6509.536032893118	0.9927712678909302
6509.595522621927	0.9893292784690857
6509.655012350735	0.9824364185333252
6509.714502079543	0.9837465882301331
6509.773991808352	0.9880295991897583
6509.83348153716	0.9881047606468201
6509.892971265968	0.9861711263656616
6509.952460994777	0.9830558896064758
6510.011950723585	0.978689968585968
6510.071440452393	0.9731912612915039
6510.130930181202	0.9684278964996338
6510.19041991001	0.9725073575973511
6510.249909638818	0.9798943400382996
6510.309399367627	0.9798355102539062
6510.368889096435	0.9769220948219299
6510.428378825243	0.9739068746566772
6510.487868554052	0.9719652533531189
6510.54735828286	0.9719460606575012
6510.606848011668	0.9724770784378052
6510.666337740477	0.9712793231010437
6510.725827469285	0.9687781929969788
6510.785317198093	0.9712023138999939
6510.844806926902	0.9784911870956421
6510.90429665571	0.9765735268592834
6510.963786384518	0.9659984111785889
6511.023276113327	0.9593203663825989
6511.082765842135	0.9545193314552307
6511.142255570943	0.9563869833946228
6511.201745299752	0.965304970741272
6511.26123502856	0.968774139881134
6511.320724757368	0.9695510268211365
6511.380214486177	0.9633541703224182
6511.439704214985	0.9487160444259644
6511.499193943793	0.9412141442298889
6511.558683672602	0.940679132938385
6511.61817340141	0.9291709661483765
6511.677663130218	0.9054194688796997
6511.7371528590265	0.8927477598190308
6511.796642587835	0.8877357840538025
6511.856132316643	0.8833475708961487
6511.9156220454515	0.8783338665962219
6511.97511177426	0.8853436708450317
6512.034601503068	0.9085826873779297
6512.0940912318765	0.9247229099273682
6512.153580960685	0.9345116019248962
6512.213070689493	0.9456709027290344
6512.2725604183015	0.9578263163566589
6512.33205014711	0.9653593897819519
6512.391539875918	0.9685381650924683
6512.4510296047265	0.9717468619346619
6512.510519333535	0.9760807156562805
6512.570009062343	0.9757093787193298
6512.6294987911515	0.9695500135421753
6512.68898851996	0.9667574763298035
6512.748478248768	0.9670513868331909
6512.8079679775765	0.9681936502456665
6512.867457706385	0.9681090116500854
6512.926947435193	0.9705599546432495
6512.9864371640015	0.9804217219352722
6513.04592689281	0.980014979839325
6513.105416621618	0.962790310382843
6513.1649063504265	0.9521231055259705
6513.224396079235	0.9553161859512329
6513.283885808043	0.9587917923927307
6513.343375536851	0.9577921032905579
6513.40286526566	0.9546215534210205
6513.462354994468	0.9463348984718323
6513.521844723276	0.9422125220298767
6513.581334452085	0.94724041223526
6513.640824180893	0.9571179747581482
6513.700313909701	0.9738476872444153
6513.75980363851	0.9809391498565674
6513.819293367318	0.967243492603302
6513.878783096126	0.947990894317627
6513.938272824935	0.9326848983764648
6513.997762553743	0.9218612313270569
6514.057252282551	0.9176226258277893
6514.11674201136	0.9153836369514465
6514.176231740168	0.9136033654212952
6514.235721468976	0.9068576097488403
6514.295211197785	0.8878390789031982
6514.354700926593	0.8646082878112793
6514.414190655401	0.8394441604614258
6514.47368038421	0.8166075348854065
6514.533170113018	0.8064142465591431
6514.592659841826	0.804610013961792
6514.652149570635	0.8166787028312683
6514.711639299443	0.8390932083129883
6514.771129028251	0.880881130695343
6514.83061875706	0.9211453199386597
6514.890108485868	0.9326915740966797
6514.949598214676	0.9369841814041138
6515.009087943485	0.9393112063407898
6515.068577672293	0.9417043924331665
6515.128067401101	0.9470518827438354
6515.18755712991	0.9519343972206116
6515.247046858718	0.950745701789856
6515.306536587526	0.947944164276123
6515.366026316335	0.9434849619865417
6515.425516045143	0.9375064373016357
6515.485005773951	0.9213353395462036
6515.54449550276	0.9045052528381348
6515.603985231568	0.9040684700012207
6515.663474960376	0.9069822430610657
6515.722964689185	0.9008951187133789
6515.782454417993	0.8943745493888855
6515.841944146801	0.9058459997177124
6515.90143387561	0.9164590835571289
6515.960923604418	0.9114154577255249
6516.020413333226	0.9057013392448425
6516.079903062035	0.8897088766098022
6516.139392790843	0.8733487129211426
6516.198882519651	0.8232513070106506
6516.25837224846	0.7672793865203857
6516.317861977268	0.7295441031455994
6516.377351706076	0.6909047961235046
6516.436841434885	0.6919183135032654
6516.496331163693	0.6927541494369507
6516.555820892501	0.7246299386024475
6516.61531062131	0.758165180683136
6516.674800350118	0.8157302141189575
6516.734290078926	0.8751866221427917
6516.793779807735	0.8756421804428101
6516.853269536543	0.8691628575325012
6516.912759265351	0.8724915385246277
6516.97224899416	0.8772866725921631
6517.031738722968	0.8911513090133667
6517.091228451776	0.9079108834266663
6517.150718180585	0.9336856603622437
6517.210207909393	0.9586301445960999
6517.269697638201	0.9530802965164185
6517.32918736701	0.943787693977356
6517.388677095818	0.9438747763633728
6517.448166824626	0.9455681443214417
6517.507656553435	0.9471613764762878
6517.567146282243	0.9471164345741272
6517.626636011051	0.9357088804244995
6517.68612573986	0.9227558374404907
6517.745615468668	0.9058514833450317
6517.805105197476	0.8909806609153748
6517.864594926285	0.8941256999969482
6517.924084655093	0.9006782174110413
6517.983574383901	0.8982670903205872
6518.0430641127095	0.8964648842811584
6518.102553841518	0.9066681861877441
6518.162043570326	0.91964191198349
6518.2215332991345	0.9323000311851501
6518.281023027943	0.946148693561554
6518.340512756751	0.9555162787437439
6518.4000024855595	0.9611091613769531
6518.459492214368	0.9584518074989319
6518.518981943176	0.9527797698974609
6518.5784716719845	0.9488239288330078
6518.637961400793	0.9451228380203247
6518.697451129601	0.9391285181045532
6518.7569408584095	0.9335780739784241
6518.816430587218	0.9336981177330017
6518.875920316026	0.9321742057800293
6518.9354100448345	0.920360267162323
6518.994899773643	0.9055438041687012
6519.054389502451	0.8962703943252563
6519.1138792312595	0.8880298733711243
6519.173368960068	0.8774374127388
6519.232858688876	0.8618998527526855
6519.2923484176845	0.8350110650062561
6519.351838146493	0.812526285648346
6519.411327875301	0.8177312612533569
6519.4708176041095	0.8397919535636902
6519.530307332918	0.8734381198883057
6519.589797061726	0.9096992611885071
6519.6492867905345	0.9301726222038269
6519.708776519343	0.9420542120933533
6519.768266248151	0.9454203844070435
6519.827755976959	0.9461904764175415
6519.887245705768	0.9507601857185364
6519.946735434576	0.9575608968734741
6520.006225163384	0.9717333316802979
6520.065714892193	0.9859979748725891
6520.125204621001	0.9885383248329163
6520.184694349809	0.9862470030784607
6520.244184078618	0.9783815741539001
6520.303673807426	0.9704554080963135
6520.363163536234	0.9754202365875244
6520.422653265043	0.9833198189735413
6520.482142993851	0.9848687052726746
6520.541632722659	0.9838789105415344
6520.601122451468	0.9740586876869202
6520.660612180276	0.963621199131012
6520.720101909084	0.965573787689209
6520.779591637893	0.9688432216644287
6520.839081366701	0.9635796546936035
6520.898571095509	0.9578416347503662
6520.958060824318	0.9592183828353882
6521.017550553126	0.9625322222709656
6521.077040281934	0.9702909588813782
6521.136530010743	0.9777086973190308
6521.196019739551	0.9744893908500671
6521.255509468359	0.9705508947372437
6521.314999197168	0.9613096117973328
6521.374488925976	0.9527663588523865
6521.433978654784	0.9589987397193909
6521.493468383593	0.9657111763954163
6521.552958112401	0.9769681096076965
6521.612447841209	0.9849516153335571
6521.671937570018	0.9725983738899231
6521.731427298826	0.9616352915763855
6521.790917027634	0.9598597288131714
6521.850406756443	0.9588749408721924
6521.909896485251	0.9529103636741638
6521.969386214059	0.9479943513870239
6522.028875942868	0.9481343030929565
6522.088365671676	0.9485217332839966
6522.147855400484	0.9549354314804077
6522.207345129293	0.9588705897331238
6522.266834858101	0.9488217830657959
6522.326324586909	0.9448391199111938
6522.385814315718	0.9635332822799683
6522.445304044526	0.9747166633605957
6522.504793773334	0.969292163848877
6522.564283502143	0.9641333222389221
6522.623773230951	0.9567753672599792
6522.683262959759	0.9527097344398499
6522.742752688568	0.9567615389823914
6522.802242417376	0.9564905166625977
6522.861732146184	0.9467607140541077
6522.921221874993	0.9411280155181885
6522.980711603801	0.9427953362464905
6523.040201332609	0.9445955753326416
6523.099691061418	0.949630081653595
6523.159180790226	0.9456253051757812
6523.218670519034	0.9245980978012085
6523.278160247843	0.913398802280426
6523.337649976651	0.9197161793708801
6523.397139705459	0.9192825555801392
6523.456629434268	0.9081676602363586
6523.516119163076	0.8943532705307007
6523.575608891884	0.8768018484115601
6523.635098620693	0.8628711700439453
6523.694588349501	0.8529734015464783
6523.754078078309	0.8472695350646973
6523.813567807118	0.8419594168663025
6523.873057535926	0.8535900115966797
6523.932547264734	0.8820654153823853
6523.992036993543	0.9110051989555359
6524.051526722351	0.9404950141906738
6524.111016451159	0.9575198292732239
6524.170506179968	0.9631967544555664
6524.229995908776	0.96585613489151
6524.289485637584	0.9671237468719482
6524.348975366393	0.9683927297592163
6524.408465095201	0.9705283641815186
6524.467954824009	0.9657083749771118
6524.5274445528175	0.9542198777198792
6524.586934281626	0.9505542516708374
6524.646424010434	0.9540138244628906
6524.7059137392425	0.9569405913352966
6524.765403468051	0.9600258469581604
6524.824893196859	0.9619020223617554
6524.8843829256675	0.9624633193016052
6524.943872654476	0.9544811248779297
6525.003362383284	0.9387967586517334
6525.0628521120925	0.940811038017273
6525.122341840901	0.9572826623916626
6525.181831569709	0.9629533290863037
6525.2413212985175	0.9600488543510437
6525.300811027326	0.9618524312973022
6525.360300756134	0.9672243595123291
6525.4197904849425	0.967746913433075
6525.479280213751	0.9644052982330322
6525.538769942559	0.9640677571296692
6525.5982596713675	0.9649388790130615
6525.657749400176	0.9627068042755127
6525.717239128984	0.9578896164894104
6525.7767288577925	0.9511056542396545
6525.836218586601	0.9436912536621094
6525.895708315409	0.9451164603233337
6525.9551980442175	0.952144980430603
6526.014687773026	0.954613208770752
6526.074177501834	0.9537584185600281
6526.1336672306425	0.9472507834434509
6526.193156959451	0.9396803975105286
6526.252646688259	0.948769211769104
6526.312136417067	0.9654185771942139
6526.371626145876	0.9669778347015381
6526.431115874684	0.9617436528205872
6526.490605603492	0.9616736769676208
6526.550095332301	0.9631192684173584
6526.609585061109	0.9623503684997559
6526.669074789917	0.9600728750228882
6526.728564518726	0.9545379281044006
6526.788054247534	0.9491713047027588
6526.847543976342	0.9541806578636169
6526.907033705151	0.9610964059829712
6526.966523433959	0.9569489359855652
6527.026013162767	0.9510524272918701
6527.085502891576	0.9542295336723328
6527.144992620384	0.9592280983924866
6527.204482349192	0.9581432938575745
6527.263972078001	0.9564367532730103
6527.323461806809	0.958429753780365
6527.382951535617	0.960518479347229
6527.442441264426	0.9600828289985657
6527.501930993234	0.9591736197471619
6527.561420722042	0.9574271440505981
6527.620910450851	0.9552637338638306
6527.680400179659	0.9512305855751038
6527.739889908467	0.9475980401039124
6527.799379637276	0.9457545876502991
6527.858869366084	0.9453074932098389
6527.918359094892	0.9518438577651978
6527.977848823701	0.9555741548538208
6528.037338552509	0.9468960165977478
6528.096828281317	0.9424130320549011
6528.156318010126	0.9536281824111938
6528.215807738934	0.960423469543457
6528.275297467742	0.9553015828132629
6528.334787196551	0.9532749652862549
6528.394276925359	0.9554246068000793
6528.453766654167	0.9566212892532349
6528.513256382976	0.9554983973503113
6528.572746111784	0.9587879180908203
6528.632235840592	0.9740720391273499
6528.691725569401	0.9787165522575378
6528.751215298209	0.9655442833900452
6528.810705027017	0.9567875266075134
6528.870194755826	0.949255108833313
6528.929684484634	0.947046160697937
6528.989174213442	0.9527819156646729
6529.048663942251	0.9537065029144287
6529.108153671059	0.9498471021652222
6529.167643399867	0.9506784081459045
6529.227133128676	0.9571976661682129
6529.286622857484	0.9548548460006714
6529.346112586292	0.9458338022232056
6529.405602315101	0.9391671419143677
6529.465092043909	0.9315000772476196
6529.524581772717	0.9355563521385193
6529.584071501526	0.9466219544410706
6529.643561230334	0.9533784985542297
6529.703050959142	0.9598950147628784
6529.762540687951	0.9571532011032104
6529.822030416759	0.9496041536331177
6529.881520145567	0.9503180384635925
6529.941009874376	0.9540398716926575
6530.000499603184	0.9528517723083496
6530.059989331992	0.9504475593566895
6530.119479060801	0.946053147315979
6530.178968789609	0.9408164024353027
6530.238458518417	0.9412724375724792
6530.297948247226	0.9437616467475891
6530.357437976034	0.9380923509597778
6530.416927704842	0.9310924410820007
6530.476417433651	0.9272269010543823
6530.535907162459	0.9241412281990051
6530.595396891267	0.9332391619682312
6530.654886620076	0.9423306584358215
6530.714376348884	0.9361873269081116
6530.773866077692	0.9296243786811829
6530.833355806501	0.9317048192024231
6530.892845535309	0.9354008436203003
6530.952335264117	0.9410158395767212
6531.0118249929255	0.9453508853912354
6531.071314721734	0.943576991558075
6531.130804450542	0.9415096640586853
6531.1902941793505	0.939490556716919
6531.249783908159	0.9409552812576294
6531.309273636967	0.9508190751075745
6531.3687633657755	0.9594155550003052
6531.428253094584	0.9645946025848389
6531.487742823392	0.9665741324424744
6531.5472325522005	0.9654801487922668
6531.606722281009	0.9603902101516724
6531.666212009817	0.9481326341629028
6531.7257017386255	0.9401815533638
6531.785191467434	0.9402561783790588
6531.844681196242	0.9334239363670349
6531.9041709250505	0.9184045791625977
6531.963660653859	0.9058883190155029
6532.023150382667	0.9032920002937317
6532.0826401114755	0.8985273241996765
6532.142129840284	0.8898029923439026
6532.201619569092	0.8699346780776978
6532.2611092979005	0.8373377919197083
6532.320599026709	0.8190084099769592
6532.380088755517	0.8107084631919861
6532.4395784843255	0.8143522143363953
6532.499068213134	0.823991060256958
6532.558557941942	0.8491949439048767
6532.6180476707505	0.8841193318367004
6532.677537399559	0.9172307848930359
6532.737027128367	0.9497358202934265
6532.796516857175	0.9588562250137329
6532.856006585984	0.9552380442619324
6532.915496314792	0.9521238803863525
6532.9749860436	0.9490612745285034
6533.034475772409	0.9425898194313049
6533.093965501217	0.9347667694091797
6533.153455230025	0.9307962656021118
6533.212944958834	0.9300600290298462
6533.272434687642	0.9390590786933899
6533.33192441645	0.9503676891326904
6533.391414145259	0.9503392577171326
6533.450903874067	0.9454895853996277
6533.510393602875	0.9441824555397034
6533.569883331684	0.9419469833374023
6533.629373060492	0.931761622428894
6533.6888627893	0.9198334217071533
6533.748352518109	0.9134966135025024
6533.807842246917	0.9073874950408936
6533.867331975725	0.8982323408126831
6533.926821704534	0.890068769454956
6533.986311433342	0.8853330016136169
6534.04580116215	0.8821544051170349
6534.105290890959	0.878616452217102
6534.164780619767	0.8802722692489624
6534.224270348575	0.8911880254745483
6534.283760077384	0.9034451842308044
6534.343249806192	0.9149482250213623
6534.402739535	0.9206766486167908
6534.462229263809	0.9167482852935791
6534.521718992617	0.9159147143363953
6534.581208721425	0.9221651554107666
6534.640698450234	0.9248040318489075
6534.700188179042	0.9209997653961182
6534.75967790785	0.9207615852355957
6534.819167636659	0.9257702827453613
6534.878657365467	0.9310750961303711
6534.938147094275	0.936466634273529
6534.997636823084	0.93735271692276
6535.057126551892	0.9331582188606262
6535.1166162807	0.930874228477478
6535.176106009509	0.9305575489997864
6535.235595738317	0.9314746260643005
6535.295085467125	0.9337706565856934
6535.354575195934	0.9376934170722961
6535.414064924742	0.9427796006202698
6535.47355465355	0.9439935684204102
6535.533044382359	0.9417864084243774
6535.592534111167	0.9361891746520996
6535.652023839975	0.9285024404525757
6535.711513568784	0.9297882914543152
6535.771003297592	0.9359897375106812
6535.8304930264	0.9393640756607056
6535.889982755209	0.9403687715530396
6535.949472484017	0.9362131953239441
6536.008962212825	0.9276520013809204
6536.068451941634	0.9133751392364502
6536.127941670442	0.9015315771102905
6536.18743139925	0.9100210666656494
6536.246921128059	0.924092710018158
6536.306410856867	0.9259495139122009
6536.365900585675	0.9262353777885437
6536.425390314484	0.935128390789032
6536.484880043292	0.9405515789985657
6536.5443697721	0.9292281270027161
6536.603859500909	0.9141551852226257
6536.663349229717	0.9008582234382629
6536.722838958525	0.8929536938667297
6536.782328687334	0.8984396457672119
6536.841818416142	0.9053915143013
6536.90130814495	0.9096348285675049
6536.960797873759	0.9155125021934509
6537.020287602567	0.9260797500610352
6537.079777331375	0.932829737663269
6537.139267060184	0.9316967725753784
6537.198756788992	0.930009126663208
6537.2582465178	0.9276731610298157
6537.317736246609	0.9274114966392517
6537.377225975417	0.930014967918396
6537.436715704225	0.9285728931427002
6537.4962054330335	0.9211989045143127
6537.555695161842	0.9129045605659485
6537.61518489065	0.9039099216461182
6537.6746746194585	0.9099006056785583
6537.734164348267	0.9325003623962402
6537.793654077075	0.9446606636047363
6537.8531438058835	0.947490394115448
6537.912633534692	0.9425128102302551
6537.9721232635	0.9299629926681519
6538.0316129923085	0.9299089312553406
6538.091102721117	0.9379218816757202
6538.150592449925	0.9416170120239258
6538.2100821787335	0.9432317018508911
6538.269571907542	0.9415073990821838
6538.32906163635	0.9370055198669434
6538.3885513651585	0.928952157497406
6538.448041093967	0.9203983545303345
6538.507530822775	0.9203510284423828
6538.5670205515835	0.9236189126968384
6538.626510280392	0.9274734854698181
6538.6860000092	0.929248571395874
6538.7454897380085	0.9227598309516907
6538.804979466817	0.9173168540000916
6538.864469195625	0.9260048270225525
6538.9239589244335	0.935611367225647
6538.983448653242	0.9377780556678772
6539.04293838205	0.9388009905815125
6539.102428110858	0.9390557408332825
6539.161917839667	0.9344456195831299
6539.221407568475	0.9147910475730896
6539.280897297283	0.9050313830375671
6539.340387026092	0.920716404914856
6539.3998767549	0.9298111796379089
6539.459366483708	0.9243095517158508
6539.518856212517	0.9205945730209351
6539.578345941325	0.9193089604377747
6539.637835670133	0.9213520884513855
6539.697325398942	0.9296271800994873
6539.75681512775	0.934762716293335
6539.816304856558	0.9371508955955505
6539.875794585367	0.9392930865287781
6539.935284314175	0.9377729892730713
6539.994774042983	0.9330001473426819
6540.054263771792	0.9230732321739197
6540.1137535006	0.9180523157119751
6540.173243229408	0.9175275564193726
6540.232732958217	0.9180161356925964
6540.292222687025	0.9203255772590637
6540.351712415833	0.9258399605751038
6540.411202144642	0.932096004486084
6540.47069187345	0.9241749048233032
6540.530181602258	0.9110985398292542
6540.589671331067	0.9148445129394531
6540.649161059875	0.9253067374229431
6540.708650788683	0.9365686774253845
6540.768140517492	0.9472630620002747
6540.8276302463	0.9440181851387024
6540.887119975108	0.9378159642219543
6540.946609703917	0.9323228597640991
6541.006099432725	0.9269407391548157
6541.065589161533	0.92075115442276
6541.125078890342	0.9179642200469971
6541.18456861915	0.9316165447235107
6541.244058347958	0.9387809634208679
6541.303548076767	0.922102153301239
6541.363037805575	0.9096258282661438
6541.422527534383	0.9110605120658875
6541.482017263192	0.911354124546051
6541.541506992	0.9100037217140198
6541.600996720808	0.9093235731124878
6541.660486449617	0.9100453853607178
6541.719976178425	0.907862663269043
6541.779465907233	0.9005725979804993
6541.838955636042	0.897713840007782
6541.89844536485	0.90047287940979
6541.957935093658	0.8973374962806702
6542.017424822467	0.8881161212921143
6542.076914551275	0.8748558163642883
6542.136404280083	0.8561535477638245
6542.195894008892	0.8450123071670532
6542.2553837377	0.8391332626342773
6542.314873466508	0.8444985151290894
6542.374363195317	0.8581621646881104
6542.433852924125	0.8660714030265808
6542.493342652933	0.8723315000534058
6542.552832381742	0.8798404932022095
6542.61232211055	0.8873512148857117
6542.671811839358	0.889508843421936
6542.731301568167	0.8906422853469849
6542.790791296975	0.8997491002082825
6542.850281025783	0.9089557528495789
6542.909770754592	0.9026138186454773
6542.9692604834	0.8948158621788025
6543.028750212208	0.8927671909332275
6543.088239941017	0.8931745290756226
6543.147729669825	0.9063025712966919
6543.207219398633	0.9168722033500671
6543.266709127442	0.9136781692504883
6543.32619885625	0.9109562635421753
6543.385688585058	0.9089506268501282
6543.445178313867	0.9064830541610718
6543.504668042675	0.9029465913772583
6543.564157771483	0.8910665512084961
6543.623647500292	0.8590807914733887
6543.6831372291	0.8283922076225281
6543.742626957908	0.7948487997055054
6543.8021166867165	0.7668325901031494
6543.861606415525	0.7459130883216858
6543.921096144333	0.7374336123466492
6543.9805858731415	0.7455248832702637
6544.04007560195	0.7722268104553223
6544.099565330758	0.8215199112892151
6544.1590550595665	0.8573501110076904
6544.218544788375	0.8870154023170471
6544.278034517183	0.9022239446640015
6544.3375242459915	0.907282292842865
6544.3970139748	0.9172362685203552
6544.456503703608	0.9278047680854797
6544.5159934324165	0.9280007481575012
6544.575483161225	0.9242597818374634
6544.634972890033	0.9187238812446594
6544.6944626188415	0.9125040769577026
6544.75395234765	0.9101409912109375
6544.813442076458	0.909252941608429
6544.8729318052665	0.9162299633026123
6544.932421534075	0.9224863052368164
6544.991911262883	0.9159005880355835
6545.0514009916915	0.9084039926528931
6545.1108907205	0.8998351693153381
6545.170380449308	0.8953835964202881
6545.2298701781165	0.9089182019233704
6545.289359906925	0.917229413986206
6545.348849635733	0.9103142023086548
6545.4083393645415	0.903611421585083
6545.46782909335	0.8943589925765991
6545.527318822158	0.8877382874488831
6545.586808550966	0.8858632445335388
6545.646298279775	0.8858621120452881
6545.705788008583	0.8903256058692932
6545.765277737391	0.8896176218986511
6545.8247674662	0.8827823400497437
6545.884257195008	0.884058952331543
6545.943746923816	0.8929550647735596
6546.003236652625	0.896836519241333
6546.062726381433	0.8978228569030762
6546.122216110241	0.9000791311264038
6546.18170583905	0.9028703570365906
6546.241195567858	0.912695586681366
6546.300685296666	0.9259151220321655
6546.360175025475	0.9241490364074707
6546.419664754283	0.916836142539978
6546.479154483091	0.9147039651870728
6546.5386442119	0.9135262966156006
6546.598133940708	0.9122130274772644
6546.657623669516	0.9108873605728149
6546.717113398325	0.908966064453125
6546.776603127133	0.9078320860862732
6546.836092855941	0.9124661684036255
6546.89558258475	0.9155140519142151
6546.955072313558	0.9078710675239563
6547.014562042366	0.9025886058807373
6547.074051771175	0.9080237150192261
6547.133541499983	0.9107040762901306
6547.193031228791	0.9052159786224365
6547.2525209576	0.9020587205886841
6547.312010686408	0.903674840927124
6547.371500415216	0.8979753255844116
6547.430990144025	0.8780269026756287
6547.490479872833	0.859853982925415
6547.549969601641	0.8415551781654358
6547.60945933045	0.8327789306640625
6547.668949059258	0.8367811441421509
6547.728438788066	0.8392288684844971
6547.787928516875	0.8429526090621948
6547.847418245683	0.8542507290840149
6547.906907974491	0.8724217414855957
6547.9663977033	0.8870863318443298
6548.025887432108	0.8998377323150635
6548.085377160916	0.9024872779846191
6548.144866889725	0.8987590670585632
6548.204356618533	0.8905320763587952
6548.263846347341	0.8796464204788208
6548.32333607615	0.8711000680923462
6548.382825804958	0.8596794009208679
6548.442315533766	0.8240041136741638
6548.501805262575	0.7869973182678223
6548.561294991383	0.7772047519683838
6548.620784720191	0.775139331817627
6548.680274449	0.7900052666664124
6548.739764177808	0.8090845346450806
6548.799253906616	0.8369266390800476
6548.858743635425	0.8616383075714111
6548.918233364233	0.8748670816421509
6548.977723093041	0.88639897108078
6549.03721282185	0.8931159973144531
6549.096702550658	0.8963220119476318
6549.156192279466	0.8914062976837158
6549.215682008275	0.8922681212425232
6549.275171737083	0.9019690155982971
6549.334661465891	0.9085007309913635
6549.3941511947	0.9116581678390503
6549.453640923508	0.9104717969894409
6549.513130652316	0.9038242697715759
6549.572620381125	0.902854859828949
6549.632110109933	0.9066803455352783
6549.691599838741	0.9119676947593689
6549.75108956755	0.9186518788337708
6549.810579296358	0.9198872447013855
6549.870069025166	0.9178857803344727
6549.929558753975	0.9170935153961182
6549.989048482783	0.916479766368866
6550.048538211591	0.91600102186203
6550.1080279404	0.9155558943748474
6550.167517669208	0.9146068692207336
6550.227007398016	0.9149594902992249
6550.2864971268245	0.9217052459716797
6550.345986855633	0.9284448623657227
6550.405476584441	0.9295699596405029
6550.4649663132495	0.9270092844963074
6550.524456042058	0.9156053066253662
6550.583945770866	0.9059946537017822
6550.6434354996745	0.9039656519889832
6550.702925228483	0.9029977917671204
6550.762414957291	0.9035983681678772
6550.8219046860995	0.9037348031997681
6550.881394414908	0.9029588103294373
6550.940884143716	0.9019173979759216
6551.0003738725245	0.9005495309829712
6551.059863601333	0.9021154642105103
6551.119353330141	0.9076436161994934
6551.1788430589495	0.9119504690170288
6551.238332787758	0.9151811003684998
6551.297822516566	0.9168130159378052
6551.3573122453745	0.9168906807899475
6551.416801974183	0.9187605381011963
6551.476291702991	0.92094486951828
6551.5357814317995	0.9179199934005737
6551.595271160608	0.9115369319915771
6551.654760889416	0.9067181944847107
6551.7142506182245	0.9017282724380493
6551.773740347033	0.894157886505127
6551.833230075841	0.8863210082054138
6551.8927198046495	0.8815528750419617
6551.952209533458	0.8789188265800476
6552.011699262266	0.8790972828865051
6552.071188991074	0.8808644413948059
6552.130678719883	0.8845891356468201
6552.190168448691	0.8857455849647522
6552.249658177499	0.8814008235931396
6552.309147906308	0.8646140098571777
6552.368637635116	0.8247987031936646
6552.428127363924	0.7879242300987244
6552.487617092733	0.7605098485946655
6552.547106821541	0.7439917325973511
6552.606596550349	0.7428985238075256
6552.666086279158	0.7519276738166809
6552.725576007966	0.7739960551261902
6552.785065736774	0.8017845153808594
6552.844555465583	0.8359472155570984
6552.904045194391	0.8609398007392883
6552.963534923199	0.8769470453262329
6553.023024652008	0.8902658820152283
6553.082514380816	0.8992595076560974
6553.142004109624	0.8999240398406982
6553.201493838433	0.8959819078445435
6553.260983567241	0.9033098220825195
6553.320473296049	0.9139187335968018
6553.379963024858	0.9115781188011169
6553.439452753666	0.9037199020385742
6553.498942482474	0.9002535343170166
6553.558432211283	0.8952784538269043
6553.617921940091	0.8809670209884644
6553.677411668899	0.8694040775299072
6553.736901397708	0.871437132358551
6553.796391126516	0.8809371590614319
6553.855880855324	0.8977516293525696
6553.915370584133	0.9099244475364685
6553.974860312941	0.9084966778755188
6554.034350041749	0.9140457510948181
6554.093839770558	0.9354156851768494
6554.153329499366	0.9481274485588074
6554.212819228174	0.9465793967247009
6554.272308956983	0.9456885457038879
6554.331798685791	0.9472712874412537
6554.391288414599	0.9486921429634094
6554.450778143408	0.9495649933815002
6554.510267872216	0.9591183066368103
6554.569757601024	0.9757354259490967
6554.629247329833	0.9774237275123596
6554.688737058641	0.969111442565918
6554.748226787449	0.9712620973587036
6554.807716516258	0.9800906777381897
6554.867206245066	0.9948486089706421
6554.926695973874	1.0106747150421143
6554.986185702683	1.0118504762649536
6555.045675431491	1.007517695426941
6555.105165160299	1.0081151723861694
6555.164654889108	1.0103527307510376
6555.224144617916	1.0121700763702393
6555.283634346724	1.015709400177002
6555.343124075533	1.0237174034118652
6555.402613804341	1.0330463647842407
6555.462103533149	1.0424962043762207
6555.521593261958	1.0511884689331055
6555.581082990766	1.0580195188522339
6555.640572719574	1.065811276435852
6555.700062448383	1.0748684406280518
6555.759552177191	1.0871552228927612
6555.819041905999	1.1045188903808594
6555.878531634808	1.1146960258483887
6555.938021363616	1.1178892850875854
6555.997511092424	1.1150115728378296
6556.057000821233	1.105682373046875
6556.116490550041	1.1124533414840698
6556.175980278849	1.131986141204834
6556.235470007658	1.138104796409607
6556.294959736466	1.135299563407898
6556.354449465274	1.1462880373001099
6556.413939194083	1.1640006303787231
6556.473428922891	1.1775062084197998
6556.532918651699	1.1891639232635498
6556.592408380508	1.1929630041122437
6556.651898109316	1.1944857835769653
6556.711387838124	1.1992409229278564
6556.7708775669325	1.2038012742996216
6556.830367295741	1.201903223991394
6556.889857024549	1.1981035470962524
6556.9493467533575	1.1914383172988892
6557.008836482166	1.1845901012420654
6557.068326210974	1.175588607788086
6557.1278159397825	1.1744438409805298
6557.187305668591	1.1926649808883667
6557.246795397399	1.2144057750701904
6557.3062851262075	1.238993763923645
6557.365774855016	1.2666692733764648
6557.425264583824	1.3006938695907593
6557.4847543126325	1.3277100324630737
6557.544244041441	1.3467223644256592
6557.603733770249	1.363710880279541
6557.6632234990575	1.3793696165084839
6557.722713227866	1.392362117767334
6557.782202956674	1.405250906944275
6557.8416926854825	1.4071966409683228
6557.901182414291	1.400377869606018
6557.960672143099	1.4085354804992676
6558.0201618719075	1.4218640327453613
6558.079651600716	1.445183277130127
6558.139141329524	1.4720515012741089
6558.1986310583325	1.4984134435653687
6558.258120787141	1.5246315002441406
6558.317610515949	1.5542224645614624
6558.3771002447575	1.5847232341766357
6558.436589973566	1.5929391384124756
6558.496079702374	1.5992761850357056
6558.555569431182	1.609686255455017
6558.615059159991	1.6215649843215942
6558.674548888799	1.6486107110977173
6558.734038617607	1.674169659614563
6558.793528346416	1.6926252841949463
6558.853018075224	1.709990382194519
6558.912507804032	1.720251441001892
6558.971997532841	1.733633041381836
6559.031487261649	1.7569122314453125
6559.090976990457	1.7713382244110107
6559.150466719266	1.769876480102539
6559.209956448074	1.7692829370498657
6559.269446176882	1.763381004333496
6559.328935905691	1.7661494016647339
6559.388425634499	1.7798879146575928
6559.447915363307	1.7839804887771606
6559.507405092116	1.7812551259994507
6559.566894820924	1.7808784246444702
6559.626384549732	1.780306100845337
6559.685874278541	1.7838969230651855
6559.745364007349	1.7901604175567627
6559.804853736157	1.79239821434021
6559.864343464966	1.7942485809326172
6559.923833193774	1.7834267616271973
6559.983322922582	1.7690387964248657
6560.042812651391	1.748134732246399
6560.102302380199	1.7255172729492188
6560.161792109007	1.6988939046859741
6560.221281837816	1.6713752746582031
6560.280771566624	1.6402878761291504
6560.340261295432	1.610139012336731
6560.399751024241	1.5897247791290283
6560.459240753049	1.5711256265640259
6560.518730481857	1.5614975690841675
6560.578220210666	1.5519282817840576
6560.637709939474	1.5437813997268677
6560.697199668282	1.5337945222854614
6560.756689397091	1.5190829038619995
6560.816179125899	1.5010051727294922
6560.875668854707	1.474588394165039
6560.935158583516	1.4539918899536133
6560.994648312324	1.4414185285568237
6561.054138041132	1.430186152458191
6561.113627769941	1.4228101968765259
6561.173117498749	1.422610878944397
6561.232607227557	1.4304090738296509
6561.292096956366	1.4271466732025146
6561.351586685174	1.4162148237228394
6561.411076413982	1.4116276502609253
6561.470566142791	1.4090570211410522
6561.530055871599	1.396981120109558
6561.589545600407	1.3817092180252075
6561.649035329216	1.3785203695297241
6561.708525058024	1.3780410289764404
6561.768014786832	1.3657526969909668
6561.827504515641	1.3531628847122192
6561.886994244449	1.3542673587799072
6561.946483973257	1.3581808805465698
6562.005973702066	1.3596652746200562
6562.065463430874	1.359565019607544
6562.124953159682	1.3564845323562622
6562.184442888491	1.346511721611023
6562.243932617299	1.3213016986846924
6562.303422346107	1.3074920177459717
6562.362912074916	1.3181506395339966
6562.422401803724	1.328353762626648
6562.481891532532	1.3360280990600586
6562.541381261341	1.3383177518844604
6562.600870990149	1.33364999294281
6562.660360718957	1.3402605056762695
6562.719850447766	1.3590143918991089
6562.779340176574	1.3699309825897217
6562.838829905382	1.3744146823883057
6562.898319634191	1.3825323581695557
6562.957809362999	1.392739176750183
6563.017299091807	1.4006450176239014
6563.076788820616	1.4067182540893555
6563.136278549424	1.411819577217102
6563.195768278232	1.4142335653305054
6563.2552580070405	1.4081051349639893
6563.314747735849	1.4012919664382935
6563.374237464657	1.4063409566879272
6563.4337271934655	1.415942907333374
6563.493216922274	1.4228029251098633
6563.552706651082	1.435284972190857
6563.6121963798905	1.4631601572036743
6563.671686108699	1.4857522249221802
6563.731175837507	1.4914014339447021
6563.7906655663155	1.4899781942367554
6563.850155295124	1.4857248067855835
6563.909645023932	1.473759651184082
6563.9691347527405	1.4508496522903442
6564.028624481549	1.4398767948150635
6564.088114210357	1.4401739835739136
6564.1476039391655	1.4626339673995972
6564.207093667974	1.5029754638671875
6564.266583396782	1.5474103689193726
6564.3260731255905	1.5936466455459595
6564.385562854399	1.638150691986084
6564.445052583207	1.682357668876648
6564.5045423120155	1.713020920753479
6564.564032040824	1.7370352745056152
6564.623521769632	1.7546643018722534
6564.6830114984405	1.7696161270141602
6564.742501227249	1.7778393030166626
6564.801990956057	1.7832627296447754
6564.8614806848655	1.7792176008224487
6564.920970413674	1.772430658340454
6564.980460142482	1.762160301208496
6565.03994987129	1.753082275390625
6565.099439600099	1.7550175189971924
6565.158929328907	1.7587136030197144
6565.218419057715	1.7663681507110596
6565.277908786524	1.7669775485992432
6565.337398515332	1.7406063079833984
6565.39688824414	1.7232710123062134
6565.456377972949	1.733276128768921
6565.515867701757	1.736572504043579
6565.575357430565	1.7280570268630981
6565.634847159374	1.7151968479156494
6565.694336888182	1.6932282447814941
6565.75382661699	1.6794921159744263
6565.813316345799	1.6752076148986816
6565.872806074607	1.668639063835144
6565.932295803415	1.6616613864898682
6565.991785532224	1.6512504816055298
6566.051275261032	1.639708161354065
6566.11076498984	1.6211881637573242
6566.170254718649	1.5980219841003418
6566.229744447457	1.5780550241470337
6566.289234176265	1.5598251819610596
6566.348723905074	1.5359411239624023
6566.408213633882	1.5097640752792358
6566.46770336269	1.488956332206726
6566.527193091499	1.4687600135803223
6566.586682820307	1.452735424041748
6566.646172549115	1.4371505975723267
6566.705662277924	1.4311894178390503
6566.765152006732	1.4257816076278687
6566.82464173554	1.4085801839828491
6566.884131464349	1.3913776874542236
6566.943621193157	1.3787082433700562
6567.003110921965	1.364551305770874
6567.062600650774	1.3403565883636475
6567.122090379582	1.3218269348144531
6567.18158010839	1.3268964290618896
6567.241069837199	1.322917103767395
6567.300559566007	1.2953121662139893
6567.360049294815	1.2773836851119995
6567.419539023624	1.2772709131240845
6567.479028752432	1.269303560256958
6567.53851848124	1.2507139444351196
6567.598008210049	1.237708330154419
6567.657497938857	1.230584979057312
6567.716987667665	1.2167036533355713
6567.776477396474	1.1966546773910522
6567.835967125282	1.1920071840286255
6567.89545685409	1.1996970176696777
6567.954946582899	1.1869590282440186
6568.014436311707	1.1620041131973267
6568.073926040515	1.1544808149337769
6568.133415769324	1.1552654504776
6568.192905498132	1.1483365297317505
6568.25239522694	1.1382025480270386
6568.311884955749	1.1266613006591797
6568.371374684556	1.1151548624038696
6568.430864413364	1.1085691452026367
6568.490354142173	1.100616455078125
6568.549843870981	1.0829901695251465
6568.609333599789	1.0630109310150146
6568.668823328598	1.0440150499343872
6568.728313057406	1.0269163846969604
6568.787802786214	1.0132428407669067
6568.847292515023	1.00486421585083
6568.906782243831	1.0042364597320557
6568.966271972639	1.0101754665374756
6569.025761701448	1.025170087814331
6569.085251430256	1.0321332216262817
6569.144741159064	1.0274244546890259
6569.204230887873	1.0192748308181763
6569.263720616681	1.0078368186950684
6569.323210345489	1.0035730600357056
6569.382700074298	1.006101369857788
6569.442189803106	1.0008387565612793
6569.501679531914	0.9895259141921997
6569.561169260723	0.9806938171386719
6569.620658989531	0.9736292958259583
6569.680148718339	0.969576895236969
6569.739638447148	0.9671458601951599
6569.799128175956	0.9633573889732361
6569.858617904764	0.9591706395149231
6569.918107633573	0.9556994438171387
6569.977597362381	0.9528408050537109
6570.037087091189	0.9517077207565308
6570.096576819998	0.9504848122596741
6570.156066548806	0.9468564987182617
6570.215556277614	0.9429799318313599
6570.275046006423	0.9399737119674683
6570.334535735231	0.9375667572021484
6570.394025464039	0.9365273118019104
6570.453515192848	0.934441864490509
6570.513004921656	0.9301145672798157
6570.572494650464	0.9252429008483887
6570.631984379273	0.9196796417236328
6570.691474108081	0.9151398539543152
6570.750963836889	0.9125046730041504
6570.810453565698	0.9075984954833984
6570.869943294506	0.8984391689300537
6570.929433023314	0.8973533511161804
6570.988922752123	0.9038379788398743
6571.048412480931	0.9069840908050537
6571.107902209739	0.9081450700759888
6571.167391938548	0.9084117412567139
6571.226881667356	0.9079365134239197
6571.286371396164	0.9090557098388672
6571.3458611249725	0.912894070148468
6571.405350853781	0.901789128780365
6571.464840582589	0.8849565386772156
6571.5243303113975	0.8749997019767761
6571.583820040206	0.864902138710022
6571.643309769014	0.8719168305397034
6571.7027994978225	0.8835313320159912
6571.762289226631	0.8682733774185181
6571.821778955439	0.8510575294494629
6571.8812686842475	0.8270350694656372
6571.940758413056	0.8030779361724854
6572.000248141864	0.7917977571487427
6572.0597378706725	0.7820600271224976
6572.119227599481	0.7894540429115295
6572.178717328289	0.7976685166358948
6572.2382070570975	0.8148172497749329
6572.297696785906	0.8321652412414551
6572.357186514714	0.8533158302307129
6572.4166762435225	0.8707067370414734
6572.476165972331	0.8776847720146179
6572.535655701139	0.8831169009208679
6572.5951454299475	0.8820564150810242
6572.654635158756	0.8832861185073853
6572.714124887564	0.8870967626571655
6572.7736146163725	0.8874421715736389
6572.833104345181	0.8831773400306702
6572.892594073989	0.8838726282119751
6572.9520838027975	0.889802873134613
6573.011573531606	0.8960182070732117
6573.071063260414	0.9020655155181885
6573.130552989222	0.8928674459457397
6573.190042718031	0.8725031614303589
6573.249532446839	0.8684307932853699
6573.309022175647	0.8732600212097168
6573.368511904456	0.8717882037162781
6573.428001633264	0.867973804473877
6573.487491362072	0.8640868663787842
6573.546981090881	0.8617029786109924
6573.606470819689	0.8657063841819763
6573.665960548497	0.872739851474762
6573.725450277306	0.8801587224006653
6573.784940006114	0.8871778845787048
6573.844429734922	0.8929121494293213
6573.903919463731	0.8939156532287598
6573.963409192539	0.8844076991081238
6574.022898921347	0.8805546760559082
6574.082388650156	0.8928489685058594
6574.141878378964	0.902082085609436
6574.201368107772	0.9022088050842285
6574.260857836581	0.8975058794021606
6574.320347565389	0.8883914947509766
6574.379837294197	0.8801196813583374
6574.439327023006	0.8746269941329956
6574.498816751814	0.8605459332466125
6574.558306480622	0.8383809924125671
6574.617796209431	0.8157631754875183
6574.677285938239	0.7932708263397217
6574.736775667047	0.770294725894928
6574.796265395856	0.7461289763450623
6574.855755124664	0.7428701519966125
6574.915244853472	0.750856339931488
6574.974734582281	0.7617055177688599
6575.034224311089	0.7740270495414734
6575.093714039897	0.8059380054473877
6575.153203768706	0.843764066696167
6575.212693497514	0.8570106029510498
6575.272183226322	0.8636409640312195
6575.331672955131	0.874955952167511
6575.391162683939	0.8854127526283264
6575.450652412747	0.8803767561912537
6575.510142141556	0.8732770085334778
6575.569631870364	0.8663924932479858
6575.629121599172	0.8622763156890869
6575.688611327981	0.8716939091682434
6575.748101056789	0.8811445236206055
6575.807590785597	0.8907656073570251
6575.867080514406	0.895466685295105
6575.926570243214	0.8853291273117065
6575.986059972022	0.8745051026344299
6576.045549700831	0.855087399482727
6576.105039429639	0.8485596179962158
6576.164529158447	0.8695982694625854
6576.224018887256	0.8830626606941223
6576.283508616064	0.8937551379203796
6576.342998344872	0.8923644423484802
6576.402488073681	0.8680052161216736
6576.461977802489	0.8653327822685242
6576.521467531297	0.8847545385360718
6576.580957260106	0.8917782306671143
6576.640446988914	0.892253577709198
6576.699936717722	0.8859753012657166
6576.759426446531	0.8718847036361694
6576.818916175339	0.8673692345619202
6576.878405904147	0.8681761026382446
6576.937895632956	0.8718584775924683
6576.997385361764	0.8779420852661133
6577.056875090572	0.8726723790168762
6577.116364819381	0.8625620007514954
6577.175854548189	0.8609043955802917
6577.235344276997	0.8619283437728882
6577.294834005806	0.8604933023452759
6577.354323734614	0.8595110774040222
6577.413813463422	0.8639817833900452
6577.473303192231	0.8695989847183228
6577.532792921039	0.8727719187736511
6577.592282649847	0.8758541345596313
6577.651772378656	0.8806253671646118
6577.711262107464	0.8828590512275696
6577.770751836272	0.8768494129180908
6577.8302415650805	0.8741759061813354
6577.889731293889	0.8827435374259949
6577.949221022697	0.888070821762085
6578.0087107515055	0.8844355344772339
6578.068200480314	0.8808434009552002
6578.127690209122	0.8787710070610046
6578.1871799379305	0.8772623538970947
6578.246669666739	0.8763177394866943
6578.306159395547	0.877008855342865
6578.3656491243555	0.8796799778938293
6578.425138853164	0.8767399787902832
6578.484628581972	0.8683030605316162
6578.5441183107805	0.8673762679100037
6578.603608039589	0.8724902868270874
6578.663097768397	0.8724210858345032
6578.7225874972055	0.8690813183784485
6578.782077226014	0.8740299344062805
6578.841566954822	0.8831523656845093
6578.9010566836305	0.88308185338974
6578.960546412439	0.8790279626846313
6579.020036141247	0.8786146640777588
6579.0795258700555	0.8787392973899841
6579.139015598864	0.8699848055839539
6579.198505327672	0.860680878162384
6579.2579950564805	0.8682507276535034
6579.317484785289	0.8781914710998535
6579.376974514097	0.8791336417198181
6579.4364642429055	0.8777433037757874
6579.495953971714	0.8709244132041931
6579.555443700522	0.8662431836128235
6579.61493342933	0.8724896311759949
6579.674423158139	0.8805099129676819
6579.733912886947	0.8948536515235901
6579.793402615755	0.9035905003547668
6579.852892344564	0.8941133618354797
6579.912382073372	0.8881170749664307
6579.97187180218	0.8922120928764343
6580.031361530989	0.8884368538856506
6580.090851259797	0.8643574118614197
6580.150340988605	0.8540326356887817
6580.209830717414	0.8677724599838257
6580.269320446222	0.8713119029998779
6580.32881017503	0.8636859655380249
6580.388299903839	0.8626257181167603
6580.447789632647	0.8682115077972412
6580.507279361455	0.870017409324646
6580.566769090264	0.8691989183425903
6580.626258819072	0.8670810461044312
6580.68574854788	0.8632633686065674
6580.745238276689	0.854602575302124
6580.804728005497	0.8410258293151855
6580.864217734305	0.8371981382369995
6580.923707463114	0.8399637937545776
6580.983197191922	0.8408423066139221
6581.04268692073	0.8419725298881531
6581.102176649539	0.8462990522384644
6581.161666378347	0.852492094039917
6581.221156107155	0.8579277992248535
6581.280645835964	0.8628288507461548
6581.340135564772	0.865650475025177
6581.39962529358	0.866410493850708
6581.459115022389	0.862127959728241
6581.518604751197	0.8587294816970825
6581.578094480005	0.8665292859077454
6581.637584208814	0.8754209876060486
6581.697073937622	0.8760689496994019
6581.75656366643	0.8764134049415588
6581.816053395239	0.8818049430847168
6581.875543124047	0.8859514594078064
6581.935032852855	0.8857859969139099
6581.994522581664	0.8823221921920776
6582.054012310472	0.8743855953216553
6582.11350203928	0.8694445490837097
6582.172991768089	0.8700451850891113
6582.232481496897	0.8733024597167969
6582.291971225705	0.8790618777275085
6582.351460954514	0.8820123076438904
6582.410950683322	0.8814540505409241
6582.47044041213	0.8807902336120605
6582.529930140939	0.8809490203857422
6582.589419869747	0.8774024248123169
6582.648909598555	0.8708919882774353
6582.708399327364	0.8638288974761963
6582.767889056172	0.854814350605011
6582.82737878498	0.8623192310333252
6582.886868513789	0.8800606727600098
6582.946358242597	0.8896254301071167
6583.005847971405	0.8955805897712708
6583.065337700214	0.8961623311042786
6583.124827429022	0.8950127363204956
6583.18431715783	0.8895622491836548
6583.243806886639	0.8829684853553772
6583.303296615447	0.8730052709579468
6583.362786344255	0.8620932102203369
6583.422276073064	0.8525499105453491
6583.481765801872	0.8427326083183289
6583.54125553068	0.8454465866088867
6583.600745259489	0.8497058749198914
6583.660234988297	0.8550201654434204
6583.719724717105	0.8604838252067566
6583.779214445914	0.8624247312545776
6583.838704174722	0.8644614219665527
6583.89819390353	0.8746196627616882
6583.957683632339	0.8835336565971375
6584.017173361147	0.8747238516807556
6584.076663089955	0.868650496006012
6584.136152818764	0.8830187916755676
6584.195642547572	0.8942162394523621
6584.25513227638	0.8904940485954285
6584.3146220051885	0.8878585696220398
6584.374111733997	0.8876869678497314
6584.433601462805	0.8889538049697876
6584.4930911916135	0.895072877407074
6584.552580920422	0.8990174531936646
6584.61207064923	0.8979958891868591
6584.6715603780385	0.8961060643196106
6584.731050106847	0.8918784856796265
6584.790539835655	0.8923941254615784
6584.8500295644635	0.9007377028465271
6584.909519293272	0.9025217890739441
6584.96900902208	0.895393431186676
6585.0284987508885	0.889927864074707
6585.087988479697	0.8860191702842712
6585.147478208505	0.886715829372406
6585.2069679373135	0.8922115564346313
6585.266457666122	0.893666684627533
6585.32594739493	0.8913436532020569
6585.3854371237385	0.885538637638092
6585.444926852547	0.8770958781242371
6585.504416581355	0.8717853426933289
6585.5639063101635	0.8697095513343811
6585.623396038972	0.8762390613555908
6585.68288576778	0.8868988156318665
6585.7423754965885	0.8905898928642273
6585.801865225397	0.8906891942024231
6585.861354954205	0.8889296650886536
6585.9208446830135	0.8861347436904907
6585.980334411822	0.8822143077850342
6586.03982414063	0.8796610236167908
6586.099313869438	0.8861609697341919
6586.158803598247	0.8928840160369873
6586.218293327055	0.8908401131629944
6586.277783055863	0.8858670592308044
6586.337272784672	0.8761061429977417
6586.39676251348	0.8669908046722412
6586.456252242288	0.8633490204811096
6586.515741971097	0.8593018054962158
6586.575231699905	0.8517271280288696
6586.634721428713	0.8450042009353638
6586.694211157522	0.8417825698852539
6586.75370088633	0.8376909494400024
6586.813190615138	0.8288117051124573
6586.872680343947	0.8254140019416809
6586.932170072755	0.8352030515670776
6586.991659801563	0.846746027469635
6587.051149530372	0.8692229986190796
6587.11063925918	0.8828955292701721
6587.170128987988	0.8783071041107178
6587.229618716797	0.8810916543006897
6587.289108445605	0.8936171531677246
6587.348598174413	0.8995535373687744
6587.408087903222	0.8962956666946411
6587.46757763203	0.894914984703064
6587.527067360838	0.8938999772071838
6587.586557089647	0.891978919506073
6587.646046818455	0.8887727856636047
6587.705536547263	0.8887036442756653
6587.765026276072	0.8923762440681458
6587.82451600488	0.8945849537849426
6587.884005733688	0.8960665464401245
6587.943495462497	0.8989047408103943
6588.002985191305	0.9028786420822144
6588.062474920113	0.9058467149734497
6588.121964648922	0.9077100157737732
6588.18145437773	0.9075031280517578
6588.240944106538	0.9053420424461365
6588.300433835347	0.9032028913497925
6588.359923564155	0.9008654356002808
6588.419413292963	0.8993760943412781
6588.478903021772	0.8976123332977295
6588.53839275058	0.8913499712944031
6588.597882479388	0.886195957660675
6588.657372208197	0.8962565064430237
6588.716861937005	0.9074231386184692
6588.776351665813	0.8962699174880981
6588.835841394622	0.8796765208244324
6588.89533112343	0.8742525577545166
6588.954820852238	0.874790608882904
6589.014310581047	0.8817936778068542
6589.073800309855	0.8901623487472534
6589.133290038663	0.8964527249336243
6589.192779767472	0.9003098011016846
6589.25226949628	0.8993678092956543
6589.311759225088	0.8994526267051697
6589.371248953897	0.9031500816345215
6589.430738682705	0.9063608646392822
6589.490228411513	0.9060443043708801
6589.549718140322	0.906287670135498
6589.60920786913	0.9112507700920105
6589.668697597938	0.9140615463256836
6589.728187326747	0.9131543636322021
6589.787677055555	0.9094303250312805
6589.847166784363	0.898115873336792
6589.906656513172	0.8926055431365967
6589.96614624198	0.8979935646057129
6590.025635970788	0.9013243913650513
6590.085125699597	0.9046135544776917
6590.144615428405	0.9082755446434021
6590.204105157213	0.9107638001441956
6590.263594886022	0.9093239307403564
6590.32308461483	0.8988402485847473
6590.382574343638	0.8951931595802307
6590.442064072447	0.9016947746276855
6590.501553801255	0.9066690802574158
6590.561043530063	0.9098954796791077
6590.620533258872	0.9091477394104004
6590.68002298768	0.9016825556755066
6590.739512716488	0.9035012722015381
6590.7990024452965	0.9168237447738647
6590.858492174105	0.9209273457527161
6590.917981902913	0.9168714880943298
6590.9774716317215	0.9132230281829834
6591.03696136053	0.909367561340332
6591.096451089338	0.9121547937393188
6591.1559408181465	0.9196915626525879
6591.215430546955	0.9179006218910217
6591.274920275763	0.910593569278717
6591.3344100045715	0.9134989380836487
6591.39389973338	0.9214357733726501
6591.453389462188	0.9185758829116821
6591.5128791909965	0.909620463848114
6591.572368919805	0.9025442600250244
6591.631858648613	0.8977662920951843
6591.6913483774215	0.9013925790786743
6591.75083810623	0.9068989753723145
6591.810327835038	0.9007666110992432
6591.8698175638465	0.8929019570350647
6591.929307292655	0.8974028825759888
6591.988797021463	0.9049167633056641
6592.0482867502715	0.9073564410209656
6592.10777647908	0.9073548316955566
6592.167266207888	0.9065102338790894
6592.2267559366965	0.9053999185562134
6592.286245665505	0.9038071632385254
6592.345735394313	0.9042533040046692
6592.405225123121	0.9080927968025208
6592.46471485193	0.9118990302085876
6592.524204580738	0.9133015275001526
6592.583694309546	0.9150110483169556
6592.643184038355	0.9204905033111572
6592.702673767163	0.9214832782745361
6592.762163495971	0.9048322439193726
6592.82165322478	0.8914551734924316
6592.881142953588	0.8903054594993591
6592.940632682396	0.8911943435668945
6593.000122411205	0.895593523979187
6593.059612140013	0.9003428816795349
6593.119101868821	0.9086894392967224
6593.17859159763	0.914121150970459
6593.238081326438	0.9117613434791565
6593.297571055246	0.9091312885284424
6593.357060784055	0.9025024771690369
6593.416550512863	0.9011819362640381
6593.476040241671	0.9139775037765503
6593.53552997048	0.9233214259147644
6593.595019699288	0.927127480506897
6593.654509428096	0.9281922578811646
6593.713999156905	0.9222357273101807
6593.773488885713	0.9185218811035156
6593.832978614521	0.9177566170692444
6593.89246834333	0.9139432311058044
6593.951958072138	0.905520498752594
6594.011447800946	0.9028006196022034
6594.070937529755	0.9079490900039673
6594.130427258563	0.9106177091598511
6594.189916987371	0.9103691577911377
6594.24940671618	0.9139894843101501
6594.308896444988	0.9212735295295715
6594.368386173796	0.9195534586906433
6594.427875902605	0.9097134470939636
6594.487365631413	0.9047543406486511
6594.546855360221	0.9038280844688416
6594.60634508903	0.9039168357849121
6594.665834817838	0.9047669172286987
6594.725324546646	0.897660493850708
6594.784814275455	0.8854207992553711
6594.844304004263	0.8884581327438354
6594.903793733071	0.899623453617096
6594.96328346188	0.9020289778709412
6595.022773190688	0.9003931283950806
6595.082262919496	0.9054349660873413
6595.141752648305	0.9141485095024109
6595.201242377113	0.9157993197441101
6595.260732105921	0.9146769642829895
6595.32022183473	0.9191912412643433
6595.379711563538	0.926206111907959
6595.439201292346	0.9245805740356445
6595.498691021155	0.9199512004852295
6595.558180749963	0.9236719608306885
6595.617670478771	0.9301075339317322
6595.67716020758	0.9274378418922424
6595.736649936388	0.9226153492927551
6595.796139665196	0.9248564839363098
6595.855629394005	0.9284103512763977
6595.915119122813	0.9298597574234009
6595.974608851621	0.9312143325805664
6596.03409858043	0.9265207648277283
6596.093588309238	0.9208596348762512
6596.153078038046	0.9307796955108643
6596.212567766855	0.9430804252624512
6596.272057495663	0.9366284012794495
6596.331547224471	0.9257704019546509
6596.39103695328	0.9198365807533264
6596.450526682088	0.9165813326835632
6596.510016410896	0.9223867654800415
6596.569506139705	0.9295117855072021
6596.628995868513	0.9291914701461792
6596.688485597321	0.9261422753334045
6596.74797532613	0.9214834570884705
6596.807465054938	0.9172715544700623
6596.866954783746	0.9169008135795593
6596.926444512555	0.9164108633995056
6596.985934241363	0.9127690196037292
6597.045423970171	0.9083207845687866
6597.1049136989795	0.9027854800224304
6597.164403427788	0.9024040102958679
6597.223893156596	0.9127832055091858
6597.2833828854045	0.922455906867981
6597.342872614213	0.9248939156532288
6597.402362343021	0.9256722927093506
6597.4618520718295	0.9263695478439331
6597.521341800638	0.9285535216331482
6597.580831529446	0.9334627389907837
6597.6403212582545	0.9395401477813721
6597.699810987063	0.9483252167701721
6597.759300715871	0.9519022107124329
6597.8187904446795	0.9473450779914856
6597.878280173488	0.9384033679962158
6597.937769902296	0.9197167754173279
6597.9972596311045	0.9101932048797607
6598.056749359913	0.9179172515869141
6598.116239088721	0.923457145690918
6598.1757288175295	0.9257968664169312
6598.235218546338	0.9252600073814392
6598.294708275146	0.9186824560165405
6598.3541980039545	0.915748119354248
6598.413687732763	0.9207251071929932
6598.473177461571	0.9241769313812256
6598.5326671903795	0.9268242716789246
6598.592156919188	0.9314733147621155
6598.651646647996	0.940604567527771
6598.7111363768045	0.9454895257949829
6598.770626105613	0.9410871267318726
6598.830115834421	0.9392216801643372
6598.889605563229	0.9405255317687988
6598.949095292038	0.9419863224029541
6599.008585020846	0.9435722827911377
6599.068074749654	0.9378648996353149
6599.127564478463	0.9188680052757263
6599.187054207271	0.9092015624046326
6599.246543936079	0.914086103439331
6599.306033664888	0.9191836714744568
6599.365523393696	0.9251903891563416
6599.425013122504	0.926863968372345
6599.484502851313	0.9243900775909424
6599.543992580121	0.9221884608268738
6599.603482308929	0.9219200015068054
6599.662972037738	0.9216532111167908
6599.722461766546	0.9207785129547119
6599.781951495354	0.9170954823493958
6599.841441224163	0.9101691842079163
6599.900930952971	0.9034613966941833
6599.960420681779	0.8965075612068176
6600.019910410588	0.8959027528762817
6600.079400139396	0.900261640548706
6600.138889868204	0.9017860889434814
6600.198379597013	0.9015387892723083
6600.257869325821	0.9019578099250793
6600.317359054629	0.9021977186203003
6600.376848783438	0.9049493074417114
6600.436338512246	0.9092192053794861
6600.495828241054	0.9099111557006836
6600.555317969863	0.9075639843940735
6600.614807698671	0.9106297492980957
6600.674297427479	0.9180874824523926
6600.733787156288	0.9207664132118225
6600.793276885096	0.9205951690673828
6600.852766613904	0.9199036955833435
6600.912256342713	0.9168145060539246
6600.971746071521	0.9232858419418335
6601.031235800329	0.9391142725944519
6601.090725529138	0.9470933675765991
6601.150215257946	0.9496464729309082
6601.209704986754	0.946347713470459
6601.269194715563	0.9353452324867249
6601.328684444371	0.9297703504562378
6601.388174173179	0.9282369017601013
6601.447663901988	0.9258119463920593
6601.507153630796	0.9236868023872375
6601.566643359604	0.9237765669822693
6601.626133088413	0.9262284636497498
6601.685622817221	0.9284508228302002
6601.745112546029	0.9302088618278503
6601.804602274838	0.9276791214942932
6601.864092003646	0.9221453070640564
6601.923581732454	0.9235356450080872
6601.983071461263	0.9301598072052002
6602.042561190071	0.935126781463623
6602.102050918879	0.9385876655578613
6602.161540647688	0.9336498379707336
6602.221030376496	0.9238757491111755
6602.280520105304	0.9276030659675598
6602.340009834113	0.9386160373687744
6602.399499562921	0.9341298341751099
6602.458989291729	0.9220424890518188
6602.518479020538	0.9240565896034241
6602.577968749346	0.9326714873313904
6602.637458478154	0.9300999641418457
6602.696948206963	0.9221906661987305
6602.756437935771	0.9132357835769653
6602.815927664579	0.9024997353553772
6602.875417393388	0.9078986644744873
6602.934907122196	0.9206170439720154
6602.994396851004	0.9191519021987915
6603.053886579813	0.9126641154289246
6603.113376308621	0.9093615412712097
6603.172866037429	0.9054123163223267
6603.232355766238	0.9097897410392761
6603.291845495046	0.9184224009513855
6603.351335223854	0.9227553009986877
6603.410824952663	0.9263653755187988
6603.470314681471	0.9215386509895325
6603.529804410279	0.910672664642334
6603.5892941390875	0.9133043885231018
6603.648783867896	0.9236570000648499
6603.708273596704	0.9249774813652039
6603.7677633255125	0.9220831990242004
6603.827253054321	0.9263827800750732
6603.886742783129	0.9345452189445496
6603.9462325119375	0.9409140348434448
6604.005722240746	0.9465070962905884
6604.065211969554	0.9473131895065308
6604.1247016983625	0.9453401565551758
6604.184191427171	0.9467942118644714
6604.243681155979	0.9482776522636414
6604.3031708847875	0.942100465297699
6604.362660613596	0.9321640133857727
6604.422150342404	0.9352914094924927
6604.4816400712125	0.9457992911338806
6604.541129800021	0.9497789144515991
6604.600619528829	0.9497150778770447
6604.6601092576375	0.9446218609809875
6604.719598986446	0.9366820454597473
6604.779088715254	0.930246889591217
6604.8385784440625	0.9245793223381042
6604.898068172871	0.9200623631477356
6604.957557901679	0.9151749014854431
6605.0170476304875	0.9216810464859009
6605.076537359296	0.9329444766044617
6605.136027088104	0.934235692024231
6605.1955168169125	0.9323694109916687
6605.255006545721	0.9301625490188599
6605.314496274529	0.9273178577423096
6605.373986003337	0.9281423091888428
6605.433475732146	0.93031245470047
6605.492965460954	0.9318463802337646
6605.552455189762	0.9336334466934204
6605.611944918571	0.9304056167602539
6605.671434647379	0.924236536026001
6605.730924376187	0.9248261451721191
6605.790414104996	0.9291619658470154
6605.849903833804	0.9295598864555359
6605.909393562612	0.9279881715774536
6605.968883291421	0.9291093349456787
6606.028373020229	0.9317275285720825
6606.087862749037	0.9315131306648254
6606.147352477846	0.9296135902404785
6606.206842206654	0.9316296577453613
6606.266331935462	0.9358468651771545
6606.325821664271	0.9337128400802612
6606.385311393079	0.9267837405204773
6606.444801121887	0.9250656366348267
6606.504290850696	0.9267737865447998
6606.563780579504	0.9249386191368103
6606.623270308312	0.920981764793396
6606.682760037121	0.9170527458190918
6606.742249765929	0.9134467244148254
6606.801739494737	0.915177047252655
6606.861229223546	0.9206437468528748
6606.920718952354	0.9249350428581238
6606.980208681162	0.9286459684371948
6607.039698409971	0.929030179977417
6607.099188138779	0.9273951649665833
6607.158677867587	0.9272508025169373
6607.218167596396	0.9279246926307678
6607.277657325204	0.9335353970527649
6607.337147054012	0.9426736831665039
6607.396636782821	0.9433603286743164
6607.456126511629	0.9388371109962463
6607.515616240437	0.9366093277931213
6607.575105969246	0.9356684684753418
6607.634595698054	0.9350802898406982
6607.694085426862	0.9321867227554321
6607.753575155671	0.9399166703224182
6607.813064884479	0.9576693773269653
6607.872554613287	0.9581263661384583
6607.932044342096	0.9460826516151428
6607.991534070904	0.933508038520813
6608.051023799712	0.9158530831336975
6608.110513528521	0.9095823764801025
6608.170003257329	0.916132390499115
6608.229492986137	0.9217649102210999
6608.288982714946	0.9297035932540894
6608.348472443754	0.9311935901641846
6608.407962172562	0.9237943291664124
6608.467451901371	0.9171508550643921
6608.526941630179	0.91075199842453
6608.586431358987	0.9127931594848633
6608.645921087796	0.9263076782226562
6608.705410816604	0.9311336278915405
6608.764900545412	0.9249357581138611
6608.824390274221	0.9237973690032959
6608.883880003029	0.9283959865570068
6608.943369731837	0.928110659122467
6609.002859460646	0.92209392786026
6609.062349189454	0.920523464679718
6609.121838918262	0.9237135648727417
6609.181328647071	0.9259812831878662
6609.240818375879	0.9267339110374451
6609.300308104687	0.9290093779563904
6609.359797833496	0.9326897859573364
6609.419287562304	0.9342174530029297
6609.478777291112	0.9331518411636353
6609.538267019921	0.9307363629341125
6609.597756748729	0.9252756237983704
6609.657246477537	0.9279174208641052
6609.716736206346	0.9446106553077698
6609.776225935154	0.9506698250770569
6609.835715663962	0.940472424030304
6609.895205392771	0.9316883087158203
6609.954695121579	0.9211455583572388
6610.014184850387	0.9127033352851868
6610.0736745791955	0.9085421562194824
6610.133164308004	0.9067329168319702
6610.192654036812	0.9170911312103271
6610.2521437656205	0.9258231520652771
6610.311633494429	0.9330446720123291
6610.371123223237	0.9388651847839355
6610.4306129520455	0.9402535557746887
6610.490102680854	0.937771201133728
6610.549592409662	0.9232247471809387
6610.6090821384705	0.9123545289039612
6610.668571867279	0.9143095016479492
6610.728061596087	0.9179505705833435
6610.7875513248955	0.9210577011108398
6610.847041053704	0.9242053031921387
6610.906530782512	0.9269663691520691
6610.9660205113205	0.9296619892120361
6611.025510240129	0.9337615966796875
6611.084999968937	0.934983491897583
6611.1444896977455	0.9292541146278381
6611.203979426554	0.9246069192886353
6611.263469155362	0.9262850880622864
6611.3229588841705	0.9299765229225159
6611.382448612979	0.9363898038864136
6611.441938341787	0.9400830268859863
6611.5014280705955	0.9304975271224976
6611.560917799404	0.922049880027771
6611.620407528212	0.929295003414154
6611.6798972570205	0.9379784464836121
6611.739386985829	0.9378173351287842
6611.798876714637	0.937014102935791
6611.858366443445	0.9394904971122742
6611.917856172254	0.9422633051872253
6611.977345901062	0.9424981474876404
6612.03683562987	0.9425965547561646
6612.096325358679	0.9413477778434753
6612.155815087487	0.9398210644721985
6612.215304816295	0.9438459873199463
6612.274794545104	0.9489606618881226
6612.334284273912	0.9450728893280029
6612.39377400272	0.9391336441040039
6612.453263731529	0.9323525428771973
6612.512753460337	0.9251947999000549
6612.572243189145	0.9281842112541199
6612.631732917954	0.9362508654594421
6612.691222646762	0.9402424097061157
6612.75071237557	0.9433656930923462
6612.810202104379	0.9481461644172668
6612.869691833187	0.95304936170578
6612.929181561995	0.9538708329200745
6612.988671290804	0.9513331651687622
6613.048161019612	0.9491167664527893
6613.10765074842	0.9463933110237122
6613.167140477229	0.9401510953903198
6613.226630206037	0.9317449331283569
6613.286119934845	0.9316831827163696
6613.345609663654	0.9379504919052124
6613.405099392462	0.93595951795578
6613.46458912127	0.929924488067627
6613.524078850079	0.9325062036514282
6613.583568578887	0.940726101398468
6613.643058307695	0.9423354268074036
6613.702548036504	0.9389987587928772
6613.762037765312	0.9313687682151794
6613.82152749412	0.9205482006072998
6613.881017222929	0.9130221009254456
6613.940506951737	0.9060337543487549
6613.999996680545	0.9066444039344788
6614.059486409354	0.9162776470184326
6614.118976138162	0.9217244386672974
6614.17846586697	0.9225909113883972
6614.237955595779	0.9294453859329224
6614.297445324587	0.9484972953796387
6614.356935053395	0.9563469886779785
6614.416424782204	0.9402848482131958
6614.475914511012	0.9287835359573364
6614.53540423982	0.9225654006004333
6614.594893968629	0.919399619102478
6614.654383697437	0.9251622557640076
6614.713873426245	0.9300941228866577
6614.773363155054	0.9329628944396973
6614.832852883862	0.931668758392334
6614.89234261267	0.9200973510742188
6614.951832341479	0.9138203859329224
6615.011322070287	0.9237471222877502
6615.070811799095	0.9314101338386536
6615.130301527904	0.9274225831031799
6615.189791256712	0.9209086894989014
6615.24928098552	0.9135128855705261
6615.308770714329	0.9117941856384277
6615.368260443137	0.9236099720001221
6615.427750171945	0.9352813959121704
6615.487239900754	0.9363046288490295
6615.546729629562	0.9354225993156433
6615.60621935837	0.9381350874900818
6615.665709087179	0.9402817487716675
6615.725198815987	0.9352567195892334
6615.784688544795	0.9295581579208374
6615.844178273604	0.9361515045166016
6615.903668002412	0.9448565244674683
6615.96315773122	0.9461799263954163
6616.022647460029	0.9474656581878662
6616.082137188837	0.9422802329063416
6616.141626917645	0.9346776604652405
6616.201116646454	0.9353413581848145
6616.260606375262	0.9386012554168701
6616.32009610407	0.9386076927185059
6616.379585832879	0.9375698566436768
6616.439075561687	0.9376680254936218
6616.498565290495	0.9383193850517273
6616.5580550193035	0.9380717873573303
6616.617544748112	0.9375601410865784
6616.67703447692	0.9408393502235413
6616.7365242057285	0.9477331638336182
6616.796013934537	0.9514812231063843
6616.855503663345	0.9508361220359802
6616.9149933921535	0.9435716867446899
6616.974483120962	0.9287784099578857
6617.03397284977	0.9242304563522339
6617.0934625785785	0.9315965175628662
6617.152952307387	0.9326556921005249
6617.212442036195	0.926300585269928
6617.2719317650035	0.9234808683395386
6617.331421493812	0.9258163571357727
6617.39091122262	0.9245894551277161
6617.4504009514285	0.918093740940094
6617.509890680237	0.9168537855148315
6617.569380409045	0.9222495555877686
6617.6288701378535	0.9274556636810303
6617.688359866662	0.9309048652648926
6617.74784959547	0.9332418441772461
6617.8073393242785	0.9357674717903137
6617.866829053087	0.9359583258628845
6617.926318781895	0.929097056388855
6617.9858085107035	0.9230955243110657
6618.045298239512	0.9199523329734802
6618.10478796832	0.917470395565033
6618.164277697128	0.9237142205238342
6618.223767425937	0.9296364188194275
6618.283257154745	0.9318386912345886
6618.342746883553	0.9333251714706421
6618.402236612362	0.9309582114219666
6618.46172634117	0.9281915426254272
6618.521216069978	0.929068922996521
6618.580705798787	0.9311469197273254
6618.640195527595	0.9350337982177734
6618.699685256403	0.9395042061805725
6618.759174985212	0.9406648278236389
6618.81866471402	0.9399223327636719
6618.878154442828	0.9399113655090332
6618.937644171637	0.9393984079360962
6618.997133900445	0.9371128678321838
6619.056623629253	0.9332699179649353
6619.116113358062	0.9258415102958679
6619.17560308687	0.9170056581497192
6619.235092815678	0.91811603307724
6619.294582544487	0.9256626963615417
6619.354072273295	0.9281073808670044
6619.413562002103	0.9258003234863281
6619.473051730912	0.9247632622718811
6619.53254145972	0.9237473607063293
6619.592031188528	0.9295039772987366
6619.651520917337	0.9426533579826355
6619.711010646145	0.9464712738990784
6619.770500374953	0.9382438063621521
6619.829990103762	0.9376845955848694
6619.88947983257	0.9505478143692017
6619.948969561378	0.9552258849143982
6620.008459290187	0.9446801543235779
6620.067949018995	0.9378404021263123
6620.127438747803	0.9342604875564575
6620.186928476612	0.929810643196106
6620.24641820542	0.9224548935890198
6620.305907934228	0.9178754091262817
6620.365397663037	0.9279595017433167
6620.424887391845	0.9382914304733276
6620.484377120653	0.944015622138977
6620.543866849462	0.9482966661453247
6620.60335657827	0.9495086669921875
6620.662846307078	0.9498012065887451
6620.722336035887	0.954676628112793
6620.781825764695	0.9568771123886108
6620.841315493503	0.9418328404426575
6620.900805222312	0.9224157929420471
6620.96029495112	0.9226850271224976
6621.019784679928	0.9320722818374634
6621.079274408737	0.9332414865493774
6621.138764137545	0.9317794442176819
6621.198253866353	0.9330527186393738
6621.257743595162	0.9356609582901001
6621.31723332397	0.9381402730941772
6621.376723052778	0.9410229325294495
6621.436212781587	0.9397421479225159
6621.495702510395	0.9366598129272461
6621.555192239203	0.9355196952819824
6621.614681968012	0.9361289739608765
6621.67417169682	0.9329738020896912
6621.733661425628	0.9255325794219971
6621.793151154437	0.9239808320999146
6621.852640883245	0.9291651248931885
6621.912130612053	0.9324765205383301
6621.971620340862	0.9340994954109192
6622.03111006967	0.9346352815628052
6622.090599798478	0.9330887794494629
6622.150089527287	0.9320876002311707
6622.209579256095	0.9316256046295166
6622.269068984903	0.9309397339820862
6622.328558713712	0.9292411804199219
6622.38804844252	0.9285958409309387
6622.447538171328	0.929498553276062
6622.507027900137	0.9318166375160217
6622.566517628945	0.9375472068786621
6622.626007357753	0.9426515698432922
6622.685497086562	0.9438619017601013
6622.74498681537	0.9413336515426636
6622.804476544178	0.9325370192527771
6622.8639662729865	0.9218648672103882
6622.923456001795	0.9169037938117981
6622.982945730603	0.9166471362113953
6623.0424354594115	0.9270473718643188
6623.10192518822	0.9419978260993958
6623.161414917028	0.9425127506256104
6623.2209046458365	0.9356188774108887
6623.280394374645	0.928990364074707
6623.339884103453	0.9226486682891846
6623.3993738322615	0.9187177419662476
6623.45886356107	0.9174476861953735
6623.518353289878	0.9165478348731995
6623.5778430186865	0.914419412612915
6623.637332747495	0.9155996441841125
6623.696822476303	0.9200474619865417
6623.7563122051115	0.9252188205718994
6623.81580193392	0.9334596395492554
6623.875291662728	0.9386690258979797
6623.9347813915365	0.9379971623420715
6623.994271120345	0.9360781311988831
6624.053760849153	0.9265897870063782
6624.1132505779615	0.9218991994857788
6624.17274030677	0.9286374449729919
6624.232230035578	0.9320094585418701
6624.2917197643865	0.9155434370040894
6624.351209493195	0.8989657759666443
6624.410699222003	0.9009718298912048
6624.4701889508115	0.9086796641349792
6624.52967867962	0.9100102782249451
6624.589168408428	0.9102934002876282
6624.648658137236	0.9140589237213135
6624.708147866045	0.9200026988983154
6624.767637594853	0.9271696209907532
6624.827127323661	0.9341725707054138
6624.88661705247	0.937007486820221
6624.946106781278	0.9372279047966003
6625.005596510086	0.9335776567459106
6625.065086238895	0.9275599718093872
6625.124575967703	0.9261944890022278
6625.184065696511	0.9284361004829407
6625.24355542532	0.9256542921066284
6625.303045154128	0.9165968894958496
6625.362534882936	0.916232705116272
6625.422024611745	0.9269424080848694
6625.481514340553	0.9337116479873657
6625.541004069361	0.9355491399765015
6625.60049379817	0.9353815317153931
6625.659983526978	0.92591392993927
6625.719473255786	0.9204699397087097
6625.778962984595	0.9318122267723083
6625.838452713403	0.9413393139839172
6625.897942442211	0.9387692809104919
6625.95743217102	0.9352880716323853
6626.016921899828	0.9365241527557373
6626.076411628636	0.9387891888618469
6626.135901357445	0.9387729167938232
6626.195391086253	0.9375400543212891
6626.254880815061	0.9358521699905396
6626.31437054387	0.932973325252533
6626.373860272678	0.9281888008117676
6626.433350001486	0.9225316047668457
6626.492839730295	0.9209251403808594
6626.552329459103	0.9221855998039246
6626.611819187911	0.9214886426925659
6626.67130891672	0.9192944765090942
6626.730798645528	0.9241060018539429
6626.790288374336	0.9345803260803223
6626.849778103145	0.9406211972236633
6626.909267831953	0.9431627988815308
6626.968757560761	0.939003586769104
6627.02824728957	0.9265573024749756
6627.087737018378	0.9198465943336487
6627.147226747186	0.9243510961532593
6627.206716475995	0.9269945025444031
6627.266206204803	0.9234840869903564
6627.325695933611	0.9208163022994995
6627.38518566242	0.9221941828727722
6627.444675391228	0.9237405061721802
6627.504165120036	0.931124746799469
6627.563654848845	0.9373195171356201
6627.623144577653	0.9246771335601807
6627.682634306461	0.908545196056366
6627.74212403527	0.9166786074638367
6627.801613764078	0.9347454905509949
6627.861103492886	0.9365560412406921
6627.920593221695	0.9297426342964172
6627.980082950503	0.9325617551803589
6628.039572679311	0.9412176012992859
6628.09906240812	0.9396454095840454
6628.158552136928	0.9275819659233093
6628.218041865736	0.9069709181785583
6628.277531594545	0.8750650882720947
6628.337021323353	0.866163969039917
6628.396511052161	0.8822842240333557
6628.45600078097	0.898271381855011
6628.515490509778	0.9089449644088745
6628.574980238586	0.9181162714958191
6628.634469967395	0.9268583059310913
6628.693959696203	0.9300721883773804
6628.753449425011	0.9236096143722534
6628.81293915382	0.9159840941429138
6628.872428882628	0.906735360622406
6628.931918611436	0.8982537984848022
6628.991408340245	0.9070613384246826
6629.050898069053	0.9178608059883118
6629.110387797861	0.9245985746383667
6629.16987752667	0.9314901828765869
6629.229367255478	0.9305543303489685
6629.288856984286	0.9259451627731323
6629.3483467130945	0.921031653881073
6629.407836441903	0.9143951535224915
6629.467326170711	0.914380669593811
6629.5268158995195	0.9222138524055481
6629.586305628328	0.9265646934509277
6629.645795357136	0.9275466799736023
6629.7052850859445	0.9310265183448792
6629.764774814753	0.9381058812141418
6629.824264543561	0.9393576979637146
6629.8837542723695	0.9293779134750366
6629.943244001178	0.9249809980392456
6630.002733729986	0.932968020439148
6630.0622234587945	0.9378178715705872
6630.121713187603	0.9289626479148865
6630.181202916411	0.9198882579803467
6630.2406926452195	0.9225223064422607
6630.300182374028	0.9296797513961792
6630.359672102836	0.9417087435722351
6630.4191618316445	0.9552967548370361
6630.478651560453	0.94679856300354
6630.538141289261	0.9298666715621948
6630.5976310180695	0.933599054813385
6630.657120746878	0.946000874042511
6630.716610475686	0.9540698528289795
6630.7761002044945	0.9630757570266724
6630.835589933303	0.9619050025939941
6630.895079662111	0.9491913318634033
6630.9545693909195	0.9378077387809753
6631.014059119728	0.9229742288589478
6631.073548848536	0.9125704169273376
6631.133038577344	0.9124254584312439
6631.192528306153	0.9130905270576477
6631.252018034961	0.9178972840309143
6631.311507763769	0.9224045872688293
6631.370997492578	0.9246810674667358
6631.430487221386	0.9268958568572998
6631.489976950194	0.9314839839935303
6631.549466679003	0.9338226318359375
6631.608956407811	0.9261913895606995
6631.668446136619	0.9142961502075195
6631.727935865428	0.9070377349853516
6631.787425594236	0.9023891687393188
