6499.70569436	0.041459167
6499.70569436314	0.9453986287117004
6499.747153530139	0.9453986287117004
6499.78861269714	0.9453986287117004
6499.830071864139	0.9409991502761841
6499.87153103114	0.9386346340179443
6499.91299019814	0.939062237739563
6499.954449365139	0.9394639134407043
6499.99590853214	0.941389799118042
6500.037367699139	0.9468057751655579
6500.07882686614	0.9507917761802673
6500.12028603314	0.9445608854293823
6500.161745200139	0.9354569911956787
6500.20320436714	0.9364674091339111
6500.244663534139	0.943072497844696
6500.28612270114	0.9453604221343994
6500.3275818681395	0.9444186091423035
6500.36904103514	0.9437181353569031
6500.41050020214	0.9424574375152588
6500.451959369139	0.9426553249359131
6500.49341853614	0.9450514316558838
6500.5348777031395	0.9459069967269897
6500.57633687014	0.9451424479484558
6500.61779603714	0.9440582990646362
6500.659255204139	0.9437931776046753
6500.70071437114	0.9424833059310913
6500.7421735381395	0.9358415007591248
6500.78363270514	0.931473433971405
6500.82509187214	0.9347758293151855
6500.866551039139	0.9411073327064514
6500.90801020614	0.9492650032043457
6500.949469373139	0.9523448944091797
6500.99092854014	0.9470421075820923
6501.03238770714	0.9453260898590088
6501.073846874139	0.9535380005836487
6501.11530604114	0.9563777446746826
6501.156765208139	0.945954442024231
6501.19822437514	0.9432966709136963
6501.23968354214	0.951551616191864
6501.281142709139	0.9537289142608643
6501.32260187614	0.9499031901359558
6501.364061043139	0.9464268684387207
6501.40552021014	0.9491618871688843
6501.4469793771395	0.9538187384605408
6501.488438544139	0.956134021282196
6501.52989771114	0.9583447575569153
6501.571356878139	0.9535531997680664
6501.61281604514	0.9490345120429993
6501.6542752121395	0.9540623426437378
6501.69573437914	0.9558587074279785
6501.73719354614	0.9485005736351013
6501.778652713139	0.9450627565383911
6501.82011188014	0.9511122107505798
6501.8615710471395	0.954906702041626
6501.90303021414	0.9501315355300903
6501.94448938114	0.945374608039856
6501.985948548139	0.9468693137168884
6502.02740771514	0.9552225470542908
6502.068866882139	0.9699860215187073
6502.11032604914	0.9725381135940552
6502.15178521614	0.956098735332489
6502.193244383139	0.9471431374549866
6502.23470355014	0.9599565863609314
6502.276162717139	0.9705561995506287
6502.31762188414	0.9599055051803589
6502.35908105114	0.9462124705314636
6502.400540218139	0.9414458274841309
6502.44199938514	0.9390235543251038
6502.483458552139	0.9337297677993774
6502.52491771914	0.9295399785041809
6502.56637688614	0.9259965419769287
6502.607836053139	0.9238224029541016
6502.64929522014	0.9356002807617188
6502.690754387139	0.9531785845756531
6502.73221355414	0.9638081789016724
6502.7736727211395	0.9674596190452576
6502.81513188814	0.9630682468414307
6502.85659105514	0.9571601152420044
6502.898050222139	0.9564490914344788
6502.93950938914	0.959336519241333
6502.9809685561395	0.9606683850288391
6503.02242772314	0.9575391411781311
6503.06388689014	0.9571251273155212
6503.105346057139	0.9594606161117554
6503.14680522414	0.9546694755554199
6503.1882643911395	0.9487264752388
6503.22972355814	0.9506060481071472
6503.27118272514	0.9535265564918518
6503.312641892139	0.9526606202125549
6503.35410105914	0.9537820219993591
6503.395560226139	0.9577085971832275
6503.43701939314	0.9559593796730042
6503.47847856014	0.9461525678634644
6503.519937727139	0.9359068870544434
6503.56139689414	0.9286736249923706
6503.602856061139	0.9246088862419128
6503.64431522814	0.9291700720787048
6503.68577439514	0.9414561986923218
6503.727233562139	0.9539390206336975
6503.76869272914	0.9636480808258057
6503.810151896139	0.9652326107025146
6503.85161106314	0.9595449566841125
6503.8930702301395	0.9597778916358948
6503.93452939714	0.9649561643600464
6503.97598856414	0.9590088129043579
6504.017447731139	0.9430766701698303
6504.05890689814	0.932999312877655
6504.1003660651395	0.9307548999786377
6504.14182523214	0.930217444896698
6504.18328439914	0.9305632710456848
6504.224743566139	0.9340340495109558
6504.26620273314	0.9422078132629395
6504.3076619001395	0.9479268789291382
6504.34912106714	0.9461109638214111
6504.39058023414	0.945715069770813
6504.432039401139	0.950639009475708
6504.47349856814	0.9522411823272705
6504.514957735139	0.9512279629707336
6504.55641690214	0.9542739987373352
6504.59787606914	0.9581753611564636
6504.639335236139	0.964242160320282
6504.68079440314	0.9787153005599976
6504.722253570139	0.9882439374923706
6504.76371273714	0.9862414598464966
6504.80517190414	0.984751284122467
6504.846631071139	0.9844048023223877
6504.88809023814	0.978184163570404
6504.929549405139	0.9596241116523743
6504.97100857214	0.9475845098495483
6505.0124677391395	0.9541776180267334
6505.053926906139	0.9607872366905212
6505.09538607314	0.9667422771453857
6505.136845240139	0.9703459143638611
6505.17830440714	0.9725214242935181
6505.2197635741395	0.9763060808181763
6505.26122274114	0.9685832858085632
6505.30268190814	0.9599466323852539
6505.344141075139	0.9594348669052124
6505.38560024214	0.9566947221755981
6505.4270594091395	0.9508061408996582
6505.46851857614	0.9472852349281311
6505.50997774314	0.9547848701477051
6505.551436910139	0.9635114073753357
6505.59289607714	0.9603166580200195
6505.634355244139	0.9561335444450378
6505.67581441114	0.9557938575744629
6505.71727357814	0.9576207995414734
6505.758732745139	0.9649960398674011
6505.80019191214	0.9731236696243286
6505.841651079139	0.971443235874176
6505.88311024614	0.9648565649986267
6505.92456941314	0.9678587913513184
6505.966028580139	0.9745290279388428
6506.00748774714	0.9745821952819824
6506.048946914139	0.9686554670333862
6506.09040608114	0.9534697532653809
6506.13186524814	0.9409871101379395
6506.173324415139	0.9501244425773621
6506.21478358214	0.9640198349952698
6506.256242749139	0.9597304463386536
6506.29770191614	0.9517344236373901
6506.3391610831395	0.9589341282844543
6506.38062025014	0.9687063694000244
6506.42207941714	0.9637835621833801
6506.463538584139	0.9523757100105286
6506.50499775114	0.9511270523071289
6506.5464569181395	0.9581312537193298
6506.58791608514	0.9636690616607666
6506.62937525214	0.9656687378883362
6506.670834419139	0.9612838625907898
6506.71229358614	0.9532271027565002
6506.753752753139	0.9510692358016968
6506.79521192014	0.953622043132782
6506.83667108714	0.9539320468902588
6506.878130254139	0.9503563642501831
6506.91958942114	0.9442089796066284
6506.961048588139	0.9380720257759094
6507.00250775514	0.9347905516624451
6507.04396692214	0.9368972182273865
6507.085426089139	0.9451507329940796
6507.12688525614	0.9541969895362854
6507.168344423139	0.9591862559318542
6507.20980359014	0.9622006416320801
6507.25126275714	0.968834638595581
6507.292721924139	0.9785764813423157
6507.33418109114	0.974620521068573
6507.375640258139	0.9595323204994202
6507.41709942514	0.9570844769477844
6507.4585585921395	0.9648078083992004
6507.500017759139	0.9660769701004028
6507.54147692614	0.9591572284698486
6507.582936093139	0.9509875774383545
6507.62439526014	0.9411817789077759
6507.6658544271395	0.9360886216163635
6507.70731359414	0.9392640590667725
6507.74877276114	0.9428167939186096
6507.790231928139	0.9487702250480652
6507.83169109514	0.9592255353927612
6507.8731502621395	0.9688845872879028
6507.91460942914	0.9653775691986084
6507.95606859614	0.9534016847610474
6507.997527763139	0.9526703357696533
6508.03898693014	0.9613443613052368
6508.080446097139	0.9660114645957947
6508.12190526414	0.9587265253067017
6508.16336443114	0.949899435043335
6508.204823598139	0.9540857076644897
6508.24628276514	0.9601631164550781
6508.287741932139	0.9636673927307129
6508.32920109914	0.9644411206245422
6508.37066026614	0.9496837854385376
6508.412119433139	0.9348499178886414
6508.45357860014	0.9283124804496765
6508.495037767139	0.9148906469345093
6508.53649693414	0.8966831564903259
6508.5779561011395	0.8881965279579163
6508.619415268139	0.888195276260376
6508.66087443514	0.891262948513031
6508.702333602139	0.9028649926185608
6508.74379276914	0.9157384037971497
6508.7852519361395	0.9247080683708191
6508.82671110314	0.9323580861091614
6508.86817027014	0.9408851861953735
6508.909629437139	0.9447185397148132
6508.95108860414	0.9484819173812866
6508.9925477711395	0.9556732773780823
6509.03400693814	0.9557346105575562
6509.07546610514	0.9577488303184509
6509.116925272139	0.9651922583580017
6509.15838443914	0.9696421027183533
6509.199843606139	0.9758769869804382
6509.24130277314	0.9792060852050781
6509.28276194014	0.9779341220855713
6509.324221107139	0.9774526357650757
6509.36568027414	0.973294198513031
6509.407139441139	0.9675126075744629
6509.44859860814	0.957788348197937
6509.49005777514	0.9494529366493225
6509.531516942139	0.9538383483886719
6509.57297610914	0.9602470397949219
6509.614435276139	0.9578691720962524
6509.65589444314	0.9529890418052673
6509.6973536101395	0.9554228782653809
6509.738812777139	0.9617299437522888
6509.78027194414	0.9645243287086487
6509.821731111139	0.9670460820198059
6509.86319027814	0.9675219058990479
6509.9046494451395	0.9633440971374512
6509.94610861214	0.9647151827812195
6509.98756777914	0.9685413837432861
6510.029026946139	0.9625074863433838
6510.07048611314	0.9529853463172913
6510.1119452801395	0.9495859742164612
6510.15340444714	0.9533161520957947
6510.19486361414	0.9588732719421387
6510.236322781139	0.9599000811576843
6510.27778194814	0.9617063999176025
6510.319241115139	0.9665074348449707
6510.36070028214	0.9657324552536011
6510.40215944914	0.9601304531097412
6510.443618616139	0.9528284668922424
6510.48507778314	0.9456731081008911
6510.526536950139	0.9470975995063782
6510.56799611714	0.9565140008926392
6510.60945528414	0.966471254825592
6510.650914451139	0.9709188938140869
6510.69237361814	0.9708391427993774
6510.733832785139	0.9744265079498291
6510.77529195214	0.9731980562210083
6510.81675111914	0.9641101956367493
6510.858210286139	0.9598180055618286
6510.89966945314	0.9574655890464783
6510.941128620139	0.9566088914871216
6510.98258778714	0.9597215056419373
6511.0240469541395	0.9633249044418335
6511.065506121139	0.9696507453918457
6511.10696528814	0.9737160205841064
6511.148424455139	0.9722926616668701
6511.18988362214	0.969390869140625
6511.2313427891395	0.9665817618370056
6511.27280195614	0.9635883569717407
6511.31426112314	0.9590263366699219
6511.355720290139	0.9583738446235657
6511.39717945714	0.9599214792251587
6511.4386386241395	0.9571866989135742
6511.48009779114	0.9558442234992981
6511.52155695814	0.957210123538971
6511.563016125139	0.9580109715461731
6511.60447529214	0.9625062346458435
6511.645934459139	0.9688650965690613
6511.68739362614	0.9671685695648193
6511.72885279314	0.958710789680481
6511.770311960139	0.9518299102783203
6511.81177112714	0.9439597129821777
6511.853230294139	0.9354928135871887
6511.89468946114	0.9309168457984924
6511.93614862814	0.9254476428031921
6511.977607795139	0.9170758128166199
6512.01906696214	0.9113793969154358
6512.060526129139	0.9102573990821838
6512.10198529614	0.9123640656471252
6512.1434444631395	0.9162225127220154
6512.184903630139	0.9217128753662109
6512.22636279714	0.9262516498565674
6512.267821964139	0.9260939955711365
6512.30928113114	0.9334093332290649
6512.3507402981395	0.9439588189125061
6512.39219946514	0.9481716156005859
6512.43365863214	0.9540238976478577
6512.475117799139	0.9640554189682007
6512.51657696614	0.9727666974067688
6512.5580361331395	0.9679275155067444
6512.59949530014	0.9587298631668091
6512.64095446714	0.9574334025382996
6512.682413634139	0.9614793062210083
6512.72387280114	0.9731612205505371
6512.765331968139	0.9818109273910522
6512.80679113514	0.9790275692939758
6512.84825030214	0.9744520783424377
6512.889709469139	0.9759043455123901
6512.93116863614	0.9785792827606201
6512.972627803139	0.9741949439048767
6513.01408697014	0.9679727554321289
6513.05554613714	0.9710463881492615
6513.097005304139	0.9773324131965637
6513.13846447114	0.9752016067504883
6513.179923638139	0.9730281829833984
6513.22138280514	0.9820464253425598
6513.2628419721395	0.9878643751144409
6513.304301139139	0.9780142307281494
6513.34576030614	0.9687244296073914
6513.387219473139	0.9664720296859741
6513.42867864014	0.9641459584236145
6513.4701378071395	0.9659098386764526
6513.51159697414	0.9683278203010559
6513.55305614114	0.9661351442337036
6513.594515308139	0.9645714163780212
6513.63597447514	0.9630354046821594
6513.6774336421395	0.9642173647880554
6513.71889280914	0.970041811466217
6513.76035197614	0.9707700610160828
6513.801811143139	0.9629167318344116
6513.84327031014	0.9570667147636414
6513.884729477139	0.9608521461486816
6513.92618864414	0.9654942750930786
6513.96764781114	0.967454195022583
6514.009106978139	0.9711800217628479
6514.05056614514	0.9712200164794922
6514.092025312139	0.9656718969345093
6514.13348447914	0.9584405422210693
6514.17494364614	0.9493371248245239
6514.216402813139	0.9369757771492004
6514.25786198014	0.929145872592926
6514.299321147139	0.9309027194976807
6514.34078031414	0.9328044652938843
6514.38223948114	0.9335740804672241
6514.423698648139	0.9376969337463379
6514.46515781514	0.9389321804046631
6514.506616982139	0.9290979504585266
6514.54807614914	0.9055008888244629
6514.5895353161395	0.8778660297393799
6514.630994483139	0.8485039472579956
6514.67245365014	0.8219928741455078
6514.713912817139	0.8170186877250671
6514.75537198414	0.8273970484733582
6514.7968311511395	0.8380985856056213
6514.83829031814	0.8492446541786194
6514.87974948514	0.8643802404403687
6514.921208652139	0.8857825994491577
6514.96266781914	0.9116650223731995
6515.004126986139	0.9315639138221741
6515.04558615314	0.942099392414093
6515.08704532014	0.9503600001335144
6515.128504487139	0.9539985060691833
6515.16996365414	0.9530820846557617
6515.211422821139	0.9555562138557434
6515.25288198814	0.9610185623168945
6515.29434115514	0.9633564949035645
6515.335800322139	0.9613069295883179
6515.37725948914	0.9576793909072876
6515.418718656139	0.9517993330955505
6515.46017782314	0.9463051557540894
6515.50163699014	0.9461906552314758
6515.543096157139	0.9472450613975525
6515.58455532414	0.9444193243980408
6515.626014491139	0.9374207854270935
6515.66747365814	0.9270978569984436
6515.7089328251395	0.9182409644126892
6515.750391992139	0.912793755531311
6515.79185115914	0.9064554572105408
6515.833310326139	0.8995145559310913
6515.87476949314	0.8995969295501709
6515.9162286601395	0.9045852422714233
6515.95768782714	0.9100043177604675
6515.99914699414	0.9203217029571533
6516.040606161139	0.9322519302368164
6516.08206532814	0.9435496926307678
6516.1235244951395	0.9490442276000977
6516.16498366214	0.948705792427063
6516.20644282914	0.9451460242271423
6516.247901996139	0.929728090763092
6516.28936116314	0.9076014757156372
6516.330820330139	0.8849411010742188
6516.37227949714	0.8579695224761963
6516.41373866414	0.8269512057304382
6516.455197831139	0.7999244928359985
6516.49665699814	0.7724179029464722
6516.538116165139	0.7493116855621338
6516.57957533214	0.7397562265396118
6516.62103449914	0.7471897602081299
6516.662493666139	0.7707452774047852
6516.70395283314	0.7945802807807922
6516.745412000139	0.8225380778312683
6516.78687116714	0.8528003096580505
6516.8283303341395	0.8859350681304932
6516.869789501139	0.9091023206710815
6516.91124866814	0.9091858863830566
6516.952707835139	0.9036814570426941
6516.99416700214	0.9007202386856079
6517.0356261691395	0.8965303301811218
6517.077085336139	0.8867249488830566
6517.11854450314	0.8845697641372681
6517.160003670139	0.8996943831443787
6517.20146283714	0.9171329140663147
6517.2429220041395	0.9283567667007446
6517.28438117114	0.9400520920753479
6517.32584033814	0.9532848000526428
6517.367299505139	0.9593052864074707
6517.40875867214	0.9625598192214966
6517.450217839139	0.9691677093505859
6517.49167700614	0.9706767797470093
6517.53313617314	0.9707472324371338
6517.574595340139	0.9758065938949585
6517.61605450714	0.9789001941680908
6517.657513674139	0.9738150238990784
6517.69897284114	0.9659214615821838
6517.74043200814	0.9597618579864502
6517.781891175139	0.9545422196388245
6517.82335034214	0.9489042162895203
6517.864809509139	0.9420441389083862
6517.90626867614	0.9295089244842529
6517.94772784314	0.9224520325660706
6517.989187010139	0.9269581437110901
6518.03064617714	0.9285717606544495
6518.072105344139	0.9313353896141052
6518.11356451114	0.9395334124565125
6518.1550236781395	0.9501110315322876
6518.196482845139	0.9637249708175659
6518.23794201214	0.9792467951774597
6518.279401179139	0.9831467270851135
6518.32086034614	0.9718248844146729
6518.3623195131395	0.962624728679657
6518.40377868014	0.9636822938919067
6518.44523784714	0.9668207168579102
6518.486697014139	0.9589613080024719
6518.52815618114	0.951228678226471
6518.569615348139	0.9621102809906006
6518.61107451514	0.9732110500335693
6518.65253368214	0.9679234623908997
6518.693992849139	0.9586037993431091
6518.73545201614	0.9466035962104797
6518.776911183139	0.9373971223831177
6518.81837035014	0.9471139311790466
6518.85982951714	0.9630357027053833
6518.901288684139	0.9692650437355042
6518.94274785114	0.9690012335777283
6518.984207018139	0.9604784250259399
6519.02566618514	0.9478474259376526
6519.06712535214	0.9417217373847961
6519.108584519139	0.9382532238960266
6519.15004368614	0.928695797920227
6519.191502853139	0.9207029342651367
6519.23296202014	0.9225479960441589
6519.2744211871395	0.9209169745445251
6519.315880354139	0.9061716794967651
6519.35733952114	0.8930065035820007
6519.398798688139	0.8826293349266052
6519.44025785514	0.8697620630264282
6519.4817170221395	0.8652883768081665
6519.52317618914	0.8734919428825378
6519.56463535614	0.8912225961685181
6519.606094523139	0.909702479839325
6519.64755369014	0.9318345189094543
6519.6890128571395	0.9533888697624207
6519.73047202414	0.9585525989532471
6519.77193119114	0.9540669918060303
6519.813390358139	0.9554517865180969
6519.85484952514	0.9617676138877869
6519.896308692139	0.9669408798217773
6519.93776785914	0.9682325124740601
6519.97922702614	0.9606548547744751
6520.020686193139	0.9500460028648376
6520.06214536014	0.9460906386375427
6520.103604527139	0.9493522644042969
6520.14506369414	0.954417884349823
6520.18652286114	0.9541766047477722
6520.227982028139	0.9507785439491272
6520.26944119514	0.953296422958374
6520.310900362139	0.9606799483299255
6520.35235952914	0.9648776650428772
6520.3938186961395	0.9636435508728027
6520.435277863139	0.9594318866729736
6520.47673703014	0.9562128186225891
6520.518196197139	0.9584552049636841
6520.55965536414	0.9660758972167969
6520.6011145311395	0.9703772664070129
6520.642573698139	0.9674485325813293
6520.68403286514	0.9645206928253174
6520.725492032139	0.9619655013084412
6520.76695119914	0.9614806175231934
6520.8084103661395	0.9699066281318665
6520.84986953314	0.9785141348838806
6520.89132870014	0.9773118495941162
6520.932787867139	0.9702642560005188
6520.97424703414	0.9654062390327454
6521.015706201139	0.967225968837738
6521.05716536814	0.9736201167106628
6521.09862453514	0.9767944812774658
6521.140083702139	0.973773717880249
6521.18154286914	0.9709194898605347
6521.223002036139	0.968339204788208
6521.26446120314	0.9647061824798584
6521.30592037014	0.9661355018615723
6521.347379537139	0.972737729549408
6521.38883870414	0.9799961447715759
6521.430297871139	0.9828018546104431
6521.47175703814	0.9782615900039673
6521.5132162051395	0.9725174307823181
6521.554675372139	0.9721019864082336
6521.59613453914	0.9737805724143982
6521.637593706139	0.9685977697372437
6521.67905287314	0.9592956304550171
6521.7205120401395	0.9585291743278503
6521.761971207139	0.9670119285583496
6521.80343037414	0.9762590527534485
6521.844889541139	0.978841245174408
6521.88634870814	0.9728960990905762
6521.9278078751395	0.9663622379302979
6521.96926704214	0.9607853293418884
6522.01072620914	0.9522330164909363
6522.052185376139	0.9508024454116821
6522.09364454314	0.9580570459365845
6522.135103710139	0.958549439907074
6522.17656287714	0.9512925744056702
6522.21802204414	0.9439891576766968
6522.259481211139	0.9391748309135437
6522.30094037814	0.9396312832832336
6522.342399545139	0.9426707625389099
6522.38385871214	0.9437340497970581
6522.42531787914	0.9450917840003967
6522.466777046139	0.9531024694442749
6522.50823621314	0.9664691686630249
6522.549695380139	0.9754899144172668
6522.59115454714	0.9765915870666504
6522.63261371414	0.9738953709602356
6522.674072881139	0.9761168360710144
6522.71553204814	0.9787754416465759
6522.756991215139	0.9718436598777771
6522.79845038214	0.9666050672531128
6522.8399095491395	0.9699663519859314
6522.881368716139	0.9689924716949463
6522.92282788314	0.9591156244277954
6522.964287050139	0.9562997221946716
6523.00574621714	0.9648714661598206
6523.0472053841395	0.9675576686859131
6523.08866455114	0.9623394012451172
6523.13012371814	0.9646976590156555
6523.171582885139	0.9716600775718689
6523.21304205214	0.9620978236198425
6523.2545012191395	0.9385802745819092
6523.29596038614	0.9242861866950989
6523.33741955314	0.9203891158103943
6523.378878720139	0.9231628179550171
6523.42033788714	0.9332055449485779
6523.461797054139	0.9386263489723206
6523.50325622114	0.9376108050346375
6523.54471538814	0.9339805841445923
6523.586174555139	0.9284329414367676
6523.62763372214	0.9256994724273682
6523.669092889139	0.9253841638565063
6523.71055205614	0.9119513630867004
6523.75201122314	0.8822850584983826
6523.793470390139	0.8656624555587769
6523.83492955714	0.8624454736709595
6523.876388724139	0.8623878955841064
6523.91784789114	0.8752454519271851
6523.9593070581395	0.89112788438797
6524.000766225139	0.9047950506210327
6524.04222539214	0.918507993221283
6524.083684559139	0.929958164691925
6524.12514372614	0.9379590749740601
6524.1666028931395	0.9453423023223877
6524.208062060139	0.9523348808288574
6524.24952122714	0.9570103287696838
6524.290980394139	0.959475040435791
6524.33243956114	0.959504246711731
6524.3738987281395	0.9611916542053223
6524.41535789514	0.9622139930725098
6524.45681706214	0.9607582092285156
6524.498276229139	0.9620799422264099
6524.53973539614	0.9688528776168823
6524.581194563139	0.9809750318527222
6524.62265373014	0.9851012229919434
6524.66411289714	0.9767258763313293
6524.705572064139	0.9737343192100525
6524.74703123114	0.9769997000694275
6524.788490398139	0.9741694331169128
6524.82994956514	0.9646205306053162
6524.87140873214	0.9619568586349487
6524.912867899139	0.9682000279426575
6524.95432706614	0.9679790735244751
6524.995786233139	0.9586907625198364
6525.03724540014	0.9521226286888123
6525.0787045671395	0.952099084854126
6525.120163734139	0.955736517906189
6525.16162290114	0.958891749382019
6525.203082068139	0.9549819231033325
6525.24454123514	0.9530830383300781
6525.2860004021395	0.9585410952568054
6525.327459569139	0.9554122090339661
6525.36891873614	0.9491220712661743
6525.410377903139	0.9555856585502625
6525.45183707014	0.9665317535400391
6525.4932962371395	0.9777935147285461
6525.53475540414	0.984923243522644
6525.57621457114	0.9833475351333618
6525.617673738139	0.9820920825004578
6525.65913290514	0.9840283989906311
6525.700592072139	0.9803358316421509
6525.74205123914	0.965617835521698
6525.78351040614	0.9569830298423767
6525.824969573139	0.9605189561843872
6525.86642874014	0.9676415920257568
6525.907887907139	0.9767247438430786
6525.94934707414	0.9770461916923523
6525.99080624114	0.9679185152053833
6526.032265408139	0.9649130702018738
6526.07372457514	0.9689534902572632
6526.115183742139	0.9713945388793945
6526.15664290914	0.9706862568855286
6526.19810207614	0.969061017036438
6526.239561243139	0.9734594821929932
6526.28102041014	0.9755065441131592
6526.322479577139	0.9654723405838013
6526.36393874414	0.9573642015457153
6526.4053979111395	0.9602413177490234
6526.446857078139	0.9648501873016357
6526.48831624514	0.9597679376602173
6526.529775412139	0.9544121026992798
6526.57123457914	0.9571982026100159
6526.6126937461395	0.9629444479942322
6526.654152913139	0.9705196022987366
6526.69561208014	0.9768558740615845
6526.737071247139	0.9825129508972168
6526.77853041414	0.9833490252494812
6526.819989581139	0.9809116125106812
6526.86144874814	0.9776200652122498
6526.90290791514	0.9654726386070251
6526.944367082139	0.9566465020179749
6526.98582624914	0.9595600366592407
6527.027285416139	0.9648275971412659
6527.06874458314	0.9676508903503418
6527.11020375014	0.9671778082847595
6527.151662917139	0.967483639717102
6527.19312208414	0.9724302887916565
6527.234581251139	0.9770265817642212
6527.27604041814	0.9762688279151917
6527.31749958514	0.9765453934669495
6527.358958752139	0.975216805934906
6527.40041791914	0.9633527994155884
6527.441877086139	0.9584068655967712
6527.48333625314	0.9645939469337463
6527.5247954201395	0.9706809520721436
6527.566254587139	0.9781175851821899
6527.60771375414	0.9793511033058167
6527.649172921139	0.9729243516921997
6527.69063208814	0.9644688367843628
6527.7320912551395	0.9549304246902466
6527.773550422139	0.9478476047515869
6527.81500958914	0.9423408508300781
6527.856468756139	0.9443731307983398
6527.89792792314	0.9626940488815308
6527.9393870901395	0.9774432182312012
6527.98084625714	0.9712183475494385
6528.02230542414	0.9617654085159302
6528.063764591139	0.963257908821106
6528.10522375814	0.9674994945526123
6528.146682925139	0.9664109945297241
6528.18814209214	0.9604328870773315
6528.22960125914	0.9527163505554199
6528.271060426139	0.9521420001983643
6528.31251959314	0.9642939567565918
6528.353978760139	0.971626341342926
6528.39543792714	0.971030056476593
6528.43689709414	0.9688267707824707
6528.478356261139	0.9594781994819641
6528.51981542814	0.9540039300918579
6528.561274595139	0.949201762676239
6528.60273376214	0.9455710053443909
6528.6441929291395	0.9517030119895935
6528.685652096139	0.9593837857246399
6528.72711126314	0.9699586629867554
6528.768570430139	0.9735540747642517
6528.81002959714	0.9642946720123291
6528.8514887641395	0.9601510167121887
6528.892947931139	0.9648976922035217
6528.93440709814	0.9662199020385742
6528.975866265139	0.960595428943634
6529.01732543214	0.9603365063667297
6529.0587845991395	0.9721946120262146
6529.100243766139	0.9754093885421753
6529.14170293314	0.9672436714172363
6529.183162100139	0.9684915542602539
6529.22462126714	0.9716609716415405
6529.266080434139	0.9684118628501892
6529.30753960114	0.9635546803474426
6529.34899876814	0.9598813652992249
6529.390457935139	0.9635512828826904
6529.43191710214	0.9681774377822876
6529.473376269139	0.9587024450302124
6529.51483543614	0.9473991990089417
6529.55629460314	0.9490079879760742
6529.597753770139	0.9554147720336914
6529.63921293714	0.9626960158348083
6529.680672104139	0.9658045768737793
6529.72213127114	0.9613223075866699
6529.7635904381395	0.9595257043838501
6529.805049605139	0.9714874029159546
6529.84650877214	0.9828259944915771
6529.887967939139	0.9811484217643738
6529.92942710614	0.9772946238517761
6529.9708862731395	0.9719976782798767
6530.012345440139	0.964053213596344
6530.05380460714	0.9520370960235596
6530.095263774139	0.9470323324203491
6530.13672294114	0.9573496580123901
6530.1781821081395	0.9605406522750854
6530.219641275139	0.953628659248352
6530.26110044214	0.9516438245773315
6530.302559609139	0.9509209990501404
6530.34401877614	0.9500941038131714
6530.385477943139	0.9545498490333557
6530.42693711014	0.957072377204895
6530.46839627714	0.9545668363571167
6530.509855444139	0.9547500610351562
6530.55131461114	0.951577365398407
6530.592773778139	0.9427502751350403
6530.63423294514	0.9378108382225037
6530.67569211214	0.940091073513031
6530.717151279139	0.9510124325752258
6530.75861044614	0.9604865908622742
6530.800069613139	0.9653767943382263
6530.84152878014	0.9674948453903198
6530.88298794714	0.9617021083831787
6530.924447114139	0.955984354019165
6530.96590628114	0.9534251689910889
6531.007365448139	0.954136312007904
6531.04882461514	0.958699107170105
6531.0902837821395	0.9624932408332825
6531.131742949139	0.9684313535690308
6531.17320211614	0.9745355248451233
6531.214661283139	0.972679853439331
6531.25612045014	0.9667712450027466
6531.2975796171395	0.9683892130851746
6531.339038784139	0.9772390127182007
6531.38049795114	0.9808791279792786
6531.421957118139	0.973592221736908
6531.46341628514	0.9681652784347534
6531.5048754521395	0.9675047397613525
6531.54633461914	0.9555767774581909
6531.58779378614	0.9446475505828857
6531.629252953139	0.9484748840332031
6531.67071212014	0.9531120657920837
6531.712171287139	0.9533113241195679
6531.75363045414	0.9526513814926147
6531.79508962114	0.953487753868103
6531.836548788139	0.9585910439491272
6531.87800795514	0.9694780707359314
6531.919467122139	0.9726237654685974
6531.96092628914	0.9583890438079834
6532.00238545614	0.9475757479667664
6532.043844623139	0.9523968696594238
6532.08530379014	0.9507830142974854
6532.126762957139	0.9322025179862976
6532.16822212414	0.9151478409767151
6532.2096812911395	0.8935884237289429
6532.251140458139	0.8715772032737732
6532.29259962514	0.8626610636711121
6532.334058792139	0.8583049774169922
6532.37551795914	0.8544341921806335
6532.4169771261395	0.8543380498886108
6532.458436293139	0.8688415884971619
6532.49989546014	0.8873372077941895
6532.541354627139	0.8990362286567688
6532.58281379414	0.9071149230003357
6532.6242729611395	0.9179717898368835
6532.66573212814	0.9271981716156006
6532.70719129514	0.9303184747695923
6532.748650462139	0.9381847381591797
6532.79010962914	0.9500433206558228
6532.831568796139	0.9556958675384521
6532.87302796314	0.9603537321090698
6532.91448713014	0.9694899916648865
6532.955946297139	0.9738521575927734
6532.99740546414	0.9733990430831909
6533.038864631139	0.9727055430412292
6533.08032379814	0.9739993214607239
6533.12178296514	0.9756715297698975
6533.163242132139	0.9710841178894043
6533.20470129914	0.9639775156974792
6533.246160466139	0.9653775691986084
6533.28761963314	0.969756543636322
6533.3290788001395	0.9678173065185547
6533.370537967139	0.9609212875366211
6533.41199713414	0.956993579864502
6533.453456301139	0.9590396285057068
6533.49491546814	0.9606846570968628
6533.5363746351395	0.9604190587997437
6533.577833802139	0.9562001824378967
6533.61929296914	0.9515041708946228
6533.660752136139	0.9515800476074219
6533.70221130314	0.9470465183258057
6533.7436704701395	0.9441449046134949
6533.785129637139	0.9554505348205566
6533.82658880414	0.9602246284484863
6533.868047971139	0.9492724537849426
6533.90950713814	0.9393874406814575
6533.950966305139	0.9294588565826416
6533.99242547214	0.9206909537315369
6534.03388463914	0.9163845777511597
6534.075343806139	0.9160193204879761
6534.11680297314	0.9279962182044983
6534.158262140139	0.9345088601112366
6534.19972130714	0.9214712977409363
6534.24118047414	0.916965901851654
6534.282639641139	0.9325571656227112
6534.32409880814	0.9444428086280823
6534.365557975139	0.9439674019813538
6534.40701714214	0.9419690370559692
6534.44847630914	0.9332965016365051
6534.489935476139	0.9230576753616333
6534.53139464314	0.9288747906684875
6534.572853810139	0.937158465385437
6534.61431297714	0.9399427175521851
6534.6557721441395	0.9459947347640991
6534.697231311139	0.9547716975212097
6534.73869047814	0.9579885601997375
6534.780149645139	0.9530117511749268
6534.82160881214	0.9509075880050659
6534.8630679791395	0.9588502049446106
6534.904527146139	0.9642436504364014
6534.94598631314	0.9529768228530884
6534.987445480139	0.9429861307144165
6535.02890464714	0.9542875289916992
6535.0703638141395	0.9649255871772766
6535.11182298114	0.9582424759864807
6535.15328214814	0.9544332027435303
6535.194741315139	0.9637702107429504
6535.23620048214	0.9716534614562988
6535.277659649139	0.9696589112281799
6535.31911881614	0.9631271958351135
6535.36057798314	0.94972825050354
6535.402037150139	0.9424347877502441
6535.44349631714	0.9509434103965759
6535.484955484139	0.9592759609222412
6535.52641465114	0.9719899296760559
6535.56787381814	0.9864773750305176
6535.609332985139	0.9865469932556152
6535.65079215214	0.9787513613700867
6535.692251319139	0.9740702509880066
6535.73371048614	0.9682181477546692
6535.7751696531395	0.9607406854629517
6535.816628820139	0.9622423052787781
6535.85808798714	0.9685186743736267
6535.899547154139	0.9721440076828003
6535.94100632114	0.9701651334762573
6535.9824654881395	0.9616276025772095
6536.023924655139	0.9476950168609619
6536.06538382214	0.9417837858200073
6536.106842989139	0.9600379467010498
6536.14830215614	0.9758350849151611
6536.1897613231395	0.9736590385437012
6536.231220490139	0.9751877188682556
6536.27267965714	0.9804863929748535
6536.314138824139	0.975746214389801
6536.35559799114	0.9647073149681091
6536.397057158139	0.9580878615379333
6536.43851632514	0.9522385001182556
6536.47997549214	0.9481715559959412
6536.521434659139	0.9508850574493408
6536.56289382614	0.9490535855293274
6536.604352993139	0.939617395401001
6536.64581216014	0.9329701066017151
6536.68727132714	0.9296315908432007
6536.728730494139	0.9258570075035095
6536.77018966114	0.922561526298523
6536.811648828139	0.9259192943572998
6536.85310799514	0.9363872408866882
6536.8945671621395	0.942192018032074
6536.936026329139	0.9426186084747314
6536.97748549614	0.9462897181510925
6537.018944663139	0.9479183554649353
6537.06040383014	0.9444230794906616
6537.1018629971395	0.9379050731658936
6537.143322164139	0.9315964579582214
6537.18478133114	0.9374549388885498
6537.226240498139	0.9523307681083679
6537.26769966514	0.9678800702095032
6537.3091588321395	0.9766647815704346
6537.350617999139	0.976677656173706
6537.39207716614	0.9725074768066406
6537.433536333139	0.9642540216445923
6537.47499550014	0.9596446752548218
6537.516454667139	0.9615023136138916
6537.55791383414	0.9622432589530945
6537.59937300114	0.9581655263900757
6537.640832168139	0.9597907662391663
6537.68229133514	0.964448094367981
6537.723750502139	0.9654518365859985
6537.76520966914	0.9748480916023254
6537.80666883614	0.980967104434967
6537.848128003139	0.9771943688392639
6537.88958717014	0.9736491441726685
6537.931046337139	0.9643442630767822
6537.97250550414	0.9621448516845703
6538.01396467114	0.9799283742904663
6538.055423838139	0.9868965744972229
6538.09688300514	0.9693280458450317
6538.138342172139	0.9577165246009827
6538.17980133914	0.9546151757240295
6538.2212605061395	0.9491327404975891
6538.262719673139	0.9523797631263733
6538.30417884014	0.9598700404167175
6538.345638007139	0.9577300548553467
6538.38709717414	0.9535877704620361
6538.4285563411395	0.9601585268974304
6538.470015508139	0.967279851436615
6538.51147467514	0.9652780890464783
6538.552933842139	0.963132917881012
6538.59439300914	0.9655066132545471
6538.635852176139	0.9693918824195862
6538.677311343139	0.9704519510269165
6538.71877051014	0.9718515276908875
6538.760229677139	0.9769093990325928
6538.80168884414	0.9760116338729858
6538.843148011139	0.9677119255065918
6538.88460717814	0.9612900018692017
6538.92606634514	0.9614617824554443
6538.967525512139	0.9662317037582397
6539.00898467914	0.9707633256912231
6539.050443846139	0.9783020615577698
6539.09190301314	0.9908692240715027
6539.13336218014	0.991858959197998
6539.174821347139	0.9789023399353027
6539.21628051414	0.9722872972488403
6539.257739681139	0.9754185080528259
6539.29919884814	0.9731355309486389
6539.3406580151395	0.9631274342536926
6539.382117182139	0.9611192941665649
6539.42357634914	0.9665650725364685
6539.465035516139	0.9661434292793274
6539.50649468314	0.9562847018241882
6539.5479538501395	0.9503190517425537
6539.589413017139	0.9579809904098511
6539.63087218414	0.9647166728973389
6539.672331351139	0.9605900049209595
6539.71379051814	0.9582964181900024
6539.7552496851395	0.9693169593811035
6539.796708852139	0.9787817001342773
6539.83816801914	0.9758113622665405
6539.879627186139	0.9711449146270752
6539.92108635314	0.9708148241043091
6539.962545520139	0.9676586985588074
6540.00400468714	0.9578339457511902
6540.04546385414	0.949070930480957
6540.086923021139	0.944474458694458
6540.12838218814	0.9452894926071167
6540.169841355139	0.9501539468765259
6540.21130052214	0.9511957764625549
6540.25275968914	0.9483073949813843
6540.294218856139	0.9480366110801697
6540.33567802314	0.9518951177597046
6540.377137190139	0.9554293751716614
6540.41859635714	0.9565871953964233
6540.4600555241395	0.9526611566543579
6540.501514691139	0.9455930590629578
6540.54297385814	0.9491044878959656
6540.584433025139	0.9634361863136292
6540.62589219214	0.9695945382118225
6540.6673513591395	0.962432324886322
6540.708810526139	0.957284152507782
6540.75026969314	0.9609276056289673
6540.791728860139	0.9699540138244629
6540.83318802714	0.9814879298210144
6540.8746471941395	0.985357403755188
6540.916106361139	0.9784696102142334
6540.95756552814	0.972747802734375
6540.999024695139	0.9733663201332092
6541.04048386214	0.9708531498908997
6541.081943029139	0.9616928696632385
6541.12340219614	0.9565094709396362
6541.16486136314	0.9576355814933777
6541.206320530139	0.9556524157524109
6541.24777969714	0.9505398273468018
6541.289238864139	0.9540602564811707
6541.33069803114	0.9619199633598328
6541.37215719814	0.9627071619033813
6541.413616365139	0.9617022275924683
6541.45507553214	0.9610068798065186
6541.496534699139	0.9590968489646912
6541.53799386614	0.9568827152252197
6541.5794530331395	0.9519705176353455
6541.620912200139	0.9445206522941589
6541.66237136714	0.9403079748153687
6541.703830534139	0.947472870349884
6541.74528970114	0.9625176787376404
6541.7867488681395	0.9726065993309021
6541.828208035139	0.9734803438186646
6541.86966720214	0.968405544757843
6541.911126369139	0.9597867727279663
6541.95258553614	0.9507402181625366
6541.9940447031395	0.9459075331687927
6542.035503870139	0.9428055286407471
6542.07696303714	0.9393476247787476
6542.118422204139	0.9346320033073425
6542.15988137114	0.9261447191238403
6542.201340538139	0.922064483165741
6542.242799705139	0.9226387739181519
6542.28425887214	0.9201229214668274
6542.325718039139	0.9158865809440613
6542.36717720614	0.9114605784416199
6542.408636373139	0.912446141242981
6542.45009554014	0.9260205030441284
6542.49155470714	0.9427418112754822
6542.533013874139	0.953865647315979
6542.57447304114	0.9631186127662659
6542.615932208139	0.9682566523551941
6542.65739137514	0.9681412577629089
6542.69885054214	0.9663750529289246
6542.740309709139	0.9648209810256958
6542.78176887614	0.9647094011306763
6542.823228043139	0.9633124470710754
6542.86468721014	0.960509181022644
6542.9061463771395	0.9561751484870911
6542.947605544139	0.9515911340713501
6542.98906471114	0.9516972899436951
6543.030523878139	0.9480031132698059
6543.07198304514	0.9410471320152283
6543.1134422121395	0.9413561820983887
6543.154901379139	0.9439886808395386
6543.19636054614	0.9477264285087585
6543.237819713139	0.9532879590988159
6543.27927888014	0.9506843686103821
6543.3207380471395	0.9425442814826965
6543.362197214139	0.942382276058197
6543.40365638114	0.9472469687461853
6543.445115548139	0.9492927193641663
6543.48657471514	0.9464470148086548
6543.528033882139	0.9412960410118103
6543.56949304914	0.9332288503646851
6543.61095221614	0.9111822843551636
6543.652411383139	0.8852792978286743
6543.69387055014	0.8699912428855896
6543.735329717139	0.8605058193206787
6543.77678888414	0.8477813601493835
6543.81824805114	0.8340376615524292
6543.859707218139	0.827601432800293
6543.90116638514	0.8278166055679321
6543.942625552139	0.8302403092384338
6543.98408471914	0.8378102779388428
6544.0255438861395	0.8619574904441833
6544.067003053139	0.8847777843475342
6544.10846222014	0.895431637763977
6544.149921387139	0.9082597494125366
6544.19138055414	0.9210295677185059
6544.2328397211395	0.9286673665046692
6544.274298888139	0.9377536773681641
6544.31575805514	0.9470527172088623
6544.357217222139	0.953657865524292
6544.39867638914	0.9599015116691589
6544.4401355561395	0.9608204364776611
6544.481594723139	0.958931565284729
6544.52305389014	0.9585189819335938
6544.564513057139	0.9565219283103943
6544.60597222414	0.9533658027648926
6544.647431391139	0.9522691965103149
6544.68889055814	0.9556860327720642
6544.73034972514	0.9589623808860779
6544.771808892139	0.9544282555580139
6544.81326805914	0.9476885795593262
6544.854727226139	0.9445427060127258
6544.89618639314	0.9416705965995789
6544.93764556014	0.9325298070907593
6544.979104727139	0.9288831353187561
6545.02056389414	0.9356662631034851
6545.062023061139	0.9375025033950806
6545.10348222814	0.9379096627235413
6545.1449413951395	0.9404879212379456
6545.186400562139	0.9454664587974548
6545.22785972914	0.9531337022781372
6545.269318896139	0.9515143632888794
6545.31077806314	0.9434531331062317
6545.3522372301395	0.9429177641868591
6545.393696397139	0.9429323077201843
6545.43515556414	0.9349808096885681
6545.476614731139	0.9308645725250244
6545.51807389814	0.9362583756446838
6545.5595330651395	0.9430617094039917
6545.600992232139	0.9477331042289734
6545.64245139914	0.9454901218414307
6545.683910566139	0.9365842938423157
6545.72536973314	0.9302894473075867
6545.766828900139	0.9233778119087219
6545.808288067139	0.9215572476387024
6545.84974723414	0.9248576164245605
6545.891206401139	0.9241888523101807
6545.93266556814	0.9310078620910645
6545.974124735139	0.9357050061225891
6546.01558390214	0.9242726564407349
6546.05704306914	0.9198796153068542
6546.098502236139	0.9365805983543396
6546.13996140314	0.9514480829238892
6546.181420570139	0.9528810977935791
6546.22287973714	0.952174723148346
6546.26433890414	0.9585523009300232
6546.305798071139	0.9605733156204224
6546.34725723814	0.9450439810752869
6546.388716405139	0.9350195527076721
6546.43017557214	0.9399513006210327
6546.4716347391395	0.9399746656417847
6546.513093906139	0.9351450800895691
6546.55455307314	0.9361884593963623
6546.596012240139	0.9427500367164612
6546.63747140714	0.9449747204780579
6546.6789305741395	0.9402316212654114
6546.720389741139	0.939399242401123
6546.76184890814	0.9450852870941162
6546.803308075139	0.9481185078620911
6546.84476724214	0.944287121295929
6546.886226409139	0.9380915760993958
6546.927685576139	0.9342731833457947
6546.96914474314	0.9320701956748962
6547.010603910139	0.9303033351898193
6547.05206307714	0.9330471754074097
6547.093522244139	0.939113974571228
6547.13498141114	0.9420205950737
6547.17644057814	0.9418913722038269
6547.217899745139	0.9392926692962646
6547.25935891214	0.9336560368537903
6547.300818079139	0.9325698018074036
6547.34227724614	0.9386998414993286
6547.38373641314	0.9387112259864807
6547.425195580139	0.9282260537147522
6547.46665474714	0.9199451208114624
6547.508113914139	0.9163112640380859
6547.54957308114	0.9123459458351135
6547.5910322481395	0.9098994731903076
6547.632491415139	0.9040120244026184
6547.67395058214	0.8909104466438293
6547.715409749139	0.8879750370979309
6547.75686891614	0.8999786972999573
6547.7983280831395	0.9091288447380066
6547.839787250139	0.9120426177978516
6547.88124641714	0.9174063801765442
6547.922705584139	0.9261770248413086
6547.96416475114	0.9323521256446838
6548.0056239181395	0.9346245527267456
6548.047083085139	0.942652702331543
6548.08854225214	0.9556456208229065
6548.130001419139	0.9549747109413147
6548.17146058614	0.944642186164856
6548.212919753139	0.9422001838684082
6548.254378920139	0.9410818219184875
6548.29583808714	0.9275856614112854
6548.337297254139	0.9099848866462708
6548.37875642114	0.8975586295127869
6548.420215588139	0.8848718404769897
6548.46167475514	0.8714567422866821
6548.50313392214	0.8601915240287781
6548.544593089139	0.8505479693412781
6548.58605225614	0.8422116637229919
6548.627511423139	0.8353029489517212
6548.66897059014	0.8323708772659302
6548.7104297571395	0.8414964079856873
6548.751888924139	0.860369086265564
6548.79334809114	0.8848857283592224
6548.834807258139	0.9080218076705933
6548.87626642514	0.9222174286842346
6548.9177255921395	0.9306473135948181
6548.959184759139	0.9330559968948364
6549.00064392614	0.935724675655365
6549.042103093139	0.9466184973716736
6549.08356226014	0.956550121307373
6549.1250214271395	0.9558332562446594
6549.166480594139	0.9521666169166565
6549.20793976114	0.9541053175926208
6549.249398928139	0.9558173418045044
6549.29085809514	0.9559609293937683
6549.332317262139	0.9604623317718506
6549.373776429139	0.9653041958808899
6549.41523559614	0.9672374725341797
6549.456694763139	0.9624164700508118
6549.49815393014	0.9537118673324585
6549.539613097139	0.9513663649559021
6549.58107226414	0.9531134366989136
6549.62253143114	0.9542933702468872
6549.663990598139	0.9537821412086487
6549.70544976514	0.9489045143127441
6549.746908932139	0.9443138837814331
6549.78836809914	0.9432603120803833
6549.82982726614	0.9453940987586975
6549.871286433139	0.954789936542511
6549.91274560014	0.9634208679199219
6549.954204767139	0.9656332731246948
6549.99566393414	0.964261531829834
6550.0371231011395	0.9563513398170471
6550.078582268139	0.9504521489143372
6550.12004143514	0.959422767162323
6550.161500602139	0.9669557213783264
6550.20295976914	0.9596859216690063
6550.2444189361395	0.9533975124359131
6550.285878103139	0.9488357901573181
6550.32733727014	0.9464676976203918
6550.368796437139	0.953799843788147
6550.41025560414	0.9583631157875061
6550.451714771139	0.9475820660591125
6550.493173938139	0.9361900687217712
6550.53463310514	0.942176878452301
6550.576092272139	0.9494365453720093
6550.61755143914	0.9455055594444275
6550.659010606139	0.9436342120170593
6550.70046977314	0.9501791596412659
6550.74192894014	0.9548984169960022
6550.783388107139	0.9516540169715881
6550.82484727414	0.9516627788543701
6550.866306441139	0.9561659693717957
6550.90776560814	0.9524733424186707
6550.94922477514	0.947368323802948
6550.990683942139	0.9496839642524719
6551.03214310914	0.9588503241539001
6551.073602276139	0.9657005071640015
6551.11506144314	0.9568061232566833
6551.1565206101395	0.9443389773368835
6551.197979777139	0.9445673227310181
6551.23943894414	0.9477249979972839
6551.280898111139	0.9453573226928711
6551.32235727814	0.9465943574905396
6551.3638164451395	0.949274480342865
6551.405275612139	0.9459735751152039
6551.44673477914	0.9446880221366882
6551.488193946139	0.9498238563537598
6551.52965311314	0.9571932554244995
6551.5711122801395	0.9547060132026672
6551.612571447139	0.9421713948249817
6551.65403061414	0.9385482668876648
6551.695489781139	0.942310631275177
6551.73694894814	0.9452797770500183
6551.778408115139	0.9497217535972595
6551.819867282139	0.9521179795265198
6551.86132644914	0.9513852000236511
6551.902785616139	0.9465358853340149
6551.94424478314	0.9375048875808716
6551.985703950139	0.9315964579582214
6552.02716311714	0.929419994354248
6552.06862228414	0.9304212331771851
6552.110081451139	0.9357385635375977
6552.15154061814	0.9436635971069336
6552.192999785139	0.9517203569412231
6552.23445895214	0.9510372877120972
6552.2759181191395	0.9390408992767334
6552.317377286139	0.9255470037460327
6552.35883645314	0.9158169627189636
6552.400295620139	0.9071658253669739
6552.44175478714	0.895662248134613
6552.4832139541395	0.8746380805969238
6552.524673121139	0.8494979739189148
6552.56613228814	0.8363296389579773
6552.607591455139	0.8313001990318298
6552.64905062214	0.8315728902816772
6552.6905097891395	0.8383256793022156
6552.731968956139	0.8486378192901611
6552.77342812314	0.8666579127311707
6552.814887290139	0.8882513642311096
6552.85634645714	0.9065191149711609
6552.897805624139	0.9238188862800598
6552.939264791139	0.9361293911933899
6552.98072395814	0.9340673685073853
6553.022183125139	0.9263272881507874
6553.06364229214	0.9259151220321655
6553.105101459139	0.9329473972320557
6553.14656062614	0.9423661231994629
6553.18801979314	0.9508483409881592
6553.229478960139	0.9566898345947266
6553.27093812714	0.9586035013198853
6553.312397294139	0.9586113095283508
6553.35385646114	0.9622217416763306
6553.3953156281395	0.9702224731445312
6553.436774795139	0.9747622609138489
6553.47823396214	0.9691267013549805
6553.519693129139	0.9594658017158508
6553.56115229614	0.9543505907058716
6553.6026114631395	0.9516602754592896
6553.644070630139	0.9472249746322632
6553.68552979714	0.9416975975036621
6553.726988964139	0.9348052144050598
6553.76844813114	0.9352380037307739
6553.8099072981395	0.9491705894470215
6553.851366465139	0.958130419254303
6553.89282563214	0.9568943381309509
6553.934284799139	0.959666907787323
6553.97574396614	0.9715082049369812
6554.017203133139	0.9854642152786255
6554.058662300139	0.9916126728057861
6554.10012146714	0.9903220534324646
6554.141580634139	0.9892659783363342
6554.18303980114	0.988389253616333
6554.224498968139	0.9870008826255798
6554.26595813514	0.9901319742202759
6554.30741730214	0.9911229014396667
6554.348876469139	0.9900530576705933
6554.39033563614	0.9936405420303345
6554.431794803139	0.9926072955131531
6554.47325397014	0.9878386855125427
6554.51471313714	0.9946409463882446
6554.556172304139	1.007717251777649
6554.59763147114	1.0142295360565186
6554.639090638139	1.0212419033050537
6554.68054980514	1.0245962142944336
6554.7220089721395	1.0123621225357056
6554.763468139139	1.0069029331207275
6554.80492730614	1.0235120058059692
6554.846386473139	1.0346838235855103
6554.88784564014	1.035372018814087
6554.9293048071395	1.0402724742889404
6554.970763974139	1.0458881855010986
6555.01222314114	1.0490812063217163
6555.053682308139	1.0500712394714355
6555.09514147514	1.0510321855545044
6555.1366006421395	1.0510809421539307
6555.178059809139	1.0501885414123535
6555.21951897614	1.0511106252670288
6555.260978143139	1.05571448802948
6555.30243731014	1.0635393857955933
6555.343896477139	1.06605863571167
6555.385355644139	1.0654475688934326
6555.42681481114	1.0725349187850952
6555.468273978139	1.0847711563110352
6555.50973314514	1.0927015542984009
6555.551192312139	1.0962384939193726
6555.59265147914	1.104939341545105
6555.63411064614	1.1164506673812866
6555.675569813139	1.1162245273590088
6555.71702898014	1.1092177629470825
6555.758488147139	1.106646180152893
6555.79994731414	1.104397177696228
6555.8414064811395	1.111236810684204
6555.882865648139	1.1303907632827759
6555.92432481514	1.1442335844039917
6555.965783982139	1.153348445892334
6556.00724314914	1.1638776063919067
6556.0487023161395	1.1684844493865967
6556.090161483139	1.1643657684326172
6556.13162065014	1.1619640588760376
6556.173079817139	1.1688028573989868
6556.21453898414	1.1769698858261108
6556.2559981511395	1.181132197380066
6556.297457318139	1.1843242645263672
6556.33891648514	1.185101866722107
6556.380375652139	1.1859580278396606
6556.42183481914	1.2027209997177124
6556.463293986139	1.2304375171661377
6556.504753153139	1.2391340732574463
6556.54621232014	1.2295842170715332
6556.587671487139	1.2272969484329224
6556.62913065414	1.2324410676956177
6556.670589821139	1.2299790382385254
6556.71204898814	1.2271989583969116
6556.75350815514	1.2325365543365479
6556.794967322139	1.2375504970550537
6556.83642648914	1.2426445484161377
6556.877885656139	1.2483242750167847
6556.91934482314	1.2453231811523438
6556.9608039901395	1.2350984811782837
6557.002263157139	1.231706142425537
6557.04372232414	1.2353485822677612
6557.085181491139	1.2304807901382446
6557.12664065814	1.227791428565979
6557.1680998251395	1.238968849182129
6557.209558992139	1.2547053098678589
6557.25101815914	1.2772303819656372
6557.292477326139	1.2962286472320557
6557.33393649314	1.3172571659088135
6557.3753956601395	1.3450968265533447
6557.416854827139	1.3550543785095215
6557.45831399414	1.3604172468185425
6557.499773161139	1.382203459739685
6557.54123232814	1.4075294733047485
6557.582691495139	1.4327335357666016
6557.624150662139	1.447218418121338
6557.66560982914	1.4400628805160522
6557.707068996139	1.4376306533813477
6557.74852816314	1.448852300643921
6557.789987330139	1.4579932689666748
6557.831446497139	1.4629313945770264
6557.87290566414	1.4708468914031982
6557.914364831139	1.4808772802352905
6557.95582399814	1.483312726020813
6557.997283165139	1.4829028844833374
6558.03874233214	1.4934971332550049
6558.08020149914	1.5098365545272827
6558.121660666139	1.5248134136199951
6558.16311983314	1.5406574010849
6558.204579000139	1.560068964958191
6558.24603816714	1.5821526050567627
6558.2874973341395	1.596601963043213
6558.328956501139	1.6095870733261108
6558.37041566814	1.6127593517303467
6558.411874835139	1.5972950458526611
6558.45333400214	1.5984983444213867
6558.4947931691395	1.623515009880066
6558.536252336139	1.6465662717819214
6558.57771150314	1.6622120141983032
6558.619170670139	1.6724433898925781
6558.66062983714	1.6769078969955444
6558.702089004139	1.6814427375793457
6558.743548171139	1.6871874332427979
6558.78500733814	1.6966325044631958
6558.826466505139	1.714311957359314
6558.86792567214	1.7292107343673706
6558.909384839139	1.7357929944992065
6558.950844006139	1.7411630153656006
6558.99230317314	1.7435133457183838
6559.033762340139	1.742992877960205
6559.07522150714	1.7471998929977417
6559.116680674139	1.758010745048523
6559.15813984114	1.7690856456756592
6559.19959900814	1.7695070505142212
6559.241058175139	1.7616034746170044
6559.28251734214	1.7617331743240356
6559.323976509139	1.765912413597107
6559.36543567614	1.767349123954773
6559.4068948431395	1.7728828191757202
6559.448354010139	1.771487832069397
6559.48981317714	1.757574439048767
6559.531272344139	1.74946928024292
6559.57273151114	1.7469874620437622
6559.6141906781395	1.7470215559005737
6559.655649845139	1.7517963647842407
6559.69710901214	1.7465940713882446
6559.738568179139	1.7349435091018677
6559.78002734614	1.737380027770996
6559.8214865131395	1.7495288848876953
6559.862945680139	1.7527724504470825
6559.90440484714	1.744971752166748
6559.945864014139	1.7321491241455078
6559.98732318114	1.7168186902999878
6560.028782348139	1.6993653774261475
6560.070241515139	1.683010458946228
6560.11170068214	1.6718851327896118
6560.153159849139	1.6597769260406494
6560.19461901614	1.635326623916626
6560.236078183139	1.6055718660354614
6560.277537350139	1.5858677625656128
6560.31899651714	1.5734628438949585
6560.360455684139	1.5619703531265259
6560.40191485114	1.5529365539550781
6560.443374018139	1.5420705080032349
6560.48483318514	1.5267413854599
6560.5262923521395	1.514363169670105
6560.567751519139	1.5059854984283447
6560.60921068614	1.5044337511062622
6560.650669853139	1.5062910318374634
6560.69212902014	1.4983875751495361
6560.7335881871395	1.4943935871124268
6560.775047354139	1.5120447874069214
6560.81650652114	1.5140020847320557
6560.857965688139	1.4778681993484497
6560.89942485514	1.4534006118774414
6560.9408840221395	1.4543445110321045
6560.982343189139	1.4507427215576172
6561.02380235614	1.4398605823516846
6561.065261523139	1.4291656017303467
6561.10672069014	1.4184259176254272
6561.148179857139	1.4083646535873413
6561.189639024139	1.4038596153259277
6561.23109819114	1.407639980316162
6561.272557358139	1.4247223138809204
6561.31401652514	1.4305660724639893
6561.355475692139	1.4140334129333496
6561.396934859139	1.404717206954956
6561.43839402614	1.406320571899414
6561.479853193139	1.4043513536453247
6561.52131236014	1.3986257314682007
6561.562771527139	1.3936563730239868
6561.60423069414	1.3923845291137695
6561.6456898611395	1.3913545608520508
6561.687149028139	1.3818658590316772
6561.72860819514	1.3776272535324097
6561.770067362139	1.3872008323669434
6561.81152652914	1.3882501125335693
6561.8529856961395	1.377472996711731
6561.894444863139	1.372621774673462
6561.93590403014	1.3760614395141602
6561.977363197139	1.3804579973220825
6562.01882236414	1.3830777406692505
6562.0602815311395	1.3821196556091309
6562.101740698139	1.3816053867340088
6562.14319986514	1.3788213729858398
6562.184659032139	1.3712570667266846
6562.22611819914	1.3717718124389648
6562.267577366139	1.3771491050720215
6562.309036533139	1.3709791898727417
6562.35049570014	1.358849287033081
6562.391954867139	1.362844705581665
6562.43341403414	1.375840187072754
6562.474873201139	1.3757009506225586
6562.516332368139	1.3724396228790283
6562.55779153514	1.381005048751831
6562.599250702139	1.3946276903152466
6562.64070986914	1.4011696577072144
6562.682169036139	1.4005478620529175
6562.72362820314	1.3976771831512451
6562.76508737014	1.4007309675216675
6562.806546537139	1.4153913259506226
6562.84800570414	1.43018639087677
6562.889464871139	1.4361276626586914
6562.93092403814	1.4383676052093506
6562.9723832051395	1.448889136314392
6563.013842372139	1.460558295249939
6563.05530153914	1.461755633354187
6563.096760706139	1.4658823013305664
6563.13821987314	1.4796091318130493
6563.1796790401395	1.4878522157669067
6563.221138207139	1.4857029914855957
6563.26259737414	1.488391399383545
6563.304056541139	1.4951386451721191
6563.34551570814	1.5010091066360474
6563.3869748751395	1.509100079536438
6563.428434042139	1.5176923274993896
6563.46989320914	1.5224980115890503
6563.511352376139	1.5253204107284546
6563.55281154314	1.5376784801483154
6563.594270710139	1.5498385429382324
6563.635729877139	1.5584028959274292
6563.67718904414	1.570844292640686
6563.718648211139	1.5829561948776245
6563.76010737814	1.593644142150879
6563.801566545139	1.5956889390945435
6563.84302571214	1.587888479232788
6563.88448487914	1.570950984954834
6563.925944046139	1.5570588111877441
6563.96740321314	1.5487723350524902
6564.008862380139	1.5466057062149048
6564.05032154714	1.550126314163208
6564.0917807141395	1.5462485551834106
6564.133239881139	1.5382107496261597
6564.17469904814	1.5368863344192505
6564.216158215139	1.5448987483978271
6564.25761738214	1.5659452676773071
6564.2990765491395	1.6012990474700928
6564.340535716139	1.6286064386367798
6564.38199488314	1.6458789110183716
6564.423454050139	1.6647716760635376
6564.46491321714	1.6859749555587769
6564.5063723841395	1.7066748142242432
6564.547831551139	1.72493577003479
6564.58929071814	1.7421129941940308
6564.630749885139	1.7561143636703491
6564.67220905214	1.7602232694625854
6564.713668219139	1.7587276697158813
6564.755127386139	1.7580182552337646
6564.79658655314	1.7508554458618164
6564.838045720139	1.748536229133606
6564.87950488714	1.7582355737686157
6564.920964054139	1.7629066705703735
6564.962423221139	1.7593580484390259
6565.00388238814	1.758844017982483
6565.045341555139	1.757351040840149
6565.08680072214	1.7479208707809448
6565.128259889139	1.7367548942565918
6565.16971905614	1.7297638654708862
6565.2111782231395	1.7266491651535034
6565.252637390139	1.7182838916778564
6565.29409655714	1.7041568756103516
6565.335555724139	1.6947603225708008
6565.37701489114	1.687927484512329
6565.4184740581395	1.6851783990859985
6565.459933225139	1.688353419303894
6565.50139239214	1.6920932531356812
6565.542851559139	1.6958295106887817
6565.58431072614	1.68752121925354
6565.6257698931395	1.668928623199463
6565.667229060139	1.660844326019287
6565.70868822714	1.6553291082382202
6565.750147394139	1.6438512802124023
6565.79160656114	1.6327385902404785
6565.833065728139	1.6196683645248413
6565.874524895139	1.6091651916503906
6565.91598406214	1.6023242473602295
6565.957443229139	1.5934593677520752
6565.99890239614	1.5753663778305054
6566.040361563139	1.559428334236145
6566.081820730139	1.5569367408752441
6566.12327989714	1.5485777854919434
6566.164739064139	1.5297516584396362
6566.20619823114	1.5100376605987549
6566.247657398139	1.4993876218795776
6566.28911656514	1.4990895986557007
6566.33057573214	1.4889421463012695
6566.372034899139	1.475730299949646
6566.41349406614	1.4729713201522827
6566.454953233139	1.4589718580245972
6566.49641240014	1.4293477535247803
6566.5378715671395	1.408611536026001
6566.579330734139	1.3941679000854492
6566.62078990114	1.3863390684127808
6566.662249068139	1.3954384326934814
6566.70370823514	1.395138144493103
6566.7451674021395	1.3753772974014282
6566.786626569139	1.3610124588012695
6566.82808573614	1.355943202972412
6566.869544903139	1.3517022132873535
6566.91100407014	1.350446343421936
6566.952463237139	1.3483303785324097
6566.993922404139	1.3439236879348755
6567.03538157114	1.335749626159668
6567.076840738139	1.3236255645751953
6567.11829990514	1.3117581605911255
6567.159759072139	1.2985161542892456
6567.201218239139	1.2852147817611694
6567.24267740614	1.273123860359192
6567.284136573139	1.2609065771102905
6567.32559574014	1.2473475933074951
6567.367054907139	1.2370198965072632
6567.408514074139	1.2352100610733032
6567.44997324114	1.2347978353500366
6567.491432408139	1.2303651571273804
6567.53289157514	1.2217166423797607
6567.574350742139	1.2108289003372192
6567.61580990914	1.202502965927124
6567.6572690761395	1.196079134941101
6567.698728243139	1.196428894996643
6567.74018741014	1.1984153985977173
6567.781646577139	1.1906943321228027
6567.82310574414	1.1830992698669434
6567.8645649111395	1.1775715351104736
6567.906024078139	1.1692332029342651
6567.94748324514	1.1610387563705444
6567.988942412139	1.1579633951187134
6568.03040157914	1.1601992845535278
6568.0718607461395	1.156899094581604
6568.113319913139	1.1436625719070435
6568.15477908014	1.1336476802825928
6568.196238247139	1.139929175376892
6568.23769741414	1.148241639137268
6568.279156581139	1.1439247131347656
6568.320615748139	1.131814956665039
6568.36207491514	1.1209980249404907
6568.403534082139	1.1164027452468872
6568.44499324914	1.104210615158081
6568.486452416139	1.0873322486877441
6568.527911583139	1.082766056060791
6568.56937075014	1.0810178518295288
6568.610829917139	1.0772455930709839
6568.65228908414	1.0736157894134521
6568.693748251139	1.065822958946228
6568.73520741814	1.055239200592041
6568.7766665851395	1.0484931468963623
6568.818125752139	1.0481640100479126
6568.85958491914	1.048583984375
6568.901044086139	1.0411823987960815
6568.94250325314	1.0259077548980713
6568.9839624201395	1.0199246406555176
6569.025421587139	1.021567702293396
6569.06688075414	1.0206084251403809
6569.108339921139	1.023358941078186
6569.14979908814	1.0249172449111938
6569.1912582551395	1.0232564210891724
6569.232717422139	1.0223932266235352
6569.27417658914	1.0193201303482056
6569.315635756139	1.0112475156784058
6569.35709492314	0.9987834095954895
6569.398554090139	0.9927462935447693
6569.440013257139	0.9973135590553284
6569.48147242414	0.9964379668235779
6569.522931591139	0.9874962568283081
6569.56439075814	0.9848471879959106
6569.605849925139	0.9874019026756287
6569.647309092139	0.9890840649604797
6569.68876825914	0.9932900071144104
6569.730227426139	0.9966638088226318
6569.77168659314	0.9968514442443848
6569.813145760139	0.9969065189361572
6569.854604927139	0.996626079082489
6569.89606409414	0.9990324378013611
6569.937523261139	1.000408411026001
6569.97898242814	0.9950022101402283
6570.020441595139	0.9907287359237671
6570.06190076214	0.9918100833892822
6570.1033599291395	0.994893491268158
6570.144819096139	0.9940216541290283
6570.18627826314	0.9834280610084534
6570.227737430139	0.9707697033882141
6570.26919659714	0.9661223888397217
6570.3106557641395	0.9631854295730591
6570.352114931139	0.9595228433609009
6570.39357409814	0.9552503228187561
6570.435033265139	0.9497153162956238
6570.47649243214	0.9483652114868164
6570.517951599139	0.9492337703704834
6570.559410766139	0.9444950222969055
6570.60086993314	0.9344728589057922
6570.642329100139	0.9289599657058716
6570.68378826714	0.9277755618095398
6570.725247434139	0.9258907437324524
6570.766706601139	0.9266713857650757
6570.80816576814	0.9392902255058289
6570.849624935139	0.9502156376838684
6570.89108410214	0.9494940638542175
6570.932543269139	0.94713294506073
6570.974002436139	0.9425055980682373
6571.01546160314	0.9391087889671326
6571.056920770139	0.9360553026199341
6571.09837993714	0.9349516034126282
6571.139839104139	0.9425044655799866
6571.18129827114	0.9442276954650879
6571.2227574381395	0.935836136341095
6571.264216605139	0.9263876676559448
6571.30567577214	0.9145756363868713
6571.347134939139	0.9076650142669678
6571.38859410614	0.9097874164581299
6571.4300532731395	0.916556179523468
6571.471512440139	0.9269912242889404
6571.51297160714	0.9304638504981995
6571.554430774139	0.9277886152267456
6571.59588994114	0.928966224193573
6571.6373491081395	0.9272662997245789
6571.678808275139	0.9239920973777771
6571.72026744214	0.9227688908576965
6571.761726609139	0.9149290323257446
6571.80318577614	0.9025024771690369
6571.844644943139	0.8948290944099426
6571.886104110139	0.8883603811264038
6571.92756327714	0.8759605884552002
6571.969022444139	0.862567126750946
6572.01048161114	0.8514999747276306
6572.051940778139	0.8394973278045654
6572.093399945139	0.8337889313697815
6572.13485911214	0.8384554982185364
6572.176318279139	0.8468018770217896
6572.21777744614	0.8524128198623657
6572.259236613139	0.8543480634689331
6572.300695780139	0.8579748868942261
6572.3421549471395	0.8710445761680603
6572.383614114139	0.8827649354934692
6572.42507328114	0.8857385516166687
6572.466532448139	0.8936809301376343
6572.50799161514	0.9082448482513428
6572.5494507821395	0.9199908971786499
6572.590909949139	0.9303919076919556
6572.63236911614	0.934927225112915
6572.673828283139	0.9243300557136536
6572.71528745014	0.9131546020507812
6572.7567466171395	0.9096215963363647
6572.798205784139	0.9134563207626343
6572.83966495114	0.921939492225647
6572.881124118139	0.9229225516319275
6572.92258328514	0.9213927984237671
6572.964042452139	0.9262239933013916
6573.005501619139	0.9344221949577332
6573.04696078614	0.9331794381141663
6573.088419953139	0.9192265272140503
6573.12987912014	0.9137924909591675
6573.171338287139	0.9182169437408447
6573.212797454139	0.918408989906311
6573.25425662114	0.9186707139015198
6573.295715788139	0.9181065559387207
6573.33717495514	0.9095323085784912
6573.378634122139	0.8997161388397217
6573.42009328914	0.8922288417816162
6573.4615524561395	0.8899619579315186
6573.503011623139	0.893128514289856
6573.54447079014	0.9006901383399963
6573.585929957139	0.9150363206863403
6573.62738912414	0.9224991202354431
6573.6688482911395	0.9213984608650208
6573.710307458139	0.920644998550415
6573.75176662514	0.9158880114555359
6573.793225792139	0.9138093590736389
6573.83468495914	0.9164243340492249
6573.8761441261395	0.9157564043998718
6573.917603293139	0.9128811359405518
6573.95906246014	0.9091980457305908
6574.000521627139	0.9096494913101196
6574.04198079414	0.9126579761505127
6574.083439961139	0.9121866822242737
6574.124899128139	0.9061189889907837
6574.16635829514	0.8969953656196594
6574.207817462139	0.897636353969574
6574.24927662914	0.9051066637039185
6574.290735796139	0.9106610417366028
6574.332194963139	0.9121416807174683
6574.37365413014	0.9046160578727722
6574.415113297139	0.8959317207336426
6574.45657246414	0.8929053544998169
6574.498031631139	0.8913126587867737
6574.539490798139	0.8870537281036377
6574.58094996514	0.881959855556488
6574.622409132139	0.8802873492240906
6574.66386829914	0.8674437403678894
6574.705327466139	0.8291657567024231
6574.74678663314	0.8018143773078918
6574.7882458001395	0.7955146431922913
6574.829704967139	0.790732741355896
6574.87116413414	0.7959808111190796
6574.912623301139	0.800108790397644
6574.95408246814	0.7986657023429871
6574.9955416351395	0.8070539236068726
6575.037000802139	0.8260913491249084
6575.07845996914	0.8413274884223938
6575.119919136139	0.8590942025184631
6575.16137830314	0.8760091066360474
6575.2028374701395	0.8836765289306641
6575.244296637139	0.8879930973052979
6575.28575580414	0.8908302187919617
6575.327214971139	0.8905399441719055
6575.36867413814	0.8908125758171082
6575.410133305139	0.8974431753158569
6575.451592472139	0.9024305939674377
6575.49305163914	0.9015593528747559
6575.534510806139	0.8991213440895081
6575.57596997314	0.8971261382102966
6575.617429140139	0.8938695788383484
6575.658888307139	0.8887613415718079
6575.70034747414	0.8832308053970337
6575.741806641139	0.8819823861122131
6575.78326580814	0.8871558904647827
6575.824724975139	0.8882880210876465
6575.86618414214	0.8842620253562927
6575.9076433091395	0.8863336443901062
6575.949102476139	0.8959376811981201
6575.99056164314	0.9030901789665222
6576.032020810139	0.8996002078056335
6576.07347997714	0.8961565494537354
6576.1149391441395	0.8961122035980225
6576.156398311139	0.8908525109291077
6576.19785747814	0.8859179615974426
6576.239316645139	0.8825358748435974
6576.28077581214	0.8821851015090942
6576.3222349791395	0.8944878578186035
6576.363694146139	0.9076336622238159
6576.40515331314	0.9036824703216553
6576.446612480139	0.8933776021003723
6576.48807164714	0.8950901627540588
6576.529530814139	0.9017858505249023
6576.570989981139	0.8958341479301453
6576.61244914814	0.88886559009552
6576.653908315139	0.8943195343017578
6576.69536748214	0.899823009967804
6576.736826649139	0.9039241671562195
6576.778285816139	0.905470609664917
6576.81974498314	0.8991180658340454
6576.861204150139	0.8980004191398621
6576.90266331714	0.9063394069671631
6576.944122484139	0.911703884601593
6576.985581651139	0.9109769463539124
6577.0270408181395	0.9061623811721802
6577.068499985139	0.896239697933197
6577.10995915214	0.8921341896057129
6577.151418319139	0.9014047980308533
6577.19287748614	0.9067800045013428
6577.2343366531395	0.9017028212547302
6577.275795820139	0.8960517644882202
6577.31725498714	0.8911250829696655
6577.358714154139	0.88711017370224
6577.40017332114	0.8838105797767639
6577.4416324881395	0.8851197361946106
6577.483091655139	0.8902925252914429
6577.52455082214	0.8946563601493835
6577.566009989139	0.8995883464813232
6577.60746915614	0.8998094201087952
6577.648928323139	0.8962057828903198
6577.690387490139	0.8935076594352722
6577.73184665714	0.8898407816886902
6577.773305824139	0.8921827673912048
6577.81476499114	0.8993880152702332
6577.856224158139	0.90047687292099
6577.897683325139	0.900789201259613
6577.93914249214	0.9094653129577637
6577.980601659139	0.9183513522148132
6578.02206082614	0.9176833033561707
6578.063519993139	0.912050187587738
6578.104979160139	0.9030062556266785
6578.14643832714	0.8938682675361633
6578.187897494139	0.8918048143386841
6578.22935666114	0.8933721780776978
6578.270815828139	0.8949539661407471
6578.31227499514	0.8975016474723816
6578.3537341621395	0.8956375122070312
6578.395193329139	0.895514190196991
6578.43665249614	0.9129192233085632
6578.478111663139	0.9230660796165466
6578.51957083014	0.9194304943084717
6578.5610299971395	0.9249662756919861
6578.602489164139	0.9251521229743958
6578.64394833114	0.9208498597145081
6578.685407498139	0.9220410585403442
6578.72686666514	0.9199399948120117
6578.768325832139	0.9120745062828064
6578.809784999139	0.9082223773002625
6578.85124416614	0.9049127101898193
6578.892703333139	0.8995627164840698
6578.93416250014	0.8984889388084412
6578.975621667139	0.900824248790741
6579.017080834139	0.9058317542076111
6579.05854000114	0.908871591091156
6579.099999168139	0.909113883972168
6579.14145833514	0.9089807271957397
6579.182917502139	0.9094187021255493
6579.224376669139	0.9091432690620422
6579.26583583614	0.9068452715873718
6579.307295003139	0.9061915278434753
6579.34875417014	0.9057484269142151
6579.390213337139	0.9018454551696777
6579.431672504139	0.8959301710128784
6579.4731316711395	0.892647385597229
6579.514590838139	0.8929731249809265
6579.55605000514	0.8904184699058533
6579.597509172139	0.8843638300895691
6579.63896833914	0.8822571635246277
6579.6804275061395	0.8859137296676636
6579.721886673139	0.8893460035324097
6579.76334584014	0.8900783658027649
6579.804805007139	0.8888336420059204
6579.84626417414	0.8880274295806885
6579.8877233411395	0.8925699591636658
6579.929182508139	0.8963660597801208
6579.97064167514	0.8940844535827637
6580.012100842139	0.8962420225143433
6580.05356000914	0.9058887958526611
6580.095019176139	0.9104861617088318
6580.136478343139	0.9048382043838501
6580.17793751014	0.9025729298591614
6580.219396677139	0.9070802330970764
6580.26085584414	0.9042313098907471
6580.302315011139	0.9082774519920349
6580.343774178139	0.9149125814437866
6580.38523334514	0.8975511789321899
6580.426692512139	0.8820637464523315
6580.46815167914	0.8778907060623169
6580.509610846139	0.8746447563171387
6580.551070013139	0.8759809732437134
6580.5925291801395	0.8781936764717102
6580.633988347139	0.8844630122184753
6580.67544751414	0.8861977458000183
6580.716906681139	0.876299262046814
6580.75836584814	0.8696171641349792
6580.7998250151395	0.8693310618400574
6580.841284182139	0.8681654930114746
6580.88274334914	0.8681454658508301
6580.924202516139	0.8718466758728027
6580.96566168314	0.8776194453239441
6581.0071208501395	0.880847692489624
6581.048580017139	0.8795246481895447
6581.09003918414	0.8816227912902832
6581.131498351139	0.8927803039550781
6581.17295751814	0.9038655161857605
6581.214416685139	0.9072292447090149
6581.255875852139	0.9053536057472229
6581.29733501914	0.9034067392349243
6581.338794186139	0.9072468876838684
6581.38025335314	0.9128395318984985
6581.421712520139	0.9088398218154907
6581.463171687139	0.9013239741325378
6581.50463085414	0.9028205275535583
6581.546090021139	0.9088064432144165
6581.58754918814	0.9064987897872925
6581.629008355139	0.8978663682937622
6581.670467522139	0.897763192653656
6581.71192668914	0.9055734872817993
6581.753385856139	0.9117814898490906
6581.79484502314	0.917907178401947
6581.836304190139	0.9218264818191528
6581.877763357139	0.9203837513923645
6581.9192225241395	0.9151651263237
6581.960681691139	0.9043000340461731
6582.00214085814	0.897567629814148
6582.043600025139	0.9032493829727173
6582.08505919214	0.9101331233978271
6582.1265183591395	0.9112631678581238
6582.167977526139	0.9135172963142395
6582.20943669314	0.9156431555747986
6582.250895860139	0.915201723575592
6582.29235502714	0.9181231260299683
6582.333814194139	0.9201629161834717
6582.375273361139	0.9144178032875061
6582.41673252814	0.9044438600540161
6582.458191695139	0.8983926177024841
6582.49965086214	0.8987382054328918
6582.541110029139	0.899736762046814
6582.582569196139	0.8987632393836975
6582.62402836314	0.8974667191505432
6582.665487530139	0.8969289660453796
6582.70694669714	0.8995883464813232
6582.748405864139	0.9053013324737549
6582.789865031139	0.9111081957817078
6582.83132419814	0.9132517576217651
6582.872783365139	0.9092033505439758
6582.91424253214	0.9035097360610962
6582.955701699139	0.8982224464416504
6582.997160866139	0.8928834795951843
6583.0386200331395	0.8908178806304932
6583.080079200139	0.8907848596572876
6583.12153836714	0.8940799236297607
6583.162997534139	0.9010924100875854
6583.20445670114	0.9021401405334473
6583.2459158681395	0.8981956243515015
6583.287375035139	0.8913002014160156
6583.32883420214	0.8832064867019653
6583.370293369139	0.8914161324501038
6583.41175253614	0.9070374369621277
6583.4532117031395	0.9065678119659424
6583.494670870139	0.897517204284668
6583.53613003714	0.8893906474113464
6583.577589204139	0.8830181360244751
6583.61904837114	0.8846680521965027
6583.660507538139	0.8937729597091675
6583.701966705139	0.9025200605392456
6583.74342587214	0.9066758155822754
6583.784885039139	0.9085654020309448
6583.82634420614	0.909622848033905
6583.867803373139	0.9120859503746033
6583.909262540139	0.9133121371269226
6583.95072170714	0.9124451279640198
6583.992180874139	0.9172435998916626
6584.03364004114	0.9259231090545654
6584.075099208139	0.9295873045921326
6584.116558375139	0.9273159503936768
6584.1580175421395	0.9191378951072693
6584.199476709139	0.9088621735572815
6584.24093587614	0.9084569811820984
6584.282395043139	0.9144041538238525
6584.32385421014	0.9108238220214844
6584.3653133771395	0.900584876537323
6584.406772544139	0.9010991454124451
6584.44823171114	0.9118962287902832
6584.489690878139	0.9203362464904785
6584.53115004514	0.928248941898346
6584.5726092121395	0.9396445751190186
6584.614068379139	0.9464786648750305
6584.65552754614	0.9427480697631836
6584.696986713139	0.9363794922828674
6584.73844588014	0.9336308836936951
6584.779905047139	0.9308761954307556
6584.821364214139	0.9325240254402161
6584.86282338114	0.9364324808120728
6584.904282548139	0.9347449541091919
6584.94574171514	0.9318593144416809
6584.987200882139	0.9275191426277161
6585.028660049139	0.9215342998504639
6585.07011921614	0.9111159443855286
6585.111578383139	0.8976019024848938
6585.15303755014	0.8927598595619202
6585.194496717139	0.8977720141410828
6585.235955884139	0.9067288637161255
6585.2774150511395	0.9124336838722229
6585.318874218139	0.9144190549850464
6585.36033338514	0.9156726598739624
6585.401792552139	0.9197439551353455
6585.44325171914	0.916788637638092
6585.4847108861395	0.9019153118133545
6585.526170053139	0.8989338874816895
6585.56762922014	0.9092385768890381
6585.609088387139	0.9116809964179993
6585.65054755414	0.9072018265724182
6585.6920067211395	0.902752161026001
6585.733465888139	0.8964240550994873
6585.77492505514	0.8929428458213806
6585.816384222139	0.8961198925971985
6585.85784338914	0.9052241444587708
6585.899302556139	0.91552734375
6585.940761723139	0.917507529258728
6585.98222089014	0.9125175476074219
6586.023680057139	0.9087440371513367
6586.06513922414	0.9086369872093201
6586.106598391139	0.9083301424980164
6586.148057558139	0.9101957678794861
6586.18951672514	0.9187018871307373
6586.230975892139	0.9219029545783997
6586.27243505914	0.9115380048751831
6586.313894226139	0.899583637714386
6586.355353393139	0.8948511481285095
6586.39681256014	0.8897331357002258
6586.438271727139	0.876852810382843
6586.47973089414	0.8663790225982666
6586.521190061139	0.8574334383010864
6586.562649228139	0.8532218337059021
6586.6041083951395	0.8705796003341675
6586.645567562139	0.8845248222351074
6586.68702672914	0.8727810382843018
6586.728485896139	0.8635500073432922
6586.76994506314	0.8727450370788574
6586.8114042301395	0.8827816247940063
6586.852863397139	0.8928735256195068
6586.89432256414	0.8991904854774475
6586.935781731139	0.896861732006073
6586.97724089814	0.9031648635864258
6587.0187000651395	0.9225309491157532
6587.060159232139	0.9345478415489197
6587.10161839914	0.9320342540740967
6587.143077566139	0.929213285446167
6587.18453673314	0.9305707216262817
6587.225995900139	0.9344518184661865
6587.267455067139	0.9398493766784668
6587.30891423414	0.9402916431427002
6587.350373401139	0.9357778429985046
6587.39183256814	0.925426185131073
6587.433291735139	0.9119629263877869
6587.474750902139	0.9113942980766296
6587.51621006914	0.9202851057052612
6587.557669236139	0.9232466816902161
6587.59912840314	0.9227907657623291
6587.640587570139	0.9228327870368958
6587.682046737139	0.9226258993148804
6587.7235059041395	0.9223565459251404
6587.764965071139	0.9249708652496338
6587.80642423814	0.9361791014671326
6587.847883405139	0.9446762800216675
6587.88934257214	0.9384105205535889
6587.9308017391395	0.931032121181488
6587.972260906139	0.9316924810409546
6588.01372007314	0.9317047595977783
6588.055179240139	0.9270524978637695
6588.09663840714	0.9250032901763916
6588.1380975741395	0.9242990016937256
6588.179556741139	0.9205747246742249
6588.22101590814	0.9219149351119995
6588.262475075139	0.927779495716095
6588.30393424214	0.9370285272598267
6588.345393409139	0.9430782794952393
6588.386852576139	0.9357650279998779
6588.42831174314	0.9273281693458557
6588.469770910139	0.9219849705696106
6588.51123007714	0.9158976078033447
6588.552689244139	0.9132616519927979
6588.594148411139	0.9130526185035706
6588.63560757814	0.915753185749054
6588.677066745139	0.916580319404602
6588.71852591214	0.913871705532074
6588.759985079139	0.914214015007019
6588.801444246139	0.9173586368560791
6588.8429034131395	0.9209760427474976
6588.884362580139	0.924780011177063
6588.92582174714	0.9291737675666809
6588.967280914139	0.9318040013313293
6589.008740081139	0.9298700094223022
6589.0501992481395	0.9253427982330322
6589.091658415139	0.9216299653053284
6589.13311758214	0.9224501848220825
6589.174576749139	0.9174311757087708
6589.21603591614	0.9077611565589905
6589.2574950831395	0.9075305461883545
6589.298954250139	0.9112967848777771
6589.34041341714	0.9158161282539368
6589.381872584139	0.9204325675964355
6589.42333175114	0.9272314310073853
6589.464790918139	0.9307358860969543
6589.506250085139	0.9274194836616516
6589.54770925214	0.9284210205078125
6589.589168419139	0.9305576086044312
6589.63062758614	0.932887852191925
6589.672086753139	0.935329794883728
6589.713545920139	0.9351754784584045
6589.75500508714	0.9389442205429077
6589.796464254139	0.9423403143882751
6589.83792342114	0.9412928819656372
6589.879382588139	0.9419601559638977
6589.920841755139	0.9442135095596313
6589.96230092214	0.9426364898681641
6590.003760089139	0.9342958927154541
6590.04521925614	0.9312576055526733
6590.086678423139	0.9424386024475098
6590.128137590139	0.9506397843360901
6590.1695967571395	0.9456853270530701
6590.211055924139	0.9351230263710022
6590.25251509114	0.9242066740989685
6590.293974258139	0.9161701202392578
6590.33543342514	0.9141069054603577
6590.3768925921395	0.9168258309364319
6590.418351759139	0.9216618537902832
6590.45981092614	0.9334034323692322
6590.501270093139	0.9446098804473877
6590.54272926014	0.9356567859649658
6590.584188427139	0.9175763130187988
6590.625647594139	0.9131729006767273
6590.66710676114	0.9180063605308533
6590.708565928139	0.9229293465614319
6590.75002509514	0.9290363192558289
6590.791484262139	0.934222400188446
6590.832943429139	0.9345414638519287
6590.87440259614	0.933281421661377
6590.915861763139	0.9359584450721741
6590.95732093014	0.942620575428009
6590.998780097139	0.9456388354301453
6591.040239264139	0.9446437954902649
6591.08169843114	0.9385388493537903
6591.123157598139	0.9284631609916687
6591.16461676514	0.927026093006134
6591.206075932139	0.9331917762756348
6591.247535099139	0.9379805326461792
6591.2889942661395	0.9423953294754028
6591.330453433139	0.942351222038269
6591.37191260014	0.9346389770507812
6591.413371767139	0.9332841634750366
6591.454830934139	0.9412254691123962
6591.4962901011395	0.9428208470344543
6591.537749268139	0.9336029887199402
6591.57920843514	0.9266901612281799
6591.620667602139	0.927980899810791
6591.66212676914	0.924704909324646
6591.7035859361395	0.9154996275901794
6591.745045103139	0.9104754328727722
6591.78650427014	0.907292366027832
6591.827963437139	0.9106101989746094
6591.86942260414	0.9216347336769104
6591.910881771139	0.9290318489074707
6591.952340938139	0.9319283962249756
6591.99380010514	0.9310324788093567
6592.035259272139	0.9275011420249939
6592.07671843914	0.9249056577682495
6592.118177606139	0.9267287254333496
6592.159636773139	0.9352632164955139
6592.20109594014	0.9398891925811768
6592.242555107139	0.9324740767478943
6592.28401427414	0.9280044436454773
6592.325473441139	0.9325251579284668
6592.366932608139	0.9312582015991211
6592.4083917751395	0.9230156540870667
6592.449850942139	0.9180829524993896
6592.49131010914	0.9189441800117493
6592.532769276139	0.9204375743865967
6592.574228443139	0.9286643862724304
6592.6156876101395	0.933243989944458
6592.657146777139	0.9219554662704468
6592.69860594414	0.9169806241989136
6592.740065111139	0.924012303352356
6592.78152427814	0.923336386680603
6592.8229834451395	0.9150756597518921
6592.864442612139	0.9154236912727356
6592.90590177914	0.920870304107666
6592.947360946139	0.920001745223999
6592.98882011314	0.9143778085708618
6593.030279280139	0.9123365879058838
6593.071738447139	0.912876307964325
6593.11319761414	0.908933699131012
6593.154656781139	0.9062808752059937
6593.19611594814	0.905278742313385
6593.237575115139	0.9033603668212891
6593.279034282139	0.9091449975967407
6593.32049344914	0.9150587320327759
6593.361952616139	0.9157902002334595
6593.40341178314	0.9183071851730347
6593.444870950139	0.9168340563774109
6593.486330117139	0.9172075986862183
6593.5277892841395	0.9251850247383118
6593.569248451139	0.9257707595825195
6593.61070761814	0.9190959334373474
6593.652166785139	0.9182724952697754
6593.693625952139	0.931190013885498
6593.7350851191395	0.939554750919342
6593.776544286139	0.9321814775466919
6593.81800345314	0.930657684803009
6593.859462620139	0.9353387951850891
6593.90092178714	0.937238335609436
6593.9423809541395	0.9344778060913086
6593.983840121139	0.9306817054748535
6594.02529928814	0.9285207390785217
6594.066758455139	0.9296088218688965
6594.10821762214	0.9364137053489685
6594.149676789139	0.9396382570266724
6594.191135956139	0.9393151998519897
6594.23259512314	0.9325648546218872
6594.274054290139	0.9148757457733154
6594.31551345714	0.9056957960128784
6594.356972624139	0.9100775718688965
6594.398431791139	0.9173423647880554
6594.43989095814	0.9208646416664124
6594.481350125139	0.918002188205719
6594.52280929214	0.9174594879150391
6594.564268459139	0.9293738603591919
6594.605727626139	0.940527081489563
6594.64718679314	0.9372011423110962
6594.688645960139	0.932228684425354
6594.73010512714	0.9249393343925476
6594.771564294139	0.9138364195823669
6594.813023461139	0.9094209671020508
6594.8544826281395	0.9107809662818909
6594.895941795139	0.9177424311637878
6594.93740096214	0.9274951815605164
6594.978860129139	0.9377747178077698
6595.02031929614	0.9433115124702454
6595.0617784631395	0.9355385899543762
6595.103237630139	0.9276353120803833
6595.14469679714	0.9377909302711487
6595.186155964139	0.9450557827949524
6595.22761513114	0.9346821904182434
6595.2690742981395	0.9328982830047607
6595.310533465139	0.940554141998291
6595.35199263214	0.9452164769172668
6595.393451799139	0.9481554627418518
6595.43491096614	0.941397488117218
6595.476370133139	0.934109091758728
6595.517829300139	0.9399623274803162
6595.55928846714	0.9459537267684937
6595.600747634139	0.9437155723571777
6595.64220680114	0.9395183324813843
6595.683665968139	0.9380271434783936
6595.725125135139	0.939419686794281
6595.76658430214	0.9372466802597046
6595.808043469139	0.9292711019515991
6595.84950263614	0.9256881475448608
6595.890961803139	0.9273303151130676
6595.932420970139	0.9286822080612183
6595.9738801371395	0.9295094013214111
6596.015339304139	0.9255638122558594
6596.05679847114	0.9198965430259705
6596.098257638139	0.9209086298942566
6596.139716805139	0.923186719417572
6596.1811759721395	0.9206833839416504
6596.222635139139	0.9218621850013733
6596.26409430614	0.9254758954048157
6596.305553473139	0.9284277558326721
6596.34701264014	0.9304453134536743
6596.3884718071395	0.9282780289649963
6596.429930974139	0.9318436980247498
6596.47139014114	0.9380986094474792
6596.512849308139	0.9434537887573242
6596.55430847514	0.9433341026306152
6596.595767642139	0.932282567024231
6596.637226809139	0.9209087491035461
6596.67868597614	0.9073512554168701
6596.720145143139	0.8978608846664429
6596.76160431014	0.8997032642364502
6596.803063477139	0.9075415134429932
6596.844522644139	0.9175655245780945
6596.88598181114	0.9244170784950256
6596.927440978139	0.9293451309204102
6596.96890014514	0.9306495785713196
6597.010359312139	0.9276038408279419
6597.051818479139	0.9228135347366333
6597.0932776461395	0.9214507341384888
6597.134736813139	0.9275224208831787
6597.17619598014	0.9323365688323975
6597.217655147139	0.9372912049293518
6597.259114314139	0.9431861639022827
6597.3005734811395	0.9319851398468018
6597.342032648139	0.9192788004875183
6597.38349181514	0.9311007857322693
6597.424950982139	0.9458926916122437
6597.46641014914	0.9427371025085449
6597.5078693161395	0.933480978012085
6597.549328483139	0.9314584136009216
6597.59078765014	0.9318798184394836
6597.632246817139	0.9302614331245422
6597.67370598414	0.9347683191299438
6597.715165151139	0.9486872553825378
6597.756624318139	0.9519824981689453
6597.79808348514	0.9421820044517517
6597.839542652139	0.9453892707824707
6597.88100181914	0.9615604281425476
6597.922460986139	0.9680334329605103
6597.963920153139	0.9599217176437378
6598.00537932014	0.9465675354003906
6598.046838487139	0.9335074424743652
6598.08829765414	0.9331808090209961
6598.129756821139	0.9456465840339661
6598.171215988139	0.9506837129592896
6598.21267515514	0.9465963244438171
6598.254134322139	0.9403688907623291
6598.29559348914	0.9325548410415649
6598.337052656139	0.9260508418083191
6598.378511823139	0.9214627742767334
6598.4199709901395	0.9229235649108887
6598.461430157139	0.9299861192703247
6598.50288932414	0.9334010481834412
6598.544348491139	0.9353848099708557
6598.585807658139	0.9405162334442139
6598.6272668251395	0.9451417922973633
6598.668725992139	0.9415680170059204
6598.71018515914	0.9322207570075989
6598.751644326139	0.9271220564842224
6598.79310349314	0.9279446601867676
6598.834562660139	0.9368782043457031
6598.876021827139	0.9450717568397522
6598.91748099414	0.9482160806655884
6598.958940161139	0.9443551301956177
6599.00039932814	0.9270741939544678
6599.041858495139	0.9186236262321472
6599.083317662139	0.9272875189781189
6599.12477682914	0.928554117679596
6599.166235996139	0.9205152988433838
6599.20769516314	0.9160239100456238
6599.249154330139	0.9123052358627319
6599.290613497139	0.9061160087585449
6599.33207266414	0.9007217288017273
6599.373531831139	0.9035580158233643
6599.41499099814	0.9140018820762634
6599.456450165139	0.922088086605072
6599.497909332139	0.9275849461555481
6599.5393684991395	0.9353229403495789
6599.580827666139	0.9403110146522522
6599.62228683314	0.9374434947967529
6599.663746000139	0.9352831840515137
6599.705205167139	0.9342681169509888
6599.7466643341395	0.9308918118476868
6599.788123501139	0.933157742023468
6599.82958266814	0.9365702867507935
6599.871041835139	0.932914137840271
6599.91250100214	0.9356831908226013
6599.9539601691395	0.9474588632583618
6599.995419336139	0.9507637619972229
6600.03687850314	0.9419668912887573
6600.078337670139	0.9368341565132141
6600.11979683714	0.9407945871353149
6600.161256004139	0.938167929649353
6600.202715171139	0.9276815056800842
6600.24417433814	0.9223562479019165
6600.285633505139	0.9201059341430664
6600.32709267214	0.9198960661888123
6600.368551839139	0.9245641827583313
6600.410011006139	0.9289175271987915
6600.45147017314	0.932427167892456
6600.492929340139	0.9334768652915955
6600.53438850714	0.9312179088592529
6600.575847674139	0.9344779253005981
6600.617306841139	0.9414628148078918
6600.6587660081395	0.9349932074546814
6600.700225175139	0.9224467277526855
6600.74168434214	0.9290666580200195
6600.783143509139	0.9462930560112
6600.824602676139	0.9512650370597839
6600.8660618431395	0.9440246820449829
6600.907521010139	0.9314936399459839
6600.94898017714	0.9249439835548401
6600.990439344139	0.9216859936714172
6601.031898511139	0.9151337146759033
6601.0733576781395	0.9196717143058777
6601.114816845139	0.9272051453590393
6601.15627601214	0.9264363050460815
6601.197735179139	0.9261464476585388
6601.23919434614	0.9218564629554749
6601.280653513139	0.921395480632782
6601.322112680139	0.9331545829772949
6601.36357184714	0.9451091885566711
6601.405031014139	0.9561660289764404
6601.44649018114	0.9594455361366272
6601.487949348139	0.9532812237739563
6601.529408515139	0.9489114880561829
6601.57086768214	0.9468764662742615
6601.612326849139	0.9456507563591003
6601.65378601614	0.9436100721359253
6601.695245183139	0.9365137815475464
6601.736704350139	0.9291613698005676
6601.77816351714	0.9274552464485168
6601.819622684139	0.926181435585022
6601.86108185114	0.9266788363456726
6601.902541018139	0.926672101020813
6601.944000185139	0.9200977683067322
6601.9854593521395	0.9146540760993958
6602.026918519139	0.909288763999939
6602.06837768614	0.9052024483680725
6602.109836853139	0.9133403897285461
6602.151296020139	0.9225353598594666
6602.1927551871395	0.9293127655982971
6602.234214354139	0.939788281917572
6602.27567352114	0.9470511674880981
6602.317132688139	0.9457471966743469
6602.35859185514	0.943808376789093
6602.400051022139	0.9449896812438965
6602.441510189139	0.9428109526634216
6602.48296935614	0.9406958818435669
6602.524428523139	0.940793514251709
6602.56588769014	0.9424968957901001
6602.607346857139	0.943325936794281
6602.648806024139	0.9424548149108887
6602.69026519114	0.9420382976531982
6602.731724358139	0.9426026344299316
6602.77318352514	0.9448297023773193
6602.814642692139	0.9448312520980835
6602.856101859139	0.9414435625076294
6602.89756102614	0.9381132125854492
6602.939020193139	0.9360753893852234
6602.98047936014	0.9346404671669006
6603.021938527139	0.9322194457054138
6603.063397694139	0.9321916699409485
6603.1048568611395	0.9364842772483826
6603.146316028139	0.9425643682479858
6603.18777519514	0.9478219151496887
6603.229234362139	0.9531287550926208
6603.270693529139	0.957436740398407
6603.3121526961395	0.9499744772911072
6603.353611863139	0.9413483738899231
6603.39507103014	0.9410161972045898
6603.436530197139	0.9402961730957031
6603.477989364139	0.9448260068893433
6603.5194485311395	0.942946195602417
6603.560907698139	0.9317800402641296
6603.60236686514	0.9310176372528076
6603.643826032139	0.944215714931488
6603.68528519914	0.9585968852043152
6603.726744366139	0.9638711214065552
6603.768203533139	0.9579977989196777
6603.80966270014	0.9438130259513855
6603.851121867139	0.9363969564437866
6603.89258103414	0.9373494386672974
6603.934040201139	0.9437650442123413
6603.975499368139	0.9543656706809998
6604.01695853514	0.9605319499969482
6604.058417702139	0.9624538421630859
6604.09987686914	0.9559110999107361
6604.141336036139	0.9467137455940247
6604.182795203139	0.9483911395072937
6604.2242543701395	0.9552485346794128
6604.265713537139	0.9559606313705444
6604.30717270414	0.9523314833641052
6604.348631871139	0.9523866772651672
6604.390091038139	0.9510783553123474
6604.4315502051395	0.9444005489349365
6604.473009372139	0.9454474449157715
6604.51446853914	0.9505487680435181
6604.555927706139	0.9451137185096741
6604.597386873139	0.9423820972442627
6604.6388460401395	0.9479014277458191
6604.680305207139	0.9466732740402222
6604.72176437414	0.9457274675369263
6604.763223541139	0.9479612708091736
6604.80468270814	0.9459689855575562
6604.846141875139	0.9436336159706116
6604.887601042139	0.9417755603790283
6604.92906020914	0.9407421350479126
6604.970519376139	0.9461685419082642
6605.01197854314	0.9591481685638428
6605.053437710139	0.9655178189277649
6605.094896877139	0.9599059224128723
6605.13635604414	0.9517636895179749
6605.177815211139	0.9464669823646545
6605.21927437814	0.9473318457603455
6605.260733545139	0.950624406337738
6605.302192712139	0.9499329328536987
6605.3436518791395	0.9489192366600037
6605.385111046139	0.9507914185523987
6605.42657021314	0.9472960233688354
6605.468029380139	0.9320453405380249
6605.509488547139	0.9225586652755737
6605.5509477141395	0.9343028664588928
6605.592406881139	0.9489073157310486
6605.63386604814	0.9563286304473877
6605.675325215139	0.9580139517784119
6605.716784382139	0.9526642560958862
6605.7582435491395	0.9493052363395691
6605.799702716139	0.9511739015579224
6605.84116188314	0.9537280201911926
6605.882621050139	0.9542846083641052
6605.92408021714	0.9533839821815491
6605.965539384139	0.950096607208252
6606.006998551139	0.953466534614563
6606.04845771814	0.9631457328796387
6606.089916885139	0.9638769030570984
6606.13137605214	0.9577410817146301
6606.172835219139	0.9552456736564636
6606.214294386139	0.9595873951911926
6606.25575355314	0.9635425209999084
6606.297212720139	0.9598673582077026
6606.33867188714	0.9542562961578369
6606.380131054139	0.9500829577445984
6606.421590221139	0.9496251940727234
6606.46304938814	0.9560971856117249
6606.504508555139	0.9655974507331848
6606.54596772214	0.9691349267959595
6606.587426889139	0.9579776525497437
6606.628886056139	0.9450136423110962
6606.6703452231395	0.9392585158348083
6606.711804390139	0.9380171298980713
6606.75326355714	0.9472116231918335
6606.794722724139	0.9599947333335876
6606.836181891139	0.9661284685134888
6606.8776410581395	0.9673155546188354
6606.919100225139	0.9713389277458191
6606.96055939214	0.9739500880241394
6607.002018559139	0.9635390043258667
6607.04347772614	0.9506524801254272
6607.0849368931395	0.9463514685630798
6607.126396060139	0.9492490887641907
6607.16785522714	0.9520483016967773
6607.209314394139	0.9503844976425171
6607.25077356114	0.9468740820884705
6607.292232728139	0.9390650987625122
6607.333691895139	0.932381808757782
6607.37515106214	0.9378324747085571
6607.416610229139	0.9477352499961853
6607.45806939614	0.9541371464729309
6607.499528563139	0.9548191428184509
6607.540987730139	0.950742244720459
6607.58244689714	0.9521573185920715
6607.623906064139	0.9573982954025269
6607.66536523114	0.9609071612358093
6607.706824398139	0.9637245535850525
6607.748283565139	0.9630346894264221
6607.7897427321395	0.9573433995246887
6607.831201899139	0.9531431198120117
6607.87266106614	0.9542612433433533
6607.914120233139	0.9585775136947632
6607.955579400139	0.9562202095985413
6607.9970385671395	0.948689341545105
6608.038497734139	0.9478151202201843
6608.07995690114	0.9532693028450012
6608.121416068139	0.9586370587348938
6608.162875235139	0.9566959142684937
6608.2043344021395	0.9472293257713318
6608.245793569139	0.9416015148162842
6608.28725273614	0.9423844218254089
6608.328711903139	0.9491342902183533
6608.37017107014	0.9567475318908691
6608.411630237139	0.9557905197143555
6608.453089404139	0.9526682496070862
6608.49454857114	0.9569035172462463
6608.536007738139	0.9632884860038757
6608.57746690514	0.9612061977386475
6608.618926072139	0.9546822309494019
6608.660385239139	0.9540805220603943
6608.70184440614	0.9543984532356262
6608.743303573139	0.9477123618125916
6608.78476274014	0.944958508014679
6608.826221907139	0.9511101245880127
6608.867681074139	0.9532713294029236
6608.9091402411395	0.9496738314628601
6608.950599408139	0.946476936340332
6608.99205857514	0.9480200409889221
6609.033517742139	0.9552733898162842
6609.074976909139	0.967646062374115
6609.1164360761395	0.9734079837799072
6609.157895243139	0.9709968566894531
6609.19935441014	0.9681232571601868
6609.240813577139	0.9606878161430359
6609.282272744139	0.9556546211242676
6609.3237319111395	0.9538530707359314
6609.365191078139	0.956403374671936
6609.40665024514	0.9647106528282166
6609.448109412139	0.9649854898452759
6609.48956857914	0.9593685269355774
6609.531027746139	0.9544991254806519
6609.572486913139	0.9528863430023193
6609.61394608014	0.9555987119674683
6609.655405247139	0.9568018913269043
6609.69686441414	0.9636144042015076
6609.738323581139	0.9699836373329163
6609.779782748139	0.9629398584365845
6609.82124191514	0.9583654403686523
6609.862701082139	0.965776264667511
6609.90416024914	0.9691587090492249
6609.945619416139	0.9598462581634521
6609.987078583139	0.9518992900848389
6610.02853775014	0.9477883577346802
6610.069996917139	0.942491352558136
6610.11145608414	0.9416157603263855
6610.152915251139	0.9406635165214539
6610.194374418139	0.9379997253417969
6610.2358335851395	0.9374258518218994
6610.277292752139	0.9363653659820557
6610.31875191914	0.9374794960021973
6610.360211086139	0.9430248737335205
6610.401670253139	0.9488091468811035
6610.4431294201395	0.9518243670463562
6610.484588587139	0.9547456502914429
6610.52604775414	0.959246039390564
6610.567506921139	0.9567038416862488
6610.608966088139	0.9490797519683838
6610.650425255139	0.9449888467788696
6610.691884422139	0.9441442489624023
6610.73334358914	0.9392549395561218
6610.774802756139	0.9346162676811218
6610.81626192314	0.9432830810546875
6610.857721090139	0.9538717865943909
6610.899180257139	0.9555858373641968
6610.94063942414	0.9564328193664551
6610.982098591139	0.9589202404022217
6611.02355775814	0.9572893381118774
6611.065016925139	0.9528427720069885
6611.106476092139	0.9511903524398804
6611.14793525914	0.9518381357192993
6611.189394426139	0.9515745043754578
6611.23085359314	0.9509412050247192
6611.272312760139	0.9488389492034912
6611.313771927139	0.9443560838699341
6611.3552310941395	0.9484890699386597
6611.396690261139	0.9639213681221008
6611.43814942814	0.9701266884803772
6611.479608595139	0.963801920413971
6611.521067762139	0.9622181057929993
6611.5625269291395	0.965153694152832
6611.603986096139	0.964543879032135
6611.64544526314	0.9658904671669006
6611.686904430139	0.9691380858421326
6611.728363597139	0.9694513082504272
6611.7698227641395	0.9672167301177979
6611.811281931139	0.9673197865486145
6611.85274109814	0.9822699427604675
6611.894200265139	0.9985441565513611
6611.93565943214	0.9871273636817932
6611.977118599139	0.9848987460136414
6612.018577766139	1.0247063636779785
6612.06003693314	1.0669444799423218
6612.101496100139	1.110398530960083
6612.14295526714	1.1383613348007202
6612.184414434139	1.1165931224822998
6612.225873601139	1.1042946577072144
6612.26733276814	1.0877840518951416
6612.308791935139	1.1553500890731812
6612.35025110214	0.9396527409553528
