6521.39055646	0.11386104473
6521.39055646	1.0945760011672974
6521.50441750473	1.0961999893188477
6521.61827854946	1.098798394203186
6521.73213959419	1.0897040367126465
6521.84600063892	1.0877552032470703
6521.95986168365	1.0913280248641968
6522.07372272838	1.0877552032470703
6522.18758377311	1.0835328102111816
6522.30144481784	1.0832079648971558
6522.41530586257	1.093276858329773
6522.5291669073	1.1026959419250488
6522.64302795203	1.0958751440048218
6522.75688899676	1.097823977470398
6522.87075004149	1.097499132156372
6522.98461108622	1.0867807865142822
6523.09847213095	1.0880800485610962
6523.21233317568	1.0812591314315796
6523.32619422041	1.0737887620925903
6523.44005526514	1.0702159404754639
6523.55391630987	1.0565743446350098
6523.6677773546	1.0299408435821533
6523.78163839933	1.0107775926589966
6523.89549944406	1.0117520093917847
6524.00936048879	1.0380607843399048
6524.12322153352	1.0672928094863892
6524.23708257825	1.0812591314315796
6524.35094362298	1.0880800485610962
6524.46480466771	1.0900287628173828
6524.57866571244	1.0942511558532715
6524.69252675717	1.099123239517212
6524.8063878019	1.1017216444015503
6524.92024884663	1.104644775390625
6525.03410989136	1.103670358657837
6525.14797093609	1.099123239517212
6525.26183198082	1.0971744060516357
6525.37569302555	1.0968496799468994
6525.48955407028	1.0961999893188477
6525.60341511501	1.0913280248641968
6525.71727615974	1.0841823816299438
6525.83113720447	1.084831953048706
6525.9449982492	1.0884047746658325
6526.05885929393	1.0965248346328735
6526.17272033866	1.104644775390625
6526.28658138339	1.1004223823547363
6526.40044242812	1.0971744060516357
6526.51430347285	1.0923023223876953
6526.6281645175795	1.091977596282959
6526.74202556231	1.0916528701782227
6526.85588660704	1.0926271677017212
6526.96974765177	1.0968496799468994
6527.0836086965	1.0965248346328735
6527.19746974123	1.0994479656219482
6527.31133078596	1.097499132156372
6527.42519183069	1.0939263105392456
6527.53905287542	1.0949008464813232
6527.65291392015	1.0913280248641968
6527.76677496488	1.0884047746658325
6527.88063600961	1.0955504179000854
6527.99449705434	1.0994479656219482
6528.10835809907	1.0913280248641968
6528.2222191438	1.0900287628173828
6528.33608018853	1.097823977470398
6528.44994123326	1.0971744060516357
6528.56380227799	1.0958751440048218
6528.67766332272	1.099123239517212
6528.79152436745	1.0926271677017212
6528.90538541218	1.0874303579330444
6529.01924645691	1.0926271677017212
6529.13310750164	1.097499132156372
6529.24696854637	1.0955504179000854
6529.3608295911	1.0945760011672974
6529.47469063583	1.0936015844345093
6529.58855168056	1.0936015844345093
6529.70241272529	1.0984736680984497
6529.81627377002	1.099123239517212
6529.93013481475	1.0965248346328735
6530.04399585948	1.0939263105392456
6530.15785690421	1.090678334236145
6530.27171794894	1.080609679222107
6530.38557899367	1.0770368576049805
6530.4994400384	1.0757375955581665
6530.61330108313	1.0718400478363037
6530.72716212786	1.0789856910705566
6530.84102317259	1.0890543460845947
6530.95488421732	1.0936015844345093
6531.06874526205	1.092952013015747
6531.18260630678	1.0916528701782227
6531.29646735151	1.0942511558532715
6531.41032839624	1.0926271677017212
6531.52418944097	1.0880800485610962
6531.6380504857	1.0897040367126465
6531.75191153043	1.0854816436767578
6531.86577257516	1.0841823816299438
6531.97963361989	1.0796351432800293
6532.09349466462	1.0549503564834595
6532.20735570935	1.0188976526260376
6532.32121675408	0.9896656274795532
6532.43507779881	0.9916143417358398
6532.54893884354	1.020521640777588
6532.66279988827	1.0549503564834595
6532.776660933	1.0770368576049805
6532.89052197773	1.0880800485610962
6533.00438302246	1.0897040367126465
6533.11824406719	1.0939263105392456
6533.23210511192	1.0958751440048218
6533.34596615665	1.0955504179000854
6533.45982720138	1.0965248346328735
6533.57368824611	1.0900287628173828
6533.68754929084	1.0767120122909546
6533.80141033557	1.0643696784973145
6533.9152713803	1.0497536659240723
6534.02913242503	1.0370863676071167
6534.14299346976	1.038710355758667
6534.25685451449	1.053976058959961
6534.37071555922	1.0695663690567017
6534.48457660395	1.0741136074066162
6534.59843764868	1.0754128694534302
6534.71229869341	1.0747631788253784
6534.82615973814	1.0741136074066162
6534.94002078287	1.0760623216629028
6535.0538818276	1.0799599885940552
6535.16774287233	1.0835328102111816
6535.28160391706	1.080284833908081
6535.39546496179	1.0838576555252075
6535.50932600652	1.093276858329773
6535.62318705125	1.0926271677017212
6535.73704809598	1.0893791913986206
6535.85090914071	1.0936015844345093
6535.96477018544	1.087105631828308
6536.07863123017	1.0819088220596313
6536.1924922749	1.0832079648971558
6536.30635331963	1.0884047746658325
6536.42021436436	1.0867807865142822
6536.53407540909	1.0767120122909546
6536.64793645382	1.0640448331832886
6536.76179749855	1.0533263683319092
6536.87565854328	1.0575487613677979
6536.98951958801	1.0718400478363037
6537.10338063274	1.080609679222107
6537.21724167747	1.0841823816299438
6537.3311027222	1.087105631828308
6537.44496376693	1.091003179550171
6537.55882481166	1.090678334236145
6537.67268585639	1.0893791913986206
6537.78654690112	1.0949008464813232
6537.90040794585	1.0952256917953491
6538.01426899058	1.0942511558532715
6538.12813003531	1.0942511558532715
6538.24199108004	1.091003179550171
6538.35585212477	1.0854816436767578
6538.4697131695	1.0893791913986206
6538.58357421423	1.090678334236145
6538.69743525896	1.0845072269439697
6538.81129630369	1.0864559412002563
6538.92515734842	1.0903536081314087
6539.03901839315	1.08613121509552
6539.15287943788	1.087105631828308
6539.26674048261	1.0880800485610962
6539.38060152734	1.0890543460845947
6539.49446257207	1.0903536081314087
6539.6083236168	1.0877552032470703
6539.72218466153	1.0864559412002563
6539.83604570626	1.092952013015747
6539.94990675099	1.093276858329773
6540.06376779572	1.0893791913986206
6540.17762884045	1.091003179550171
6540.2914898851795	1.0864559412002563
6540.40535092991	1.0825583934783936
6540.51921197464	1.084831953048706
6540.63307301937	1.0864559412002563
6540.7469340641	1.0890543460845947
6540.86079510883	1.0903536081314087
6540.97465615356	1.0893791913986206
6541.08851719829	1.0916528701782227
6541.20237824302	1.0877552032470703
6541.31623928775	1.0893791913986206
6541.43010033248	1.0939263105392456
6541.54396137721	1.0942511558532715
6541.65782242194	1.0981488227844238
6541.77168346667	1.092952013015747
6541.8855445114	1.0825583934783936
6541.99940555613	1.071190357208252
6542.11326660086	1.052351951599121
6542.22712764559	1.0338383913040161
6542.34098869032	1.0318896770477295
6542.45484973505	1.0471551418304443
6542.56871077978	1.0698912143707275
6542.68257182451	1.080284833908081
6542.79643286924	1.0783360004425049
6542.91029391397	1.0750880241394043
6543.0241549587	1.0754128694534302
6543.13801600343	1.0815839767456055
6543.25187704816	1.087105631828308
6543.36573809289	1.0858063697814941
6543.47959913762	1.079310417175293
6543.59346018235	1.0562496185302734
6543.70732122708	1.0055807828903198
6543.82118227181	0.954262375831604
6543.93504331654	0.9373728036880493
6544.04890436127	0.9649808406829834
6544.162765406	1.0237696170806885
6544.27662645073	1.0728143453598022
6544.39048749546	1.085156798362732
6544.50434854019	1.0854816436767578
6544.61820958492	1.0887296199798584
6544.73207062965	1.0880800485610962
6544.84593167438	1.087105631828308
6544.95979271911	1.0893791913986206
6545.07365376384	1.0825583934783936
6545.18751480857	1.085156798362732
6545.3013758533	1.0884047746658325
6545.41523689803	1.0835328102111816
6545.52909794276	1.0757375955581665
6545.64295898749	1.066318392753601
6545.75682003222	1.0611215829849243
6545.87068107695	1.0624208450317383
6545.98454212168	1.0715152025222778
6546.09840316641	1.0832079648971558
6546.21226421114	1.0880800485610962
6546.32612525587	1.087105631828308
6546.4399863006	1.090678334236145
6546.55384734533	1.0903536081314087
6546.66770839006	1.085156798362732
6546.78156943479	1.0819088220596313
6546.89543047952	1.084831953048706
6547.00929152425	1.0880800485610962
6547.12315256898	1.0845072269439697
6547.23701361371	1.0799599885940552
6547.35087465844	1.0773615837097168
6547.46473570317	1.0611215829849243
6547.5785967479	1.0325391292572021
6547.69245779263	1.0166239738464355
6547.80631883736	1.0263680219650269
6547.92017988209	1.0513776540756226
6548.03404092682	1.0643696784973145
6548.14790197155	1.0695663690567017
6548.26176301628	1.0640448331832886
6548.37562406101	1.038710355758667
6548.48948510574	1.0000591278076172
6548.60334615047	0.9685536623001099
6548.7172071952	0.9672543406486511
6548.83106823993	1.0098031759262085
6548.94492928466	1.0491039752960205
6549.05879032939	1.0637199878692627
6549.17265137412	1.0728143453598022
6549.28651241885	1.0776863098144531
6549.40037346358	1.0789856910705566
6549.51423450831	1.080284833908081
6549.62809555304	1.0796351432800293
6549.74195659777	1.0841823816299438
6549.8558176425	1.0867807865142822
6549.96967868723	1.084831953048706
6550.08353973196	1.078011155128479
6550.19740077669	1.0799599885940552
6550.31126182142	1.0770368576049805
6550.42512286615	1.0789856910705566
6550.53898391088	1.087105631828308
6550.65284495561	1.0845072269439697
6550.76670600034	1.0835328102111816
6550.88056704507	1.087105631828308
6550.9944280898	1.0897040367126465
6551.10828913453	1.091003179550171
6551.22215017926	1.091003179550171
6551.33601122399	1.0900287628173828
6551.44987226872	1.0867807865142822
6551.56373331345	1.0864559412002563
6551.67759435818	1.0835328102111816
6551.79145540291	1.0786608457565308
6551.90531644764	1.0705407857894897
6552.01917749237	1.0598223209381104
6552.1330385371	1.0598223209381104
6552.24689958183	1.067617654800415
6552.36076062656	1.0442320108413696
6552.47462167129	0.9922639727592468
6552.58848271602	0.9500399827957153
6552.70234376075	0.9461423754692078
6552.81620480548	0.9955120086669922
6552.93006585021	1.0510528087615967
6553.04392689494	1.079310417175293
6553.15778793967	1.0916528701782227
6553.2716489844	1.1013967990875244
6553.38551002913	1.1049696207046509
6553.49937107386	1.0961999893188477
6553.61323211859	1.080609679222107
6553.72709316332	1.067617654800415
6553.84095420805	1.0715152025222778
6553.9548152527805	1.0968496799468994
6554.06867629751	1.1218591928482056
6554.18253734224	1.1335519552230835
6554.29639838697	1.1455696821212769
6554.4102594317	1.1572623252868652
6554.52412047643	1.169604778289795
6554.63798152116	1.1718783378601074
6554.75184256589	1.1709040403366089
6554.86570361062	1.1816223859786987
6554.97956465535	1.1933151483535767
6555.09342570008	1.203059196472168
6555.20728674481	1.207606315612793
6555.32114778954	1.210854411125183
6555.43500883427	1.2235215902328491
6555.548869879	1.2387871742248535
6555.66273092373	1.249505639076233
6555.77659196846	1.2608736753463745
6555.89045301319	1.2741903066635132
6556.00431405792	1.287507176399231
6556.11817510265	1.3043968677520752
6556.23203614738	1.320961594581604
6556.34589719211	1.332654356956482
6556.45975823684	1.3459712266921997
6556.57361928157	1.3641599416732788
6556.6874803263	1.379750370979309
6556.80134137103	1.3956656455993652
6556.91520241576	1.394041657447815
6557.02906346049	1.3726048469543457
6557.14292450522	1.358963131904602
6557.25678554995	1.3784512281417847
6557.37064659468	1.4375648498535156
6557.48450763941	1.5022000074386597
6557.59836868414	1.5395519733428955
6557.71222972887	1.5635871887207031
6557.8260907736	1.583724856376648
6557.93995181833	1.602238416671753
6558.05381286306	1.620751976966858
6558.16767390779	1.6522576808929443
6558.28153495252	1.7068239450454712
6558.39539599725	1.7600913047790527
6558.50925704198	1.8023152351379395
6558.62311808671	1.84259033203125
6558.73697913144	1.8779935836791992
6558.85084017617	1.9231407642364502
6558.9647012209	1.9679633378982544
6559.07856226563	1.9945967197418213
6559.19242331036	2.0153839588165283
6559.30628435509	2.0423424243927
6559.42014539982	2.064753532409668
6559.53400644455	2.0741727352142334
6559.64786748928	2.082942247390747
6559.76172853401	2.0897631645202637
6559.87558957874	2.0904126167297363
6559.9894506234705	2.091062307357788
6560.1033116682	2.0848913192749023
6560.21717271293	2.0615055561065674
6560.33103375766	2.0199313163757324
6560.44489480239	1.9663392305374146
6560.55875584712	1.9283376932144165
6560.67261689185	1.9182686805725098
6560.78647793658	1.9036526679992676
6560.90033898131	1.8607792854309082
6561.01420002604	1.8120592832565308
6561.12806107077	1.7805536985397339
6561.2419221155	1.7548943758010864
6561.35578316023	1.74222731590271
6561.46964420496	1.7347567081451416
6561.5835052496905	1.7110463380813599
6561.69736629442	1.6951313018798828
6561.81122733915	1.672719955444336
6561.92508838388	1.6522576808929443
6562.03894942861	1.647385597229004
6562.15281047334	1.6363424062728882
6562.26667151807	1.6175040006637573
6562.3805325628	1.603537678718567
6562.49439360753	1.6002895832061768
6562.60825465226	1.6054863929748535
6562.72211569699	1.62302565574646
6562.83597674172	1.6369919776916504
6562.94983778645	1.64608633518219
6563.06369883118	1.655180811882019
6563.17755987591	1.6587536334991455
6563.29142092064	1.6587536334991455
6563.40528196537	1.6616767644882202
6563.5191430101	1.6720703840255737
6563.63300405483	1.7071486711502075
6563.74686509956	1.7552192211151123
6563.86072614429	1.7708096504211426
6563.97458718902	1.7441760301589966
6564.08844823375	1.7142943143844604
6564.20230927848	1.7289103269577026
6564.31617032321	1.8062126636505127
6564.43003136794	1.9153456687927246
6564.54389241267	1.9958959817886353
6564.6577534574	2.033247947692871
6564.77161450213	2.051111936569214
6564.88547554686	2.058257579803467
6564.99933659159	2.0670273303985596
6565.11319763632	2.068326473236084
6565.22705868105	2.056633710861206
6565.34091972578	2.041368007659912
6565.45478077051	2.0274016857147217
6565.56864181524	2.0137600898742676
6565.68250285997	2.003366470336914
6565.7963639047	1.9861520528793335
6565.91022494943	1.9588687419891357
6566.0240859941605	1.9345086812973022
6566.13794703889	1.9088495969772339
6566.25180808362	1.8663007020950317
6566.36566912835	1.831222414970398
6566.47953017308	1.802964687347412
6566.59339121781	1.767561674118042
6566.70725226254	1.7311840057373047
6566.82111330727	1.699028730392456
6566.934974352	1.6710959672927856
6567.04883539673	1.640239953994751
6567.16269644146	1.602238416671753
6567.27655748619	1.5785280466079712
6567.39041853092	1.5496208667755127
6567.50427957565	1.5122687816619873
6567.6181406203805	1.486284852027893
6567.73200166511	1.4658223390579224
6567.84586270984	1.4359408617019653
6567.95972375457	1.4148287773132324
6568.0735847993	1.3963152170181274
6568.18744584403	1.378775954246521
6568.30130688876	1.3677327632904053
6568.41516793349	1.3495440483093262
6568.52902897822	1.3206368684768677
6568.64289002295	1.2907551527023315
6568.75675106768	1.2670447826385498
6568.87061211241	1.2498303651809692
6568.98447315714	1.2469072341918945
6569.09833420187	1.2501552104949951
6569.2121952466005	1.2488559484481812
6569.32605629133	1.240086317062378
6569.43991733606	1.2267696857452393
6569.55377838079	1.2183247804641724
6569.66763942552	1.2095551490783691
6569.78150047025	1.202734351158142
6569.89536151498	1.1998112201690674
6570.00922255971	1.190067172050476
6570.12308360444	1.177724838256836
6570.23694464917	1.1657072305679321
6570.3508056939	1.1559631824493408
6570.46466673863	1.1468688249588013
6570.57852778336	1.1316031217575073
6570.69238882809	1.1108160018920898
6570.80624987282	1.1004223823547363
6570.92011091755	1.0958751440048218
6571.03397196228	1.097823977470398
6571.14783300701	1.0961999893188477
6571.26169405174	1.0900287628173828
6571.37555509647	1.084831953048706
6571.4894161412	1.067617654800415
6571.60327718593	1.0562496185302734
6571.71713823066	1.053651213645935
6571.83099927539	1.0208463668823242
6571.94486032012	0.9769983887672424
6572.0587213648505	0.9571856260299683
6572.17258240958	0.9636816382408142
6572.28644345431	0.9961616396903992
6572.40030449904	1.0318896770477295
6572.51416554377	1.0500783920288086
6572.6280265885	1.0530016422271729
6572.74188763323	1.0513776540756226
6572.85574867796	1.0465056896209717
6572.96960972269	1.04585599899292
6573.08347076742	1.0461808443069458
6573.19733181215	1.0471551418304443
6573.31119285688	1.0364367961883545
6573.42505390161	1.032863974571228
6573.53891494634	1.0348128080368042
6573.6527759910705	1.0348128080368042
6573.7666370358	1.0380607843399048
6573.88049808053	1.0429328680038452
6573.99435912526	1.0432575941085815
6574.10822016999	1.0452063083648682
6574.22208121472	1.0448815822601318
6574.33594225945	1.0474799871444702
6574.44980330418	1.0448815822601318
6574.56366434891	1.013375997543335
6574.67752539364	0.9539376497268677
6574.79138643837	0.9094399809837341
6574.9052474831	0.9061920046806335
6575.01910852783	0.9396463632583618
6575.13296957256	0.9945376515388489
6575.2468306172905	1.0263680219650269
6575.36069166202	1.0299408435821533
6575.47455270675	1.0335136651992798
6575.58841375148	1.0344879627227783
6575.70227479621	1.0289663076400757
6575.81613584094	1.0240943431854248
6575.92999688567	1.026043176651001
6576.0438579304	1.0273423194885254
6576.15771897513	1.020521640777588
6576.27158001986	1.0195472240447998
6576.38544106459	1.0244191884994507
6576.49930210932	1.0273423194885254
6576.61316315405	1.0296159982681274
6576.72702419878	1.0309151411056519
6576.8408852435105	1.0276671648025513
6576.95474628824	1.0234447717666626
6577.06860733297	1.025718331336975
6577.1824683777	1.0253936052322388
6577.29632942243	1.0266928672790527
6577.41019046716	1.0250688791275024
6577.52405151189	1.025718331336975
6577.63791255662	1.0244191884994507
6577.75177360135	1.0234447717666626
6577.86563464608	1.026043176651001
6577.97949569081	1.0224703550338745
6578.0933567355405	1.0149999856948853
6578.20721778027	1.020521640777588
6578.321078825	1.0250688791275024
6578.43493986973	1.0234447717666626
6578.54880091446	1.020521640777588
6578.66266195919	1.0244191884994507
6578.77652300392	1.0286415815353394
6578.89038404865	1.0247440338134766
6579.00424509338	1.0175983905792236
6579.11810613811	1.019222378730774
6579.23196718284	1.0179232358932495
6579.34582822757	1.0185728073120117
6579.4596892723	1.0182479619979858
6579.57355031703	1.0227952003479004
6579.6874113617605	1.0221456289291382
6579.80127240649	1.0250688791275024
6579.91513345122	1.0273423194885254
6580.02899449595	1.0237696170806885
6580.14285554068	1.0140256881713867
6580.25671658541	1.0179232358932495
6580.37057763014	1.0185728073120117
6580.48443867487	1.007529616355896
6580.5982997196	0.9997343420982361
6580.71216076433	0.9851183891296387
6580.82602180906	0.9792720079421997
6580.93988285379	0.9864176511764526
6581.05374389852	0.9974608421325684
6581.16760494325	1.0098031759262085
6581.2814659879805	1.0162991285324097
6581.39532703271	1.015649676322937
6581.50918807744	1.0166239738464355
6581.62304912217	1.0185728073120117
6581.7369101669	1.020196795463562
6581.85077121163	1.0153248310089111
6581.96463225636	1.015649676322937
6582.07849330109	1.0182479619979858
6582.19235434582	1.0101280212402344
6582.30621539055	1.0068800449371338
6582.42007643528	1.00882887840271
6582.53393748001	1.0137008428573608
6582.64779852474	1.0208463668823242
6582.76165956947	1.0221456289291382
6582.8755206142005	1.019222378730774
6582.98938165893	1.0146751403808594
6583.10324270366	1.0078543424606323
6583.21710374839	1.0029823780059814
6583.33096479312	0.9984351992607117
6583.44482583785	0.9948623776435852
6583.55868688258	0.9971359968185425
6583.67254792731	1.007529616355896
6583.78640897204	1.0234447717666626
6583.90027001677	1.0276671648025513
6584.0141310615	1.0302656888961792
6584.1279921062305	1.032863974571228
6584.24185315096	1.0279920101165771
6584.35571419569	1.034163236618042
6584.46957524042	1.0364367961883545
6584.58343628515	1.0309151411056519
6584.69729732988	1.0286415815353394
6584.81115837461	1.03513765335083
6584.92501941934	1.0361119508743286
6585.03888046407	1.0312399864196777
6585.1527415088	1.0305904150009155
6585.26660255353	1.0263680219650269
6585.38046359826	1.0318896770477295
6585.49432464299	1.034163236618042
6585.60818568772	1.0237696170806885
6585.7220467324505	1.021496057510376
6585.83590777718	1.0218207836151123
6585.94976882191	1.026043176651001
6586.06362986664	1.0305904150009155
6586.17749091137	1.0227952003479004
6586.2913519561	1.006555199623108
6586.40521300083	0.9893408417701721
6586.51907404556	0.9679039716720581
6586.63293509029	0.968228816986084
6586.74679613502	0.993563175201416
6586.86065717975	1.0175983905792236
6586.97451822448	1.028316855430603
6587.08837926921	1.0309151411056519
6587.20224031394	1.0296159982681274
6587.3161013586705	1.0338383913040161
6587.4299624034	1.0354623794555664
6587.54382344813	1.0338383913040161
6587.65768449286	1.0419583320617676
6587.77154553759	1.0377360582351685
6587.88540658232	1.0413087606430054
6587.99926762705	1.0432575941085815
6588.11312867178	1.0429328680038452
6588.22698971651	1.039684772491455
6588.34085076124	1.0318896770477295
6588.45471180597	1.0318896770477295
6588.5685728507	1.0296159982681274
6588.68243389543	1.0325391292572021
6588.79629494016	1.0364367961883545
6588.9101559848905	1.0338383913040161
6589.02401702962	1.0374112129211426
6589.13787807435	1.0426080226898193
6589.25173911908	1.0416336059570312
6589.36560016381	1.0435823202133179
6589.47946120854	1.04585599899292
6589.59332225327	1.0445568561553955
6589.707183298	1.0487791299819946
6589.82104434273	1.0497536659240723
6589.93490538746	1.053651213645935
6590.04876643219	1.0494288206100464
6590.1626274769205	1.0442320108413696
6590.27648852165	1.0432575941085815
6590.39034956638	1.045531153678894
6590.5042106111105	1.052676796913147
6590.61807165584	1.052676796913147
6590.73193270057	1.0494288206100464
6590.8457937453	1.04585599899292
6590.95965479003	1.0439071655273438
6591.07351583476	1.0465056896209717
6591.18737687949	1.0452063083648682
6591.30123792422	1.0426080226898193
6591.41509896895	1.0416336059570312
6591.52896001368	1.0416336059570312
6591.64282105841	1.0390352010726929
6591.7566821031405	1.0416336059570312
6591.87054314787	1.0442320108413696
6591.9844041926	1.0442320108413696
6592.09826523733	1.0432575941085815
6592.21212628206	1.0370863676071167
6592.32598732679	1.0370863676071167
6592.43984837152	1.0383856296539307
6592.55370941625	1.0383856296539307
6592.66757046098	1.0445568561553955
6592.78143150571	1.0442320108413696
6592.89529255044	1.0335136651992798
6593.00915359517	1.0276671648025513
6593.1230146399	1.0348128080368042
6593.23687568463	1.0393600463867188
6593.3507367293605	1.0318896770477295
6593.46459777409	1.0289663076400757
6593.57845881882	1.0383856296539307
6593.69231986355	1.0422831773757935
6593.80618090828	1.0357872247695923
6593.92004195301	1.0354623794555664
6594.03390299774	1.0325391292572021
6594.14776404247	1.020196795463562
6594.2616250872	1.0140256881713867
6594.37548613193	1.0172736644744873
6594.48934717666	1.0224703550338745
6594.60320822139	1.0286415815353394
6594.71706926612	1.0361119508743286
6594.83093031085	1.0377360582351685
6594.9447913555805	1.0348128080368042
6595.05865240031	1.032863974571228
6595.17251344504	1.0357872247695923
6595.28637448977	1.0380607843399048
6595.4002355345	1.0354623794555664
6595.51409657923	1.03513765335083
6595.62795762396	1.0383856296539307
6595.74181866869	1.0429328680038452
6595.85567971342	1.038710355758667
6595.96954075815	1.0315648317337036
6596.08340180288	1.0318896770477295
6596.197262847611	1.032863974571228
6596.31112389234	1.0286415815353394
6596.42498493707	1.0289663076400757
6596.5388459818005	1.0309151411056519
6596.65270702653	1.0335136651992798
6596.76656807126	1.0237696170806885
6596.88042911599	1.0188976526260376
6596.99429016072	1.0224703550338745
6597.10815120545	1.0240943431854248
6597.22201225018	1.028316855430603
6597.33587329491	1.0338383913040161
6597.44973433964	1.0322144031524658
6597.56359538437	1.0286415815353394
6597.6774564291	1.0318896770477295
6597.7913174738305	1.0357872247695923
6597.90517851856	1.0312399864196777
6598.01903956329	1.0344879627227783
6598.1329006080205	1.0338383913040161
6598.24676165275	1.0318896770477295
6598.36062269748	1.033188819885254
6598.47448374221	1.040009617805481
6598.58834478694	1.0338383913040161
6598.70220583167	1.0273423194885254
6598.8160668764	1.032863974571228
6598.92992792113	1.0292911529541016
6599.04378896586	1.0124015808105469
6599.15765001059	1.0033072233200073
6599.27151105532	0.994212806224823
6599.3853721000505	0.9951871633529663
6599.49923314478	1.0036319494247437
6599.61309418951	1.0149999856948853
6599.72695523424	1.0218207836151123
6599.84081627897	1.0234447717666626
6599.9546773237	1.0318896770477295
6600.06853836843	1.0367616415023804
6600.18239941316	1.0296159982681274
6600.29626045789	1.026043176651001
6600.41012150262	1.0266928672790527
6600.52398254735	1.0305904150009155
6600.63784359208	1.0292911529541016
6600.75170463681	1.0309151411056519
6600.86556568154	1.0292911529541016
6600.9794267262705	1.0322144031524658
6601.093287771	1.0335136651992798
6601.20714881573	1.0296159982681274
6601.32100986046	1.0312399864196777
6601.43487090519	1.0302656888961792
6601.54873194992	1.028316855430603
6601.66259299465	1.0305904150009155
6601.77645403938	1.020196795463562
6601.89031508411	1.0101280212402344
6602.00417612884	1.0042816400527954
6602.11803717357	1.000708818435669
6602.231898218301	1.0046063661575317
6602.34575926303	1.0188976526260376
6602.45962030776	1.0250688791275024
6602.5734813524905	1.028316855430603
6602.68734239722	1.0276671648025513
6602.80120344195	1.0253936052322388
6602.91506448668	1.0224703550338745
6603.02892553141	1.026043176651001
6603.14278657614	1.0292911529541016
6603.25664762087	1.0286415815353394
6603.3705086656	1.0322144031524658
6603.48436971033	1.0361119508743286
6603.59823075506	1.0276671648025513
6603.71209179979	1.026043176651001
6603.8259528445205	1.0364367961883545
6603.93981388925	1.03513765335083
6604.05367493398	1.0289663076400757
6604.1675359787105	1.0318896770477295
6604.28139702344	1.0357872247695923
6604.39525806817	1.0325391292572021
6604.5091191129	1.0250688791275024
6604.62298015763	1.0322144031524658
6604.73684120236	1.0292911529541016
6604.85070224709	1.019222378730774
6604.96456329182	1.020521640777588
6605.07842433655	1.0273423194885254
6605.19228538128	1.0292911529541016
6605.30614642601	1.0224703550338745
6605.4200074707405	1.0140256881713867
6605.53386851547	1.019222378730774
6605.6477295602	1.0244191884994507
6605.7615906049305	1.0240943431854248
6605.87545164966	1.0305904150009155
6605.98931269439	1.0377360582351685
6606.10317373912	1.0338383913040161
6606.21703478385	1.025718331336975
6606.33089582858	1.0276671648025513
6606.44475687331	1.0302656888961792
6606.55861791804	1.0289663076400757
6606.67247896277	1.026043176651001
6606.7863400075	1.0273423194885254
6606.90020105223	1.0253936052322388
6607.0140620969605	1.019222378730774
6607.12792314169	1.0221456289291382
6607.24178418642	1.0263680219650269
6607.35564523115	1.0289663076400757
6607.46950627588	1.028316855430603
6607.58336732061	1.0318896770477295
6607.69722836534	1.0318896770477295
6607.81108941007	1.0276671648025513
6607.9249504548	1.0305904150009155
6608.03881149953	1.025718331336975
6608.15267254426	1.0312399864196777
6608.266533588991	1.0305904150009155
6608.38039463372	1.0302656888961792
6608.49425567845	1.027017593383789
6608.6081167231805	1.0296159982681274
6608.72197776791	1.0315648317337036
6608.83583881264	1.0312399864196777
6608.94969985737	1.0338383913040161
6609.0635609021	1.027017593383789
6609.17742194683	1.0263680219650269
6609.29128299156	1.0240943431854248
6609.40514403629	1.0244191884994507
6609.51900508102	1.0237696170806885
6609.63286612575	1.02117121219635
6609.74672717048	1.0182479619979858
6609.860588215211	1.0198719501495361
6609.97444925994	1.0172736644744873
6610.08831030467	1.0208463668823242
6610.2021713494005	1.0263680219650269
6610.31603239413	1.0273423194885254
6610.42989343886	1.0276671648025513
6610.54375448359	1.0253936052322388
6610.65761552832	1.0234447717666626
6610.77147657305	1.0240943431854248
6610.88533761778	1.0231200456619263
6610.99919866251	1.0244191884994507
6611.11305970724	1.0263680219650269
6611.22692075197	1.020196795463562
6611.3407817967	1.0182479619979858
6611.4546428414305	1.0231200456619263
6611.56850388616	1.015649676322937
6611.68236493089	1.0234447717666626
6611.7962259756205	1.0247440338134766
6611.91008702035	1.0146751403808594
6612.02394806508	1.013375997543335
6612.13780910981	1.0227952003479004
6612.25167015454	1.0120768547058105
6612.36553119927	1.0072047710418701
6612.479392244	1.006230354309082
6612.59325328873	1.0052560567855835
6612.70711433346	1.0107775926589966
6612.82097537819	1.0231200456619263
6612.93483642292	1.0221456289291382
6613.0486974676505	1.0120768547058105
6613.16255851238	1.0127263069152832
6613.27641955711	1.0231200456619263
6613.3902806018405	1.0302656888961792
6613.50414164657	1.019222378730774
6613.6180026913	1.0146751403808594
6613.73186373603	1.0169488191604614
6613.84572478076	1.0240943431854248
6613.95958582549	1.0250688791275024
6614.07344687022	1.0250688791275024
6614.18730791495	1.0305904150009155
6614.30116895968	1.0240943431854248
6614.41503000441	1.013051152229309
6614.52889104914	1.021496057510376
6614.6427520938705	1.0221456289291382
6614.7566131386	1.0218207836151123
6614.87047418333	1.02117121219635
6614.98433522806	1.0146751403808594
6615.09819627279	1.020521640777588
6615.21205731752	1.0169488191604614
6615.32591836225	1.0146751403808594
6615.43977940698	1.0162991285324097
6615.55364045171	1.0169488191604614
6615.66750149644	1.0124015808105469
6615.78136254117	1.0172736644744873
6615.895223585901	1.0179232358932495
6616.00908463063	1.014350414276123
6616.12294567536	1.013375997543335
6616.2368067200905	1.019222378730774
6616.35066776482	1.0208463668823242
6616.46452880955	1.0182479619979858
6616.57838985428	1.0182479619979858
6616.69225089901	1.0188976526260376
6616.80611194374	1.020521640777588
6616.91997298847	1.0172736644744873
6617.0338340332	1.0179232358932495
6617.14769507793	1.0179232358932495
6617.26155612266	1.0221456289291382
6617.37541716739	1.02117121219635
6617.489278212121	1.0159744024276733
6617.60313925685	1.0185728073120117
6617.71700030158	1.0166239738464355
6617.8308613463105	1.0169488191604614
6617.94472239104	1.0182479619979858
6618.05858343577	1.0153248310089111
6618.1724444805	1.0182479619979858
6618.28630552523	1.0140256881713867
6618.40016656996	1.019222378730774
6618.51402761469	1.0218207836151123
6618.62788865942	1.02117121219635
6618.74174970415	1.0185728073120117
6618.85561074888	1.0221456289291382
6618.96947179361	1.019222378730774
6619.0833328383405	1.0208463668823242
6619.19719388307	1.0247440338134766
6619.3110549278	1.020521640777588
6619.4249159725305	1.019222378730774
6619.53877701726	1.0159744024276733
6619.65263806199	1.0137008428573608
6619.76649910672	1.0172736644744873
6619.88036015145	1.0114271640777588
6619.99422119618	1.013051152229309
6620.10808224091	1.015649676322937
6620.22194328564	1.0179232358932495
6620.33580433037	1.0208463668823242
6620.4496653751	1.0175983905792236
6620.56352641983	1.0140256881713867
6620.6773874645605	1.0120768547058105
6620.79124850929	1.0159744024276733
6620.90510955402	1.0137008428573608
6621.0189705987505	1.0101280212402344
6621.13283164348	1.0140256881713867
6621.24669268821	1.013375997543335
6621.36055373294	1.0072047710418701
6621.47441477767	1.0059056282043457
6621.5882758224	1.0029823780059814
6621.70213686713	1.0114271640777588
6621.81599791186	1.0127263069152832
6621.92985895659	1.0104528665542603
6622.04372000132	1.0195472240447998
6622.15758104605	1.0182479619979858
6622.2714420907805	1.0169488191604614
6622.38530313551	1.0172736644744873
6622.49916418024	1.0094783306121826
6622.61302522497	1.0072047710418701
6622.7268862697	1.0094783306121826
6622.84074731443	1.008504033088684
6622.95460835916	1.0107775926589966
6623.06846940389	1.0146751403808594
6623.18233044862	1.0159744024276733
6623.29619149335	1.014350414276123
6623.41005253808	1.0195472240447998
6623.523913582811	1.019222378730774
6623.63777462754	1.0114271640777588
6623.75163567227	1.0149999856948853
6623.8654967170005	1.0149999856948853
6623.97935776173	1.0107775926589966
6624.09321880646	1.013375997543335
6624.20707985119	1.0101280212402344
6624.32094089592	1.0094783306121826
6624.43480194065	1.0120768547058105
6624.54866298538	1.0153248310089111
6624.66252403011	1.0117520093917847
6624.77638507484	1.0052560567855835
6624.89024611957	1.007529616355896
6625.0041071643	1.0114271640777588
6625.117968209031	1.013051152229309
6625.23182925376	1.0140256881713867
6625.34569029849	1.014350414276123
6625.4595513432205	1.0078543424606323
6625.57341238795	0.9782976508140564
6625.68727343268	0.9821951985359192
6625.80113447741	1.0140256881713867
6625.91499552214	1.008504033088684
6626.02885656687	1.0078543424606323
6626.1427176116	1.0072047710418701
6626.25657865633	1.0023328065872192
6626.37043970106	0.9974608421325684
6626.48430074579	1.0055807828903198
6626.59816179052	1.0166239738464355
6626.7120228352505	1.0182479619979858
6626.82588387998	1.0153248310089111
6626.93974492471	1.0146751403808594
6627.0536059694405	1.0127263069152832
6627.16746701417	1.0140256881713867
6627.2813280589	1.0072047710418701
6627.39518910363	1.0055807828903198
6627.50905014836	1.0124015808105469
6627.62291119309	1.0146751403808594
6627.73677223782	1.0127263069152832
6627.85063328255	1.0117520093917847
6627.96449432728	1.0107775926589966
6628.07835537201	1.0039567947387695
6628.19221641674	1.0042816400527954
6628.3060774614705	1.0091536045074463
6628.4199385062	1.0104528665542603
6628.53379955093	1.0124015808105469
6628.64766059566	1.0127263069152832
6628.76152164039	1.0059056282043457
6628.87538268512	1.0052560567855835
6628.98924372985	1.0104528665542603
6629.10310477458	1.0094783306121826
6629.21696581931	1.0169488191604614
6629.33082686404	1.0166239738464355
6629.44468790877	1.0107775926589966
6629.558548953501	1.0137008428573608
6629.67240999823	1.0137008428573608
6629.78627104296	1.00882887840271
6629.9001320876905	1.0107775926589966
6630.01399313242	1.014350414276123
6630.12785417715	1.0124015808105469
6630.24171522188	1.0091536045074463
6630.35557626661	1.0221456289291382
6630.46943731134	1.034163236618042
6630.58329835607	1.0166239738464355
6630.6971594008	1.0081791877746582
6630.81102044553	1.006230354309082
6630.92488149026	1.0046063661575317
6631.03874253499	1.00882887840271
6631.152603579721	1.0072047710418701
6631.26646462445	1.0046063661575317
6631.38032566918	1.0078543424606323
6631.4941867139105	1.0091536045074463
6631.60804775864	1.0029823780059814
6631.72190880337	1.0098031759262085
6631.8357698481	1.0146751403808594
6631.94963089283	1.0104528665542603
6632.06349193756	1.0026576519012451
6632.17735298229	1.0033072233200073
6632.29121402702	1.0052560567855835
6632.40507507175	1.007529616355896
6632.51893611648	1.0059056282043457
6632.63279716121	0.9997343420982361
6632.746658205941	1.0042816400527954
6632.86051925067	1.000708818435669
6632.9743802954	0.9997343420982361
6633.0882413401305	0.9984351992607117
6633.20210238486	0.9994096159934998
6633.31596342959	1.0033072233200073
6633.42982447432	1.006555199623108
6633.54368551905	1.0117520093917847
6633.65754656378	1.0078543424606323
6633.77140760851	1.0078543424606323
6633.88526865324	1.0127263069152832
6633.99912969797	1.0068800449371338
6634.1129907427	1.0101280212402344
6634.22685178743	1.0159744024276733
6634.3407128321605	1.006555199623108
6634.45457387689	1.0078543424606323
6634.56843492162	1.0094783306121826
6634.6822959663505	1.006230354309082
6634.79615701108	0.9977856278419495
6634.91001805581	1.000383973121643
6635.02387910054	1.0072047710418701
6635.13774014527	1.0020079612731934
6635.25160119	1.0013583898544312
6635.36546223473	1.011102318763733
6635.47932327946	1.0091536045074463
6635.593184324191	1.0046063661575317
6635.70704536892	1.008504033088684
6635.82090641365	1.0059056282043457
6635.9347674583805	0.9987599849700928
6636.04862850311	0.9994096159934998
6636.16248954784	1.0033072233200073
6636.27635059257	1.0020079612731934
6636.3902116373	1.0013583898544312
6636.50407268203	1.0055807828903198
6636.61793372676	1.0081791877746582
6636.73179477149	1.007529616355896
6636.84565581622	1.0026576519012451
6636.95951686095	1.0026576519012451
6637.07337790568	1.0042816400527954
6637.187238950411	1.0010336637496948
6637.30109999514	0.9968111515045166
6637.41496103987	0.9984351992607117
6637.5288220846005	1.0068800449371338
6637.64268312933	1.00882887840271
6637.75654417406	1.0036319494247437
6637.87040521879	1.0036319494247437
6637.98426626352	1.0049312114715576
6638.09812730825	1.0052560567855835
6638.21198835298	1.0052560567855835
6638.32584939771	1.0026576519012451
6638.43971044244	1.0033072233200073
6638.55357148717	1.006230354309082
6638.6674325319	1.0094783306121826
6638.781293576631	1.0042816400527954
6638.89515462136	1.0020079612731934
6639.00901566609	1.0052560567855835
6639.1228767108205	1.0052560567855835
6639.23673775555	1.0046063661575317
6639.35059880028	1.0026576519012451
6639.46445984501	1.0094783306121826
6639.57832088974	1.0153248310089111
6639.69218193447	1.0179232358932495
6639.8060429792	1.0182479619979858
6639.91990402393	1.020521640777588
6640.03376506866	1.006230354309082
6640.14762611339	1.0020079612731934
6640.26148715812	1.0036319494247437
6640.375348202851	0.9990848302841187
6640.48920924758	1.0039567947387695
6640.60307029231	1.006555199623108
6640.7169313370405	1.0049312114715576
6640.83079238177	0.9990848302841187
6640.9446534265	0.9990848302841187
6641.05851447123	0.9997343420982361
6641.17237551596	0.9990848302841187
6641.28623656069	1.0033072233200073
6641.40009760542	1.0033072233200073
6641.51395865015	1.007529616355896
6641.627819694881	1.0081791877746582
6641.74168073961	1.006230354309082
6641.85554178434	1.000383973121643
6641.9694028290705	0.9938880205154419
6642.0832638738	0.9958367943763733
6642.19712491853	1.0000591278076172
6642.3109859632605	0.9945376515388489
6642.42484700799	0.9916143417358398
6642.53870805272	1.001683235168457
6642.65256909745	1.000708818435669
6642.76643014218	0.9961616396903992
6642.88029118691	0.9987599849700928
6642.99415223164	0.9997343420982361
6643.10801327637	1.0013583898544312
6643.221874321101	1.000708818435669
6643.33573536583	0.9990848302841187
6643.44959641056	1.000708818435669
6643.5634574552905	1.006230354309082
6643.67731850002	1.0010336637496948
6643.79117954475	0.9880416393280029
6643.90504058948	0.994212806224823
6644.01890163421	1.0010336637496948
6644.13276267894	1.0029823780059814
6644.24662372367	1.0052560567855835
6644.3604847684	1.0013583898544312
6644.47434581313	0.993563175201416
6644.58820685786	1.000708818435669
6644.70206790259	1.0055807828903198
6644.815928947321	0.9997343420982361
6644.92978999205	1.0046063661575317
6645.04365103678	1.0104528665542603
6645.1575120815105	1.0055807828903198
6645.27137312624	1.000383973121643
6645.38523417097	1.0036319494247437
6645.4990952157	1.0026576519012451
6645.61295626043	0.9981103539466858
6645.72681730516	0.9990848302841187
6645.84067834989	1.0010336637496948
6645.95453939462	1.0042816400527954
6646.06840043935	1.0039567947387695
6646.18226148408	0.9981103539466858
6646.29612252881	1.0010336637496948
6646.409983573541	1.0029823780059814
6646.52384461827	1.0020079612731934
6646.637705663	0.9981103539466858
6646.7515667077305	0.9945376515388489
6646.86542775246	0.9938880205154419
6646.97928879719	1.0020079612731934
6647.09314984192	1.0000591278076172
6647.20701088665	0.9916143417358398
6647.32087193138	0.9903151988983154
6647.43473297611	0.9964863657951355
6647.54859402084	0.9990848302841187
6647.662455065571	1.001683235168457
6647.7763161103	0.9955120086669922
6647.89017715503	1.0023328065872192
6648.0040381997605	1.0033072233200073
6648.11789924449	0.9981103539466858
6648.23176028922	0.9968111515045166
6648.3456213339505	0.9961616396903992
6648.45948237868	1.000383973121643
6648.57334342341	1.000708818435669
6648.68720446814	1.0029823780059814
6648.80106551287	1.000708818435669
6648.9149265576	0.9997343420982361
6649.02878760233	0.9971359968185425
6649.14264864706	0.9981103539466858
6649.256509691791	0.9987599849700928
6649.37037073652	1.0023328065872192
6649.48423178125	1.0052560567855835
6649.5980928259805	1.000708818435669
6649.71195387071	1.000383973121643
6649.82581491544	1.000708818435669
6649.9396759601705	1.0039567947387695
6650.0535370049	1.0055807828903198
6650.16739804963	0.9938880205154419
6650.28125909436	0.9899903535842896
6650.39512013909	0.993563175201416
6650.50898118382	0.993563175201416
6650.62284222855	0.9961616396903992
6650.73670327328	1.000383973121643
6650.850564318011	0.9990848302841187
6650.96442536274	0.9990848302841187
6651.07828640747	0.9932383894920349
6651.1921474522005	0.9932383894920349
6651.30600849693	1.0039567947387695
6651.41986954166	1.0020079612731934
6651.53373058639	0.9964863657951355
6651.64759163112	0.9964863657951355
6651.76145267585	1.0026576519012451
6651.87531372058	0.9981103539466858
6651.98917476531	0.9968111515045166
6652.10303581004	1.0029823780059814
6652.21689685477	0.993563175201416
6652.3307578995	1.0000591278076172
6652.444618944231	1.0000591278076172
6652.55847998896	0.9938880205154419
6652.67234103369	1.000383973121643
6652.7862020784205	0.9961616396903992
6652.90006312315	0.9964863657951355
6653.01392416788	0.9981103539466858
6653.12778521261	0.9974608421325684
6653.24164625734	1.000708818435669
6653.35550730207	0.9964863657951355
6653.4693683468	0.9968111515045166
6653.58322939153	0.994212806224823
6653.697090436261	0.9968111515045166
6653.81095148099	0.9974608421325684
6653.92481252572	0.9997343420982361
6654.038673570451	1.0036319494247437
6654.15253461518	1.0023328065872192
6654.26639565991	1.0052560567855835
6654.3802567046405	1.0033072233200073
6654.49411774937	0.9977856278419495
6654.6079787941	1.0010336637496948
6654.72183983883	0.9968111515045166
6654.83570088356	0.9929136633872986
6654.94956192829	0.9964863657951355
6655.06342297302	1.0000591278076172
6655.17728401775	0.9948623776435852
6655.291145062481	0.9932383894920349
6655.40500610721	0.9948623776435852
6655.51886715194	0.9938880205154419
6655.6327281966705	0.9945376515388489
6655.7465892414	0.9912896156311035
6655.86045028613	0.9912896156311035
6655.9743113308605	0.9958367943763733
6656.08817237559	1.0010336637496948
6656.20203342032	0.9994096159934998
6656.31589446505	0.9964863657951355
6656.42975550978	0.9909648299217224
6656.54361655451	0.9909648299217224
6656.65747759924	0.9964863657951355
6656.77133864397	1.0033072233200073
6656.885199688701	1.0000591278076172
6656.99906073343	0.994212806224823
6657.11292177816	0.9938880205154419
6657.2267828228905	1.000383973121643
6657.34064386762	0.9971359968185425
6657.45450491235	0.9990848302841187
6657.5683659570805	1.0020079612731934
6657.68222700181	0.9886911511421204
6657.79608804654	0.9870671629905701
6657.90994909127	1.0000591278076172
6658.023810136	0.9958367943763733
6658.13767118073	0.9964863657951355
6658.25153222546	0.9997343420982361
6658.36539327019	0.9994096159934998
6658.479254314921	0.9977856278419495
6658.59311535965	0.993563175201416
6658.70697640438	0.9971359968185425
6658.8208374491105	1.000708818435669
6658.93469849384	0.9990848302841187
6659.04855953857	0.9951871633529663
6659.1624205833	0.9938880205154419
6659.27628162803	0.9961616396903992
6659.39014267276	1.000383973121643
6659.50400371749	0.9968111515045166
6659.61786476222	0.9906399846076965
6659.731725806951	0.9912896156311035
6659.84558685168	0.9922639727592468
6659.95944789641	0.9958367943763733
6660.073308941141	0.9968111515045166
6660.18716998587	0.993563175201416
6660.3010310306	0.9925888180732727
6660.4148920753305	0.9883663654327393
6660.52875312006	0.9893408417701721
6660.64261416479	0.993563175201416
6660.75647520952	0.9968111515045166
6660.87033625425	0.9932383894920349
6660.98419729898	0.9974608421325684
6661.09805834371	0.9961616396903992
6661.21191938844	0.9955120086669922
6661.325780433171	0.9984351992607117
6661.4396414779	0.9919391870498657
6661.55350252263	0.9906399846076965
6661.667363567361	0.9870671629905701
6661.78122461209	0.9899903535842896
6661.89508565682	0.9864176511764526
6662.0089467015505	0.9844688177108765
6662.12280774628	0.9857680201530457
6662.23666879101	0.9890159964561462
6662.35052983574	0.993563175201416
6662.46439088047	0.9912896156311035
6662.5782519252	0.9932383894920349
6662.69211296993	0.994212806224823
6662.80597401466	0.9909648299217224
6662.919835059391	0.9938880205154419
6663.03369610412	1.0029823780059814
6663.14755714885	1.0049312114715576
6663.2614181935805	1.0036319494247437
6663.37527923831	1.0026576519012451
6663.48914028304	0.9958367943763733
6663.6030013277705	0.9961616396903992
6663.7168623725	0.9977856278419495
6663.83072341723	0.9948623776435852
6663.94458446196	0.9912896156311035
6664.05844550669	0.9916143417358398
6664.17230655142	0.9938880205154419
6664.28616759615	0.9981103539466858
6664.40002864088	0.9932383894920349
6664.513889685611	0.9870671629905701
6664.62775073034	0.9968111515045166
6664.74161177507	0.9977856278419495
6664.8554728198005	0.9961616396903992
6664.96933386453	0.9893408417701721
6665.08319490926	0.9805711507797241
6665.1970559539905	0.9847936630249023
6665.31091699872	0.9870671629905701
6665.42477804345	0.987392008304596
6665.53863908818	0.9890159964561462
6665.65250013291	0.987392008304596
6665.766361177641	0.9857680201530457
6665.88022222237	0.9880416393280029
6665.9940832671	0.9886911511421204
6666.107944311831	0.987716794013977
6666.22180535656	0.987392008304596
6666.33566640129	0.9864176511764526
6666.4495274460205	0.9857680201530457
6666.56338849075	0.9864176511764526
6666.67724953548	0.9890159964561462
6666.79111058021	0.9851183891296387
6666.90497162494	0.9896656274795532
6667.01883266967	0.9929136633872986
6667.1326937144	0.9886911511421204
6667.24655475913	0.987392008304596
6667.360415803861	0.9860928058624268
6667.47427684859	0.9799216389656067
6667.58813789332	0.9844688177108765
6667.701998938051	0.9899903535842896
6667.81585998278	0.9821951985359192
6667.92972102751	0.9776480197906494
6668.0435820722405	0.9844688177108765
6668.15744311697	0.9851183891296387
6668.2713041617	0.9896656274795532
6668.38516520643	0.987716794013977
6668.49902625116	0.9763488173484802
6668.61288729589	0.9805711507797241
6668.72674834062	0.9828448295593262
6668.84060938535	0.9841439723968506
6668.954470430081	0.9896656274795532
6669.06833147481	0.9925888180732727
6669.18219251954	0.9932383894920349
6669.296053564271	0.9893408417701721
6669.409914609	0.9925888180732727
6669.52377565373	0.9929136633872986
6669.6376366984605	0.9987599849700928
6669.75149774319	1.0046063661575317
6669.86535878792	0.9997343420982361
6669.97921983265	1.0039567947387695
6670.09308087738	1.0039567947387695
6670.20694192211	0.9981103539466858
6670.32080296684	0.9961616396903992
6670.43466401157	0.9945376515388489
6670.548525056301	0.9958367943763733
6670.66238610103	0.9932383894920349
6670.77624714576	0.9922639727592468
6670.8901081904905	0.9968111515045166
6671.00396923522	0.9938880205154419
6671.11783027995	0.9883663654327393
6671.2316913246805	0.9838191866874695
6671.34555236941	0.9841439723968506
6671.45941341414	0.9831696152687073
6671.57327445887	0.9831696152687073
6671.6871355036	0.980246365070343
6671.800996548331	0.9766736626625061
6671.91485759306	0.9795967936515808
6672.02871863779	0.9705023765563965
6672.142579682521	0.9627071619033813
6672.25644072725	0.9672543406486511
6672.37030177198	0.974075198173523
6672.4841628167105	0.967579185962677
6672.59802386144	0.9636816382408142
6672.71188490617	0.9636816382408142
6672.8257459509005	0.9581599831581116
6672.93960699563	0.9539376497268677
6673.05346804036	0.9545871615409851
6673.16732908509	0.9503648281097412
6673.28119012982	0.9510143399238586
6673.395051174551	0.954262375831604
6673.50891221928	0.9454928040504456
6673.62277326401	0.9487408399581909
6673.736634308741	0.9487408399581909
6673.85049535347	0.9461423754692078
6673.9643563982	0.949065625667572
6674.0782174429305	0.9435439705848694
6674.19207848766	0.9419199824333191
6674.30593953239	0.9467920064926147
6674.41980057712	0.9464671611785889
6674.53366162185	0.9419199824333191
6674.64752266658	0.9402959942817688
6674.76138371131	0.9383471608161926
6674.87524475604	0.9373728036880493
6674.989105800771	0.935748815536499
6675.1029668455	0.9318512082099915
6675.21682789023	0.928278386592865
6675.330688934961	0.9279536604881287
6675.44454997969	0.9221071600914001
6675.55841102442	0.9214576482772827
6675.6722720691505	0.928928017616272
6675.78613311388	0.9266543388366699
6675.89999415861	0.9211328029632568
6676.01385520334	0.9266543388366699
6676.12771624807	0.9227567911148071
6676.2415772928	0.921782374382019
6676.35543833753	0.916260838508606
6676.46929938226	0.9136623740196228
6676.583160426991	0.9107391834259033
6676.69702147172	0.9084656238555908
6676.81088251645	0.9042431712150574
6676.924743561181	0.8996959924697876
6677.03860460591	0.8980720043182373
6677.15246565064	0.8896271586418152
6677.2663266953705	0.8844303488731384
6677.3801877401	0.8841056227684021
6677.49404878483	0.8782591819763184
6677.60790982956	0.8717631697654724
6677.72177087429	0.8750112056732178
6677.835631919021	0.8798831701278687
6677.94949296375	0.8805328011512756
6678.06335400848	0.8798831701278687
6678.177215053211	0.8798831701278687
6678.29107609794	0.8808576464653015
6678.40493714267	0.8854048252105713
6678.5187981874005	0.8870288133621216
6678.63265923213	0.8867040276527405
6678.74652027686	0.894174337387085
6678.8603813215905	0.8909263610839844
6678.97424236632	0.8828063607215881
6679.08810341105	0.8915759921073914
6679.20196445578	0.8987216353416443
6679.31582550051	0.894174337387085
6679.429686545241	0.8996959924697876
6679.54354758997	0.9003456234931946
6679.6574086347	0.8922256231307983
6679.771269679431	0.8938496112823486
6679.88513072416	0.8980720043182373
6679.99899176889	0.8954736590385437
6680.1128528136205	0.8883280158042908
6680.22671385835	0.8798831701278687
6680.34057490308	0.883131206035614
6680.45443594781	0.883780837059021
6680.56829699254	0.8828063607215881
6680.68215803727	0.8828063607215881
6680.796019082	0.8870288133621216
6680.90988012673	0.8928751945495605
6681.023741171461	0.8954736590385437
6681.13760221619	0.897097647190094
6681.25146326092	0.9000208377838135
6681.365324305651	0.9055423736572266
6681.47918535038	0.9094399809837341
6681.59304639511	0.9175599813461304
6681.7069074398405	0.9227567911148071
6681.82076848457	0.9321759939193726
6681.9346295293	0.9389967918395996
6682.04849057403	0.9380223751068115
6682.16235161876	0.9393216371536255
6682.27621266349	0.9464671611785889
6682.39007370822	0.9536128044128418
6682.50393475295	0.9500399827957153
6682.617795797681	0.9523136615753174
6682.73165684241	0.9536128044128418
6682.84551788714	0.9529631733894348
6682.959378931871	0.9656303524971008
6683.0732399766	0.9633567929267883
6683.18710102133	0.9588096141815186
6683.3009620660605	0.9627071619033813
6683.41482311079	0.9633567929267883
6683.52868415552	0.9649808406829834
6683.64254520025	0.9692031741142273
6683.75640624498	0.9695280194282532
6683.870267289711	0.9711520075798035
6683.98412833444	0.9760239720344543
6684.09798937917	0.9773231744766235
6684.211850423901	0.981545627117157
6684.32571146863	0.9828448295593262
6684.43957251336	0.9795967936515808
6684.553433558091	0.9821951985359192
6684.66729460282	0.9841439723968506
6684.78115564755	0.9883663654327393
6684.8950166922805	0.9896656274795532
6685.00887773701	0.9886911511421204
6685.12273878174	0.9916143417358398
6685.23659982647	0.9997343420982361
6685.3504608712	0.9955120086669922
6685.464321915931	0.9919391870498657
6685.57818296066	0.9964863657951355
6685.69204400539	0.9896656274795532
6685.805905050121	0.9864176511764526
6685.91976609485	0.9886911511421204
6686.03362713958	0.987392008304596
6686.1474881843105	0.9909648299217224
6686.26134922904	1.001683235168457
6686.37521027377	1.033188819885254
6686.4890713185005	1.0315648317337036
6686.60293236323	0.9971359968185425
6686.71679340796	0.9847936630249023
6686.83065445269	0.9782976508140564
6686.94451549742	0.9805711507797241
6687.058376542151	0.9847936630249023
6687.17223758688	0.9818703532218933
6687.28609863161	0.9841439723968506
6687.399959676341	0.987716794013977
6687.51382072107	0.9821951985359192
6687.6276817658	0.9763488173484802
6687.7415428105305	0.9792720079421997
6687.85540385526	0.9834943413734436
6687.96926489999	0.9893408417701721
6688.08312594472	0.9903151988983154
6688.19698698945	0.9890159964561462
6688.31084803418	0.9916143417358398
6688.42470907891	0.9851183891296387
6688.53857012364	0.98089599609375
6688.652431168371	0.9857680201530457
6688.7662922131	0.9838191866874695
6688.88015325783	0.98089599609375
6688.994014302561	0.9805711507797241
6689.10787534729	0.9789471626281738
6689.22173639202	0.9854431748390198
6689.3355974367505	0.9844688177108765
6689.44945848148	0.975049614906311
6689.56331952621	0.9747248291969299
6689.67718057094	0.981545627117157
6689.79104161567	0.9805711507797241
6689.904902660401	0.9818703532218933
6690.01876370513	0.9834943413734436
6690.13262474986	0.9799216389656067
6690.246485794591	0.975049614906311
6690.36034683932	0.9662799835205078
6690.47420788405	0.9630320072174072
6690.588068928781	0.9640063643455505
