6502.46449719	0.0404876469
6502.46449719143	1.0673657655715942
6502.5049848383305	1.0695639848709106
6502.545472485231	1.071959376335144
6502.585960132131	1.0741127729415894
6502.62644777903	1.0759063959121704
6502.66693542593	1.0776783227920532
6502.70742307283	1.0799006223678589
6502.7479107197305	1.0826973915100098
6502.788398366631	1.085591435432434
6502.828886013531	1.0876562595367432
6502.86937366043	1.088004469871521
6502.90986130733	1.0863940715789795
6502.95034895423	1.0836265087127686
6502.9908366011305	1.0812592506408691
6503.031324248031	1.0806480646133423
6503.071811894931	1.0819904804229736
6503.11229954183	1.0842138528823853
6503.15278718873	1.085854172706604
6503.19327483563	1.0860109329223633
6503.23376248253	1.0846868753433228
6503.274250129431	1.0825947523117065
6503.314737776331	1.080767035484314
6503.35522542323	1.080140233039856
6503.39571307013	1.0811926126480103
6503.43620071703	1.0836853981018066
6503.47668836393	1.0866239070892334
6503.517176010831	1.0886873006820679
6503.557663657731	1.0891412496566772
6503.59815130463	1.088487982749939
6503.63863895153	1.08819580078125
6503.67912659843	1.0896655321121216
6503.71961424533	1.0932387113571167
6503.7601018922305	1.0979580879211426
6503.800589539131	1.102082371711731
6503.841077186031	1.103930950164795
6503.88156483293	1.102751612663269
6503.92205247983	1.0991121530532837
6503.96254012673	1.0944660902023315
6504.0030277736305	1.090267539024353
6504.043515420531	1.0872912406921387
6504.084003067431	1.0855134725570679
6504.12449071433	1.0843449831008911
6504.16497836123	1.0830005407333374
6504.20546600813	1.0808627605438232
6504.2459536550305	1.0777006149291992
6504.286441301931	1.0737125873565674
6504.326928948831	1.0694717168807983
6504.36741659573	1.0658215284347534
6504.40790424263	1.0636937618255615
6504.44839188953	1.0637552738189697
6504.48887953643	1.0658504962921143
6504.529367183331	1.068709373474121
6504.569854830231	1.0706162452697754
6504.61034247713	1.0706149339675903
6504.65083012403	1.0691431760787964
6504.69131777093	1.067510962486267
6504.73180541783	1.0667955875396729
6504.772293064731	1.0672441720962524
6504.812780711631	1.0685226917266846
6504.85326835853	1.0702333450317383
6504.89375600543	1.0722548961639404
6504.93424365233	1.0747911930084229
6504.97473129923	1.0780317783355713
6505.0152189461305	1.0816385746002197
6505.055706593031	1.0845683813095093
6505.096194239931	1.0856350660324097
6505.13668188683	1.0844128131866455
6505.17716953373	1.0815215110778809
6505.21765718063	1.0781385898590088
6505.2581448275305	1.0753508806228638
6505.298632474431	1.0738108158111572
6505.339120121331	1.0736949443817139
6505.37960776823	1.074782371520996
6505.42009541513	1.0765303373336792
6505.46058306203	1.0781805515289307
6505.5010707089305	1.0789860486984253
6505.541558355831	1.0785011053085327
6505.582046002731	1.0767557621002197
6505.62253364963	1.0742530822753906
6505.66302129653	1.071796178817749
6505.70350894343	1.0701910257339478
6505.74399659033	1.0699487924575806
6505.784484237231	1.0711579322814941
6505.824971884131	1.0735746622085571
6505.86545953103	1.0767168998718262
6505.90594717793	1.0797641277313232
6505.94643482483	1.0814788341522217
6505.98692247173	1.0805948972702026
6506.0274101186305	1.0766478776931763
6506.067897765531	1.0705101490020752
6506.10838541243	1.0639089345932007
6506.14887305933	1.0581927299499512
6506.18936070623	1.053665041923523
6506.22984835313	1.0501298904418945
6506.2703360000305	1.0476990938186646
6506.310823646931	1.0468823909759521
6506.351311293831	1.048053503036499
6506.39179894073	1.0509775876998901
6506.43228658763	1.0548194646835327
6506.47277423453	1.0585318803787231
6506.5132618814305	1.0613113641738892
6506.553749528331	1.0629326105117798
6506.594237175231	1.0637829303741455
6506.63472482213	1.064535140991211
6506.67521246903	1.0657591819763184
6506.71570011593	1.0677093267440796
6506.75618776283	1.070333480834961
6506.796675409731	1.0734562873840332
6506.837163056631	1.0770045518875122
6506.87765070353	1.0809993743896484
6506.91813835043	1.0850696563720703
6506.95862599733	1.0879206657409668
6506.99911364423	1.0877270698547363
6507.039601291131	1.0835000276565552
6507.080088938031	1.0760407447814941
6507.12057658493	1.0674293041229248
6507.16106423183	1.0595817565917969
6507.20155187873	1.0531343221664429
6507.24203952563	1.0473092794418335
6507.2825271725305	1.0406463146209717
6507.323014819431	1.0325549840927124
6507.36350246633	1.0245051383972168
6507.40399011323	1.019135594367981
6507.44447776013	1.0179535150527954
6507.48496540703	1.0200095176696777
6507.5254530539305	1.0227071046829224
6507.565940700831	1.023693323135376
6507.606428347731	1.022171974182129
6507.64691599463	1.0191235542297363
6507.68740364153	1.0167055130004883
6507.72789128843	1.0170334577560425
6507.7683789353305	1.0210115909576416
6507.808866582231	1.0278780460357666
6507.849354229131	1.0355180501937866
6507.88984187603	1.0415514707565308
6507.93032952293	1.044778823852539
6507.97081716983	1.0459444522857666
6508.01130481673	1.0469709634780884
6508.051792463631	1.049345850944519
6508.092280110531	1.0531870126724243
6508.13276775743	1.0574023723602295
6508.17325540433	1.0604188442230225
6508.21374305123	1.0610036849975586
6508.25423069813	1.0588423013687134
6508.294718345031	1.0546324253082275
6508.335205991931	1.0497578382492065
6508.37569363883	1.0458041429519653
6508.41618128573	1.044118046760559
6508.45666893263	1.0454275608062744
6508.49715657953	1.0495542287826538
6508.5376442264305	1.0553290843963623
6508.578131873331	1.0609636306762695
6508.61861952023	1.0648202896118164
6508.65910716713	1.0660754442214966
6508.69959481403	1.0648826360702515
6508.74008246093	1.0620912313461304
6508.7805701078305	1.0588232278823853
6508.821057754731	1.0561078786849976
6508.861545401631	1.05464506149292
6508.90203304853	1.0547176599502563
6508.94252069543	1.056212306022644
6508.98300834233	1.058711051940918
6509.0234959892305	1.0616281032562256
6509.063983636131	1.0643635988235474
6509.104471283031	1.0664441585540771
6509.14495892993	1.0676032304763794
6509.18544657683	1.067752480506897
6509.22593422373	1.0668691396713257
6509.26642187063	1.0648959875106812
6509.306909517531	1.0617475509643555
6509.347397164431	1.0575147867202759
6509.38788481133	1.0528545379638672
6509.42837245823	1.0491524934768677
6509.46886010513	1.0479792356491089
6509.50934775203	1.0500980615615845
6509.549835398931	1.0549403429031372
6509.590323045831	1.061047911643982
6509.63081069273	1.0669476985931396
6509.67129833963	1.0716373920440674
6509.71178598653	1.0745593309402466
6509.75227363343	1.0754145383834839
6509.7927612803305	1.074052333831787
6509.833248927231	1.0706132650375366
6509.87373657413	1.0659325122833252
6509.91422422103	1.0616904497146606
6509.95471186793	1.0596591234207153
6509.99519951483	1.0604135990142822
6510.0356871617305	1.0628327131271362
6510.076174808631	1.0650500059127808
6510.116662455531	1.06576669216156
6510.15715010243	1.0647550821304321
6510.19763774933	1.0626325607299805
6510.23812539623	1.0603156089782715
6510.2786130431305	1.0584640502929688
6510.319100690031	1.0572994947433472
6510.359588336931	1.0568867921829224
6510.40007598383	1.057429552078247
6510.44056363073	1.0591429471969604
6510.48105127763	1.061849594116211
6510.52153892453	1.0648612976074219
6510.562026571431	1.0673303604125977
6510.602514218331	1.0686500072479248
6510.64300186523	1.068578839302063
6510.68348951213	1.0672001838684082
6510.72397715903	1.064854621887207
6510.76446480593	1.0620872974395752
6510.804952452831	1.0595859289169312
6510.845440099731	1.058079481124878
6510.88592774663	1.0581766366958618
6510.92641539353	1.060141682624817
6510.96690304043	1.0636589527130127
6511.00739068733	1.0677112340927124
6511.0478783342305	1.0706987380981445
6511.088365981131	1.0709726810455322
6511.12885362803	1.0676747560501099
6511.16934127493	1.0612000226974487
6511.20982892183	1.0528204441070557
6511.25031656873	1.0439337491989136
6511.2908042156305	1.035661220550537
6511.331291862531	1.02888023853302
6511.371779509431	1.0242278575897217
6511.41226715633	1.0218416452407837
6511.45275480323	1.0212095975875854
6511.49324245013	1.0215517282485962
6511.5337300970305	1.022405743598938
6511.574217743931	1.0236668586730957
6511.614705390831	1.025122046470642
6511.65519303773	1.0262378454208374
6511.69568068463	1.0265109539031982
6511.73616833153	1.0258899927139282
6511.77665597843	1.0247621536254883
6511.817143625331	1.0236680507659912
6511.857631272231	1.0232354402542114
6511.89811891913	1.02436363697052
6511.93860656603	1.0281175374984741
6511.97909421293	1.035034418106079
6512.01958185983	1.044425368309021
6512.0600695067305	1.054422378540039
6512.100557153631	1.062730073928833
6512.14104480053	1.0675740242004395
6512.18153244743	1.0684493780136108
6512.22202009433	1.0662938356399536
6512.26250774123	1.0629420280456543
6512.3029953881305	1.060192584991455
6512.343483035031	1.058986783027649
6512.38397068193	1.0590953826904297
6512.42445832883	1.059627890586853
6512.46494597573	1.060112714767456
6512.50543362263	1.0609391927719116
6512.5459212695305	1.0625580549240112
6512.586408916431	1.0645506381988525
6512.626896563331	1.0656908750534058
6512.66738421023	1.0648115873336792
6512.70787185713	1.0617451667785645
6512.74835950403	1.0577678680419922
6512.78884715093	1.0550559759140015
6512.829334797831	1.0552313327789307
6512.869822444731	1.0581433773040771
6512.91031009163	1.0620243549346924
6512.95079773853	1.0647156238555908
6512.99128538543	1.0649950504302979
6513.03177303233	1.0633617639541626
6513.072260679231	1.0615543127059937
6513.112748326131	1.060853123664856
6513.15323597303	1.0608668327331543
6513.19372361993	1.0599815845489502
6513.23421126683	1.0567286014556885
6513.27469891373	1.050934910774231
6513.3151865606305	1.0441019535064697
6513.355674207531	1.0386813879013062
6513.39616185443	1.0364875793457031
6513.43664950133	1.037582278251648
6513.47713714823	1.040521502494812
6513.51762479513	1.0433189868927002
6513.5581124420305	1.0444905757904053
6513.598600088931	1.0437630414962769
6513.63908773583	1.0419244766235352
6513.67957538273	1.0400387048721313
6513.72006302963	1.0387094020843506
6513.76055067653	1.0377857685089111
6513.8010383234305	1.0366888046264648
6513.841525970331	1.0352325439453125
6513.882013617231	1.0341678857803345
6513.92250126413	1.0346484184265137
6513.96298891103	1.0370635986328125
6514.00347655793	1.0405347347259521
6514.04396420483	1.0434468984603882
6514.084451851731	1.044259786605835
6514.124939498631	1.04200279712677
6514.16542714553	1.0362749099731445
6514.20591479243	1.0268058776855469
6514.24640243933	1.0131953954696655
6514.28689008623	0.9954838752746582
6514.327377733131	0.9750504493713379
6514.367865380031	0.9545251131057739
6514.40835302693	0.9365488290786743
6514.44884067383	0.9228586554527283
6514.48932832073	0.9146854877471924
6514.52981596763	0.9134189486503601
6514.5703036145305	0.9201096892356873
6514.610791261431	0.9342151880264282
6514.65127890833	0.9531596899032593
6514.69176655523	0.9731273055076599
6514.73225420213	0.9904284477233887
6514.77274184903	1.002790093421936
6514.8132294959305	1.0099167823791504
6514.853717142831	1.0130735635757446
6514.89420478973	1.0142343044281006
6514.93469243663	1.0154473781585693
6514.97518008353	1.0184317827224731
6515.01566773043	1.0240670442581177
6515.0561553773305	1.0319126844406128
6515.096643024231	1.0404690504074097
6515.137130671131	1.0483465194702148
6515.17761831803	1.0551369190216064
6515.21810596493	1.060870885848999
6515.25859361183	1.0649118423461914
6515.29908125873	1.0659189224243164
6515.339568905631	1.062836766242981
6515.380056552531	1.0556108951568604
6515.42054419943	1.045083999633789
6515.46103184633	1.0325580835342407
6515.50151949323	1.0194934606552124
6515.54200714013	1.007422685623169
6515.582494787031	0.9979121685028076
6515.622982433931	0.9922491312026978
6515.66347008083	0.990664005279541
6515.70395772773	0.9917502403259277
6515.74444537463	0.993412435054779
6515.78493302153	0.9951249361038208
6515.8254206684305	0.9985557198524475
6515.865908315331	1.0050783157348633
6515.90639596223	1.0135408639907837
6515.94688360913	1.0214544534683228
6515.98737125603	1.0274598598480225
6516.02785890293	1.0314379930496216
6516.0683465498305	1.0326768159866333
6516.108834196731	1.0291168689727783
6516.14932184363	1.0185892581939697
6516.18980949053	1.000414490699768
6516.23029713743	0.9760164022445679
6516.27078478433	0.9483851790428162
6516.3112724312305	0.9206691980361938
6516.351760078131	0.8949338793754578
6516.392247725031	0.8723005056381226
6516.43273537193	0.8539518117904663
6516.47322301883	0.8414269089698792
6516.51371066573	0.8359820246696472
6516.55419831263	0.838092565536499
6516.594685959531	0.8475328087806702
6516.635173606431	0.8634951710700989
6516.67566125333	0.8844125270843506
6516.71614890023	0.9078263640403748
6516.75663654713	0.9307504892349243
6516.79712419403	0.9504138827323914
6516.837611840931	0.9650021195411682
6516.878099487831	0.9741361737251282
6516.91858713473	0.9788236618041992
6516.95907478163	0.9808687567710876
6516.99956242853	0.9821901917457581
6517.04005007543	0.9843265414237976
6517.0805377223305	0.9882065057754517
6517.121025369231	0.9942269325256348
6517.16151301613	1.0024272203445435
6517.20200066303	1.0125513076782227
6517.24248830993	1.0239485502243042
6517.28297595683	1.0353904962539673
6517.3234636037305	1.04508376121521
6517.363951250631	1.0513542890548706
6517.40443889753	1.0537692308425903
6517.44492654443	1.0535187721252441
6517.48541419133	1.052531361579895
6517.52590183823	1.0521780252456665
6517.5663894851305	1.052549123764038
6517.606877132031	1.0526182651519775
6517.647364778931	1.051181674003601
6517.68785242583	1.047813057899475
6517.72834007273	1.0428013801574707
6517.76882771963	1.0362815856933594
6517.80931536653	1.0279171466827393
6517.849803013431	1.0175617933273315
6517.890290660331	1.0058658123016357
6517.93077830723	0.9941196441650391
6517.97126595413	0.9838020205497742
6518.01175360103	0.9764054417610168
6518.05224124793	0.9734103679656982
6518.0927288948305	0.9760050773620605
6518.133216541731	0.9844925999641418
6518.17370418863	0.9976738691329956
6518.21419183553	1.0126827955245972
6518.25467948243	1.0257991552352905
6518.29516712933	1.0341027975082397
6518.3356547762305	1.0368291139602661
6518.376142423131	1.035426139831543
6518.41663007003	1.032365322113037
6518.45711771693	1.0293840169906616
6518.49760536383	1.0264171361923218
6518.53809301073	1.0224593877792358
6518.5785806576305	1.0174908638000488
6518.619068304531	1.0131410360336304
6518.65955595143	1.0115306377410889
6518.70004359833	1.0136054754257202
6518.74053124523	1.0181655883789062
6518.78101889213	1.0224725008010864
6518.82150653903	1.0243358612060547
6518.861994185931	1.02370023727417
6518.902481832831	1.0221264362335205
6518.94296947973	1.0211554765701294
6518.98345712663	1.021351933479309
6519.02394477353	1.022347331047058
6519.06443242043	1.023281455039978
6519.104920067331	1.0232347249984741
6519.145407714231	1.021496057510376
6519.18589536113	1.017689824104309
6519.22638300803	1.0119017362594604
6519.26687065493	1.0047669410705566
6519.30735830183	0.9971911907196045
6519.3478459487305	0.9895930886268616
6519.388333595631	0.9815012216567993
6519.42882124253	0.9723489284515381
6519.46930888943	0.9626641869544983
6519.50979653633	0.9542564153671265
6519.55028418323	0.9493270516395569
6519.5907718301305	0.9492112398147583
6519.631259477031	0.9535415768623352
6519.67174712393	0.9607896208763123
6519.71223477083	0.9699020981788635
6519.75272241773	0.9810650944709778
6519.79321006463	0.9946633577346802
6519.8336977115305	1.0098791122436523
6519.874185358431	1.0244369506835938
6519.91467300533	1.0355496406555176
6519.95516065223	1.0415362119674683
6519.99564829913	1.0429770946502686
6520.03613594603	1.0420423746109009
6520.07662359293	1.0406500101089478
6520.117111239831	1.0395127534866333
6520.157598886731	1.0384836196899414
6520.19808653363	1.03728187084198
6520.23857418053	1.0360342264175415
6520.27906182743	1.0352939367294312
6520.31954947433	1.0355207920074463
6520.360037121231	1.0366026163101196
6520.400524768131	1.0378673076629639
6520.44101241503	1.038580060005188
6520.48150006193	1.0387146472930908
6520.52198770883	1.03929603099823
6520.56247535573	1.0416274070739746
6520.6029630026305	1.0459939241409302
6520.643450649531	1.0510928630828857
6520.68393829643	1.0545734167099
6520.72442594333	1.054398775100708
6520.76491359023	1.0503431558609009
6520.80540123713	1.0443826913833618
6520.8458888840305	1.0395188331604004
6520.886376530931	1.0379949808120728
6520.92686417783	1.0399298667907715
6520.96735182473	1.0433248281478882
6521.00783947163	1.0458260774612427
6521.04832711853	1.0464718341827393
6521.0888147654305	1.0456347465515137
6521.129302412331	1.0440409183502197
6521.16979005923	1.0424482822418213
6521.21027770613	1.0418434143066406
6521.25076535303	1.043147087097168
6521.29125299993	1.0464887619018555
6521.33174064683	1.0509986877441406
6521.372228293731	1.055328130722046
6521.412715940631	1.058290958404541
6521.45320358753	1.059192180633545
6521.49369123443	1.0577915906906128
6521.53417888133	1.0541021823883057
6521.57466652823	1.048432469367981
6521.615154175131	1.041790246963501
6521.655641822031	1.0360267162322998
6521.69612946893	1.0331237316131592
6521.73661711583	1.034071683883667
6521.77710476273	1.038257360458374
6521.81759240963	1.0437015295028687
6521.8580800565305	1.0480225086212158
6521.898567703431	1.049612045288086
6521.93905535033	1.0482027530670166
6521.97954299723	1.0445894002914429
6522.02003064413	1.0399178266525269
6522.06051829103	1.0350301265716553
6522.1010059379305	1.0303559303283691
6522.141493584831	1.0263499021530151
6522.18198123173	1.0236703157424927
6522.22246887863	1.022605299949646
6522.26295652553	1.0224546194076538
6522.30344417243	1.0217432975769043
6522.3439318193305	1.019243836402893
6522.384419466231	1.0151863098144531
6522.42490711313	1.0116298198699951
6522.46539476003	1.0111533403396606
6522.50588240693	1.014851450920105
6522.54637005383	1.0217610597610474
6522.58685770073	1.0300010442733765
6522.627345347631	1.037984013557434
6522.667832994531	1.0447410345077515
6522.70832064143	1.04973304271698
6522.74880828833	1.052707314491272
6522.78929593523	1.053853154182434
6522.82978358213	1.0540764331817627
6522.870271229031	1.0546584129333496
6522.910758875931	1.056018590927124
6522.95124652283	1.0569672584533691
6522.99173416973	1.055872917175293
6523.03222181663	1.0524852275848389
6523.07270946353	1.0481606721878052
6523.1131971104305	1.0446449518203735
6523.153684757331	1.0429468154907227
6523.19417240423	1.042857050895691
6523.23466005113	1.0430148839950562
6523.27514769803	1.0415019989013672
6523.31563534493	1.037018895149231
6523.3561229918305	1.0301213264465332
6523.396610638731	1.023112177848816
6523.43709828563	1.0183411836624146
6523.47758593253	1.0167200565338135
6523.51807357943	1.0176318883895874
6523.55856122633	1.0196455717086792
6523.5990488732305	1.0212819576263428
6523.639536520131	1.0215802192687988
6523.68002416703	1.0203642845153809
6523.72051181393	1.0180668830871582
6523.76099946083	1.0150620937347412
6523.80148710773	1.0111100673675537
6523.84197475463	1.0057049989700317
6523.882462401531	0.9989759922027588
6523.922950048431	0.992049515247345
6523.96343769533	0.9864298105239868
6524.00392534223	0.9825834631919861
6524.04441298913	0.9789376258850098
6524.08490063603	0.9735678434371948
6524.1253882829305	0.9677035808563232
6524.165875929831	0.9658063650131226
6524.20636357673	0.9711119532585144
6524.24685122363	0.9827415347099304
6524.28733887053	0.9973978996276855
6524.32782651743	1.0118613243103027
6524.3683141643305	1.0236711502075195
6524.408801811231	1.0312016010284424
6524.44928945813	1.0343315601348877
6524.48977710503	1.034903645515442
6524.53026475193	1.0359030961990356
6524.57075239883	1.0399277210235596
6524.6112400457305	1.0479122400283813
6524.651727692631	1.058616280555725
6524.69221533953	1.0692015886306763
6524.73270298643	1.0764135122299194
6524.77319063333	1.0776338577270508
6524.81367828023	1.0717453956604004
6524.85416592713	1.0599474906921387
6524.894653574031	1.0459233522415161
6524.935141220931	1.0342130661010742
6524.97562886783	1.0274790525436401
6525.01611651473	1.0253639221191406
6525.05660416163	1.0257481336593628
6525.09709180853	1.0265545845031738
6525.137579455431	1.0267804861068726
6525.178067102331	1.0266785621643066
6525.21855474923	1.0272995233535767
6525.25904239613	1.0297375917434692
6525.29953004303	1.0343931913375854
6525.34001768993	1.0406500101089478
6525.3805053368305	1.0472207069396973
6525.420992983731	1.0527708530426025
6525.46148063063	1.056387186050415
6525.50196827753	1.0578818321228027
6525.54245592443	1.0579538345336914
6525.58294357133	1.0579091310501099
6525.6234312182305	1.0586388111114502
6525.663918865131	1.0596115589141846
6525.70440651203	1.0591316223144531
6525.74489415893	1.0556859970092773
6525.78538180583	1.0491825342178345
6525.82586945273	1.0412503480911255
6525.8663570996305	1.0342272520065308
6525.906844746531	1.02963125705719
6525.94733239343	1.027828574180603
6525.98782004033	1.0289415121078491
6526.02830768723	1.033145785331726
6526.06879533413	1.0397807359695435
6526.10928298103	1.0469050407409668
6526.149770627931	1.052252173423767
6526.19025827483	1.0545047521591187
6526.23074592173	1.0537155866622925
6526.27123356863	1.0507620573043823
6526.31172121553	1.046439290046692
6526.35220886243	1.0413410663604736
6526.392696509331	1.0368658304214478
6526.433184156231	1.0354341268539429
6526.47367180313	1.0383623838424683
6526.51415945003	1.0438288450241089
6526.55464709693	1.0482691526412964
6526.59513474383	1.0496901273727417
6526.6356223907305	1.0489128828048706
6526.676110037631	1.0481740236282349
6526.71659768453	1.0491209030151367
6526.75708533143	1.051729440689087
6526.79757297833	1.0548498630523682
6526.83806062523	1.0576282739639282
6526.8785482721305	1.059954285621643
6526.919035919031	1.0617687702178955
6526.95952356593	1.0628348588943481
6527.00001121283	1.0633344650268555
6527.04049885973	1.0638591051101685
6527.08098650663	1.0643839836120605
6527.1214741535305	1.063780665397644
6527.161961800431	1.060736894607544
6527.20244944733	1.055029273033142
6527.24293709423	1.0480597019195557
6527.28342474113	1.0422974824905396
6527.32391238803	1.039795160293579
6527.36440003493	1.040946364402771
6527.404887681831	1.044479250907898
6527.445375328731	1.0484619140625
6527.48586297563	1.0516151189804077
6527.52635062253	1.0538232326507568
6527.56683826943	1.0551801919937134
6527.60732591633	1.0550460815429688
6527.647813563231	1.0528082847595215
6527.688301210131	1.0491328239440918
6527.72878885703	1.0455007553100586
6527.76927650393	1.0426748991012573
6527.80976415083	1.0402071475982666
6527.85025179773	1.0372151136398315
6527.8907394446305	1.0333712100982666
6527.931227091531	1.0294076204299927
6527.97171473843	1.0267881155014038
6528.01220238533	1.0267552137374878
6528.05269003223	1.029475212097168
6528.09317767913	1.0337973833084106
6528.1336653260305	1.037946105003357
6528.174152972931	1.0408004522323608
6528.21464061983	1.0424904823303223
6528.25512826673	1.0438226461410522
6528.29561591363	1.0452452898025513
6528.33610356053	1.046207308769226
6528.3765912074305	1.0458812713623047
6528.417078854331	1.0449331998825073
6528.45756650123	1.0455121994018555
6528.49805414813	1.0485321283340454
6528.53854179503	1.052345871925354
6528.57902944193	1.0551612377166748
6528.61951708883	1.0571075677871704
6528.660004735731	1.0589359998703003
6528.70049238263	1.0604616403579712
6528.74098002953	1.0614629983901978
6528.78146767643	1.0626318454742432
6528.82195532333	1.0642297267913818
6528.86244297023	1.065043330192566
6528.902930617131	1.0643030405044556
6528.943418264031	1.063480257987976
6528.98390591093	1.0643142461776733
6529.02439355783	1.0661287307739258
6529.06488120473	1.0668097734451294
6529.10536885163	1.065385103225708
6529.1458564985305	1.0622813701629639
6529.186344145431	1.0579081773757935
6529.22683179233	1.0520048141479492
6529.26731943923	1.044169545173645
6529.30780708613	1.0348889827728271
6529.34829473303	1.026161789894104
6529.3887823799305	1.020730972290039
6529.429270026831	1.020309329032898
6529.46975767373	1.0241727828979492
6529.51024532063	1.0292296409606934
6529.55073296753	1.0324095487594604
6529.59122061443	1.0336805582046509
6529.6317082613305	1.035901427268982
6529.672195908231	1.041585922241211
6529.71268355513	1.0504039525985718
6529.75317120203	1.059348225593567
6529.79365884893	1.0651341676712036
6529.83414649583	1.066969633102417
6529.87463414273	1.0665706396102905
6529.915121789631	1.0654643774032593
6529.955609436531	1.063720464706421
6529.99609708343	1.0613940954208374
6530.03658473033	1.059165596961975
6530.07707237723	1.0567768812179565
6530.11756002413	1.0525761842727661
6530.1580476710305	1.0457438230514526
6530.198535317931	1.0378555059432983
6530.23902296483	1.0314955711364746
6530.27951061173	1.0281282663345337
6530.31999825863	1.0275007486343384
6530.36048590553	1.0283933877944946
6530.4009735524305	1.0297452211380005
6530.441461199331	1.0311129093170166
6530.48194884623	1.0320940017700195
6530.52243649313	1.0319042205810547
6530.56292414003	1.0300793647766113
6530.60341178693	1.0272735357284546
6530.6438994338305	1.0248831510543823
6530.684387080731	1.0240172147750854
6530.72487472763	1.02490234375
6530.76536237453	1.0270026922225952
6530.80585002143	1.0296423435211182
6530.84633766833	1.0324876308441162
6530.88682531523	1.0353456735610962
6530.927312962131	1.037747859954834
6530.96780060903	1.0391019582748413
6531.00828825593	1.039230227470398
6531.04877590283	1.0386202335357666
6531.08926354973	1.0382664203643799
6531.12975119663	1.0393013954162598
6531.170238843531	1.0424058437347412
6531.210726490431	1.0470199584960938
6531.25121413733	1.051118016242981
6531.29170178423	1.052536964416504
6531.33218943113	1.0508981943130493
6531.37267707803	1.0478343963623047
6531.4131647249305	1.0454108715057373
6531.453652371831	1.044606328010559
6531.49414001873	1.0449802875518799
6531.53462766563	1.0455182790756226
6531.57511531253	1.0457874536514282
6531.61560295943	1.0461453199386597
6531.6560906063305	1.047051191329956
6531.696578253231	1.0487929582595825
6531.73706590013	1.0517688989639282
6531.77755354703	1.0560569763183594
6531.81804119393	1.0603774785995483
6531.85852884083	1.0624545812606812
6531.8990164877305	1.0610960721969604
6531.939504134631	1.0574935674667358
6531.97999178153	1.054237961769104
6532.02047942843	1.0532073974609375
6532.06096707533	1.0541067123413086
6532.10145472223	1.054923415184021
6532.14194236913	1.0539778470993042
6532.182430016031	1.051148772239685
6532.22291766293	1.0469706058502197
6532.26340530983	1.041361689567566
6532.30389295673	1.0336512327194214
6532.34438060363	1.0233927965164185
6532.38486825053	1.0109227895736694
6532.425355897431	0.9973065853118896
6532.465843544331	0.9838771224021912
6532.50633119123	0.9720388054847717
6532.54681883813	0.9635624885559082
6532.58730648503	0.9603826999664307
6532.62779413193	0.9633487462997437
6532.6682817788305	0.9714817404747009
6532.708769425731	0.9830690622329712
6532.74925707263	0.9969315528869629
6532.78974471953	1.011933445930481
6532.83023236643	1.0260021686553955
6532.87072001333	1.0367096662521362
6532.9112076602305	1.042886734008789
6532.951695307131	1.0455044507980347
6532.99218295403	1.046943187713623
6533.03267060093	1.0488717555999756
6533.07315824783	1.0507558584213257
6533.11364589473	1.051084041595459
6533.1541335416305	1.0497260093688965
6533.194621188531	1.0483460426330566
6533.23510883543	1.0488756895065308
6533.27559648233	1.0519087314605713
6533.31608412923	1.0563381910324097
6533.35657177613	1.0606834888458252
6533.39705942303	1.0644344091415405
6533.437547069931	1.0672056674957275
6533.47803471683	1.067440152168274
6533.51852236373	1.0640583038330078
6533.55901001063	1.0590581893920898
6533.59949765753	1.0561180114746094
6533.63998530443	1.056711196899414
6533.680472951331	1.059422492980957
6533.720960598231	1.0622923374176025
6533.76144824513	1.0639063119888306
6533.80193589203	1.0630170106887817
6533.84242353893	1.059407353401184
6533.88291118583	1.0551435947418213
6533.9233988327305	1.0526435375213623
6533.963886479631	1.0509880781173706
6534.00437412653	1.0461479425430298
6534.04486177343	1.0351868867874146
6534.08534942033	1.0192326307296753
6534.12583706723	1.0029526948928833
6534.1663247141305	0.9914301037788391
6534.206812361031	0.9867903590202332
6534.24730000793	0.9879382848739624
6534.28778765483	0.993111789226532
6534.32827530173	1.0014722347259521
6534.36876294863	1.0123496055603027
6534.4092505955305	1.023668646812439
6534.449738242431	1.0315015316009521
6534.49022588933	1.0326024293899536
6534.53071353623	1.0283442735671997
6534.57120118313	1.0244956016540527
6534.61168883003	1.026229739189148
6534.65217647693	1.0342068672180176
6534.692664123831	1.0446312427520752
6534.73315177073	1.0519425868988037
6534.77363941763	1.0522452592849731
6534.81412706453	1.0453920364379883
6534.85461471143	1.0348538160324097
6534.89510235833	1.0256975889205933
6534.935590005231	1.0216363668441772
6534.976077652131	1.0232058763504028
6535.01656529903	1.0280985832214355
6535.05705294593	1.0332144498825073
6535.09754059283	1.0372694730758667
6535.13802823973	1.0415692329406738
6535.1785158866305	1.048142671585083
6535.219003533531	1.0573136806488037
6535.25949118043	1.06661856174469
6535.29997882733	1.072274923324585
6535.34046647423	1.0725489854812622
6535.38095412113	1.0689128637313843
6535.4214417680305	1.0635197162628174
6535.461929414931	1.0573660135269165
6535.50241706183	1.0514888763427734
6535.54290470873	1.0480066537857056
6535.58339235563	1.0488150119781494
6535.62388000253	1.0537971258163452
6535.6643676494305	1.0604875087738037
6535.704855296331	1.0656242370605469
6535.74534294323	1.067838430404663
6535.78583059013	1.0684545040130615
6535.82631823703	1.0690202713012695
6535.86680588393	1.0691192150115967
6535.90729353083	1.0670816898345947
6535.947781177731	1.0618398189544678
6535.98826882463	1.0540317296981812
6536.02875647153	1.046028971672058
6536.06924411843	1.0409163236618042
6536.10973176533	1.0408375263214111
6536.15021941223	1.0454121828079224
6536.190707059131	1.0517303943634033
6536.231194706031	1.0566120147705078
6536.27168235293	1.0584646463394165
6536.31216999983	1.0567525625228882
6536.35265764673	1.0510233640670776
6536.39314529363	1.0414053201675415
6536.4336329405305	1.029705286026001
6536.474120587431	1.0195437669754028
6536.51460823433	1.0146591663360596
6536.55509588123	1.015751838684082
6536.59558352813	1.0194727182388306
6536.63607117503	1.0219563245773315
6536.6765588219305	1.0221517086029053
6536.717046468831	1.0207157135009766
6536.75753411573	1.0180773735046387
6536.79802176263	1.0154228210449219
6536.83850940953	1.0155895948410034
6536.87899705643	1.020585536956787
6536.91948470333	1.0290815830230713
6536.959972350231	1.0377840995788574
6537.00045999713	1.0444003343582153
6537.04094764403	1.0487556457519531
6537.08143529093	1.0519284009933472
6537.12192293783	1.054569959640503
6537.16241058473	1.0559974908828735
6537.202898231631	1.0550438165664673
6537.24338587853	1.0514118671417236
6537.28387352543	1.0460147857666016
6537.32436117233	1.0405446290969849
6537.36484881923	1.036950707435608
6537.40533646613	1.0367534160614014
6537.4458241130305	1.040055751800537
6537.486311759931	1.0451350212097168
6537.52679940683	1.04954993724823
6537.56728705373	1.0519050359725952
6537.60777470063	1.0527620315551758
6537.64826234753	1.0538796186447144
6537.6887499944305	1.056006669998169
6537.729237641331	1.0577771663665771
6537.76972528823	1.0577805042266846
6537.81021293513	1.0566940307617188
6537.85070058203	1.0557752847671509
6537.89118822893	1.0545904636383057
6537.9316758758305	1.0522994995117188
6537.972163522731	1.0499396324157715
6538.01265116963	1.0492503643035889
6538.05313881653	1.0501532554626465
6538.09362646343	1.0512007474899292
6538.13411411033	1.051651120185852
6538.17460175723	1.0515999794006348
6538.215089404131	1.0507543087005615
6538.25557705103	1.048416018486023
6538.29606469793	1.0447005033493042
6538.33655234483	1.0413082838058472
6538.37703999173	1.0405824184417725
6538.41752763863	1.0429339408874512
6538.458015285531	1.0455886125564575
6538.49850293243	1.0454860925674438
6538.53899057933	1.043004035949707
6538.57947822623	1.0411776304244995
6538.61996587313	1.041933298110962
6538.66045352003	1.0444214344024658
6538.7009411669305	1.0463347434997559
6538.741428813831	1.0459847450256348
6538.78191646073	1.043468952178955
6538.82240410763	1.0403692722320557
6538.86289175453	1.0385164022445679
6538.90337940143	1.0387849807739258
6538.9438670483305	1.040417194366455
6538.984354695231	1.0411115884780884
6539.02484234213	1.0382808446884155
6539.06532998903	1.0314311981201172
6539.10581763593	1.023504376411438
6539.14630528283	1.0186930894851685
6539.1867929297305	1.0189074277877808
6539.227280576631	1.0232915878295898
6539.26776822353	1.030131459236145
6539.30825587043	1.0374261140823364
6539.34874351733	1.0423942804336548
6539.38923116423	1.0428295135498047
6539.42971881113	1.0395393371582031
6539.470206458031	1.0363689661026
6539.51069410493	1.0372529029846191
6539.55118175183	1.0427711009979248
6539.59166939873	1.0494016408920288
6539.63215704563	1.0533990859985352
6539.67264469253	1.0552899837493896
6539.713132339431	1.0583045482635498
6539.75361998633	1.0630123615264893
6539.79410763323	1.0664554834365845
6539.83459528013	1.0659797191619873
6539.87508292703	1.0613369941711426
6539.91557057393	1.053632378578186
6539.9560582208305	1.044442057609558
6539.996545867731	1.036010980606079
6540.03703351463	1.0308287143707275
6540.07752116153	1.0304385423660278
6540.11800880843	1.0349466800689697
6540.15849645533	1.0432775020599365
6540.1989841022305	1.0530648231506348
6540.239471749131	1.0606509447097778
6540.27995939603	1.0627821683883667
6540.32044704293	1.059022307395935
6540.36093468983	1.051802635192871
6540.40142233673	1.0441429615020752
6540.4419099836305	1.0379726886749268
6540.482397630531	1.034145474433899
6540.52288527743	1.0331110954284668
6540.56337292433	1.0351779460906982
6540.60386057123	1.0399420261383057
6540.64434821813	1.0456554889678955
6540.68483586503	1.0499762296676636
6540.725323511931	1.0516197681427002
6540.76581115883	1.050776481628418
6540.80629880573	1.0481343269348145
6540.84678645263	1.0443371534347534
6540.88727409953	1.0403517484664917
6540.92776174643	1.0376008749008179
6540.968249393331	1.0373096466064453
6541.00873704023	1.0395580530166626
6541.04922468713	1.0428214073181152
6541.08971233403	1.0447126626968384
6541.13019998093	1.0435446500778198
6541.17068762783	1.0393224954605103
6541.2111752747305	1.0336461067199707
6541.251662921631	1.0289809703826904
6541.29215056853	1.027582049369812
6541.33263821543	1.0301485061645508
6541.37312586233	1.0349957942962646
6541.41361350923	1.0391018390655518
6541.4541011561305	1.040522813796997
6541.494588803031	1.0396808385849
6541.53507644993	1.0385205745697021
6541.57556409683	1.03867769241333
6541.61605174373	1.040110468864441
6541.65653939063	1.0412850379943848
6541.6970270375305	1.040680170059204
6541.737514684431	1.0380992889404297
6541.77800233133	1.0348082780838013
6541.81848997823	1.0325440168380737
6541.85897762513	1.0321722030639648
6541.89946527203	1.0332108736038208
6541.93995291893	1.0345609188079834
6541.980440565831	1.0356225967407227
6542.02092821273	1.0368099212646484
6542.06141585963	1.0388342142105103
6542.10190350653	1.0413039922714233
6542.14239115343	1.0422779321670532
6542.18287880033	1.039268136024475
6542.223366447231	1.030595064163208
6542.26385409413	1.0164927244186401
6542.30434174103	1.0001271963119507
6542.34482938793	0.9874696731567383
6542.38531703483	0.9840463995933533
6542.42580468173	0.9904235601425171
6542.4662923286305	1.0023032426834106
6542.506779975531	1.015520453453064
6542.54726762243	1.0286705493927002
6542.58775526933	1.0407973527908325
6542.62824291623	1.0497257709503174
6542.66873056313	1.0538161993026733
6542.7092182100305	1.0535099506378174
6542.749705856931	1.0504868030548096
6542.79019350383	1.0465224981307983
6542.83068115073	1.0433698892593384
6542.87116879763	1.042431116104126
6542.91165644453	1.0438385009765625
6542.9521440914305	1.0464847087860107
6542.992631738331	1.049218773841858
6543.03311938523	1.0511759519577026
6543.07360703213	1.0509551763534546
6543.11409467903	1.0471863746643066
6543.15458232593	1.0406465530395508
6543.19506997283	1.0342038869857788
6543.235557619731	1.0297828912734985
6543.27604526663	1.0268590450286865
6543.31653291353	1.0244308710098267
6543.35702056043	1.022706389427185
6543.39750820733	1.0221641063690186
6543.43799585423	1.0221859216690063
6543.4784835011305	1.0211970806121826
6543.51897114803	1.017688274383545
6543.55945879493	1.0109906196594238
6543.59994644183	1.001257300376892
6543.64043408873	0.9888157248497009
6543.68092173563	0.9737473130226135
6543.7214093825305	0.9561653137207031
6543.761897029431	0.9367906451225281
6543.80238467633	0.9173662662506104
6543.84287232323	0.9007301926612854
6543.88335997013	0.8903475999832153
6543.92384761703	0.8890930414199829
6543.9643352639305	0.8977126479148865
6544.004822910831	0.9143414497375488
6544.04531055773	0.9355919361114502
6544.08579820463	0.9578738212585449
6544.12628585153	0.9779863953590393
6544.16677349843	0.9934201836585999
6544.20726114533	1.0028396844863892
6544.247748792231	1.0065189599990845
6544.28823643913	1.0063538551330566
6544.32872408603	1.0052921772003174
6544.36921173293	1.0062490701675415
6544.40969937983	1.01094651222229
6544.45018702673	1.0191670656204224
6544.490674673631	1.0288410186767578
6544.53116232053	1.0371626615524292
6544.57164996743	1.0422958135604858
6544.61213761433	1.0446194410324097
6544.65262526123	1.0459468364715576
6544.69311290813	1.0469870567321777
6544.7336005550305	1.046613097190857
6544.77408820193	1.0442607402801514
6544.81457584883	1.0413215160369873
6544.85506349573	1.0391231775283813
6544.89555114263	1.0371191501617432
6544.93603878953	1.0340362787246704
6544.9765264364305	1.0296539068222046
6545.017014083331	1.0249176025390625
6545.05750173023	1.0212193727493286
6545.09798937713	1.019901990890503
6545.13847702403	1.0215686559677124
6545.17896467093	1.0251003503799438
6545.2194523178305	1.0278282165527344
6545.259939964731	1.0275075435638428
6545.30042761163	1.0240812301635742
6545.34091525853	1.0194597244262695
6545.38140290543	1.0158779621124268
6545.42189055233	1.0142788887023926
6545.46237819923	1.0141477584838867
6545.502865846131	1.0148755311965942
6545.54335349303	1.016440987586975
6545.58384113993	1.0181523561477661
6545.62432878683	1.0175939798355103
6545.66481643373	1.0118827819824219
6545.70530408063	1.0003843307495117
6545.745791727531	0.9865867495536804
6545.78627937443	0.9767582416534424
6545.82676702133	0.9753041863441467
6545.86725466823	0.9812557697296143
6545.90774231513	0.9895691275596619
6545.94822996203	0.9953212738037109
6545.9887176089305	0.9970385432243347
6546.02920525583	0.9967625737190247
6546.06969290273	0.9969498515129089
6546.11018054963	0.9979380965232849
6546.15066819653	0.9987675547599792
6546.19115584343	0.9990134835243225
6546.2316434903305	0.9988605380058289
6546.272131137231	0.998530924320221
6546.31261878413	0.9986234307289124
6546.35310643103	1.0001394748687744
6546.39359407793	1.0032039880752563
6546.43408172483	1.0066628456115723
6546.4745693717305	1.0100537538528442
6546.515057018631	1.0147984027862549
6546.55554466553	1.0218743085861206
6546.59603231243	1.0292073488235474
6546.63651995933	1.0327320098876953
6546.67700760623	1.029593825340271
6546.71749525313	1.0200746059417725
6546.757982900031	1.0072622299194336
6546.79847054693	0.995158851146698
6546.83895819383	0.9867714047431946
6546.87944584073	0.9834175705909729
6546.91993348763	0.984763503074646
6546.96042113453	0.9888457655906677
6547.000908781431	0.99258953332901
6547.04139642833	0.9934037923812866
6547.08188407523	0.990899384021759
6547.12237172213	0.987152099609375
6547.16285936903	0.9849975109100342
6547.20334701593	0.9852948784828186
6547.2438346628305	0.9858782291412354
6547.28432230973	0.98403000831604
6547.32480995663	0.9795356392860413
6547.36529760353	0.974493682384491
6547.40578525043	0.9709334969520569
6547.44627289733	0.9692458510398865
6547.4867605442305	0.9681380987167358
6547.527248191131	0.9655689001083374
6547.56773583803	0.9602693319320679
6547.60822348493	0.95323646068573
6547.64871113183	0.9477770328521729
6547.68919877873	0.9472193121910095
6547.7296864256305	0.9523405432701111
6547.770174072531	0.9612168073654175
6547.81066171943	0.9710171222686768
6547.85114936633	0.9797027707099915
6547.89163701323	0.9866570234298706
6547.93212466013	0.9922286868095398
6547.97261230703	0.9968796968460083
6548.013099953931	1.000734806060791
6548.05358760083	1.0036396980285645
6548.09407524773	1.0053869485855103
6548.13456289463	1.0056886672973633
6548.17505054153	1.0037875175476074
6548.21553818843	0.9984369277954102
6548.256025835331	0.9889140129089355
6548.29651348223	0.9760757088661194
6548.33700112913	0.9620088338851929
6548.37748877603	0.9487049579620361
6548.41797642293	0.9371866583824158
6548.45846406983	0.9276044964790344
6548.4989517167305	0.9199708700180054
6548.53943936363	0.9147951602935791
6548.57992701053	0.9130237698554993
6548.62041465743	0.9155938625335693
6548.66090230433	0.9231824278831482
6548.70138995123	0.9358423948287964
6548.7418775981305	0.9520782828330994
6548.782365245031	0.96846604347229
6548.82285289193	0.9812003970146179
6548.86334053883	0.9882534146308899
6548.90382818573	0.9897312521934509
6548.94431583263	0.9869585037231445
6548.9848034795305	0.9822953939437866
6549.025291126431	0.9789957404136658
6549.06577877333	0.9792298674583435
6549.10626642023	0.9819540977478027
6549.14675406713	0.9839574098587036
6549.18724171403	0.9829345345497131
6549.22772936093	0.9786719083786011
6549.268217007831	0.972139835357666
6549.30870465473	0.9650395512580872
6549.34919230163	0.9599453806877136
6549.38967994853	0.9592697024345398
6549.43016759543	0.9633494019508362
6549.47065524233	0.9697981476783752
6549.5111428892305	0.9750015139579773
6549.55163053613	0.9768050909042358
6549.59211818303	0.9761905670166016
6549.63260582993	0.9758625030517578
6549.67309347683	0.9772411584854126
6549.71358112373	0.9796333909034729
6549.7540687706305	0.9817203283309937
6549.79455641753	0.9824216365814209
6549.83504406443	0.980702817440033
6549.87553171133	0.9762597680091858
6549.91601935823	0.9707858562469482
6549.95650700513	0.9673770666122437
6549.9969946520305	0.9680117964744568
6550.037482298931	0.9717229604721069
6550.07796994583	0.9751622080802917
6550.11845759273	0.9753817915916443
6550.15894523963	0.9726170897483826
6550.19943288653	0.969845175743103
6550.23992053343	0.9696677327156067
6550.280408180331	0.9725461006164551
6550.32089582723	0.9775000214576721
6550.36138347413	0.982986330986023
6550.40187112103	0.987054705619812
6550.44235876793	0.987945020198822
6550.48284641483	0.9852656126022339
6550.523334061731	0.9803197383880615
6550.56382170863	0.9751355051994324
6550.60430935553	0.971236526966095
6550.64479700243	0.9691120982170105
6550.68528464933	0.9687533974647522
6550.72577229623	0.9705454111099243
6550.7662599431305	0.9750048518180847
6550.80674759003	0.9814792275428772
6550.84723523693	0.9878065586090088
6550.88772288383	0.9915531277656555
6550.92821053073	0.9913671016693115
6550.96869817763	0.9873964190483093
6551.0091858245305	0.9808427095413208
6551.04967347143	0.9732187986373901
6551.09016111833	0.9659715294837952
6551.13064876523	0.9604954123497009
6551.17113641213	0.9578815698623657
6551.21162405903	0.9582469463348389
6551.2521117059305	0.9604046940803528
6551.292599352831	0.9624500870704651
6551.33308699973	0.9631259441375732
6551.37357464663	0.9629272222518921
6551.41406229353	0.9631937742233276
6551.45454994043	0.9636629819869995
6551.49503758733	0.962027370929718
6551.535525234231	0.9565833806991577
6551.57601288113	0.9483567476272583
6551.61650052803	0.9403114318847656
6551.65698817493	0.9352407455444336
6551.69747582183	0.9343791604042053
6551.73796346873	0.9373123049736023
6551.778451115631	0.9427529573440552
6551.81893876253	0.949187695980072
6551.85942640943	0.9549514651298523
6551.89991405633	0.9583384990692139
6551.94040170323	0.958203911781311
6551.98088935013	0.9545894265174866
6552.0213769970305	0.9487934708595276
6552.06186464393	0.9427580237388611
6552.10235229083	0.938002347946167
6552.14283993773	0.9347212314605713
6552.18332758463	0.9315574765205383
6552.22381523153	0.9261021018028259
6552.2643028784305	0.9159850478172302
6552.30479052533	0.9001995325088501
6552.34527817223	0.8801157474517822
6552.38576581913	0.8594090342521667
6552.42625346603	0.8425717353820801
6552.46674111293	0.833105742931366
6552.5072287598305	0.8325587511062622
6552.547716406731	0.8404964804649353
6552.58820405363	0.8550284504890442
6552.62869170053	0.8732882142066956
6552.66917934743	0.8916732668876648
6552.70966699433	0.9065355658531189
6552.75015464123	0.9157778024673462
6552.790642288131	0.9200825691223145
6552.83112993503	0.9222867488861084
6552.87161758193	0.925359308719635
6552.91210522883	0.9303259253501892
6552.95259287573	0.9357473254203796
6552.99308052263	0.9395424127578735
6553.033568169531	0.9408816695213318
6553.07405581643	0.9397969841957092
6553.11454346333	0.9361380338668823
6553.15503111023	0.9302533864974976
6553.19551875713	0.9239565134048462
6553.23600640403	0.9194034934043884
6553.2764940509305	0.9173691272735596
6553.31698169783	0.9174793362617493
6553.35746934473	0.9191829562187195
6553.39795699163	0.9211620092391968
6553.43844463853	0.9206109046936035
6553.47893228543	0.9150610566139221
6553.5194199323305	0.9051890969276428
6553.55990757923	0.8951007723808289
6553.60039522613	0.8898864984512329
6553.64088287303	0.8923745155334473
6553.68137051993	0.9013145565986633
6553.72185816683	0.912679135799408
6553.7623458137305	0.9225836396217346
6553.802833460631	0.9289055466651917
6553.84332110753	0.931249737739563
6553.88380875443	0.9305251836776733
6553.92429640133	0.9285226464271545
6553.96478404823	0.927081823348999
6554.00527169513	0.9269596338272095
6554.045759342031	0.9271574020385742
6554.08624698893	0.9254820942878723
6554.12673463583	0.9207105040550232
6554.16722228273	0.9146503210067749
6554.20770992963	0.9110735654830933
6554.24819757653	0.9122905731201172
6554.288685223431	0.9174588918685913
6554.32917287033	0.9237293004989624
6554.36966051723	0.9281967878341675
6554.41014816413	0.9292564988136292
6554.45063581103	0.9269320368766785
6554.49112345793	0.9224075675010681
6554.5316111048305	0.9174233078956604
6554.57209875173	0.9136769771575928
6554.61258639863	0.9119845032691956
6554.65307404553	0.9114987850189209
6554.69356169243	0.910057783126831
6554.73404933933	0.9057983160018921
6554.7745369862305	0.8986231684684753
6554.81502463313	0.8905077576637268
6554.85551228003	0.8843734860420227
6554.89599992693	0.882080078125
6554.93648757383	0.8834216594696045
6554.97697522073	0.8868093490600586
6555.0174628676305	0.8902950882911682
6555.057950514531	0.8922020792961121
6555.09843816143	0.8917441964149475
6555.13892580833	0.8895838856697083
6555.17941345523	0.8871701955795288
6555.21990110213	0.884878396987915
6555.26038874903	0.8817636370658875
6555.300876395931	0.8778003454208374
6555.34136404283	0.8746249675750732
6555.38185168973	0.8729692697525024
6555.42233933663	0.8714836835861206
6555.46282698353	0.8695695400238037
6555.50331463043	0.8690729737281799
6555.5438022773305	0.8713825941085815
6555.58428992423	0.8748494386672974
6555.62477757113	0.8766200542449951
6555.66526521803	0.8755017518997192
6555.70575286493	0.8721997737884521
6555.74624051183	0.8678938150405884
6555.7867281587305	0.8630883693695068
6555.82721580563	0.8575891852378845
6555.86770345253	0.8516044616699219
6555.90819109943	0.8465369939804077
6555.94867874633	0.8441981673240662
6555.98916639323	0.845399796962738
6556.0296540401305	0.8494036197662354
6556.07014168703	0.8544195890426636
6556.11062933393	0.8586693406105042
6556.15111698083	0.8610519766807556
6556.19160462773	0.8607335090637207
6556.23209227463	0.856857419013977
6556.27257992153	0.8497154712677002
6556.313067568431	0.841728687286377
6556.35355521533	0.8358447551727295
6556.39404286223	0.8330124616622925
6556.43453050913	0.8320807218551636
6556.47501815603	0.8314363360404968
6556.51550580293	0.8296905755996704
6556.555993449831	0.8255943059921265
6556.59648109673	0.8187857270240784
6556.63696874363	0.8106690645217896
6556.67745639053	0.8034327030181885
6556.71794403743	0.7979558706283569
6556.75843168433	0.7933357357978821
6556.7989193312305	0.7883010506629944
6556.83940697813	0.7826735377311707
6556.87989462503	0.7777469158172607
6556.92038227193	0.7752488851547241
6556.96086991883	0.7757031321525574
6557.00135756573	0.7779929041862488
6557.0418452126305	0.780424177646637
6557.08233285953	0.7820301651954651
6557.12282050643	0.783174991607666
6557.16330815333	0.7849918007850647
6557.20379580023	0.788133978843689
6557.24428344713	0.7922344207763672
6557.2847710940305	0.7963940501213074
6557.32525874093	0.7997514009475708
6557.36574638783	0.801660418510437
6557.40623403473	0.8017501831054688
6557.44672168163	0.8001090288162231
6557.48720932853	0.7975332736968994
6557.52769697543	0.7954775094985962
6557.568184622331	0.7952255606651306
6557.60867226923	0.7966795563697815
6557.64915991613	0.7982848286628723
6557.68964756303	0.7984147071838379
6557.73013520993	0.7964686155319214
6557.77062285683	0.7927157878875732
6557.811110503731	0.7878634333610535
6557.85159815063	0.7829641103744507
6557.89208579753	0.7789466977119446
6557.93257344443	0.775697648525238
6557.97306109133	0.7722084522247314
6558.01354873823	0.7682920694351196
6558.0540363851305	0.7656763792037964
6558.09452403203	0.7667653560638428
6558.13501167893	0.7723577618598938
6558.17549932583	0.78049236536026
6558.21598697273	0.787504255771637
6558.25647461963	0.7907641530036926
6558.2969622665305	0.7904800176620483
6558.33744991343	0.7886094450950623
6558.37793756033	0.786582887172699
6558.41842520723	0.7844139337539673
6558.45891285413	0.7815130949020386
6558.49940050103	0.7780977487564087
6558.5398881479305	0.7756618857383728
6558.58037579483	0.7757410407066345
6558.62086344173	0.7785133719444275
6558.66135108863	0.783048152923584
6558.70183873553	0.7883786559104919
6558.74232638243	0.7937413454055786
6558.78281402933	0.7982773184776306
6558.823301676231	0.8012967109680176
6558.86378932313	0.8029682636260986
6558.90427697003	0.8045838475227356
6558.94476461693	0.8080662488937378
6558.98525226383	0.8149049878120422
6559.02573991073	0.8250475525856018
6559.066227557631	0.836493194103241
6559.10671520453	0.84616619348526
6559.14720285143	0.8519914150238037
6559.18769049833	0.8545069098472595
6559.22817814523	0.8560498356819153
6559.26866579213	0.8584882616996765
6559.3091534390305	0.8621526956558228
6559.34964108593	0.8663485646247864
6559.39012873283	0.8700209856033325
6559.43061637973	0.8721585869789124
6559.47110402663	0.8725000619888306
6559.51159167353	0.8722413778305054
6559.5520793204305	0.8736720085144043
6559.59256696733	0.8787034749984741
6559.63305461423	0.8874238133430481
6559.67354226113	0.8977728486061096
6559.71402990803	0.906783401966095
6559.75451755493	0.9124193787574768
6559.7950052018305	0.9141870141029358
6559.83549284873	0.9125509262084961
6559.87598049563	0.9089908003807068
6559.91646814253	0.9065748453140259
6559.95695578943	0.9086292386054993
6559.99744343633	0.9158065915107727
6560.03793108323	0.9255507588386536
6560.078418730131	0.9350500106811523
6560.11890637703	0.9437296390533447
6560.15939402393	0.9527592062950134
6560.19988167083	0.963204562664032
6560.24036931773	0.9748713970184326
6560.28085696463	0.9864824414253235
6560.321344611531	0.9968739151954651
6560.36183225843	1.0061675310134888
6560.40231990533	1.0160020589828491
6560.44280755223	1.0284781455993652
6560.48329519913	1.0442887544631958
6560.52378284603	1.0617700815200806
6560.5642704929305	1.0779036283493042
6560.60475813983	1.0900955200195312
6560.64524578673	1.0973409414291382
6560.68573343363	1.100353479385376
6560.72622108053	1.100825548171997
6560.76670872743	1.1005353927612305
6560.8071963743305	1.1008723974227905
6560.84768402123	1.1027746200561523
6560.88817166813	1.1068533658981323
6560.92865931503	1.1134394407272339
6560.96914696193	1.1224247217178345
6561.00963460883	1.1330608129501343
6561.0501222557305	1.1439616680145264
6561.09060990263	1.1533714532852173
6561.13109754953	1.15967857837677
6561.17158519643	1.1620779037475586
6561.21207284333	1.1611552238464355
6561.25256049023	1.1588929891586304
6561.29304813713	1.157632827758789
6561.333535784031	1.158642292022705
6561.37402343093	1.1614704132080078
6561.41451107783	1.1644129753112793
6561.45499872473	1.1657445430755615
6561.49548637163	1.1648125648498535
6561.53597401853	1.161945104598999
6561.5764616654305	1.1576597690582275
6561.61694931233	1.1525981426239014
6561.65743695923	1.1478853225708008
6561.69792460613	1.1443678140640259
6561.73841225303	1.1413925886154175
6561.77889989993	1.1377266645431519
6561.8193875468305	1.1337764263153076
6561.85987519373	1.1307142972946167
6561.90036284063	1.127047061920166
6561.94085048753	1.11921226978302
6561.98133813443	1.106827735900879
6562.02182578133	1.0943633317947388
6562.0623134282305	1.0864816904067993
6562.10280107513	1.0840305089950562
6562.14328872203	1.0845965147018433
6562.18377636893	1.0851391553878784
6562.22426401583	1.0843993425369263
6562.26475166273	1.0836821794509888
6562.30523930963	1.0855522155761719
6562.34572695653	1.091796875
6562.38621460343	1.101936936378479
6562.42670225033	1.113314151763916
6562.46718989723	1.123066782951355
6562.50767754413	1.1300837993621826
6562.54816519103	1.1353102922439575
6562.588652837931	1.1407207250595093
6562.62914048483	1.147727608680725
6562.66962813173	1.1561061143875122
6562.71011577863	1.1642765998840332
6562.75060342553	1.1705564260482788
6562.79109107243	1.174520492553711
6562.8315787193305	1.1773738861083984
6562.87206636623	1.1806368827819824
6562.91255401313	1.184388518333435
6562.95304166003	1.1868656873703003
6562.99352930693	1.1855437755584717
6563.03401695383	1.1788671016693115
6563.0745046007305	1.1675190925598145
6563.11499224763	1.1541502475738525
6563.15547989453	1.141759991645813
6563.19596754143	1.1319379806518555
6563.23645518833	1.1242175102233887
6563.27694283523	1.1173640489578247
6563.3174304821305	1.1112695932388306
6563.35791812903	1.106975793838501
6563.39840577593	1.105271339416504
6563.43889342283	1.1063636541366577
6563.47938106973	1.1104637384414673
6563.51986871663	1.117079257965088
6563.56035636353	1.1235636472702026
6563.60084401043	1.125929355621338
6563.64133165733	1.1217478513717651
6563.68181930423	1.1113862991333008
6563.72230695113	1.0964714288711548
6563.76279459803	1.0781357288360596
6563.80328224493	1.0566823482513428
6563.843769891831	1.0324182510375977
6563.88425753873	1.0067600011825562
6563.92474518563	0.9824173450469971
6563.96523283253	0.9623218178749084
6564.00572047943	0.9482560753822327
6564.04620812633	0.9401212930679321
6564.0866957732305	0.9362760186195374
6564.12718342013	0.934701681137085
6564.16767106703	0.9339285492897034
6564.20815871393	0.9331324696540833
6564.24864636083	0.9318574070930481
6564.28913400773	0.9298579096794128
6564.3296216546305	0.927068293094635
6564.37010930153	0.9235183000564575
6564.41059694843	0.919108510017395
6564.45108459533	0.9135324954986572
6564.49157224223	0.9070063829421997
6564.53205988913	0.9014171957969666
6564.5725475360305	0.8995887637138367
6564.61303518293	0.9020665287971497
6564.65352282983	0.9055905342102051
6564.69401047673	0.9062302112579346
6564.73449812363	0.9029384255409241
6564.77498577053	0.8968135118484497
6564.81547341743	0.8887485861778259
6564.85596106433	0.8798107504844666
6564.89644871123	0.8725476861000061
6564.93693635813	0.8695353865623474
6564.97742400503	0.8706594705581665
6565.01791165193	0.8728848695755005
6565.05839929883	0.8726807236671448
6565.098886945731	0.868751585483551
6565.13937459263	0.8628920912742615
6565.17986223953	0.8579567670822144
6565.22034988643	0.8550500869750977
6565.26083753333	0.8531765341758728
6565.30132518023	0.850994884967804
6565.3418128271305	0.8480826616287231
6565.38230047403	0.8448881506919861
6565.42278812093	0.8421009182929993
6565.46327576783	0.8400317430496216
6565.50376341473	0.8382061719894409
6565.54425106163	0.8353977203369141
6565.5847387085305	0.8304257988929749
6565.62522635543	0.8232857584953308
6565.66571400233	0.8154832720756531
6565.70620164923	0.8092140555381775
6565.74668929613	0.8058464527130127
6565.78717694303	0.8047652244567871
6565.8276645899305	0.8040747046470642
6565.86815223683	0.8027422428131104
6565.90863988373	0.801626443862915
6565.94912753063	0.8024603724479675
6565.98961517753	0.8062597513198853
6566.03010282443	0.8124344348907471
6566.07059047133	0.8189509510993958
6566.11107811823	0.8233678340911865
6566.15156576513	0.8242207169532776
6566.19205341203	0.822068452835083
6566.23254105893	0.8191419839859009
6566.27302870583	0.8174883723258972
6566.31351635273	0.8176416158676147
6566.354003999631	0.8191199898719788
6566.39449164653	0.821203351020813
6566.43497929343	0.8226431012153625
6566.47546694033	0.8216242790222168
6566.51595458723	0.8173074126243591
6566.55644223413	0.8112710118293762
6566.5969298810305	0.8067152500152588
6566.63741752793	0.8062242865562439
6566.67790517483	0.8099138736724854
6566.71839282173	0.8152689337730408
6566.75888046863	0.8194039463996887
6566.79936811553	0.8215325474739075
6566.8398557624305	0.8226045370101929
6566.88034340933	0.8232806921005249
6566.92083105623	0.8232358694076538
6566.96131870313	0.8220959901809692
6567.00180635003	0.8206597566604614
6567.04229399693	0.8209627866744995
6567.0827816438305	0.8240857720375061
6567.12326929073	0.8277764916419983
6567.16375693763	0.8279299139976501
6567.20424458453	0.8227772116661072
6567.24473223143	0.8144658207893372
6567.28521987833	0.8069871664047241
6567.32570752523	0.8035140037536621
6567.36619517213	0.8049984574317932
6567.40668281903	0.8101985454559326
6567.44717046593	0.8166542649269104
6567.48765811283	0.821851372718811
6567.52814575973	0.8242226839065552
6567.56863340663	0.8239409923553467
6567.6091210535305	0.8230375647544861
6567.64960870043	0.8240020871162415
6567.69009634733	0.8274391293525696
6567.73058399423	0.8313913345336914
6567.77107164113	0.8333969116210938
6567.81155928803	0.8328728079795837
6567.8520469349305	0.8314450979232788
6567.89253458183	0.831193745136261
6567.93302222873	0.8323855996131897
6567.97350987563	0.8332364559173584
6568.01399752253	0.8324114084243774
6568.05448516943	0.8308996558189392
6568.0949728163305	0.8305965065956116
6568.13546046323	0.8320260643959045
6568.17594811013	0.8343251943588257
6568.21643575703	0.8367323279380798
6568.25692340393	0.8393961787223816
6568.29741105083	0.8427926898002625
6568.33789869773	0.8464246392250061
6568.37838634463	0.8485586643218994
6568.41887399153	0.8479898571968079
6568.45936163843	0.8456235527992249
6568.49984928533	0.8433703184127808
6568.54033693223	0.8420565724372864
6568.58082457913	0.8413638472557068
6568.621312226031	0.8409756422042847
6568.66179987293	0.8405367136001587
6568.70228751983	0.839139997959137
6568.74277516673	0.8363668322563171
6568.78326281363	0.8337430357933044
6568.82375046053	0.8339625000953674
6568.8642381074305	0.8385552167892456
6568.90472575433	0.8468596935272217
6568.94521340123	0.8569178581237793
6568.98570104813	0.8667985796928406
6569.02618869503	0.8752988576889038
6569.06667634193	0.8819229602813721
6569.1071639888305	0.8864427804946899
6569.14765163573	0.8884745240211487
6569.18813928263	0.8875415921211243
6569.22862692953	0.8838927149772644
6569.26911457643	0.8793653845787048
6569.30960222333	0.8768784403800964
6569.3500898702305	0.8785050511360168
6569.39057751713	0.8838058710098267
6569.43106516403	0.889813244342804
6569.47155281093	0.8929501175880432
6569.51204045783	0.891769528388977
6569.55252810473	0.888051450252533
6569.59301575163	0.8852359056472778
6569.63350339853	0.8857882618904114
6569.67399104543	0.8894011974334717
6569.71447869233	0.8933796286582947
6569.75496633923	0.8951109647750854
6569.79545398613	0.8941588997840881
6569.83594163303	0.892206072807312
6569.87642927993	0.8914983868598938
6569.91691692683	0.8930804133415222
6569.95740457373	0.8962742686271667
6569.99789222063	0.8999016880989075
6570.03837986753	0.9033442139625549
6570.07886751443	0.9060057401657104
6570.1193551613305	0.906769335269928
6570.15984280823	0.9050645232200623
6570.20033045513	0.9019704461097717
6570.24081810203	0.8993937969207764
6570.28130574893	0.8985186219215393
6570.32179339583	0.8994215726852417
6570.3622810427305	0.9015262722969055
6570.40276868963	0.9038651585578918
6570.44325633653	0.9051916599273682
6570.48374398343	0.9044596552848816
6570.52423163033	0.9013527631759644
6570.56471927723	0.8962033987045288
6570.6052069241305	0.8897759914398193
6570.64569457103	0.883752167224884
6570.68618221793	0.8809350728988647
6570.72666986483	0.8833582997322083
6570.76715751173	0.8898466229438782
6570.80764515863	0.8969388008117676
6570.84813280553	0.9023829102516174
6570.88862045243	0.9062701463699341
6570.92910809933	0.9091951251029968
6570.96959574623	0.9112675786018372
6571.01008339313	0.9129233956336975
6571.05057104003	0.9150096774101257
6571.09105868693	0.9176223278045654
6571.131546333831	0.9200356006622314
6571.17203398073	0.9220901131629944
6571.21252162763	0.9242828488349915
6571.25300927453	0.9259406328201294
6571.29349692143	0.924747884273529
6571.33398456833	0.9190904498100281
6571.3744722152305	0.9103049039840698
6571.41495986213	0.9023822546005249
6571.45544750903	0.8995687365531921
6571.49593515593	0.9034661054611206
6571.53642280283	0.9120947122573853
6571.57691044973	0.9218756556510925
6571.6173980966305	0.9299491047859192
6571.65788574353	0.9346843361854553
6571.69837339043	0.9351511597633362
6571.73886103733	0.9308613538742065
6571.77934868423	0.9220834970474243
6571.81983633113	0.9103041887283325
6571.8603239780305	0.8979813456535339
6571.90081162493	0.8873183131217957
6571.94129927183	0.8793030977249146
6571.98178691873	0.87412428855896
6572.02227456563	0.8722236752510071
6572.06276221253	0.8746504187583923
6572.10324985943	0.8823012709617615
6572.14373750633	0.8946487307548523
6572.18422515323	0.9094609618186951
6572.22471280013	0.9242649078369141
6572.26520044703	0.9376245737075806
6572.30568809393	0.9482883214950562
6572.34617574083	0.9541464447975159
6572.38666338773	0.9538133144378662
6572.42715103463	0.9490936994552612
6572.46763868153	0.9445881843566895
6572.50812632843	0.9445093870162964
6572.54861397533	0.9497047066688538
6572.58910162223	0.9572197198867798
6572.6295892691305	0.9628841280937195
6572.67007691603	0.9644975066184998
6572.71056456293	0.9623232483863831
6572.75105220983	0.9574743509292603
6572.79153985673	0.9513013362884521
6572.83202750363	0.9459494352340698
6572.8725151505305	0.9437382817268372
6572.91300279743	0.9454853534698486
6572.95349044433	0.9502679109573364
6572.99397809123	0.9567244648933411
6573.03446573813	0.9635955095291138
6573.07495338503	0.9692696332931519
6573.1154410319305	0.9724011421203613
6573.15592867883	0.9734339714050293
6573.19641632573	0.9741379618644714
6573.23690397263	0.9751524329185486
6573.27739161953	0.9753358960151672
6573.31787926643	0.9738777875900269
6573.35836691333	0.9718011021614075
6573.39885456023	0.9710753560066223
6573.43934220713	0.9728200435638428
6573.47982985403	0.9762818813323975
6573.52031750093	0.9795621633529663
6573.56080514783	0.9815672039985657
6573.60129279473	0.9826332926750183
6573.6417804416305	0.9829720854759216
6573.68226808853	0.9817609190940857
6573.72275573543	0.9785492420196533
6573.76324338233	0.9745333194732666
6573.80373102923	0.9716387391090393
6573.84421867613	0.9708794951438904
6573.8847063230305	0.9718444347381592
6573.92519396993	0.9733379483222961
6573.96568161683	0.9744834303855896
6574.00616926373	0.9754036664962769
6574.04665691063	0.9768556356430054
6574.08714455753	0.9792936444282532
6574.1276322044305	0.9822317957878113
6574.16811985133	0.9843811988830566
6574.20860749823	0.984627366065979
6574.24909514513	0.9830946922302246
6574.28958279203	0.98119056224823
6574.33007043893	0.9803863167762756
6574.37055808583	0.9804609417915344
6574.41104573273	0.9789096117019653
6574.45153337963	0.9729709625244141
6574.49202102653	0.9623419046401978
6574.53250867343	0.9490679502487183
6574.57299632033	0.9352018237113953
6574.61348396723	0.9215415716171265
6574.65397161413	0.9080820083618164
6574.69445926103	0.8947407007217407
6574.73494690793	0.8818578124046326
6574.77543455483	0.8707384467124939
6574.81592220173	0.8639373779296875
6574.85640984863	0.8645296692848206
6574.89689749553	0.8744320273399353
6574.93738514243	0.8928692936897278
6574.97787278933	0.9161514639854431
6575.01836043623	0.9393706321716309
6575.05884808313	0.95891273021698
6575.09933573003	0.9734339118003845
6575.1398233769305	0.9831119179725647
6575.18031102383	0.9890878796577454
6575.22079867073	0.9933807849884033
6575.26128631763	0.9978011250495911
6575.30177396453	1.0023130178451538
6575.34226161143	1.0053484439849854
6575.3827492583305	1.0059356689453125
6575.42323690523	1.0044339895248413
6575.46372455213	1.0012315511703491
6575.50421219903	0.9963313937187195
6575.54469984593	0.9906231760978699
6575.58518749283	0.9860823750495911
6575.62567513973	0.9839307069778442
6575.66616278663	0.9833206534385681
6575.70665043353	0.9822011590003967
6575.74713808043	0.9792187809944153
6575.78762572733	0.974906861782074
6575.82811337423	0.9711009860038757
6575.86860102113	0.9690685272216797
6575.90908866803	0.9685161709785461
6575.94957631493	0.9685086011886597
6575.99006396183	0.9688538908958435
6576.03055160873	0.9704427719116211
6576.07103925563	0.9743115901947021
6576.11152690253	0.9802558422088623
6576.1520145494305	0.9868069887161255
6576.19250219633	0.9929801821708679
6576.23298984323	0.9990081787109375
6576.27347749013	1.004523515701294
6576.31396513703	1.007432460784912
6576.35445278393	1.0059926509857178
6576.3949404308305	1.0010446310043335
6576.43542807773	0.9952582716941833
6576.47591572463	0.990990161895752
6576.51640337153	0.9890616536140442
6576.55689101843	0.9886658191680908
6576.59737866533	0.9880470633506775
6576.6378663122305	0.9857657551765442
6576.67835395913	0.9822905659675598
6576.71884160603	0.9804171323776245
6576.75932925293	0.9830154776573181
6576.79981689983	0.9901230931282043
6576.84030454673	0.9984081983566284
6576.88079219363	1.0034148693084717
6576.92127984053	1.003535270690918
6576.96176748743	1.0019381046295166
6577.00225513433	1.0027763843536377
6577.04274278123	1.0063230991363525
6577.08323042813	1.0100724697113037
6577.12371807503	1.0130168199539185
6577.16420572193	1.0162463188171387
6577.20469336883	1.0203992128372192
6577.24518101573	1.0244510173797607
6577.28566866263	1.0266002416610718
6577.32615630953	1.0254663228988647
6577.36664395643	1.0207486152648926
6577.40713160333	1.0133825540542603
6577.44761925023	1.0052653551101685
6577.48810689713	0.9985441565513611
6577.52859454403	0.994663417339325
6577.56908219093	0.9936648011207581
6577.60956983783	0.9943151473999023
6577.6500574847305	0.9952872395515442
6577.69054513163	0.996360182762146
6577.73103277853	0.9980720281600952
6577.77152042543	1.000307559967041
6577.81200807233	1.0018713474273682
6577.85249571923	1.001447319984436
6577.8929833661305	0.998581051826477
6577.93347101303	0.9938969612121582
6577.97395865993	0.9887567162513733
6578.01444630683	0.9846556186676025
6578.05493395373	0.9825572967529297
6578.09542160063	0.9825464487075806
6578.13590924753	0.9841614961624146
6578.17639689443	0.9869498014450073
6578.21688454133	0.9902993440628052
6578.25737218823	0.992924690246582
6578.29785983513	0.9934777021408081
6578.33834748203	0.9920946359634399
6578.37883512893	0.9908694624900818
6578.41932277583	0.9924242496490479
6578.45981042273	0.9976725578308105
6578.50029806963	1.004654049873352
6578.54078571653	1.010085940361023
6578.58127336343	1.0123538970947266
6578.62176101033	1.0121997594833374
6578.6622486572305	1.010725975036621
6578.70273630413	1.0082318782806396
6578.74322395103	1.0050500631332397
6578.78371159793	1.002030849456787
6578.82419924483	0.9997270703315735
6578.86468689173	0.9979335069656372
6578.9051745386305	0.9964596033096313
6578.94566218553	0.9962158203125
6578.98614983243	0.9993686079978943
6579.02663747933	1.0075678825378418
6579.06712512623	1.0193164348602295
6579.10761277313	1.030083179473877
6579.1481004200305	1.0357029438018799
6579.18858806693	1.034979224205017
6579.22907571383	1.0294406414031982
6579.26956336073	1.0219579935073853
6579.31005100763	1.015601634979248
6579.35053865453	1.0125449895858765
6579.39102630143	1.012954831123352
6579.43151394833	1.0149343013763428
6579.47200159523	1.0158904790878296
6579.51248924213	1.0139974355697632
6579.55297688903	1.008872151374817
6579.59346453593	1.0017341375350952
6579.63395218283	0.9950910806655884
6579.67443982973	0.9913749098777771
6579.71492747663	0.9909536838531494
6579.75541512353	0.9919467568397522
6579.79590277043	0.9927467703819275
6579.83639041733	0.994188129901886
6579.87687806423	0.998744785785675
6579.91736571113	1.0077056884765625
6579.95785335803	1.0188539028167725
6579.99834100493	1.027271032333374
6580.03882865183	1.029386043548584
6580.07931629873	1.0259274244308472
6580.11980394563	1.0205329656600952
6580.1602915925305	1.0163381099700928
6580.20077923943	1.0140364170074463
6580.24126688633	1.0124073028564453
6580.28175453323	1.0103248357772827
6580.32224218013	1.0079107284545898
6580.36272982703	1.0056759119033813
6580.40321747393	1.0035021305084229
6580.44370512083	1.0010772943496704
6580.48419276773	0.9986249208450317
6580.52468041463	0.9965821504592896
6580.56516806153	0.994847297668457
6580.60565570843	0.9926832318305969
6580.64614335533	0.9893801808357239
6580.68663100223	0.9850335121154785
6580.72711864913	0.9805523753166199
6580.76760629603	0.9768274426460266
6580.80809394293	0.974342942237854
6580.84858158983	0.9737910628318787
6580.88906923673	0.9761887788772583
6580.92955688363	0.9817196130752563
6580.97004453053	0.9891365170478821
6581.01053217743	0.9968335032463074
6581.05101982433	1.0036765336990356
6581.09150747123	1.008455753326416
6581.13199511813	1.010080099105835
6581.1724827650305	1.0094454288482666
6581.21297041193	1.0096756219863892
6581.25345805883	1.0130279064178467
6581.29394570573	1.018513798713684
6581.33443335263	1.023348093032837
6581.37492099953	1.0257717370986938
6581.4154086464305	1.0261870622634888
6581.45589629333	1.0258996486663818
6581.49638394023	1.0246951580047607
6581.53687158713	1.0206061601638794
6581.57735923403	1.0129563808441162
6581.61784688093	1.0041097402572632
6581.65833452783	0.9970830082893372
6581.69882217473	0.9930099844932556
6581.73930982163	0.991669237613678
6581.77979746853	0.9929629564285278
6581.82028511543	0.9970782995223999
6581.86077276233	1.00362229347229
6581.90126040923	1.0108399391174316
6581.94174805613	1.0161844491958618
6581.98223570303	1.0184112787246704
6582.02272334993	1.0186280012130737
6582.06321099683	1.0186430215835571
6582.10369864373	1.0188624858856201
6582.14418629063	1.0180212259292603
6582.18467393753	1.0147696733474731
6582.22516158443	1.0098718404769897
6582.26564923133	1.0063786506652832
6582.30613687823	1.006772756576538
6582.34662452513	1.0104776620864868
6582.38711217203	1.0145552158355713
6582.42759981893	1.0163713693618774
6582.46808746583	1.0158371925354004
6582.50857511273	1.0151766538619995
6582.54906275963	1.0161901712417603
6582.58955040653	1.0183314085006714
6582.63003805343	1.019646167755127
6582.6705257003305	1.0186145305633545
6582.71101334723	1.0149948596954346
6582.75150099413	1.0099061727523804
6582.79198864103	1.0054715871810913
6582.83247628793	1.0035831928253174
6582.87296393483	1.0042617321014404
6582.91345158173	1.0055567026138306
6582.95393922863	1.0054539442062378
6582.99442687553	1.003587245941162
6583.03491452243	1.0012519359588623
6583.07540216933	1.0003782510757446
6583.11588981623	1.0024069547653198
6583.15637746313	1.0074101686477661
6583.19686511003	1.0136750936508179
6583.23735275693	1.0181748867034912
6583.27784040383	1.0181151628494263
6583.31832805073	1.013140082359314
6583.35881569763	1.0064243078231812
6583.39930334453	1.0022070407867432
6583.43979099143	1.0016412734985352
6583.48027863833	1.00270676612854
6583.52076628523	1.0040334463119507
6583.56125393213	1.006278157234192
6583.60174157903	1.0098012685775757
6583.64222922593	1.013507604598999
6583.6827168728305	1.0164035558700562
6583.72320451973	1.0189319849014282
6583.76369216663	1.0224566459655762
6583.80417981353	1.0275814533233643
6583.84466746043	1.0329188108444214
6583.88515510733	1.0360229015350342
6583.9256427542305	1.0356242656707764
6583.96613040113	1.0324127674102783
6584.00661804803	1.0280952453613281
6584.04710569493	1.024414300918579
6584.08759334183	1.0226030349731445
6584.12808098873	1.022746205329895
6584.16856863563	1.023490309715271
6584.20905628253	1.0232789516448975
6584.24954392943	1.0221443176269531
6584.29003157633	1.021555781364441
6584.33051922323	1.0224871635437012
6584.37100687013	1.0239782333374023
6584.41149451703	1.0235644578933716
6584.45198216393	1.0196579694747925
6584.49246981083	1.013623595237732
6584.53295745773	1.0085784196853638
6584.57344510463	1.0064176321029663
6584.61393275153	1.0069072246551514
6584.65442039843	1.0089123249053955
6584.69490804533	1.0115315914154053
6584.73539569223	1.0144256353378296
6584.77588333913	1.0176368951797485
6584.81637098603	1.020937204360962
6584.85685863293	1.0230568647384644
6584.89734627983	1.0222879648208618
6584.9378339267305	1.0188953876495361
6584.97832157363	1.0159170627593994
6585.01880922053	1.0158854722976685
6585.05929686743	1.0179039239883423
6585.09978451433	1.0195289850234985
6585.14027216123	1.0198702812194824
6585.1807598081305	1.019271731376648
6585.22124745503	1.0174965858459473
6585.26173510193	1.0138133764266968
6585.30222274883	1.0085384845733643
6585.34271039573	1.0038131475448608
6585.38319804263	1.0021789073944092
6585.42368568953	1.0039695501327515
6585.46417333643	1.0071407556533813
6585.50466098333	1.0101649761199951
6585.54514863023	1.013344407081604
6585.58563627713	1.0166839361190796
6585.62612392403	1.0185922384262085
6585.66661157093	1.0176392793655396
6585.70709921783	1.014376163482666
6585.74758686473	1.0108920335769653
6585.78807451163	1.008764386177063
6585.82856215853	1.0074180364608765
6585.86904980543	1.0050984621047974
6585.90953745233	1.0015958547592163
6585.95002509923	0.9990391135215759
6585.99051274613	0.9998838901519775
6586.03100039303	1.0043303966522217
6586.07148803993	1.009191632270813
6586.11197568683	1.0095609426498413
6586.15246333373	1.002326250076294
6586.1929509806305	0.9888116717338562
6586.23343862753	0.974586009979248
6586.27392627443	0.9653646945953369
6586.31441392133	0.9623774290084839
6586.35490156823	0.9628715515136719
6586.39538921513	0.9641393423080444
6586.43587686203	0.9655742049217224
6586.47636450893	0.9682325720787048
6586.51685215583	0.9739573001861572
6586.55733980273	0.9842464923858643
6586.59782744963	0.9984984397888184
6586.63831509653	1.0133589506149292
6586.67880274343	1.0249282121658325
6586.71929039033	1.0314735174179077
6586.75977803723	1.0335395336151123
6586.80026568413	1.0325027704238892
6586.84075333103	1.0297743082046509
6586.88124097793	1.0268102884292603
6586.92172862483	1.0250632762908936
6586.96221627173	1.0252227783203125
6587.00270391863	1.026321291923523
6587.04319156553	1.0266348123550415
6587.08367921243	1.0261495113372803
6587.12416685933	1.0267022848129272
6587.16465450623	1.028928279876709
6587.20514215313	1.0308189392089844
6587.24562980003	1.029970645904541
6587.28611744693	1.0259404182434082
6587.32660509383	1.0203863382339478
6587.36709274073	1.0160495042800903
6587.40758038763	1.0152840614318848
6587.4480680345305	1.0179450511932373
6587.48855568143	1.020556926727295
6587.52904332833	1.0194975137710571
6587.56953097523	1.0151212215423584
6587.61001862213	1.0108548402786255
6587.65050626903	1.0087772607803345
6587.69099391593	1.0076497793197632
6587.73148156283	1.0049221515655518
6587.77196920973	1.000380039215088
6587.81245685663	0.9973071217536926
6587.85294450353	0.9989205598831177
6587.89343215043	1.0049853324890137
6587.93391979733	1.0133566856384277
6587.97440744423	1.0225121974945068
6588.01489509113	1.0307966470718384
6588.05538273803	1.035464882850647
6588.09587038493	1.0345839262008667
6588.13635803183	1.0287935733795166
6588.17684567873	1.0204130411148071
6588.21733332563	1.0120147466659546
6588.25782097253	1.005963683128357
6588.29830861943	1.0038676261901855
6588.33879626633	1.005782961845398
6588.37928391323	1.0108530521392822
6588.41977156013	1.0187468528747559
6588.46025920703	1.0284597873687744
6588.50074685393	1.0359069108963013
6588.54123450083	1.0363470315933228
6588.58172214773	1.0300734043121338
6588.62220979463	1.022796392440796
6588.66269744153	1.0201839208602905
6588.7031850884305	1.0235408544540405
6588.74367273533	1.0297437906265259
6588.78416038223	1.0342906713485718
6588.82464802913	1.0346688032150269
6588.86513567603	1.0313469171524048
6588.90562332293	1.0267729759216309
6588.94611096983	1.0239225625991821
6588.98659861673	1.0245939493179321
6589.02708626363	1.0279628038406372
6589.06757391053	1.0313146114349365
6589.10806155743	1.0328466892242432
6589.14854920433	1.0327295064926147
6589.18903685123	1.0312449932098389
6589.22952449813	1.0280253887176514
6589.27001214503	1.0236725807189941
6589.31049979193	1.020020604133606
6589.35098743883	1.0181488990783691
6589.39147508573	1.0174471139907837
6589.43196273263	1.01677668094635
6589.47245037953	1.0157850980758667
6589.51293802643	1.01523756980896
6589.55342567333	1.0165393352508545
6589.59391332023	1.0206763744354248
6589.63440096713	1.0269402265548706
6589.67488861403	1.0328019857406616
6589.71537626093	1.0357813835144043
6589.75586390783	1.0354037284851074
6589.79635155473	1.0331968069076538
6589.83683920163	1.0310031175613403
6589.87732684853	1.0291796922683716
6589.91781449543	1.0268950462341309
6589.9583021423305	1.0243339538574219
6589.99878978923	1.0229299068450928
6590.03927743613	1.0228934288024902
6590.07976508303	1.0224134922027588
6590.12025272993	1.0199713706970215
6590.16074037683	1.0166537761688232
6590.20122802373	1.0160008668899536
6590.24171567063	1.0208708047866821
6590.28220331753	1.0301178693771362
6590.32269096443	1.039347767829895
6590.36317861133	1.0445997714996338
6590.40366625823	1.0446765422821045
6590.44415390513	1.0409088134765625
6590.48464155203	1.0353599786758423
6590.52512919893	1.0292388200759888
6590.56561684583	1.0228790044784546
6590.60610449273	1.016803503036499
6590.64659213963	1.012435793876648
6590.68707978653	1.011267900466919
6590.72756743343	1.0132516622543335
6590.76805508033	1.016942024230957
6590.80854272723	1.0213035345077515
6590.84903037413	1.0262407064437866
6590.88951802103	1.031543493270874
6590.93000566793	1.0365147590637207
6590.97049331483	1.040374994277954
6591.01098096173	1.042127013206482
6591.05146860863	1.0406639575958252
6591.09195625553	1.0361181497573853
6591.13244390243	1.0305140018463135
6591.17293154933	1.026185154914856
6591.2134191962305	1.023993968963623
6591.25390684313	1.0232980251312256
6591.29439449003	1.022996425628662
6591.33488213693	1.0225008726119995
6591.37536978383	1.022243618965149
6591.41585743073	1.0233731269836426
6591.45634507763	1.0262774229049683
6591.49683272453	1.029276967048645
6591.53732037143	1.0295969247817993
6591.57780801833	1.025923252105713
6591.61829566523	1.0201256275177002
6591.65878331213	1.0162692070007324
6591.69927095903	1.0169174671173096
6591.73975860593	1.0208605527877808
6591.78024625283	1.0250400304794312
6591.82073389973	1.0274358987808228
6591.86122154663	1.0279501676559448
6591.90170919353	1.0275883674621582
6591.94219684043	1.0271614789962769
6591.98268448733	1.0267199277877808
6592.02317213423	1.0257823467254639
6592.06365978113	1.0236515998840332
6592.10414742803	1.0200200080871582
6592.14463507493	1.0161421298980713
6592.18512272183	1.0147591829299927
6592.22561036873	1.0172741413116455
6592.26609801563	1.0215381383895874
6592.30658566253	1.0238159894943237
6592.34707330943	1.022513747215271
6592.38756095633	1.0195438861846924
6592.42804860323	1.0178050994873047
6592.4685362501305	1.017339825630188
6592.50902389703	1.015640377998352
6592.54951154393	1.0117933750152588
6592.58999919083	1.008284330368042
6592.63048683773	1.008614182472229
6592.67097448463	1.013953447341919
6592.71146213153	1.0220667123794556
6592.75194977843	1.0293562412261963
6592.79243742533	1.0334705114364624
6592.83292507223	1.0339927673339844
6592.87341271913	1.0316983461380005
6592.91390036603	1.0277255773544312
6592.95438801293	1.0231810808181763
6592.99487565983	1.019114375114441
6593.03536330673	1.016556739807129
6593.07585095363	1.01620352268219
6593.11633860053	1.0176048278808594
6593.15682624743	1.0187618732452393
6593.19731389433	1.017228603363037
6593.23780154123	1.0125243663787842
6593.27828918813	1.0079270601272583
6593.31877683503	1.0080560445785522
6593.35926448193	1.013367772102356
6593.39975212883	1.0198214054107666
6593.44023977573	1.024390697479248
6593.48072742263	1.0274364948272705
6593.52121506953	1.0298556089401245
6593.56170271643	1.0302425622940063
6593.60219036333	1.0257378816604614
6593.64267801023	1.0162897109985352
6593.68316565713	1.0062366724014282
6593.72365330403	0.9995599985122681
6593.76414095093	0.9960162043571472
6593.80462859783	0.9934186935424805
6593.84511624473	0.9913346171379089
6593.88560389163	0.9916703104972839
6593.92609153853	0.9963126182556152
6593.96657918543	1.0045567750930786
6594.00706683233	1.0132931470870972
6594.04755447923	1.0195444822311401
6594.08804212613	1.022700309753418
6594.12852977303	1.024560570716858
6594.16901741993	1.0272061824798584
6594.20950506683	1.030893325805664
6594.24999271373	1.0338834524154663
6594.29048036063	1.0342119932174683
6594.33096800753	1.0317624807357788
6594.37145565443	1.028549075126648
6594.41194330133	1.0267502069473267
6594.45243094823	1.0263128280639648
6594.49291859513	1.0255649089813232
6594.53340624203	1.0247464179992676
6594.57389388893	1.026273250579834
6594.61438153583	1.03056001663208
6594.65486918273	1.0346425771713257
6594.69535682963	1.035685420036316
6594.73584447653	1.0343506336212158
6594.77633212343	1.0343518257141113
6594.81681977033	1.0383422374725342
6594.85730741723	1.0450466871261597
6594.89779506413	1.0510996580123901
6594.93828271103	1.0542559623718262
6594.97877035793	1.054574728012085
6595.01925800483	1.0533993244171143
6595.05974565173	1.0517021417617798
6595.10023329863	1.0498287677764893
6595.14072094553	1.0482004880905151
6595.18120859243	1.0472900867462158
6595.22169623933	1.0470507144927979
6595.26218388623	1.0467747449874878
6595.30267153313	1.0455660820007324
6595.34315918003	1.0429352521896362
6595.38364682693	1.0387698411941528
6595.42413447383	1.0331131219863892
6595.46462212073	1.026901364326477
6595.50510976763	1.0226538181304932
6595.54559741453	1.023175835609436
6595.58608506143	1.0289676189422607
6595.62657270833	1.0369693040847778
6595.66706035523	1.0426331758499146
6595.70754800213	1.043934941291809
6595.74803564903	1.0429449081420898
6595.78852329593	1.0434421300888062
6595.82901094283	1.0472257137298584
6595.86949858973	1.0525224208831787
6595.90998623663	1.0555036067962646
6595.95047388353	1.052453637123108
6595.99096153043	1.0414694547653198
6596.03144917733	1.0252807140350342
6596.07193682423	1.0117448568344116
6596.11242447113	1.0067747831344604
6596.15291211803	1.0081623792648315
6596.19339976493	1.0104141235351562
6596.23388741183	1.011784553527832
6596.27437505873	1.013801097869873
6596.31486270563	1.017778992652893
6596.35535035253	1.023619532585144
6596.39583799943	1.0304590463638306
6596.43632564633	1.0371930599212646
6596.47681329323	1.0420992374420166
6596.51730094013	1.0432676076889038
6596.55778858703	1.0404741764068604
6596.59827623393	1.0348771810531616
6596.63876388083	1.0266728401184082
6596.67925152773	1.016611933708191
6596.71973917463	1.0089404582977295
6596.76022682153	1.0079811811447144
6596.80071446843	1.0131703615188599
6596.84120211533	1.0207880735397339
6596.88168976223	1.0280919075012207
6596.92217740913	1.034089207649231
6596.96266505603	1.0382362604141235
6597.00315270293	1.0396779775619507
6597.04364034983	1.0378644466400146
6597.08412799673	1.033315658569336
6597.12461564363	1.0275081396102905
6597.16510329053	1.0229586362838745
6597.20559093743	1.0227470397949219
6597.24607858433	1.0271214246749878
6597.28656623123	1.0316615104675293
6597.32705387813	1.0325733423233032
6597.36754152503	1.0313262939453125
6597.40802917193	1.0310235023498535
6597.44851681883	1.0322614908218384
6597.48900446573	1.0340285301208496
6597.52949211263	1.0347188711166382
6597.56997975953	1.0325528383255005
6597.61046740643	1.0280709266662598
6597.65095505333	1.0239315032958984
6597.69144270023	1.0205638408660889
6597.73193034713	1.0175374746322632
6597.77241799403	1.0185531377792358
6597.81290564093	1.0258593559265137
6597.85339328783	1.0333333015441895
6597.89388093473	1.0346604585647583
6597.93436858163	1.0312620401382446
6597.97485622853	1.0267623662948608
6598.01534387543	1.0220699310302734
6598.05583152233	1.017149567604065
6598.09631916923	1.0117732286453247
6598.13680681613	1.0054700374603271
6598.17729446303	0.999823808670044
6598.21778210993	0.9982065558433533
6598.25826975683	1.0014280080795288
6598.29875740373	1.0065970420837402
6598.33924505063	1.0103771686553955
6598.37973269753	1.011274814605713
6598.42022034443	1.009977102279663
6598.46070799133	1.0085984468460083
6598.50119563823	1.0082083940505981
6598.54168328513	1.0071436166763306
6598.58217093203	1.0036882162094116
6598.62265857893	0.9990946054458618
6598.66314622583	0.996105968952179
6598.70363387273	0.996744692325592
6598.74412151963	1.001966953277588
6598.78460916653	1.010550618171692
6598.82509681343	1.0190396308898926
6598.86558446033	1.0252771377563477
6598.90607210723	1.0298842191696167
6598.94655975413	1.0331372022628784
6598.98704740103	1.0335613489151
6599.02753504793	1.0298494100570679
6599.06802269483	1.022410273551941
6599.10851034173	1.0143710374832153
6599.14899798863	1.0115326642990112
6599.18948563553	1.0175381898880005
6599.22997328243	1.0286892652511597
6599.27046092933	1.0377382040023804
6599.31094857623	1.040578007698059
6599.35143622313	1.036927580833435
6599.39192387003	1.0293816328048706
6599.43241151693	1.0226739645004272
6599.47289916383	1.019380807876587
6599.51338681073	1.0180449485778809
6599.55387445763	1.0187647342681885
6599.59436210453	1.0245234966278076
6599.63484975143	1.0342447757720947
6599.67533739833	1.041013240814209
6599.71582504523	1.0397111177444458
6599.7563126921295	1.0341461896896362
6599.79680033903	1.0325193405151367
6599.83728798593	1.0361086130142212
6599.87777563283	1.0391346216201782
6599.91826327973	1.0379747152328491
6599.95875092663	1.0344215631484985
6599.99923857353	1.0311472415924072
6600.03972622043	1.0275933742523193
6600.08021386733	1.022207498550415
6600.12070151423	1.0159037113189697
6600.16118916113	1.0103497505187988
6600.20167680803	1.005738615989685
6600.24216445493	1.0019721984863281
6600.28265210183	0.9999802112579346
6600.32313974873	1.000429630279541
6600.36362739563	1.001579761505127
6600.40411504253	1.0009195804595947
6600.44460268943	0.9982790350914001
6600.48509033633	0.9938613176345825
6600.52557798323	0.9872111082077026
6600.56606563013	0.9820681214332581
6600.60655327703	0.9854077100753784
6600.64704092393	0.999320924282074
6600.68752857083	1.0188390016555786
6600.72801621773	1.0356850624084473
6600.76850386463	1.0423803329467773
6600.80899151153	1.0369077920913696
6600.84947915843	1.0253746509552002
6600.88996680533	1.0178143978118896
6600.93045445223	1.020867943763733
6600.97094209913	1.033964991569519
6601.0114297460295	1.0503005981445312
6601.05191739293	1.0613082647323608
6601.09240503983	1.0621318817138672
6601.13289268673	1.054930567741394
6601.17338033363	1.0466614961624146
6601.21386798053	1.0419987440109253
6601.25435562743	1.0402590036392212
6601.29484327433	1.0398924350738525
6601.33533092123	1.0400997400283813
6601.37581856813	1.0384949445724487
6601.41630621503	1.0335332155227661
6601.45679386193	1.027649164199829
6601.49728150883	1.0244320631027222
6601.53776915573	1.0236055850982666
6601.57825680263	1.0208441019058228
6601.61874444953	1.013777256011963
6601.65923209643	1.0063453912734985
6601.69971974333	1.0058917999267578
6601.74020739023	1.015285611152649
6601.78069503713	1.0296356678009033
6601.82118268403	1.0419577360153198
6601.86167033093	1.0480968952178955
6601.90215797783	1.0467058420181274
6601.94264562473	1.0381568670272827
6601.98313327163	1.0250252485275269
6602.02362091853	1.012084722518921
6602.06410856543	1.002886176109314
6602.10459621233	0.998555064201355
6602.14508385923	1.0006632804870605
6602.18557150613	1.0086215734481812
6602.22605915303	1.0171513557434082
6602.2665467999295	1.023775577545166
6602.30703444683	1.0304926633834839
6602.34752209373	1.035906434059143
6602.38800974063	1.036504864692688
6602.42849738753	1.0334562063217163
6602.46898503443	1.031238079071045
6602.50947268133	1.0311661958694458
6602.54996032823	1.0293487310409546
6602.59044797513	1.0219303369522095
6602.63093562203	1.0110591650009155
6602.67142326893	1.0034278631210327
6602.71191091583	1.0016942024230957
6602.75239856273	1.0017296075820923
6602.79288620963	0.9995091557502747
6602.83337385653	0.9961814284324646
6602.87386150343	0.9959929585456848
6602.91434915033	1.0009111166000366
6602.95483679723	1.0084452629089355
6602.99532444413	1.0141814947128296
6603.03581209103	1.016068935394287
6603.07629973793	1.0160645246505737
6603.11678738483	1.0169265270233154
6603.15727503173	1.017566204071045
6603.19776267863	1.0150151252746582
6603.23825032553	1.0101752281188965
6603.27873797243	1.0058388710021973
6603.31922561933	1.0036245584487915
6603.35971326623	1.0054734945297241
6603.40020091313	1.0107088088989258
6603.44068856003	1.014526128768921
6603.48117620693	1.0143104791641235
6603.5216638538295	1.0112477540969849
6603.56215150073	1.0062222480773926
6603.60263914763	0.999880313873291
6603.64312679453	0.9949042201042175
6603.68361444143	0.9943762421607971
6603.72410208833	0.9975729584693909
6603.76458973523	1.000909447669983
6603.80507738213	1.0032727718353271
6603.84556502903	1.0070831775665283
6603.88605267593	1.0131345987319946
6603.92654032283	1.017186164855957
6603.96702796973	1.016006588935852
6604.00751561663	1.0138258934020996
6604.04800326353	1.0175069570541382
6604.08849091043	1.0246165990829468
6604.12897855733	1.0260289907455444
6604.16946620423	1.0220168828964233
6604.20995385113	1.0208269357681274
6604.25044149803	1.025116205215454
6604.29092914493	1.0296069383621216
6604.33141679183	1.0304317474365234
6604.37190443873	1.0295523405075073
6604.41239208563	1.0285075902938843
6604.45287973253	1.0262805223464966
6604.49336737943	1.0221257209777832
6604.53385502633	1.0162957906723022
6604.57434267323	1.0105960369110107
6604.61483032013	1.0076290369033813
6604.65531796703	1.0077650547027588
6604.69580561393	1.0089677572250366
6604.73629326083	1.0101064443588257
6604.7767809077295	1.0124828815460205
6604.81726855463	1.0173983573913574
6604.85775620153	1.0257290601730347
6604.89824384843	1.0382310152053833
6604.93873149533	1.0495206117630005
6604.97921914223	1.0515211820602417
6605.01970678913	1.0457440614700317
6605.06019443603	1.0374574661254883
6605.10068208293	1.0284544229507446
6605.14116972983	1.0220041275024414
6605.18165737673	1.0197914838790894
6605.22214502363	1.0191657543182373
6605.26263267053	1.0192183256149292
6605.30312031743	1.0209975242614746
6605.34360796433	1.022588849067688
6605.38409561123	1.0202999114990234
6605.42458325813	1.0158655643463135
6605.46507090503	1.0164450407028198
6605.50555855193	1.0253196954727173
6605.54604619883	1.036666750907898
6605.58653384573	1.0413153171539307
6605.62702149263	1.0371462106704712
6605.66750913953	1.0306493043899536
6605.70799678643	1.0257694721221924
6605.74848443333	1.0210297107696533
6605.7889720802295	1.0184866189956665
6605.82945972713	1.0189987421035767
6605.86994737403	1.017616868019104
6605.91043502093	1.013210654258728
6605.95092266783	1.0110838413238525
6605.99141031473	1.0140414237976074
6606.0318979616295	1.0178717374801636
6606.07238560853	1.0190998315811157
6606.11287325543	1.0188169479370117
6606.15336090233	1.0181862115859985
6606.19384854923	1.0170550346374512
6606.23433619613	1.016809344291687
6606.27482384303	1.0186887979507446
6606.31531148993	1.0203540325164795
6606.35579913683	1.0220738649368286
6606.39628678373	1.0269023180007935
6606.43677443063	1.0321470499038696
6606.47726207753	1.03304922580719
6606.51774972443	1.029035210609436
6606.55823737133	1.0223495960235596
6606.59872501823	1.0164451599121094
6606.63921266513	1.0147521495819092
6606.67970031203	1.0157954692840576
6606.72018795893	1.0135029554367065
6606.76067560583	1.008475661277771
6606.80116325273	1.0074191093444824
6606.84165089963	1.011684536933899
6606.88213854653	1.0165629386901855
6606.92262619343	1.0169464349746704
6606.96311384033	1.012273907661438
6607.00360148723	1.0073407888412476
6607.0440891341295	1.0051571130752563
6607.08457678103	1.0039135217666626
6607.12506442793	1.0020405054092407
6607.16555207483	1.001186728477478
6607.20603972173	1.003529667854309
6607.24652736863	1.0087001323699951
6607.2870150155295	1.0141562223434448
6607.32750266243	1.0170763731002808
6607.36799030933	1.0166207551956177
6607.40847795623	1.0137578248977661
6607.44896560313	1.0095627307891846
6607.48945325003	1.0071557760238647
6607.52994089693	1.0113285779953003
6607.57042854383	1.0202646255493164
6607.61091619073	1.0234297513961792
6607.65140383763	1.0170117616653442
6607.69189148453	1.008036732673645
6607.73237913143	1.001350998878479
6607.77286677833	0.9976003766059875
6607.81335442523	0.996634304523468
6607.85384207213	0.9972812533378601
6607.89432971903	0.9982802867889404
6607.93481736593	0.9998083114624023
6607.97530501283	1.0001578330993652
6608.01579265973	0.9971482753753662
6608.05628030663	0.9934879541397095
6608.09676795353	0.9905556440353394
6608.13725560043	0.9870831966400146
6608.17774324733	0.9832707047462463
6608.21823089423	0.9802186489105225
6608.25871854113	0.9816477298736572
6608.2992061880295	0.9865254163742065
6608.33969383493	0.9877628684043884
6608.38018148183	0.9855550527572632
6608.42066912873	0.984030544757843
6608.46115677563	0.9812304973602295
6608.50164442253	0.974666953086853
6608.5421320694295	0.9688634276390076
6608.58261971633	0.9654145240783691
6608.62310736323	0.9199236631393433
