6494.79396675	0.0840424230935
6494.79396675	0.9412425756454468
6494.878009173094	1.030677080154419
6494.962051596188	1.0369188785552979
6495.046094019281	1.0379427671432495
6495.130136442374	1.0293065309524536
6495.214178865468	1.0338473320007324
6495.298221288562	1.0287638902664185
6495.382263711655	1.023788571357727
6495.466306134748	1.0330179929733276
6495.550348557842	1.0303080081939697
6495.634390980936	1.0094614028930664
6495.718433404029	0.9864854216575623
6495.802475827122	0.9670522212982178
6495.886518250216	0.9547553062438965
6495.97056067331	0.9613876938819885
6496.054603096403	0.9877585768699646
6496.138645519496	1.0209814310073853
6496.22268794259	1.0372062921524048
6496.3067303656835	1.0376808643341064
6496.390772788777	1.0420477390289307
6496.47481521187	1.0422974824905396
6496.558857634964	1.0424376726150513
6496.642900058057	1.0424377918243408
6496.726942481151	1.0379605293273926
6496.810984904245	1.034162998199463
6496.895027327338	1.0338163375854492
6496.979069750431	1.0334564447402954
6497.063112173525	1.0406367778778076
6497.147154596619	1.0315027236938477
6497.2311970197115	1.021648645401001
6497.315239442805	1.0389653444290161
6497.399281865899	1.0293079614639282
6497.483324288993	1.0188732147216797
6497.567366712086	1.025599479675293
6497.651409135179	1.0190539360046387
6497.735451558273	1.0180364847183228
6497.819493981367	1.0201666355133057
6497.90353640446	1.0386582612991333
6497.987578827553	1.0429646968841553
6498.071621250647	1.0427353382110596
6498.1556636737405	1.0364906787872314
6498.239706096834	1.0384093523025513
6498.323748519927	1.0391887426376343
6498.407790943021	1.0399794578552246
6498.491833366114	1.046614408493042
6498.575875789208	1.0438063144683838
6498.659918212302	1.0494123697280884
6498.743960635395	1.0440185070037842
6498.828003058488	1.0437270402908325
6498.912045481582	1.0503458976745605
6498.996087904676	1.0393829345703125
6499.0801303277685	1.0253130197525024
6499.164172750862	1.0310053825378418
6499.248215173956	1.044053316116333
6499.33225759705	1.040772557258606
6499.416300020143	1.0369436740875244
6499.500342443236	1.03880774974823
6499.58438486633	1.0421265363693237
6499.668427289424	1.042630910873413
6499.752469712517	1.0359599590301514
6499.83651213561	1.035409927368164
6499.920554558704	1.0332300662994385
6500.0045969817975	1.026369333267212
6500.088639404891	1.0308071374893188
6500.172681827985	1.0352786779403687
6500.256724251078	1.0221070051193237
6500.340766674171	1.0219292640686035
6500.424809097265	1.0386818647384644
6500.508851520359	1.0461101531982422
6500.592893943452	1.0400159358978271
6500.676936366545	1.0355443954467773
6500.760978789639	1.0339992046356201
6500.845021212733	1.0319727659225464
6500.9290636358255	1.0325578451156616
6501.013106058919	1.0425111055374146
6501.097148482013	1.0330442190170288
6501.181190905107	1.0284806489944458
6501.2652333282	1.0393363237380981
6501.349275751293	1.0348107814788818
6501.433318174387	1.0323302745819092
6501.517360597481	1.0335605144500732
6501.601403020574	1.03475821018219
6501.685445443667	1.0269038677215576
6501.769487866761	1.0343267917633057
6501.8535302898545	1.0293736457824707
6501.937572712948	1.02899169921875
6502.021615136042	1.0429061651229858
6502.105657559135	1.0450615882873535
6502.189699982228	1.0373259782791138
6502.273742405322	1.0438834428787231
6502.357784828416	1.0405330657958984
6502.441827251509	1.025787115097046
6502.525869674602	1.0190550088882446
6502.609912097696	1.0233124494552612
6502.69395452079	1.0347073078155518
6502.7779969438825	1.0314010381698608
6502.862039366976	1.021772861480713
6502.94608179007	1.017095923423767
6503.030124213164	1.0321143865585327
6503.114166636257	1.0413503646850586
6503.19820905935	1.033328652381897
6503.282251482444	1.0365710258483887
6503.3662939055375	1.0444722175598145
6503.450336328631	1.036965250968933
6503.534378751724	1.0253194570541382
6503.618421174818	1.0292261838912964
6503.702463597911	1.0341944694519043
6503.786506021005	1.036498785018921
6503.870548444099	1.033064603805542
6503.954590867192	1.01859712600708
6504.038633290285	1.0198827981948853
6504.122675713379	1.020710825920105
6504.206718136473	1.0230529308319092
6504.290760559566	1.0264174938201904
6504.374802982659	1.0199600458145142
6504.458845405753	1.0272223949432373
6504.542887828847	1.0447020530700684
6504.62693025194	1.052283763885498
6504.710972675033	1.0436184406280518
6504.795015098127	1.0406901836395264
6504.879057521221	1.0387234687805176
6504.963099944314	1.0347466468811035
6505.047142367407	1.0305756330490112
6505.131184790501	1.0346465110778809
6505.2152272135945	1.0403411388397217
6505.299269636688	1.0558749437332153
6505.383312059781	1.0432740449905396
6505.467354482875	1.0157511234283447
6505.551396905968	1.023521900177002
6505.635439329062	1.0226547718048096
6505.719481752156	1.0283548831939697
6505.803524175249	1.0388076305389404
6505.887566598342	1.0344796180725098
6505.971609021436	1.0169140100479126
6506.05565144453	1.0371284484863281
6506.139693867623	1.0431294441223145
6506.223736290716	1.0415383577346802
6506.30777871381	1.0395714044570923
6506.391821136904	1.0348814725875854
6506.475863559997	1.0274704694747925
6506.55990598309	1.0253252983093262
6506.643948406184	1.0171189308166504
6506.727990829278	1.0169907808303833
6506.812033252371	1.028335452079773
6506.896075675464	1.0334422588348389
6506.980118098558	1.0345789194107056
6507.0641605216515	1.0271731615066528
6507.148202944745	1.0290162563323975
6507.232245367838	1.0289064645767212
6507.316287790932	1.0220825672149658
6507.400330214025	1.0168132781982422
6507.484372637119	1.0092545747756958
6507.568415060213	1.0113533735275269
6507.652457483306	1.0241674184799194
6507.736499906399	1.0310118198394775
6507.820542329493	1.0212348699569702
6507.904584752587	1.0204861164093018
6507.9886271756795	1.0229718685150146
6508.072669598773	1.0172597169876099
6508.156712021867	1.0250635147094727
6508.240754444961	1.017714023590088
6508.324796868054	1.0142855644226074
6508.408839291147	1.014836072921753
6508.492881714241	0.9929863810539246
6508.576924137335	0.9843822717666626
6508.660966560428	0.9919214844703674
6508.745008983521	1.001979112625122
6508.829051406615	1.0121701955795288
6508.9130938297085	1.0175127983093262
6508.997136252802	1.0155338048934937
6509.081178675896	1.0143828392028809
6509.165221098989	1.0185296535491943
6509.249263522082	1.0297819375991821
6509.333305945176	1.0245106220245361
6509.41734836827	1.0128949880599976
6509.501390791363	1.0197877883911133
6509.585433214456	1.0286288261413574
6509.66947563755	1.0198115110397339
6509.753518060644	1.0224546194076538
6509.8375604837365	1.026395320892334
6509.92160290683	1.0193994045257568
6510.005645329924	1.0286272764205933
6510.089687753018	1.0222195386886597
6510.173730176111	1.034324049949646
6510.257772599204	1.023926019668579
6510.341815022298	1.014644742012024
6510.425857445392	1.0098457336425781
6510.509899868485	1.0236446857452393
6510.593942291578	1.026665210723877
6510.677984714672	1.0128382444381714
6510.7620271377655	1.0240459442138672
6510.846069560859	1.0285210609436035
6510.930111983953	1.0251036882400513
6511.014154407046	1.0281615257263184
6511.098196830139	1.0312813520431519
6511.182239253233	1.032018780708313
6511.266281676327	1.03327214717865
6511.35032409942	1.0271854400634766
6511.434366522513	1.0315334796905518
6511.518408945607	1.0300664901733398
6511.602451368701	1.0175093412399292
6511.686493791794	1.019522786140442
6511.770536214887	1.0189718008041382
6511.854578637981	1.0112500190734863
6511.938621061075	1.00605309009552
6512.022663484168	1.0033506155014038
6512.106705907261	0.9950433969497681
6512.190748330355	0.9971680641174316
6512.2747907534485	1.0060409307479858
6512.358833176542	1.0004675388336182
6512.442875599635	1.012054681777954
6512.526918022729	1.0220927000045776
6512.6109604458225	1.0162742137908936
6512.695002868916	1.0309165716171265
6512.77904529201	1.0349851846694946
6512.863087715103	1.0280835628509521
6512.947130138196	1.026014804840088
6513.03117256129	1.0064988136291504
6513.115214984384	1.0036314725875854
6513.199257407477	1.0106807947158813
6513.28329983057	1.0179638862609863
6513.367342253664	1.031245470046997
6513.451384676758	1.0285601615905762
6513.535427099851	1.0221184492111206
6513.619469522944	1.0191642045974731
6513.703511946038	1.0062525272369385
6513.787554369132	1.0088155269622803
6513.871596792225	1.0287984609603882
6513.955639215318	1.029249906539917
6514.039681638412	1.0245014429092407
6514.1237240615055	1.015066146850586
6514.207766484599	1.010352611541748
6514.291808907692	1.000311255455017
6514.375851330786	0.989380955696106
6514.459893753879	0.9957733750343323
6514.543936176973	0.971048891544342
6514.627978600067	0.9451067447662354
6514.71202102316	0.9223755598068237
6514.796063446253	0.9317780137062073
6514.880105869347	0.9628437757492065
6514.964148292441	0.9906819462776184
6515.048190715534	1.0013141632080078
6515.132233138627	1.0140215158462524
6515.216275561721	1.0219049453735352
6515.300317984815	1.0152018070220947
6515.384360407908	1.0146957635879517
6515.468402831001	1.0144295692443848
6515.552445254095	1.0139743089675903
6515.636487677189	1.0226500034332275
6515.720530100282	1.004170298576355
6515.804572523375	0.9872238636016846
6515.888614946469	0.9960111975669861
6515.9726573695625	0.9936914443969727
6516.056699792656	1.0043784379959106
6516.14074221575	1.0100706815719604
6516.224784638843	1.0049458742141724
6516.308827061936	0.9734180569648743
6516.39286948503	0.9336049556732178
6516.476911908124	0.8986988663673401
6516.560954331217	0.8784375190734863
6516.64499675431	0.8933256268501282
6516.729039177404	0.9159640669822693
6516.813081600498	0.9484291076660156
6516.897124023591	0.975791335105896
6516.981166446684	0.9724382758140564
6517.065208869778	0.9720171093940735
6517.149251292872	0.9820268750190735
6517.233293715965	0.9834464192390442
6517.317336139058	0.9941128492355347
6517.401378562152	1.007842779159546
6517.485420985246	1.0025697946548462
6517.569463408339	0.9968582391738892
6517.653505831432	1.0111042261123657
6517.737548254526	1.018993854522705
6517.8215906776195	1.0093038082122803
6517.905633100713	1.0050104856491089
6517.989675523807	0.9946271181106567
6518.0737179469	0.994256854057312
6518.157760369993	1.0090067386627197
6518.241802793087	1.0085325241088867
6518.325845216181	1.0019019842147827
6518.409887639274	1.0072726011276245
6518.493930062367	1.0252643823623657
6518.577972485461	1.0289095640182495
6518.662014908555	1.0264912843704224
6518.7460573316475	1.0069960355758667
6518.830099754741	0.993832528591156
6518.914142177835	0.9970398545265198
6518.998184600929	0.9947198629379272
6519.082227024022	0.991840660572052
6519.166269447115	0.989564836025238
6519.250311870209	0.9846452474594116
6519.334354293303	0.9780094027519226
6519.418396716396	0.9731234908103943
6519.502439139489	0.9568470120429993
6519.586481562583	0.9698895215988159
6519.6705239856765	0.9894338846206665
6519.75456640877	1.0028148889541626
6519.838608831864	1.0209999084472656
6519.922651254957	1.0298147201538086
6520.00669367805	1.0177918672561646
6520.090736101144	1.0083768367767334
6520.174778524238	0.9959021210670471
6520.258820947331	1.0084282159805298
6520.342863370424	1.0102417469024658
6520.426905793518	1.0082682371139526
6520.510948216612	1.0177249908447266
6520.594990639705	1.0192981958389282
6520.679033062798	1.0163525342941284
6520.763075485892	1.0101358890533447
6520.847117908986	1.0112450122833252
6520.931160332079	1.0198336839675903
6521.015202755172	1.0236124992370605
6521.099245178266	1.0139803886413574
6521.18328760136	1.0186554193496704
6521.267330024453	1.0236423015594482
6521.351372447546	1.0142476558685303
6521.43541487064	1.0197112560272217
6521.5194572937335	1.0128135681152344
6521.603499716827	1.0088071823120117
6521.687542139921	1.0107790231704712
6521.771584563014	1.0104471445083618
6521.855626986107	1.0086957216262817
6521.939669409201	1.012500286102295
6522.023711832295	1.0119625329971313
6522.107754255388	1.0123604536056519
6522.191796678481	1.000295877456665
6522.275839101575	0.9977270364761353
6522.359881524669	1.0112746953964233
6522.443923947762	1.0145500898361206
6522.527966370855	1.0162014961242676
6522.612008793949	1.0141993761062622
6522.696051217043	1.0117439031600952
6522.780093640136	1.0118731260299683
6522.864136063229	1.0066168308258057
6522.948178486323	1.0097204446792603
6523.0322209094165	1.0192644596099854
6523.11626333251	1.0117948055267334
6523.200305755603	0.9990226626396179
6523.284348178697	1.000411033630371
6523.36839060179	0.9968236088752747
6523.452433024884	0.9937381744384766
6523.536475447978	0.9991047978401184
6523.620517871071	0.9869328141212463
6523.704560294164	0.9654222130775452
6523.788602717258	0.9627597332000732
6523.872645140352	0.9736799001693726
6523.956687563445	0.9737662672996521
6524.040729986538	0.9740333557128906
6524.124772409632	0.9984882473945618
6524.208814832726	1.014880657196045
6524.292857255819	1.0098201036453247
6524.376899678912	1.017490029335022
6524.460942102006	1.0275239944458008
6524.5449845251	1.0254544019699097
6524.629026948193	1.0204044580459595
6524.713069371286	1.0171681642532349
6524.79711179438	1.0168225765228271
6524.8811542174735	1.0100746154785156
6524.965196640567	1.0085536241531372
6525.049239063661	1.003534197807312
6525.133281486754	1.0011619329452515
6525.217323909847	1.0124688148498535
6525.301366332941	1.0035336017608643
6525.385408756035	1.0021346807479858
6525.469451179128	1.0177977085113525
6525.553493602221	1.0234500169754028
6525.637536025315	1.0210962295532227
6525.721578448409	1.0095008611679077
6525.805620871502	1.0139700174331665
6525.889663294595	1.0150357484817505
6525.973705717689	1.0056376457214355
6526.057748140783	0.9879907369613647
6526.141790563876	1.0123937129974365
6526.225832986969	1.0169384479522705
6526.309875410063	1.0151751041412354
6526.393917833157	1.0121793746948242
6526.47796025625	1.0011188983917236
6526.562002679343	0.993752658367157
6526.646045102437	0.99641352891922
6526.7300875255305	1.0071641206741333
6526.814129948624	1.016304850578308
6526.898172371718	1.020495057106018
6526.982214794811	1.0140526294708252
6527.066257217904	1.0197840929031372
6527.150299640998	1.0211927890777588
6527.234342064092	1.0114835500717163
6527.318384487185	0.9970768094062805
6527.402426910278	0.9990999698638916
6527.486469333372	1.0010122060775757
6527.570511756466	1.0023499727249146
6527.6545541795585	1.0069332122802734
6527.738596602652	1.0046669244766235
6527.822639025746	1.0128909349441528
6527.90668144884	1.0189954042434692
6527.990723871933	1.0048792362213135
6528.074766295026	1.0079940557479858
6528.15880871812	0.998647153377533
6528.242851141214	1.0084511041641235
6528.326893564307	1.004410982131958
6528.4109359874	1.015425205230713
6528.494978410494	1.0163164138793945
6528.5790208335875	1.0055468082427979
6528.663063256681	1.0055639743804932
6528.747105679775	1.0039397478103638
6528.831148102868	1.009621024131775
6528.915190525961	1.0077852010726929
6528.999232949055	1.0063695907592773
6529.083275372149	1.001605749130249
6529.167317795242	1.004550814628601
6529.251360218335	1.0036327838897705
6529.335402641429	1.0028176307678223
6529.419445064523	0.9992866516113281
6529.503487487616	1.0079106092453003
6529.587529910709	1.0137903690338135
6529.671572333803	0.9950425028800964
6529.755614756897	0.9900292158126831
6529.83965717999	1.0030978918075562
6529.923699603083	1.010963797569275
6530.007742026177	1.0156135559082031
6530.091784449271	1.0136637687683105
6530.175826872364	0.9966117143630981
6530.259869295457	0.9915075302124023
6530.343911718551	0.9890826940536499
6530.4279541416445	0.9950317144393921
6530.511996564738	0.9889043569564819
6530.596038987832	0.9918801784515381
6530.680081410925	0.9822674989700317
6530.764123834018	0.9905083179473877
6530.848166257112	0.9962716698646545
6530.932208680206	0.9931008219718933
6531.016251103299	0.991805911064148
6531.100293526392	0.9861382246017456
6531.184335949486	0.9921672344207764
6531.26837837258	1.0027462244033813
6531.352420795673	0.9955292344093323
6531.436463218766	0.9900805354118347
6531.52050564186	1.0063053369522095
6531.604548064954	1.0008758306503296
6531.688590488047	0.9956294298171997
6531.77263291114	1.0058672428131104
6531.856675334234	0.9944151639938354
6531.940717757328	0.9823930263519287
6532.024760180421	0.984108030796051
6532.108802603514	0.9778434038162231
6532.192845026608	0.962898850440979
6532.2768874497015	0.9536699652671814
6532.360929872795	0.9570932984352112
6532.444972295889	0.9528311491012573
6532.529014718982	0.9550023078918457
6532.613057142075	0.9899546504020691
6532.697099565169	1.0054645538330078
6532.781141988263	1.0008420944213867
6532.865184411356	0.9948212504386902
6532.949226834449	0.9886230230331421
6533.033269257543	0.999929666519165
6533.117311680637	0.9963400363922119
6533.20135410373	0.9814014434814453
6533.285396526823	0.9902251362800598
6533.369438949917	0.9945204257965088
6533.453481373011	0.9951995611190796
6533.537523796104	0.9969649910926819
6533.621566219197	1.001861810684204
6533.705608642291	0.9857618808746338
6533.7896510653845	0.9781757593154907
6533.873693488478	0.9785749316215515
6533.957735911572	0.9720968008041382
6534.041778334665	0.9694901704788208
6534.125820757758	0.9692006707191467
6534.209863180852	0.9775879979133606
6534.293905603946	0.9829110503196716
6534.377948027039	0.9947859048843384
6534.461990450132	0.9928753972053528
6534.546032873226	0.9857965111732483
6534.63007529632	0.9862724542617798
6534.714117719413	0.9868081212043762
6534.798160142506	0.9880232214927673
6534.8822025656	0.9859092235565186
6534.966244988694	1.000320553779602
6535.050287411787	1.0053086280822754
6535.13432983488	1.0068937540054321
6535.218372257974	1.000821590423584
6535.302414681068	0.9935749173164368
6535.386457104161	0.9909594058990479
6535.470499527254	0.9973803758621216
6535.554541950348	0.9994736313819885
6535.6385843734415	1.0047471523284912
6535.722626796535	1.0032716989517212
6535.806669219629	0.9993401765823364
6535.890711642722	1.0149506330490112
6535.974754065815	1.0115159749984741
6536.058796488909	0.9928969740867615
6536.142838912003	0.983817458152771
6536.226881335096	0.9948551058769226
6536.310923758189	0.9997386932373047
6536.394966181283	0.9892736077308655
6536.479008604377	0.9935185313224792
6536.56305102747	0.9970495700836182
6536.647093450563	0.9815039038658142
6536.731135873657	0.9717077016830444
6536.815178296751	0.9768458604812622
6536.899220719844	0.994780957698822
6536.983263142937	0.991240382194519
6537.067305566031	0.9932073950767517
6537.151347989125	0.9964162707328796
6537.235390412218	1.0025649070739746
6537.319432835311	0.9999963641166687
6537.403475258405	1.0075901746749878
6537.4875176814985	1.004794955253601
6537.571560104592	1.0029327869415283
6537.655602527686	1.0014903545379639
6537.739644950779	0.9834056496620178
6537.823687373872	0.9760319590568542
6537.907729796966	0.9867412447929382
6537.99177222006	0.99404376745224
6538.075814643153	0.9876042008399963
6538.159857066246	0.9687161445617676
6538.24389948934	0.9843516945838928
6538.327941912434	0.9956570267677307
6538.411984335527	1.010727882385254
6538.49602675862	1.0059523582458496
6538.580069181714	0.9944330453872681
6538.664111604808	0.9927300810813904
6538.748154027901	0.9879857301712036
6538.832196450994	0.992874801158905
6538.916238874088	0.9977675080299377
6539.000281297182	0.9957582354545593
6539.084323720275	0.9972223043441772
6539.168366143368	1.006178379058838
6539.252408566462	0.9970697164535522
6539.3364509895555	1.0022116899490356
6539.420493412649	0.992179811000824
6539.504535835743	0.9936460852622986
6539.588578258836	0.9847009181976318
6539.672620681929	0.9898470044136047
6539.756663105023	0.9990206360816956
6539.840705528117	0.9880121350288391
6539.92474795121	0.9918442368507385
6540.008790374303	0.9964538216590881
6540.092832797397	0.9959812760353088
6540.176875220491	0.9960561394691467
6540.260917643584	0.9912251234054565
6540.344960066677	0.9728795289993286
6540.429002489771	0.9780316352844238
6540.513044912865	0.9752578735351562
6540.597087335958	0.9744129776954651
6540.681129759051	0.9848694801330566
6540.765172182145	0.9944270253181458
6540.849214605239	0.9966263771057129
6540.933257028332	0.9954918622970581
6541.017299451425	0.9885909557342529
6541.101341874519	0.987598180770874
6541.1853842976125	0.9922716021537781
6541.269426720706	0.9902045130729675
6541.3534691438	0.9677583575248718
6541.437511566893	0.9627951383590698
6541.521553989986	0.9586743116378784
6541.60559641308	0.9777209162712097
6541.689638836174	0.9916998147964478
6541.773681259267	1.0020215511322021
6541.85772368236	0.9961643815040588
6541.941766105454	0.9915692806243896
6542.025808528548	0.9808337092399597
6542.109850951641	0.9760921597480774
6542.193893374734	0.9760618805885315
6542.277935797828	0.9602843523025513
6542.361978220922	0.9522202610969543
6542.446020644015	0.967789351940155
6542.530063067108	0.9806806445121765
6542.614105490202	0.9852341413497925
6542.6981479132955	0.9804893136024475
6542.782190336389	0.9757716655731201
6542.866232759483	0.9773295521736145
6542.950275182576	0.9778212904930115
6543.0343176056695	0.9713707566261292
6543.118360028763	0.9660611152648926
6543.202402451857	0.9796555638313293
6543.28644487495	0.98307865858078
6543.370487298043	0.9769596457481384
6543.454529721137	0.9682697057723999
6543.538572144231	0.958892822265625
6543.622614567324	0.9590260982513428
6543.706656990417	0.9300805330276489
6543.790699413511	0.8919704556465149
6543.874741836605	0.884890079498291
6543.958784259698	0.8887819647789001
6544.042826682791	0.8973852396011353
6544.126869105885	0.9134097099304199
6544.210911528979	0.9539092183113098
6544.294953952072	0.966825008392334
6544.378996375165	0.9674230813980103
6544.463038798259	0.9779003262519836
6544.5470812213525	0.9726812243461609
6544.631123644446	0.9745857119560242
6544.71516606754	0.968549907207489
6544.799208490633	0.9683854579925537
6544.883250913726	0.964207649230957
6544.96729333682	0.9588136076927185
6545.051335759914	0.9537209868431091
6545.135378183007	0.9527990818023682
6545.2194206061	0.9584699273109436
6545.303463029194	0.9489642977714539
6545.387505452288	0.949497640132904
6545.471547875381	0.951076090335846
6545.555590298474	0.9532403349876404
6545.639632721568	0.9590451717376709
6545.723675144662	0.9550866484642029
6545.807717567755	0.9485566020011902
6545.891759990848	0.9532627463340759
6545.975802413942	0.9557992219924927
6546.059844837036	0.9588791728019714
6546.143887260129	0.9556829333305359
6546.227929683222	0.9425951838493347
6546.311972106316	0.9501299858093262
6546.3960145294095	0.951557993888855
6546.480056952503	0.9458407163619995
6546.564099375597	0.9488483667373657
6546.64814179869	0.9549476504325867
6546.732184221783	0.9601317644119263
6546.816226644877	0.9482950568199158
6546.900269067971	0.9482388496398926
6546.984311491064	0.9453212022781372
6547.068353914157	0.9407174587249756
6547.152396337251	0.9487296938896179
6547.236438760345	0.9510775208473206
6547.3204811834385	0.9557514786720276
6547.404523606531	0.9564562439918518
6547.488566029625	0.9452810883522034
6547.572608452719	0.9257103800773621
6547.656650875812	0.911455512046814
6547.740693298905	0.9105306267738342
6547.824735721999	0.9192467331886292
6547.908778145093	0.937779426574707
6547.992820568186	0.9413230419158936
6548.076862991279	0.9417041540145874
6548.160905414373	0.9481069445610046
6548.2449478374665	0.9592811465263367
6548.32899026056	0.9454895257949829
6548.413032683654	0.9143642783164978
6548.497075106747	0.8953151702880859
6548.58111752984	0.8942575454711914
6548.665159952934	0.8981720209121704
6548.749202376028	0.9020547270774841
6548.833244799121	0.9213401079177856
6548.917287222214	0.9355322122573853
6549.001329645308	0.936884880065918
6549.085372068402	0.9451685547828674
6549.169414491495	0.9437147974967957
6549.253456914588	0.9311019778251648
6549.337499337682	0.9309138655662537
6549.421541760776	0.9245393872261047
6549.505584183869	0.9292854070663452
6549.589626606962	0.9419097900390625
6549.673669030056	0.9340011477470398
6549.75771145315	0.9151972532272339
6549.841753876243	0.9267306327819824
6549.925796299337	0.948212206363678
6550.00983872243	0.9486004710197449
6550.0938811455235	0.9427832365036011
6550.177923568617	0.947109580039978
6550.261965991711	0.9450681209564209
6550.346008414804	0.9355105757713318
6550.430050837897	0.9300352931022644
6550.514093260991	0.9245488047599792
6550.598135684085	0.9207064509391785
6550.682178107178	0.9327594041824341
6550.766220530271	0.932796835899353
6550.850262953365	0.9211548566818237
6550.934305376459	0.9218406081199646
6551.018347799552	0.9186248183250427
6551.102390222645	0.9200782179832458
6551.186432645739	0.9265314340591431
6551.270475068833	0.9182594418525696
6551.354517491926	0.9100087285041809
6551.438559915019	0.9126439094543457
6551.522602338113	0.929682731628418
6551.606644761207	0.929124653339386
6551.6906871843	0.9216387867927551
6551.774729607394	0.9230344295501709
6551.858772030487	0.9138599634170532
6551.9428144535805	0.9032848477363586
6552.026856876674	0.9039774537086487
6552.110899299768	0.9185723066329956
6552.194941722861	0.9068360924720764
6552.278984145954	0.8978750109672546
6552.363026569048	0.8830762505531311
6552.447068992142	0.8582719564437866
6552.531111415235	0.8425697088241577
6552.615153838328	0.8325104713439941
6552.699196261422	0.8423776030540466
6552.783238684516	0.8522417545318604
6552.867281107609	0.875703752040863
6552.951323530702	0.8961179852485657
6553.035365953796	0.8983977437019348
6553.11940837689	0.8861700892448425
6553.203450799983	0.8880934119224548
6553.287493223076	0.8950580954551697
6553.37153564617	0.8911279439926147
6553.4555780692635	0.8823497295379639
6553.539620492357	0.8743727803230286
6553.623662915451	0.8728715777397156
6553.707705338544	0.8733379244804382
6553.791747761637	0.8644858002662659
6553.875790184731	0.8533332347869873
6553.959832607825	0.86065673828125
6554.043875030918	0.86689293384552
6554.127917454011	0.8694891333580017
6554.211959877105	0.8854548335075378
6554.296002300199	0.88802570104599
6554.3800447232925	0.8713876605033875
6554.464087146385	0.8619145154953003
6554.548129569479	0.8660065531730652
6554.632171992573	0.8676342964172363
6554.716214415666	0.8688880801200867
6554.800256838759	0.8665352463722229
6554.884299261853	0.8718570470809937
6554.968341684947	0.8551087975502014
6555.05238410804	0.8455901741981506
6555.136426531133	0.8499168753623962
6555.220468954227	0.854299008846283
6555.3045113773205	0.8528570532798767
6555.388553800414	0.8515890836715698
6555.472596223508	0.8498651385307312
6555.556638646601	0.8436757326126099
6555.640681069694	0.8415195345878601
6555.724723492788	0.8473332524299622
6555.808765915882	0.8394433259963989
6555.892808338975	0.8291803598403931
6555.976850762068	0.8417362570762634
6556.060893185162	0.8470720052719116
6556.144935608256	0.8351425528526306
6556.2289780313495	0.8354473114013672
6556.313020454442	0.8366842865943909
6556.397062877536	0.8365972638130188
6556.48110530063	0.8284808397293091
6556.565147723723	0.8261199593544006
6556.649190146816	0.8240905404090881
6556.73323256991	0.819092333316803
6556.817274993004	0.8142343759536743
6556.901317416097	0.8040968775749207
6556.98535983919	0.7828443646430969
6557.069402262284	0.7767066955566406
6557.1534446853775	0.7757512331008911
6557.237487108471	0.7668378353118896
6557.321529531565	0.7710050940513611
6557.405571954658	0.78258216381073
6557.489614377751	0.7914840579032898
6557.573656800845	0.7852429747581482
6557.657699223939	0.7871597409248352
6557.741741647032	0.7901484966278076
6557.825784070125	0.7914706468582153
6557.909826493219	0.7844521403312683
6557.993868916313	0.7643396854400635
6558.0779113394065	0.7512702941894531
6558.161953762499	0.7581308484077454
6558.245996185593	0.7652965188026428
6558.330038608687	0.7679224610328674
6558.41408103178	0.7621406316757202
6558.498123454873	0.7679221034049988
6558.582165877967	0.7735059857368469
6558.666208301061	0.7559526562690735
6558.750250724154	0.7519781589508057
6558.834293147248	0.7481310367584229
6558.918335570341	0.7473430037498474
6559.0023779934345	0.7464075088500977
6559.086420416528	0.7406683564186096
6559.170462839622	0.7409359216690063
6559.254505262715	0.7401919364929199
6559.338547685808	0.7432904243469238
6559.422590108902	0.748959481716156
6559.506632531996	0.753565788269043
6559.590674955089	0.7540498375892639
6559.674717378182	0.7699941992759705
6559.758759801276	0.7570215463638306
6559.84280222437	0.7586164474487305
6559.926844647463	0.7518828511238098
6560.010887070556	0.7596837282180786
6560.09492949365	0.7637383937835693
6560.178971916744	0.7850778698921204
6560.263014339837	0.7845042943954468
6560.34705676293	0.7890827655792236
6560.431099186024	0.8037769198417664
6560.515141609118	0.8287329077720642
6560.599184032211	0.8426379561424255
6560.683226455305	0.8580245971679688
6560.767268878398	0.8858694434165955
6560.8513113014915	0.9138743281364441
6560.935353724585	0.9405754804611206
6561.019396147679	0.9607016444206238
6561.103438570772	0.9908519387245178
6561.187480993865	1.0386101007461548
6561.271523416959	1.0679484605789185
6561.355565840053	1.0827397108078003
6561.4396082631465	1.1023985147476196
6561.523650686239	1.1110602617263794
6561.607693109333	1.1076818704605103
6561.691735532427	1.1201848983764648
6561.77577795552	1.1246283054351807
6561.859820378613	1.1371636390686035
6561.943862801707	1.1629364490509033
6562.027905224801	1.171656608581543
6562.111947647894	1.1986244916915894
6562.195990070987	1.1941615343093872
6562.280032494081	1.1971160173416138
6562.364074917175	1.2047454118728638
6562.448117340268	1.2092872858047485
6562.532159763362	1.2007551193237305
6562.616202186455	1.1836787462234497
6562.7002446095485	1.1630878448486328
6562.784287032642	1.1343786716461182
6562.868329455736	1.142091989517212
6562.952371878829	1.1460208892822266
6563.036414301922	1.137408971786499
6563.120456725016	1.1342332363128662
6563.20449914811	1.1354763507843018
6563.2885415712035	1.1352169513702393
6563.372583994296	1.1465567350387573
6563.45662641739	1.1531105041503906
6563.540668840484	1.1733430624008179
6563.624711263577	1.1943622827529907
6563.70875368667	1.21108078956604
6563.792796109764	1.2090359926223755
6563.876838532858	1.212661862373352
6563.960880955951	1.1767545938491821
6564.044923379044	1.1451178789138794
6564.128965802138	1.1189879179000854
6564.2130082252315	1.104872465133667
6564.297050648325	1.10088050365448
6564.381093071419	1.1007025241851807
6564.465135494512	1.1201494932174683
6564.549177917605	1.11814284324646
6564.633220340699	1.1171883344650269
6564.717262763793	1.091846227645874
6564.801305186886	1.083146333694458
6564.885347609979	1.0769835710525513
6564.969390033073	1.049399971961975
6565.053432456167	1.0209965705871582
6565.1374748792605	1.0002788305282593
6565.221517302353	0.9680418968200684
6565.305559725447	0.9340550303459167
6565.389602148541	0.9127631783485413
6565.473644571634	0.8825047016143799
6565.557686994727	0.8589354157447815
6565.641729417821	0.8231520652770996
6565.725771840915	0.8050771355628967
6565.809814264008	0.8044734001159668
6565.893856687102	0.7879016399383545
6565.977899110195	0.7890840768814087
6566.0619415332885	0.7780439853668213
6566.145983956382	0.7522706389427185
6566.230026379476	0.7623182535171509
6566.314068802569	0.7564499974250793
6566.398111225662	0.754459023475647
6566.482153648756	0.7529412508010864
6566.56619607185	0.74415522813797
6566.650238494943	0.7422153353691101
6566.734280918036	0.7369731664657593
6566.81832334113	0.736719012260437
6566.902365764224	0.7448863387107849
6566.9864081873175	0.7509335279464722
6567.07045061041	0.7569711208343506
6567.154493033504	0.7600688338279724
6567.238535456598	0.7568252086639404
6567.322577879691	0.757066547870636
6567.406620302784	0.7619304060935974
6567.490662725878	0.7484550476074219
6567.574705148972	0.7639303207397461
6567.658747572065	0.7701152563095093
6567.742789995159	0.7568554282188416
6567.826832418252	0.7687846422195435
6567.9108748413455	0.7688692808151245
6567.994917264439	0.7569928169250488
6568.078959687533	0.7707382440567017
6568.163002110626	0.7777384519577026
6568.247044533719	0.7732629179954529
6568.331086956813	0.78364098072052
6568.415129379907	0.7824398279190063
6568.499171803	0.7794233560562134
6568.583214226093	0.769541323184967
6568.667256649187	0.7730087041854858
6568.751299072281	0.7927836179733276
6568.835341495374	0.7948591113090515
6568.919383918467	0.7979205846786499
6569.003426341561	0.8020275831222534
6569.087468764655	0.8017340302467346
6569.171511187748	0.8024051785469055
6569.255553610841	0.7985951900482178
6569.339596033935	0.8013299703598022
6569.423638457029	0.8002339601516724
6569.507680880122	0.7957891225814819
6569.591723303216	0.8042883276939392
6569.675765726309	0.8226177096366882
6569.7598081494025	0.820426344871521
6569.843850572496	0.8154426217079163
6569.92789299559	0.825518012046814
6570.011935418683	0.827852725982666
6570.095977841776	0.8397872447967529
6570.18002026487	0.8423935770988464
6570.264062687964	0.8411265015602112
6570.3481051110575	0.8414931297302246
6570.43214753415	0.8322035074234009
6570.516189957244	0.8414257168769836
6570.600232380338	0.8440328240394592
6570.684274803431	0.8450812101364136
6570.768317226524	0.8402553796768188
6570.852359649618	0.8409796357154846
6570.936402072712	0.8443138003349304
6571.020444495805	0.8564874529838562
6571.104486918898	0.8454767465591431
6571.188529341992	0.844923198223114
6571.272571765086	0.8583564162254333
6571.356614188179	0.856641411781311
6571.440656611273	0.8621431589126587
6571.524699034366	0.8584636449813843
6571.6087414574595	0.8622735142707825
6571.692783880553	0.8741265535354614
6571.776826303647	0.8735767006874084
6571.86086872674	0.8562704920768738
6571.944911149833	0.8444976806640625
6572.028953572927	0.8441737294197083
6572.112995996021	0.8462134599685669
6572.1970384191145	0.8630356192588806
6572.281080842207	0.8761627674102783
6572.365123265301	0.8583137392997742
6572.449165688395	0.8649858832359314
6572.533208111488	0.8702805042266846
6572.617250534581	0.8810963034629822
6572.701292957675	0.8904966115951538
6572.785335380769	0.8936079144477844
6572.869377803862	0.9043660759925842
6572.953420226955	0.8947047591209412
6573.037462650049	0.8916530013084412
6573.1215050731425	0.8999990820884705
6573.205547496236	0.8978536128997803
6573.28958991933	0.8879502415657043
6573.373632342423	0.8933175802230835
6573.4576747655165	0.8955401182174683
6573.54171718861	0.8873437643051147
6573.625759611704	0.9001539945602417
6573.709802034797	0.8983896374702454
6573.79384445789	0.8916587829589844
6573.877886880984	0.909453809261322
6573.961929304078	0.9114068150520325
6574.0459717271715	0.9048343300819397
6574.130014150264	0.9072906970977783
6574.214056573358	0.8927655816078186
6574.298098996452	0.9017295837402344
6574.382141419545	0.9139793515205383
6574.466183842638	0.9065453410148621
6574.550226265732	0.8982551693916321
6574.634268688826	0.8935566544532776
6574.718311111919	0.8679224252700806
6574.802353535013	0.8590390682220459
6574.886395958106	0.8664624691009521
6574.9704383811995	0.8629571199417114
6575.054480804293	0.8831530809402466
6575.138523227387	0.9073503017425537
6575.22256565048	0.9114002585411072
6575.306608073573	0.9243062138557434
6575.390650496667	0.9286472201347351
6575.474692919761	0.9341846108436584
6575.558735342854	0.9300280809402466
6575.642777765947	0.9095034599304199
6575.726820189041	0.9239446520805359
6575.810862612135	0.9389550089836121
6575.8949050352285	0.9327747225761414
6575.978947458321	0.9269201755523682
6576.062989881415	0.931634247303009
6576.147032304509	0.9335045218467712
6576.231074727602	0.927039384841919
6576.315117150695	0.9324228763580322
6576.399159573789	0.9395411610603333
6576.483201996883	0.9328991174697876
6576.567244419976	0.9393618106842041
6576.65128684307	0.9449372291564941
6576.735329266163	0.9509477615356445
6576.8193716892565	0.9543282389640808
6576.90341411235	0.9536873698234558
6576.987456535444	0.9374164938926697
6577.071498958537	0.93062424659729
6577.15554138163	0.9336699843406677
6577.239583804724	0.9383784532546997
6577.323626227818	0.9322007298469543
6577.407668650911	0.9406512975692749
6577.491711074004	0.9483981132507324
6577.575753497098	0.9519518613815308
6577.659795920192	0.9530752897262573
6577.7438383432855	0.9319405555725098
6577.827880766378	0.9200618863105774
6577.911923189472	0.9390304684638977
6577.995965612566	0.9448757767677307
6578.080008035659	0.9607510566711426
6578.164050458752	0.9592863321304321
6578.248092881846	0.9487066268920898
6578.33213530494	0.9541945457458496
6578.416177728033	0.95157790184021
6578.500220151127	0.9455395340919495
6578.58426257422	0.9464614391326904
6578.6683049973135	0.9468179941177368
6578.752347420407	0.9527318477630615
6578.836389843501	0.954990804195404
6578.920432266594	0.9624078273773193
6579.004474689687	0.9573173522949219
6579.088517112781	0.9612867832183838
6579.172559535875	0.9567283987998962
6579.2566019589685	0.9579463601112366
6579.340644382061	0.9441342353820801
6579.424686805155	0.946447491645813
6579.508729228249	0.9699071049690247
6579.592771651342	0.9672303199768066
6579.676814074435	0.9495841264724731
6579.760856497529	0.9591985940933228
6579.844898920623	0.9625111222267151
6579.928941343716	0.9560890793800354
6580.012983766809	0.9435425996780396
6580.097026189903	0.9411026239395142
6580.181068612997	0.9516255855560303
6580.26511103609	0.9646561145782471
6580.349153459184	0.9715833067893982
6580.433195882277	0.9528028964996338
6580.5172383053705	0.9438475966453552
6580.601280728464	0.9614373445510864
6580.685323151558	0.9693470001220703
6580.769365574651	0.9510857462882996
6580.853407997744	0.9344725012779236
6580.937450420838	0.9435386657714844
6581.021492843932	0.9523712396621704
6581.1055352670255	0.950269877910614
6581.189577690118	0.9620733857154846
6581.273620113212	0.9751147627830505
6581.357662536306	0.9701175689697266
6581.441704959399	0.9678218960762024
6581.525747382492	0.9687026739120483
6581.609789805586	0.9702187776565552
6581.69383222868	0.9648550748825073
6581.777874651773	0.9558746218681335
6581.861917074866	0.9651136994361877
6581.94595949796	0.9670728445053101
6582.030001921054	0.9642013907432556
6582.114044344147	0.9694714546203613
6582.198086767241	0.9638376235961914
6582.282129190334	0.9602940082550049
6582.3661716134275	0.9669306874275208
6582.450214036521	0.9638261795043945
6582.534256459615	0.9600604772567749
6582.618298882708	0.9552913904190063
6582.702341305801	0.9660987257957458
6582.786383728895	0.9820887446403503
6582.870426151989	0.9797114133834839
6582.9544685750825	0.9747071862220764
6583.038510998175	0.9680265188217163
6583.122553421269	0.9778880476951599
6583.206595844363	0.9796609282493591
6583.290638267456	0.9691987037658691
6583.374680690549	0.959282636642456
6583.458723113643	0.9744852185249329
6583.542765536737	0.972992479801178
6583.62680795983	0.9651901125907898
6583.710850382924	0.9611495137214661
6583.794892806017	0.971975564956665
6583.8789352291105	0.9848461747169495
6583.962977652204	0.9753827452659607
6584.047020075298	0.9929693341255188
6584.131062498391	0.987337052822113
6584.215104921484	0.9719808101654053
6584.299147344578	0.9734506011009216
6584.383189767672	0.9726294279098511
6584.467232190765	0.972612738609314
6584.551274613858	0.9727634191513062
6584.635317036952	0.9771726727485657
6584.719359460046	0.9771266579627991
6584.8034018831395	0.9840056300163269
6584.887444306232	0.9895776510238647
6584.971486729326	0.973491370677948
6585.05552915242	0.9766493439674377
6585.139571575513	0.9774994254112244
6585.223613998606	0.9749521613121033
6585.3076564217	0.97480309009552
6585.391698844794	0.9821078181266785
6585.475741267887	0.9654115438461304
6585.559783690981	0.9848893880844116
6585.643826114074	0.9819418787956238
6585.7278685371675	0.9834579825401306
6585.811910960261	0.9670358300209045
6585.895953383355	0.9639108180999756
6585.979995806448	0.9831771850585938
6586.064038229541	0.9839367270469666
6586.148080652635	0.9942128658294678
6586.232123075729	0.977071225643158
6586.316165498822	0.971807062625885
6586.400207921915	0.9758135080337524
6586.484250345009	0.9763249158859253
6586.568292768103	0.9575686454772949
6586.6523351911965	0.9468951225280762
6586.736377614289	0.9584410190582275
6586.820420037383	0.9690042734146118
6586.904462460477	0.9748760461807251
6586.98850488357	0.9727679491043091
6587.072547306663	0.9877873659133911
6587.156589729757	0.9915355443954468
6587.240632152851	0.9900836944580078
6587.324674575944	0.9919102191925049
6587.408716999038	0.9878274202346802
6587.492759422131	0.9760233759880066
6587.5768018452245	0.9720072150230408
6587.660844268318	0.9686991572380066
6587.744886691412	0.9840628504753113
6587.828929114505	0.9941844940185547
6587.912971537598	0.9879311323165894
6587.997013960692	0.9839775562286377
6588.081056383786	0.9857892990112305
6588.1650988068795	0.9850155115127563
6588.249141229972	0.9842395782470703
6588.333183653066	0.9911575317382812
6588.41722607616	1.0035032033920288
6588.5012684992535	0.9885491132736206
6588.585310922346	0.9772334098815918
6588.66935334544	0.9759728312492371
6588.753395768534	0.9770665764808655
6588.837438191627	0.9861875772476196
6588.92148061472	0.9994550943374634
6589.005523037814	0.9908910989761353
6589.089565460908	0.9811648726463318
6589.173607884001	0.9721367359161377
6589.257650307095	0.9685705304145813
6589.341692730188	0.9945684671401978
6589.4257351532815	0.998051643371582
6589.509777576375	1.0000485181808472
6589.593819999469	1.0003231763839722
6589.677862422562	0.9873093962669373
6589.761904845655	0.9885721802711487
6589.845947268749	0.997652530670166
6589.929989691843	0.9955056309700012
6590.0140321149365	0.9993394613265991
6590.098074538029	0.9867086410522461
6590.182116961123	0.9975326061248779
6590.266159384217	1.0172476768493652
6590.35020180731	0.9982514977455139
6590.434244230403	0.9879809021949768
6590.518286653497	0.9821772575378418
6590.602329076591	0.9800503253936768
6590.686371499684	0.984362006187439
6590.770413922777	0.987258791923523
6590.854456345871	0.9921970367431641
6590.938498768965	0.9896945953369141
6591.022541192058	0.9917863607406616
6591.106583615152	0.9898791909217834
6591.190626038245	0.9908679127693176
6591.2746684613385	0.9894420504570007
6591.358710884432	0.9765883088111877
6591.442753307526	0.97934889793396
6591.526795730619	0.9825522303581238
6591.610838153712	0.980505108833313
6591.694880576806	0.9790066480636597
6591.7789229999	0.9851275682449341
6591.8629654229935	0.9927338361740112
6591.947007846086	0.99527508020401
6592.03105026918	0.9902169108390808
6592.115092692274	0.9913516640663147
6592.199135115367	1.0054359436035156
6592.28317753846	0.9991967082023621
6592.367219961554	0.9793643951416016
6592.451262384648	0.9707040786743164
6592.535304807741	0.9789982438087463
6592.619347230835	0.9933155179023743
6592.703389653928	0.9999402165412903
6592.787432077022	1.0052515268325806
6592.871474500115	1.0095857381820679
6592.955516923209	0.9928988814353943
6593.039559346302	0.9876003265380859
6593.1236017693955	0.9955803155899048
6593.207644192489	0.9884850382804871
6593.291686615583	0.9863370060920715
6593.375729038676	0.989168643951416
6593.459771461769	0.9954454302787781
6593.543813884863	1.0048434734344482
6593.627856307957	1.0005217790603638
6593.7118987310505	0.988309383392334
6593.795941154143	0.9858074188232422
6593.879983577237	0.9937078952789307
6593.964026000331	0.9938122034072876
6594.048068423424	0.9872855544090271
6594.132110846517	1.0033044815063477
6594.216153269611	0.9927363991737366
6594.300195692705	0.995215117931366
6594.384238115798	0.9925692081451416
6594.468280538892	0.9883522391319275
6594.552322961985	0.9971242547035217
6594.6363653850785	0.9863590002059937
6594.720407808172	0.9867895245552063
6594.804450231266	1.0009710788726807
6594.888492654359	1.0052919387817383
6594.972535077452	0.9951125979423523
6595.056577500546	0.9974632263183594
6595.14061992364	1.0097267627716064
6595.224662346733	1.0029475688934326
6595.308704769826	0.9992268681526184
6595.39274719292	1.0059900283813477
6595.476789616014	1.0021977424621582
6595.5608320391075	1.0067048072814941
6595.6448744622	0.9984601140022278
6595.728916885294	1.0000319480895996
6595.812959308388	1.006675124168396
6595.897001731481	0.998365044593811
6595.981044154574	0.9877344369888306
6596.065086577668	0.9997007250785828
6596.149129000762	1.0003913640975952
6596.233171423855	0.9937172532081604
6596.317213846949	0.9934523105621338
6596.401256270042	0.9828976392745972
6596.4852986931355	0.9999338984489441
6596.569341116229	0.9949697256088257
6596.653383539323	0.994307279586792
6596.737425962416	1.0034071207046509
6596.821468385509	1.0021882057189941
6596.905510808603	0.9944526553153992
6596.989553231697	0.9994767308235168
6597.073595654791	1.0035480260849
6597.157638077883	0.9968189001083374
6597.241680500977	1.009351134300232
6597.325722924071	1.0069279670715332
6597.4097653471645	1.0125840902328491
6597.493807770257	1.004258155822754
6597.577850193351	1.007561206817627
6597.661892616445	1.0042890310287476
6597.745935039538	0.9968134164810181
6597.829977462631	1.0038877725601196
6597.914019885725	1.0095616579055786
6597.998062308819	1.0148292779922485
6598.082104731912	1.0204558372497559
6598.166147155006	1.0066784620285034
6598.250189578099	1.000324010848999
6598.3342320011925	1.0140366554260254
6598.418274424286	0.9991810917854309
6598.50231684738	1.0012688636779785
6598.586359270473	1.0053508281707764
6598.670401693566	1.002813458442688
6598.75444411666	0.9899133443832397
6598.838486539754	0.9942519664764404
6598.9225289628475	0.9984897375106812
6599.00657138594	0.9825019240379333
6599.090613809034	0.9807467460632324
6599.174656232128	0.9880850911140442
6599.258698655221	0.9919546842575073
6599.342741078314	0.9863364696502686
6599.426783501408	0.97137850522995
6599.510825924502	0.9743520021438599
6599.594868347595	0.9936414957046509
6599.678910770688	0.9935924410820007
6599.762953193782	0.9872985482215881
6599.846995616876	1.0005123615264893
6599.931038039969	0.9974426627159119
6600.015080463063	0.9833574891090393
6600.099122886156	0.9948289394378662
6600.1831653092495	1.0071604251861572
6600.267207732343	1.0143120288848877
6600.351250155437	1.0020357370376587
6600.43529257853	1.0073529481887817
6600.519335001623	1.0059703588485718
6600.603377424717	0.9895646572113037
6600.687419847811	1.0047967433929443
6600.7714622709045	1.021164059638977
6600.855504693997	0.9960089325904846
6600.939547117091	0.9852290749549866
6601.023589540185	0.9901103973388672
6601.107631963278	1.0018326044082642
6601.191674386371	1.0230638980865479
6601.275716809465	1.0118058919906616
6601.359759232559	0.9890289306640625
6601.443801655652	0.9945160746574402
6601.527844078746	1.0050733089447021
6601.611886501839	0.997887134552002
6601.695928924933	1.0035027265548706
6601.779971348026	0.9900026321411133
6601.86401377112	1.001615047454834
6601.948056194213	1.0051809549331665
6602.0320986173065	0.9937056303024292
6602.1161410404	0.9992391467094421
6602.200183463494	1.0065288543701172
6602.284225886587	0.9992306232452393
6602.36826830968	1.0060834884643555
6602.452310732774	1.0077588558197021
6602.536353155868	1.0122836828231812
6602.6203955789615	1.0199378728866577
6602.704438002054	1.0107653141021729
6602.788480425148	0.9962666630744934
6602.872522848242	1.0010614395141602
6602.956565271335	0.9950730800628662
6603.040607694428	0.9953189492225647
6603.124650117522	0.9988257884979248
6603.208692540616	1.01486074924469
6603.292734963709	1.0206904411315918
6603.376777386803	1.0106704235076904
6603.460819809896	1.0064380168914795
6603.5448622329895	1.000793695449829
6603.628904656083	1.0117180347442627
6603.712947079177	1.0092929601669312
6603.79698950227	0.9996795654296875
6603.8810319253635	1.004197359085083
6603.965074348457	0.9980831146240234
6604.049116771551	0.9912776947021484
6604.133159194644	0.993826687335968
6604.217201617737	0.9977601766586304
6604.301244040831	0.9852535724639893
6604.385286463925	0.988172709941864
6604.4693288870185	0.9986730217933655
6604.553371310111	1.0125590562820435
6604.637413733205	1.0079383850097656
6604.721456156299	0.9983418583869934
6604.805498579392	1.0128458738327026
6604.889541002485	1.0083160400390625
6604.973583425579	0.9904748201370239
6605.057625848673	0.9930630326271057
6605.141668271766	1.0011868476867676
6605.22571069486	1.0002894401550293
6605.309753117953	0.9887738227844238
6605.3937955410465	0.9893113970756531
6605.47783796414	0.9765042066574097
6605.561880387234	0.998798668384552
6605.645922810327	0.9992457628250122
6605.72996523342	0.9882919788360596
6605.814007656514	0.9977524280548096
6605.898050079608	1.0035393238067627
6605.982092502702	1.0006271600723267
6606.066134925794	1.0038286447525024
6606.150177348888	1.0010316371917725
6606.234219771982	1.0060386657714844
6606.3182621950755	1.010314702987671
6606.402304618168	1.012418508529663
6606.486347041262	1.0029478073120117
6606.570389464356	1.0008636713027954
6606.654431887449	1.0020066499710083
6606.738474310542	1.0023936033248901
6606.822516733636	0.999269425868988
6606.90655915673	0.9966378211975098
6606.990601579823	1.0038597583770752
6607.074644002917	0.9985177516937256
6607.15868642601	0.9973573088645935
6607.2427288491035	0.9913825988769531
6607.326771272197	0.9997899532318115
6607.410813695291	1.0062050819396973
6607.494856118384	0.992926836013794
6607.578898541477	1.0397838354110718
