6495.72515308	0.0414591669996
6495.72515307699	0.8811411261558533
6495.76661224399	0.8829151391983032
6495.808071410989	0.8830902576446533
6495.849530577989	0.8882530331611633
6495.8909897449885	0.9018487930297852
6495.932448911988	0.9151728749275208
6495.973908078988	0.9204229712486267
6496.015367245987	0.9190705418586731
6496.056826412987	0.9156234860420227
6496.098285579987	0.9149734973907471
6496.139744746986	0.9200332164764404
6496.181203913986	0.92771315574646
6496.2226630809855	0.9337624311447144
6496.264122247985	0.9374908208847046
6496.305581414985	0.9396859407424927
6496.347040581984	0.941644549369812
6496.388499748984	0.9441282749176025
6496.429958915984	0.9443914294242859
6496.471418082983	0.939586341381073
6496.512877249983	0.9339474439620972
6496.554336416983	0.9336646795272827
6496.595795583982	0.9364432096481323
6496.637254750982	0.9365476965904236
6496.678713917981	0.9350664615631104
6496.720173084981	0.9363191723823547
6496.761632251981	0.939945638179779
6496.80309141898	0.9427891373634338
6496.84455058598	0.9421638250350952
6496.88600975298	0.9361181259155273
6496.927468919979	0.928478479385376
6496.968928086979	0.9267690777778625
6497.0103872539785	0.9300464391708374
6497.051846420978	0.9309694766998291
6497.093305587978	0.9274992942810059
6497.134764754977	0.9221853613853455
6497.176223921977	0.9174606204032898
6497.217683088977	0.9154229164123535
6497.259142255976	0.9143218398094177
6497.300601422976	0.908591091632843
6497.3420605899755	0.8990491032600403
6497.383519756975	0.8937618136405945
6497.424978923975	0.8952626585960388
6497.466438090974	0.8988560438156128
6497.507897257974	0.9014242887496948
6497.549356424974	0.9029890894889832
6497.590815591973	0.9044749736785889
6497.632274758973	0.907468318939209
6497.673733925973	0.9117801189422607
6497.715193092972	0.9142692685127258
6497.756652259972	0.9141982197761536
6497.798111426971	0.9157502055168152
6497.839570593971	0.9206056594848633
6497.881029760971	0.9242174029350281
6497.92248892797	0.9239256381988525
6497.96394809497	0.9234926104545593
6498.00540726197	0.9258483648300171
6498.046866428969	0.9287593364715576
6498.088325595969	0.9298964142799377
6498.1297847629685	0.9300414323806763
6498.171243929968	0.930118203163147
6498.212703096968	0.9289589524269104
6498.254162263967	0.9259334206581116
6498.295621430967	0.9238532781600952
6498.337080597967	0.9248506426811218
6498.378539764966	0.9250245094299316
6498.419998931966	0.9206340909004211
6498.4614580989655	0.9166926145553589
6498.502917265965	0.9190678000450134
6498.544376432965	0.9227758049964905
6498.585835599964	0.9203985929489136
6498.627294766964	0.9151571989059448
6498.668753933964	0.9136386513710022
6498.710213100963	0.9138170480728149
6498.751672267963	0.9105715155601501
6498.793131434963	0.906136155128479
6498.834590601962	0.9059027433395386
6498.876049768962	0.9093512892723083
6498.917508935961	0.9129311442375183
6498.958968102961	0.9168024659156799
6499.000427269961	0.9228899478912354
6499.04188643696	0.9273578524589539
6499.08334560396	0.9231986403465271
6499.12480477096	0.914201557636261
6499.166263937959	0.9115405678749084
6499.207723104959	0.9151279926300049
6499.2491822719585	0.9161782264709473
6499.290641438958	0.9146518111228943
6499.332100605958	0.9180666208267212
6499.373559772957	0.9245832562446594
6499.415018939957	0.9234389066696167
6499.456478106957	0.9140064716339111
6499.497937273956	0.9062235951423645
6499.539396440956	0.9050582051277161
6499.5808556079555	0.9092826843261719
6499.622314774955	0.9166970252990723
6499.663773941955	0.9250084757804871
6499.705233108954	0.9300663471221924
6499.746692275954	0.9249122142791748
6499.788151442954	0.9117537140846252
6499.829610609953	0.9058759212493896
6499.871069776953	0.9126861095428467
6499.912528943953	0.9201626777648926
6499.953988110952	0.9202805161476135
6499.995447277952	0.9162612557411194
6500.0369064449515	0.9130216240882874
6500.078365611951	0.9147511124610901
6500.119824778951	0.920785129070282
6500.16128394595	0.9213630557060242
6500.20274311295	0.911943256855011
6500.24420227995	0.9032290577888489
6500.285661446949	0.9032112956047058
6500.327120613949	0.9045097827911377
6500.3685797809485	0.9013316631317139
6500.410038947948	0.9030622243881226
6500.451498114948	0.9158536195755005
6500.492957281947	0.9246622920036316
6500.534416448947	0.916496753692627
6500.575875615947	0.9051589965820312
6500.617334782946	0.9067431092262268
6500.658793949946	0.9130364656448364
6500.7002531169455	0.9114764332771301
6500.741712283945	0.9078736901283264
6500.783171450945	0.9115632176399231
6500.824630617944	0.9157055616378784
6500.866089784944	0.9103286862373352
6500.907548951944	0.9035559296607971
6500.949008118943	0.9084949493408203
6500.990467285943	0.919502317905426
6501.031926452943	0.9233680367469788
6501.073385619942	0.918964147567749
6501.114844786942	0.9115726351737976
6501.1563039539415	0.9057272672653198
6501.197763120941	0.904940128326416
6501.239222287941	0.906365156173706
6501.28068145494	0.903875470161438
6501.32214062194	0.8993609547615051
6501.36359978894	0.8995542526245117
6501.405058955939	0.9040024280548096
6501.446518122939	0.9073429107666016
6501.4879772899385	0.9090561270713806
6501.529436456938	0.9122276902198792
6501.570895623938	0.9151744842529297
6501.612354790937	0.9123206734657288
6501.653813957937	0.904900074005127
6501.695273124937	0.9002599716186523
6501.736732291936	0.9009519219398499
6501.778191458936	0.9046672582626343
6501.8196506259355	0.9086827635765076
6501.861109792935	0.9102451205253601
6501.902568959935	0.9094945788383484
6501.944028126934	0.9097625613212585
6501.985487293934	0.9115050435066223
6502.026946460934	0.9112746715545654
6502.068405627933	0.9081808924674988
6502.109864794933	0.9051755666732788
6502.151323961933	0.9045843482017517
6502.192783128932	0.9071930646896362
6502.234242295932	0.9125298857688904
6502.2757014629315	0.9189488887786865
6502.317160629931	0.9232162833213806
6502.358619796931	0.919447660446167
6502.40007896393	0.908075749874115
6502.44153813093	0.9013543725013733
6502.48299729793	0.9057308435440063
6502.524456464929	0.9120110273361206
6502.565915631929	0.9130054712295532
6502.6073747989285	0.91350257396698
6502.648833965928	0.9172916412353516
6502.690293132928	0.9190139174461365
6502.731752299927	0.9146583080291748
6502.773211466927	0.9092953205108643
6502.814670633927	0.9080538153648376
6502.856129800926	0.9090951085090637
6502.897588967926	0.9096001386642456
6502.9390481349255	0.9105672240257263
6502.980507301925	0.9129137396812439
6503.021966468925	0.9132755398750305
6503.063425635924	0.9088484644889832
6503.104884802924	0.9040266871452332
6503.146343969924	0.9040849804878235
6503.187803136923	0.9066331386566162
6503.229262303923	0.9072325229644775
6503.270721470923	0.9066761136054993
6503.312180637922	0.9075062870979309
6503.353639804922	0.9095761775970459
6503.3950989719215	0.911457359790802
6503.436558138921	0.9115076065063477
6503.478017305921	0.9086401462554932
6503.51947647292	0.9059140086174011
6503.56093563992	0.9077488780021667
6503.60239480692	0.9125281572341919
6503.643853973919	0.9154698848724365
6503.685313140919	0.9143821597099304
6503.7267723079185	0.9092438817024231
6503.768231474918	0.9048323035240173
6503.809690641918	0.9079710245132446
6503.851149808917	0.913119912147522
6503.892608975917	0.90703946352005
6503.934068142917	0.8935017585754395
6503.975527309916	0.8886299133300781
6504.016986476916	0.8933777809143066
6504.058445643916	0.8963721990585327
6504.099904810915	0.8949061632156372
6504.141363977915	0.8940772414207458
6504.182823144914	0.8969798684120178
6504.224282311914	0.9045094847679138
6504.265741478914	0.9119827747344971
6504.307200645913	0.9093857407569885
6504.348659812913	0.8985512852668762
6504.390118979913	0.8940651416778564
6504.431578146912	0.9003466963768005
6504.473037313912	0.9091079831123352
6504.5144964809115	0.9143537878990173
6504.555955647911	0.9146555066108704
6504.597414814911	0.9110007286071777
6504.63887398191	0.906463623046875
6504.68033314891	0.9041827917098999
6504.72179231591	0.9071773290634155
6504.763251482909	0.9142650365829468
6504.804710649909	0.9180362820625305
6504.8461698169085	0.9155827760696411
6504.887628983908	0.913011372089386
6504.929088150908	0.913854718208313
6504.970547317907	0.913825273513794
6505.012006484907	0.9115816950798035
6505.053465651907	0.9148381352424622
6505.094924818906	0.9256789684295654
6505.136383985906	0.930680513381958
6505.177843152906	0.9218570590019226
6505.219302319905	0.9109799861907959
6505.260761486905	0.9092051386833191
6505.302220653904	0.913880467414856
6505.343679820904	0.9191251397132874
6505.385138987904	0.9213235378265381
6505.426598154903	0.9187600016593933
6505.468057321903	0.9129639267921448
6505.509516488903	0.9068608283996582
6505.550975655902	0.9039372801780701
6505.592434822902	0.9058957695960999
6505.6338939899015	0.908111035823822
6505.675353156901	0.9058270454406738
6505.716812323901	0.902501106262207
6505.7582714909	0.9033601880073547
6505.7997306579	0.9075925350189209
6505.8411898249	0.9121250510215759
6505.882648991899	0.9153139591217041
6505.924108158899	0.9162933826446533
6505.9655673258985	0.9150797724723816
6506.007026492898	0.9124333262443542
6506.048485659898	0.9103706479072571
6506.089944826897	0.9110803604125977
6506.131403993897	0.9137992262840271
6506.172863160897	0.9162388443946838
6506.214322327896	0.9169169664382935
6506.255781494896	0.9153648018836975
6506.297240661896	0.9156193733215332
6506.338699828895	0.9231762290000916
6506.380158995895	0.9311076998710632
6506.421618162894	0.9261053204536438
6506.463077329894	0.9143486022949219
6506.504536496894	0.9140718579292297
6506.545995663893	0.9234896898269653
6506.587454830893	0.926811695098877
6506.628913997893	0.9213300347328186
6506.670373164892	0.9145823121070862
6506.711832331892	0.9114965200424194
6506.7532914988915	0.9144346117973328
6506.794750665891	0.9204195737838745
6506.836209832891	0.922075092792511
6506.87766899989	0.9193608164787292
6506.91912816689	0.9192042946815491
6506.96058733389	0.9214536547660828
6507.002046500889	0.9184123277664185
6507.043505667889	0.9113028645515442
6507.0849648348885	0.9115334749221802
6507.126424001888	0.9190272688865662
6507.167883168888	0.9195715188980103
6507.209342335887	0.9111135005950928
6507.250801502887	0.9081352949142456
6507.292260669887	0.9148429036140442
6507.333719836886	0.9196577668190002
6507.375179003886	0.917585015296936
6507.416638170886	0.9157227873802185
6507.458097337885	0.9168626666069031
6507.499556504885	0.9144914746284485
6507.541015671884	0.907419741153717
6507.582474838884	0.9054093360900879
6507.623934005884	0.9111579656600952
6507.665393172883	0.9122346639633179
6507.706852339883	0.9033247828483582
6507.748311506883	0.8970440626144409
6507.789770673882	0.9015777707099915
6507.831229840882	0.909557044506073
6507.8726890078815	0.9135810136795044
6507.914148174881	0.9134917855262756
6507.955607341881	0.9116964936256409
6507.99706650888	0.9123680591583252
6508.03852567588	0.916655957698822
6508.07998484288	0.9174026250839233
6508.121444009879	0.9098367691040039
6508.162903176879	0.9009257555007935
6508.2043623438785	0.8977158069610596
6508.245821510878	0.8978059887886047
6508.287280677878	0.8972026109695435
6508.328739844877	0.8963783383369446
6508.370199011877	0.8963047862052917
6508.411658178877	0.8946201205253601
6508.453117345876	0.8899737596511841
6508.494576512876	0.8886806964874268
6508.536035679876	0.8958262801170349
6508.577494846875	0.9013773202896118
6508.618954013875	0.8943227529525757
6508.6604131808745	0.8842573165893555
6508.701872347874	0.8857554197311401
6508.743331514874	0.8955177068710327
6508.784790681873	0.9036296606063843
6508.826249848873	0.9082012176513672
6508.867709015873	0.9108090400695801
6508.909168182872	0.9121453762054443
6508.950627349872	0.9125993251800537
6508.9920865168715	0.9121115207672119
6509.033545683871	0.9107053875923157
6509.075004850871	0.9104979038238525
6509.11646401787	0.9140350222587585
6509.15792318487	0.9181514382362366
6509.19938235187	0.9171675443649292
6509.240841518869	0.9136914610862732
6509.282300685869	0.9146807789802551
6509.3237598528685	0.9177151322364807
6509.365219019868	0.9149410128593445
6509.406678186868	0.9087578654289246
6509.448137353867	0.9082170128822327
6509.489596520867	0.9131941795349121
6509.531055687867	0.9169228672981262
6509.572514854866	0.9174588918685913
6509.613974021866	0.91673344373703
6509.655433188866	0.9160788059234619
6509.696892355865	0.9161930680274963
6509.738351522865	0.9172935485839844
6509.7798106898645	0.9192054867744446
6509.821269856864	0.9207913875579834
6509.862729023864	0.9200602769851685
6509.904188190863	0.9176479578018188
6509.945647357863	0.9167863726615906
6509.987106524863	0.9182460308074951
6510.028565691862	0.9200701713562012
6510.070024858862	0.9212781190872192
6510.1114840258615	0.9222844243049622
6510.152943192861	0.9225254654884338
6510.194402359861	0.9200507402420044
6510.23586152686	0.9149676561355591
6510.27732069386	0.9099789261817932
6510.31877986086	0.9077252745628357
6510.360239027859	0.9104893803596497
6510.401698194859	0.9175118803977966
6510.4431573618585	0.9241068363189697
6510.484616528858	0.9271528124809265
6510.526075695858	0.9265332221984863
6510.567534862857	0.9239106178283691
6510.608994029857	0.9228343367576599
6510.650453196857	0.9243159890174866
6510.691912363856	0.9245754480361938
6510.733371530856	0.9221712946891785
6510.774830697856	0.9214684963226318
6510.816289864855	0.9248874187469482
6510.857749031855	0.9292017817497253
6510.8992081988545	0.9306628108024597
6510.940667365854	0.9267526865005493
6510.982126532854	0.9185439348220825
6511.023585699853	0.9137986898422241
6511.065044866853	0.9173293709754944
6511.106504033853	0.9238316416740417
6511.147963200852	0.9275609254837036
6511.189422367852	0.9286442399024963
6511.2308815348515	0.9278011322021484
6511.272340701851	0.9225155115127563
6511.313799868851	0.9127224683761597
6511.35525903585	0.907210648059845
6511.39671820285	0.9128702282905579
6511.43817736985	0.923452615737915
6511.479636536849	0.9300602674484253
6511.521095703849	0.9298853278160095
6511.5625548708485	0.923386812210083
6511.604014037848	0.9141268134117126
6511.645473204848	0.9064930081367493
6511.686932371847	0.9030060768127441
6511.728391538847	0.9041503667831421
6511.769850705847	0.9058365225791931
6511.811309872846	0.9037038683891296
6511.852769039846	0.90055251121521
6511.894228206846	0.9005642533302307
6511.935687373845	0.8999238610267639
6511.977146540845	0.8932587504386902
6512.0186057078445	0.8864155411720276
6512.060064874844	0.8888568878173828
6512.101524041844	0.8981268405914307
6512.142983208843	0.90627521276474
6512.184442375843	0.9093390107154846
6512.225901542843	0.9061271548271179
6512.267360709842	0.9026793241500854
6512.308819876842	0.9077110290527344
6512.3502790438415	0.916087806224823
6512.391738210841	0.9162170886993408
6512.433197377841	0.9099463224411011
6512.47465654484	0.906451404094696
6512.51611571184	0.9086384177207947
6512.55757487884	0.9152066707611084
6512.599034045839	0.9219505786895752
6512.640493212839	0.9232063889503479
6512.681952379839	0.9198188185691833
6512.723411546838	0.9170319437980652
6512.764870713838	0.916408360004425
6512.806329880837	0.9167665839195251
6512.847789047837	0.9177622199058533
6512.889248214837	0.919729471206665
6512.930707381836	0.922081470489502
6512.972166548836	0.9234520196914673
6513.013625715836	0.9225096702575684
6513.055084882835	0.9180514216423035
6513.096544049835	0.9132993221282959
6513.1380032168345	0.9153451919555664
6513.179462383834	0.9226410984992981
6513.220921550834	0.9253478050231934
6513.262380717833	0.9203974008560181
6513.303839884833	0.9119268655776978
6513.345299051833	0.9055111408233643
6513.386758218832	0.9076371192932129
6513.428217385832	0.9168393015861511
6513.4696765528315	0.9229701161384583
6513.511135719831	0.9227511286735535
6513.552594886831	0.9217694401741028
6513.59405405383	0.9223496317863464
6513.63551322083	0.9215379357337952
6513.67697238783	0.9180032014846802
6513.718431554829	0.9133975505828857
6513.759890721829	0.9095348715782166
6513.801349888829	0.9076118469238281
6513.842809055828	0.9086219072341919
6513.884268222828	0.9139167666435242
6513.925727389827	0.9205886125564575
6513.967186556827	0.9190359711647034
6514.008645723827	0.9082393050193787
6514.050104890826	0.9023382067680359
6514.091564057826	0.907524585723877
6514.133023224826	0.9124665856361389
6514.174482391825	0.90910404920578
6514.215941558825	0.9008559584617615
6514.2574007258245	0.8929494619369507
6514.298859892824	0.8897918462753296
6514.340319059824	0.8905164003372192
6514.381778226823	0.88429194688797
6514.423237393823	0.8671727776527405
6514.464696560823	0.8535083532333374
6514.506155727822	0.8533532023429871
6514.547614894822	0.8579941987991333
6514.5890740618215	0.8586178421974182
6514.630533228821	0.8572428822517395
6514.671992395821	0.85837322473526
6514.71345156282	0.866165816783905
6514.75491072982	0.8805685639381409
6514.79636989682	0.8913792967796326
6514.837829063819	0.8910263180732727
6514.879288230819	0.885427713394165
6514.920747397819	0.8826038241386414
6514.962206564818	0.8848028779029846
6515.003665731818	0.8908964991569519
6515.045124898817	0.8956606388092041
6515.086584065817	0.8953537344932556
6515.128043232817	0.8952963948249817
6515.169502399816	0.9012572169303894
6515.210961566816	0.9092081785202026
6515.252420733816	0.9130719900131226
6515.293879900815	0.9128690361976624
6515.335339067815	0.9109567999839783
6515.3767982348145	0.9093144536018372
6515.418257401814	0.9091077446937561
6515.459716568814	0.9085955023765564
6515.501175735813	0.9053235054016113
6515.542634902813	0.899375319480896
6515.584094069813	0.8923384547233582
6515.625553236812	0.8872551918029785
6515.667012403812	0.8867189884185791
6515.7084715708115	0.8874529600143433
6515.749930737811	0.8844790458679199
6515.791389904811	0.8802418112754822
6515.83284907181	0.8800787925720215
6515.87430823881	0.8835746645927429
6515.91576740581	0.8877776265144348
6515.957226572809	0.8916106224060059
6515.998685739809	0.8948338031768799
6516.040144906809	0.8962376713752747
6516.081604073808	0.8942021131515503
6516.123063240808	0.8892161250114441
6516.164522407807	0.8829249143600464
6516.205981574807	0.8756491541862488
6516.247440741807	0.8668665885925293
6516.288899908806	0.8557824492454529
6516.330359075806	0.8415590524673462
6516.371818242806	0.8271370530128479
6516.413277409805	0.817790150642395
6516.454736576805	0.8159422278404236
6516.4961957438045	0.8217023611068726
6516.537654910804	0.8314403295516968
6516.579114077804	0.8390674591064453
6516.620573244803	0.8429599404335022
6516.662032411803	0.8450521230697632
6516.703491578803	0.8477950692176819
6516.744950745802	0.8537183403968811
6516.786409912802	0.8621178269386292
6516.8278690798015	0.8694936037063599
6516.869328246801	0.87471604347229
6516.910787413801	0.8786607980728149
6516.9522465808	0.8818832635879517
6516.9937057478	0.8843495845794678
6517.0351649148	0.8870094418525696
6517.076624081799	0.8918854594230652
6517.118083248799	0.8971202373504639
6517.159542415799	0.8974373936653137
6517.201001582798	0.8945536017417908
6517.242460749798	0.8973141312599182
6517.2839199167975	0.9063341021537781
6517.325379083797	0.9129987955093384
6517.366838250797	0.9140692949295044
6517.408297417796	0.913282036781311
6517.449756584796	0.9127456545829773
6517.491215751796	0.9118120074272156
6517.532674918795	0.9100489020347595
6517.574134085795	0.9076114892959595
6517.6155932527945	0.9056252241134644
6517.657052419794	0.906466543674469
6517.698511586794	0.9092594385147095
6517.739970753793	0.9086512923240662
6517.781429920793	0.9034830331802368
6517.822889087793	0.8991023302078247
6517.864348254792	0.8984230160713196
6517.905807421792	0.8992776870727539
6517.9472665887915	0.9003553986549377
6517.988725755791	0.902952253818512
6518.030184922791	0.9070391058921814
6518.07164408979	0.910551130771637
6518.11310325679	0.9128599762916565
6518.15456242379	0.9157416224479675
6518.196021590789	0.9195919632911682
6518.237480757789	0.9218403100967407
6518.278939924789	0.9208328723907471
6518.320399091788	0.9176676273345947
6518.361858258788	0.9145744442939758
6518.4033174257875	0.9147602319717407
6518.444776592787	0.9187795519828796
6518.486235759787	0.9218840003013611
6518.527694926786	0.9208807349205017
6518.569154093786	0.9181117415428162
6518.610613260786	0.915678083896637
6518.652072427785	0.9122277498245239
6518.693531594785	0.9070159792900085
6518.7349907617845	0.9023563265800476
6518.776449928784	0.9004621505737305
6518.817909095784	0.9016459584236145
6518.859368262783	0.9052391648292542
6518.900827429783	0.9098321199417114
6518.942286596783	0.9134594202041626
6518.983745763782	0.9133426547050476
6519.025204930782	0.9079955816268921
6519.0666640977815	0.8994320631027222
6519.108123264781	0.8906529545783997
6519.149582431781	0.8841768503189087
6519.19104159878	0.8813847303390503
6519.23250076578	0.8808836936950684
6519.27395993278	0.8810168504714966
6519.315419099779	0.882249116897583
6519.356878266779	0.8848934769630432
6519.398337433779	0.8869487047195435
6519.439796600778	0.8869695663452148
6519.481255767778	0.8881451487541199
6519.5227149347775	0.8933300971984863
6519.564174101777	0.8975155353546143
6519.605633268777	0.8957178592681885
6519.647092435776	0.8935005068778992
6519.688551602776	0.8975735902786255
6519.730010769776	0.9040029644966125
6519.771469936775	0.9065365791320801
6519.812929103775	0.9070236086845398
6519.8543882707745	0.9095290899276733
6519.895847437774	0.9129653573036194
6519.937306604774	0.9146494269371033
6519.978765771773	0.9145888090133667
6520.020224938773	0.9139213562011719
6520.061684105773	0.9133594036102295
6520.103143272772	0.9136748909950256
6520.144602439772	0.9168584942817688
6520.186061606772	0.9241476655006409
6520.227520773771	0.930090069770813
6520.268979940771	0.9276738166809082
6520.31043910777	0.9200034141540527
6520.35189827477	0.914699912071228
6520.39335744177	0.9145186543464661
6520.434816608769	0.9189680814743042
6520.476275775769	0.9233662486076355
6520.517734942769	0.9220348596572876
6520.559194109768	0.9190018177032471
6520.600653276768	0.9223880171775818
6520.6421124437675	0.9293528199195862
6520.683571610767	0.9315972328186035
6520.725030777767	0.9287567138671875
6520.766489944766	0.9251869916915894
6520.807949111766	0.9244502186775208
6520.849408278766	0.9287403225898743
6520.890867445765	0.9318467974662781
6520.932326612765	0.9237428903579712
6520.9737857797645	0.9112369418144226
6521.015244946764	0.9107882976531982
6521.056704113764	0.9204623699188232
6521.098163280763	0.926498293876648
6521.139622447763	0.9263548254966736
6521.181081614763	0.9253094792366028
6521.222540781762	0.9256206154823303
6521.263999948762	0.9271630644798279
6521.305459115762	0.9283874034881592
6521.346918282761	0.9268818497657776
6521.388377449761	0.9232994914054871
6521.42983661676	0.9205736517906189
6521.47129578376	0.9194146990776062
6521.51275495076	0.9187196493148804
6521.554214117759	0.9179194569587708
6521.595673284759	0.9169948101043701
6521.637132451759	0.9172527194023132
6521.678591618758	0.9210042357444763
6521.720050785758	0.9263035655021667
6521.7615099527575	0.927547037601471
6521.802969119757	0.9234558939933777
6521.844428286757	0.9167290925979614
6521.885887453756	0.911869466304779
6521.927346620756	0.9148210883140564
6521.968805787756	0.922467827796936
6522.010264954755	0.9231687784194946
6522.051724121755	0.9162330627441406
6522.0931832887545	0.9120768308639526
6522.134642455754	0.9127515554428101
6522.176101622754	0.9108895063400269
6522.217560789753	0.9069753885269165
6522.259019956753	0.9109059572219849
6522.300479123753	0.9218961596488953
6522.341938290752	0.9266281723976135
6522.383397457752	0.9216992855072021
6522.424856624752	0.9159245491027832
6522.466315791751	0.9146822094917297
6522.507774958751	0.9180090427398682
6522.54923412575	0.9225510358810425
6522.59069329275	0.9216794371604919
6522.63215245975	0.9151507019996643
6522.673611626749	0.9109116196632385
6522.715070793749	0.9124691486358643
6522.756529960749	0.9165040254592896
6522.797989127748	0.9201944470405579
6522.839448294748	0.9227244853973389
6522.8809074617475	0.9231277108192444
6522.922366628747	0.9197073578834534
6522.963825795747	0.9127787947654724
6523.005284962746	0.9053926467895508
6523.046744129746	0.9000630974769592
6523.088203296746	0.8980627059936523
6523.129662463745	0.8985307812690735
6523.171121630745	0.8977394104003906
6523.2125807977445	0.895562469959259
6523.254039964744	0.8982816338539124
6523.295499131744	0.9065725207328796
6523.336958298743	0.910729706287384
6523.378417465743	0.9059152007102966
6523.419876632743	0.8979511857032776
6523.461335799742	0.8911992311477661
6523.502794966742	0.8839911222457886
6523.544254133742	0.8749719858169556
6523.585713300741	0.8650553226470947
6523.627172467741	0.8570950627326965
6523.66863163474	0.8568221926689148
6523.71009080174	0.8653257489204407
6523.75154996874	0.8744988441467285
6523.793009135739	0.8785814046859741
6523.834468302739	0.8798242211341858
6523.875927469739	0.8816670775413513
6523.917386636738	0.8863749504089355
6523.958845803738	0.8929665088653564
6524.0003049707375	0.8943078517913818
6524.041764137737	0.8886189460754395
6524.083223304737	0.8877127766609192
6524.124682471736	0.8977882862091064
6524.166141638736	0.9065148234367371
6524.207600805736	0.9051539897918701
6524.249059972735	0.9027350544929504
6524.290519139735	0.9072264432907104
6524.3319783067345	0.914079487323761
6524.373437473734	0.9174695611000061
6524.414896640734	0.9162624478340149
6524.456355807733	0.9117515683174133
6524.497814974733	0.9075950384140015
6524.539274141733	0.9072076678276062
6524.580733308732	0.9119846820831299
6524.622192475732	0.9202379584312439
6524.663651642732	0.9245116114616394
6524.705110809731	0.9193466305732727
6524.746569976731	0.9082264304161072
6524.7880291437305	0.8983445167541504
6524.82948831073	0.8994073867797852
6524.87094747773	0.9141115546226501
6524.912406644729	0.9242235422134399
6524.953865811729	0.9155701994895935
6524.995324978729	0.9046302437782288
6525.036784145728	0.9087783098220825
6525.078243312728	0.9180540442466736
6525.1197024797275	0.9188836812973022
6525.161161646727	0.9149073362350464
6525.202620813727	0.9131773710250854
6525.244079980726	0.9128445386886597
6525.285539147726	0.9113304615020752
6525.326998314726	0.9091091752052307
6525.368457481725	0.9076811075210571
6525.409916648725	0.9084970355033875
6525.4513758157245	0.9121633768081665
6525.492834982724	0.9166765809059143
6525.534294149724	0.9192282557487488
6525.575753316723	0.9177525043487549
6525.617212483723	0.9119372367858887
6525.658671650723	0.9064415693283081
6525.700130817722	0.9059426188468933
6525.741589984722	0.9074435234069824
6525.783049151722	0.9069522619247437
6525.824508318721	0.9092844724655151
6525.865967485721	0.9190635681152344
6525.9074266527205	0.9256387948989868
6525.94888581972	0.9175275564193726
6525.99034498672	0.9063812494277954
6526.031804153719	0.9086981415748596
6526.073263320719	0.9186698794364929
6526.114722487719	0.9233613014221191
6526.156181654718	0.9218876361846924
6526.197640821718	0.9183915257453918
6526.2390999887175	0.9156491160392761
6526.280559155717	0.9155322909355164
6526.322018322717	0.917974591255188
6526.363477489716	0.9216023683547974
6526.404936656716	0.923525869846344
6526.446395823716	0.9210414886474609
6526.487854990715	0.916206419467926
6526.529314157715	0.9126789569854736
6526.5707733247145	0.9097631573677063
6526.612232491714	0.9053727388381958
6526.653691658714	0.9017119407653809
6526.695150825713	0.9022088050842285
6526.736609992713	0.9049109220504761
6526.778069159713	0.9060081839561462
6526.819528326712	0.907451868057251
6526.860987493712	0.9131874442100525
6526.902446660712	0.9207619428634644
6526.943905827711	0.9248575568199158
6526.985364994711	0.9241098165512085
6527.0268241617105	0.9196308255195618
6527.06828332871	0.9142800569534302
6527.10974249571	0.9115195870399475
6527.151201662709	0.9116383790969849
6527.192660829709	0.9131955504417419
6527.234119996709	0.9157838821411133
6527.275579163708	0.9192211031913757
6527.317038330708	0.9207910299301147
6527.3584974977075	0.9170548319816589
6527.399956664707	0.9106016755104065
6527.441415831707	0.9071679711341858
6527.482874998706	0.9079083800315857
6527.524334165706	0.9109833836555481
6527.565793332706	0.9132387042045593
6527.607252499705	0.9114460945129395
6527.648711666705	0.9094340801239014
6527.6901708337045	0.9144008159637451
6527.731630000704	0.9224666357040405
6527.773089167704	0.9236108064651489
6527.814548334703	0.9188830256462097
6527.856007501703	0.9160856604576111
6527.897466668703	0.9162012338638306
6527.938925835702	0.9157871603965759
6527.980385002702	0.9136376976966858
6528.021844169702	0.9103015661239624
6528.063303336701	0.9089093804359436
6528.104762503701	0.9137442708015442
6528.1462216707005	0.9211550951004028
6528.1876808377	0.9225960373878479
6528.2291400047	0.9191612601280212
6528.270599171699	0.9184104204177856
6528.312058338699	0.9205042123794556
6528.353517505699	0.9205081462860107
6528.394976672698	0.9194039106369019
6528.436435839698	0.9221991896629333
6528.4778950066975	0.9268029928207397
6528.519354173697	0.9261089563369751
6528.560813340697	0.9200013875961304
6528.602272507696	0.9136946797370911
6528.643731674696	0.9101654887199402
6528.685190841696	0.9104111790657043
6528.726650008695	0.9133336544036865
6528.768109175695	0.9163679480552673
6528.809568342695	0.9194121360778809
6528.851027509694	0.9242449402809143
6528.892486676694	0.9294962286949158
6528.933945843693	0.9312757253646851
6528.975405010693	0.9282441139221191
6529.016864177693	0.9213114380836487
6529.058323344692	0.9134888052940369
6529.099782511692	0.9093059301376343
6529.141241678692	0.9093995690345764
6529.182700845691	0.9110975861549377
6529.224160012691	0.9126066565513611
6529.2656191796905	0.9131011366844177
6529.30707834669	0.9132434129714966
6529.34853751369	0.9148690104484558
6529.389996680689	0.9171808362007141
6529.431455847689	0.9170661568641663
6529.472915014689	0.9149766564369202
6529.514374181688	0.914625883102417
6529.555833348688	0.9167854189872742
6529.5972925156875	0.9193798303604126
6529.638751682687	0.9211146831512451
6529.680210849687	0.9216209650039673
6529.721670016686	0.9213473200798035
6529.763129183686	0.9214185476303101
6529.804588350686	0.9216858744621277
6529.846047517685	0.9207468628883362
6529.887506684685	0.9171274304389954
6529.928965851685	0.9093654751777649
6529.970425018684	0.9018465280532837
6530.011884185684	0.9045899510383606
6530.053343352683	0.9164944887161255
6530.094802519683	0.9251906871795654
6530.136261686683	0.9252655506134033
6530.177720853682	0.9191710948944092
6530.219180020682	0.9115651249885559
6530.260639187682	0.9085155725479126
6530.302098354681	0.9100301861763
6530.343557521681	0.9098400473594666
6530.3850166886805	0.9071238040924072
6530.42647585568	0.9073681831359863
6530.46793502268	0.911389946937561
6530.509394189679	0.9143792986869812
6530.550853356679	0.9147034883499146
6530.592312523679	0.9148455262184143
6530.633771690678	0.9146727323532104
6530.675230857678	0.9107577800750732
6530.7166900246775	0.9037126302719116
6530.758149191677	0.8987336754798889
6530.799608358677	0.8991454839706421
6530.841067525676	0.9058566689491272
6530.882526692676	0.9150509834289551
6530.923985859676	0.9180413484573364
6530.965445026675	0.9129068851470947
6531.006904193675	0.9058266282081604
6531.048363360675	0.9011380076408386
6531.089822527674	0.8999004364013672
6531.131281694674	0.9028292298316956
6531.172740861673	0.9109649062156677
6531.214200028673	0.9210671186447144
6531.255659195673	0.9247976541519165
6531.297118362672	0.9212486743927002
6531.338577529672	0.9189987778663635
6531.380036696672	0.9206342101097107
6531.421495863671	0.9200433492660522
6531.462955030671	0.9155839681625366
6531.5044141976705	0.9124451875686646
6531.54587336467	0.9122729897499084
6531.58733253167	0.911224365234375
6531.628791698669	0.9088164567947388
6531.670250865669	0.9097919464111328
6531.711710032669	0.9137383699417114
6531.753169199668	0.9128252863883972
6531.794628366668	0.9054690599441528
6531.8360875336675	0.89914470911026
6531.877546700667	0.8982893824577332
6531.919005867667	0.9020870327949524
6531.960465034666	0.9062528610229492
6532.001924201666	0.9029111266136169
6532.043383368666	0.8914143443107605
6532.084842535665	0.8809403777122498
6532.126301702665	0.8773713707923889
6532.167760869665	0.8804492950439453
6532.209220036664	0.886239230632782
6532.250679203664	0.8870507478713989
6532.292138370663	0.8815613389015198
6532.333597537663	0.8777650594711304
6532.375056704663	0.8798540830612183
6532.416515871662	0.8849999904632568
6532.457975038662	0.8906326293945312
6532.499434205662	0.8962013125419617
6532.540893372661	0.9002078175544739
6532.582352539661	0.8990893363952637
6532.6238117066605	0.894084632396698
6532.66527087366	0.8932505249977112
6532.70673004066	0.8991692066192627
6532.748189207659	0.9054789543151855
6532.789648374659	0.9080631732940674
6532.831107541659	0.9079664945602417
6532.872566708658	0.9068474173545837
6532.914025875658	0.9058175683021545
6532.9554850426575	0.906798779964447
6532.996944209657	0.9132900834083557
6533.038403376657	0.9235402345657349
6533.079862543656	0.927882194519043
6533.121321710656	0.9231094121932983
6533.162780877656	0.9171457886695862
6533.204240044655	0.9144960045814514
6533.245699211655	0.9116800427436829
6533.287158378655	0.9081761837005615
6533.328617545654	0.910200297832489
6533.370076712654	0.9177290797233582
6533.4115358796535	0.9197395443916321
6533.452995046653	0.9126031398773193
6533.494454213653	0.9064064621925354
6533.535913380652	0.9070414900779724
6533.577372547652	0.910659909248352
6533.618831714652	0.9126316905021667
6533.660290881651	0.9097850322723389
6533.701750048651	0.9019737839698792
6533.7432092156505	0.892963707447052
6533.78466838265	0.8862618803977966
6533.82612754965	0.8839591145515442
6533.867586716649	0.885248064994812
6533.909045883649	0.8853152990341187
6533.950505050649	0.8828175067901611
6533.991964217648	0.8829807043075562
6534.033423384648	0.8883586525917053
6534.0748825516475	0.8956362009048462
6534.116341718647	0.9007126688957214
6534.157800885647	0.8996886014938354
6534.199260052646	0.8936458230018616
6534.240719219646	0.891273021697998
6534.282178386646	0.8958103656768799
6534.323637553645	0.899786114692688
6534.365096720645	0.8992667198181152
6534.406555887645	0.8991972208023071
6534.448015054644	0.9023014307022095
6534.489474221644	0.9050937294960022
6534.5309333886435	0.9052124619483948
6534.572392555643	0.9038783311843872
6534.613851722643	0.9026883840560913
6534.655310889642	0.9027278423309326
6534.696770056642	0.9041883945465088
6534.738229223642	0.9060090780258179
6534.779688390641	0.9077423214912415
6534.821147557641	0.910498321056366
6534.8626067246405	0.9135761260986328
6534.90406589164	0.9127107262611389
6534.94552505864	0.9071776270866394
6534.986984225639	0.9028487801551819
6535.028443392639	0.9031254053115845
6535.069902559639	0.9057039618492126
6535.111361726638	0.9085779190063477
6535.152820893638	0.9119448065757751
6535.1942800606375	0.9144756197929382
6535.235739227637	0.9115139842033386
6535.277198394637	0.9037834405899048
6535.318657561636	0.9019027352333069
6535.360116728636	0.9093435406684875
6535.401575895636	0.9146427512168884
6535.443035062635	0.9124940037727356
6535.484494229635	0.9128761887550354
6535.525953396635	0.9195086359977722
6535.567412563634	0.9205472469329834
6535.608871730634	0.9111633896827698
6535.6503308976335	0.9030483961105347
6535.691790064633	0.9034534096717834
6535.733249231633	0.9069690108299255
6535.774708398632	0.908747136592865
6535.816167565632	0.9091086387634277
6535.857626732632	0.909777045249939
6535.899085899631	0.9132521152496338
6535.940545066631	0.918887197971344
6535.9820042336305	0.9204907417297363
6536.02346340063	0.9154167771339417
6536.06492256763	0.9083526134490967
6536.106381734629	0.904909610748291
6536.147840901629	0.9102131724357605
6536.189300068629	0.9218401908874512
6536.230759235628	0.9250017404556274
6536.272218402628	0.9146214723587036
6536.3136775696275	0.9057694673538208
6536.355136736627	0.906426191329956
6536.396595903627	0.905960738658905
6536.438055070626	0.8979739546775818
6536.479514237626	0.8891353011131287
6536.520973404626	0.8857593536376953
6536.562432571625	0.8894170522689819
6536.603891738625	0.8981161117553711
6536.645350905625	0.9058476686477661
6536.686810072624	0.9084886312484741
6536.728269239624	0.906262993812561
6536.7697284066235	0.9024122953414917
6536.811187573623	0.9037467241287231
6536.852646740623	0.911040723323822
6536.894105907622	0.913892388343811
6536.935565074622	0.9079245924949646
6536.977024241622	0.9021599292755127
6537.018483408621	0.902844250202179
6537.059942575621	0.9074405431747437
6537.1014017426205	0.9124470949172974
6537.14286090962	0.9158594608306885
6537.18432007662	0.9164642095565796
6537.225779243619	0.9136655330657959
6537.267238410619	0.9087423086166382
6537.308697577619	0.9057464599609375
6537.350156744618	0.9060951471328735
6537.391615911618	0.9060952067375183
6537.433075078618	0.9035585522651672
6537.474534245617	0.9003378748893738
6537.515993412617	0.8984199166297913
6537.557452579616	0.8986669778823853
6537.598911746616	0.9014485478401184
6537.640370913616	0.9068643450737
6537.681830080615	0.9138705134391785
6537.723289247615	0.9197835326194763
6537.764748414615	0.9229937791824341
6537.806207581614	0.9240689873695374
6537.847666748614	0.9233971238136292
6537.8891259156135	0.9201695322990417
6537.930585082613	0.9151293039321899
6537.972044249613	0.9117140173912048
6538.013503416612	0.9126372337341309
6538.054962583612	0.9191075563430786
6538.096421750612	0.927841305732727
6538.137880917611	0.9288297891616821
6538.179340084611	0.9196410179138184
6538.2207992516105	0.9114493727684021
6538.26225841861	0.9113027453422546
6538.30371758561	0.9159930348396301
6538.345176752609	0.9205485582351685
6538.386635919609	0.9204156398773193
6538.428095086609	0.9141170382499695
6538.469554253608	0.9043211936950684
6538.511013420608	0.8964281678199768
6538.552472587608	0.8991647958755493
6538.593931754607	0.9119011163711548
6538.635390921607	0.9188763499259949
6538.676850088606	0.9136912822723389
6538.718309255606	0.9082487225532532
6538.759768422606	0.9103646278381348
6538.801227589605	0.9167743921279907
6538.842686756605	0.921951174736023
6538.884145923605	0.9198932647705078
6538.925605090604	0.9105018377304077
6538.967064257604	0.9023800492286682
6539.0085234246035	0.9010951519012451
6539.049982591603	0.9056185483932495
6539.091441758603	0.9123090505599976
6539.132900925602	0.9155529141426086
6539.174360092602	0.913491427898407
6539.215819259602	0.9101875424385071
6539.257278426601	0.9077696800231934
6539.298737593601	0.9037110209465027
6539.3401967606005	0.8992691040039062
6539.3816559276	0.9027074575424194
6539.4231150946	0.9138553142547607
6539.464574261599	0.9187135696411133
6539.506033428599	0.9126012325286865
6539.547492595599	0.9073957800865173
6539.588951762598	0.908453106880188
6539.630410929598	0.9077478051185608
6539.671870096598	0.902933657169342
6539.713329263597	0.9029684662818909
6539.754788430597	0.9100528955459595
6539.796247597596	0.9144061803817749
6539.837706764596	0.912280261516571
6539.879165931596	0.9109513759613037
6539.920625098595	0.9135593175888062
6539.962084265595	0.9151061177253723
6540.003543432595	0.9131675362586975
6540.045002599594	0.9105513691902161
6540.086461766594	0.908980131149292
6540.1279209335935	0.9075561761856079
6540.169380100593	0.9062387943267822
6540.210839267593	0.9067071676254272
6540.252298434592	0.9095488786697388
6540.293757601592	0.9137139916419983
6540.335216768592	0.9171202778816223
6540.376675935591	0.9165923595428467
6540.418135102591	0.911935567855835
6540.4595942695905	0.9068415760993958
6540.50105343659	0.9045650362968445
6540.54251260359	0.9072018265724182
6540.583971770589	0.9131958484649658
6540.625430937589	0.916703999042511
6540.666890104589	0.9145899415016174
6540.708349271588	0.9075924158096313
6540.749808438588	0.900902509689331
6540.791267605588	0.9048354029655457
6540.832726772587	0.9168268442153931
6540.874185939587	0.9173706769943237
6540.915645106586	0.9048561453819275
6540.957104273586	0.9024546146392822
6540.998563440586	0.9155933856964111
6541.040022607585	0.9242776036262512
6541.081481774585	0.9205324649810791
6541.122940941585	0.9147297739982605
6541.164400108584	0.9125617742538452
6541.205859275584	0.9112691283226013
6541.2473184425835	0.909315824508667
6541.288777609583	0.9078713655471802
6541.330236776583	0.9082584381103516
6541.371695943582	0.9116835594177246
6541.413155110582	0.9167729020118713
6541.454614277582	0.9192174077033997
6541.496073444581	0.918748676776886
6541.537532611581	0.9201134443283081
6541.5789917785805	0.9221237897872925
6541.62045094558	0.9161584973335266
6541.66191011258	0.9038994312286377
6541.703369279579	0.8993099927902222
6541.744828446579	0.904971182346344
6541.786287613579	0.9096790552139282
6541.827746780578	0.9087082743644714
6541.869205947578	0.9059507250785828
6541.910665114578	0.9039499163627625
6541.952124281577	0.9027723073959351
6541.993583448577	0.9021041393280029
6542.0350426155765	0.9015320539474487
6542.076501782576	0.8995332717895508
6542.117960949576	0.8933491706848145
6542.159420116575	0.8853601217269897
6542.200879283575	0.88326495885849
6542.242338450575	0.8875842094421387
6542.283797617574	0.8911592364311218
6542.325256784574	0.890970766544342
6542.3667159515735	0.8888874650001526
6542.408175118573	0.887710690498352
6542.449634285573	0.8906357884407043
6542.491093452572	0.8974277377128601
6542.532552619572	0.904536783695221
6542.574011786572	0.9086353778839111
6542.615470953571	0.9068474769592285
6542.656930120571	0.9013488292694092
6542.6983892875705	0.8988930583000183
6542.73984845457	0.9007542133331299
6542.78130762157	0.9028188586235046
6542.822766788569	0.9016165137290955
6542.864225955569	0.8947934508323669
6542.905685122569	0.887876033782959
6542.947144289568	0.893100917339325
6542.988603456568	0.9075955748558044
6543.030062623568	0.9149659872055054
6543.071521790567	0.912314236164093
6543.112980957567	0.909256100654602
6543.1544401245665	0.9091430902481079
6543.195899291566	0.9092065095901489
6543.237358458566	0.9089404940605164
6543.278817625565	0.9099776148796082
6543.320276792565	0.9094396233558655
6543.361735959565	0.9009464979171753
6543.403195126564	0.8892388939857483
6543.444654293564	0.8877424597740173
6543.4861134605635	0.8917938470840454
6543.527572627563	0.8824871778488159
6543.569031794563	0.8627414703369141
6543.610490961562	0.8528392910957336
6543.651950128562	0.854534387588501
6543.693409295562	0.8545703291893005
6543.734868462561	0.8504653573036194
6543.776327629561	0.8485694527626038
6543.8177867965605	0.8515687584877014
6543.85924596356	0.85890132188797
6543.90070513056	0.8678393363952637
6543.942164297559	0.874358594417572
6543.983623464559	0.8769580125808716
6544.025082631559	0.8761975765228271
6544.066541798558	0.874260663986206
6544.108000965558	0.8740909099578857
6544.149460132558	0.8750436902046204
6544.190919299557	0.8743752837181091
6544.232378466557	0.8766223192214966
6544.2738376335565	0.8902380466461182
6544.315296800556	0.9077747464179993
6544.356755967556	0.9123170375823975
6544.398215134555	0.9073072671890259
6544.439674301555	0.9088449478149414
6544.481133468555	0.915340781211853
6544.522592635554	0.9143474698066711
6544.564051802554	0.9077127575874329
6544.6055109695535	0.905948281288147
6544.646970136553	0.9093001484870911
6544.688429303553	0.9115308523178101
6544.729888470552	0.9098914265632629
6544.771347637552	0.9045087695121765
6544.812806804552	0.9007106423377991
6544.854265971551	0.9055820107460022
6544.895725138551	0.9127584099769592
6544.9371843055505	0.9095412492752075
6544.97864347255	0.9008152484893799
6545.02010263955	0.9003181457519531
6545.061561806549	0.9057114720344543
6545.103020973549	0.9065338969230652
6545.144480140549	0.9046552181243896
6545.185939307548	0.9078656435012817
6545.227398474548	0.9139618277549744
6545.268857641548	0.915967583656311
6545.310316808547	0.9141908884048462
6545.351775975547	0.9124650955200195
6545.3932351425465	0.9103101491928101
6545.434694309546	0.9053499102592468
6545.476153476546	0.8981784582138062
6545.517612643545	0.8912683129310608
6545.559071810545	0.8885529637336731
6545.600530977545	0.8932127952575684
6545.641990144544	0.8994746208190918
6545.683449311544	0.8990525007247925
6545.7249084785435	0.8970941305160522
6545.766367645543	0.9030760526657104
6545.807826812543	0.9117454886436462
6545.849285979542	0.912528932094574
6545.890745146542	0.9060951471328735
6545.932204313542	0.8988027572631836
6545.973663480541	0.897210955619812
6546.015122647541	0.9054465293884277
6546.056581814541	0.9155126214027405
6546.09804098154	0.9161945581436157
6546.13950014854	0.9090989232063293
6546.180959315539	0.9015113115310669
6546.222418482539	0.8983368277549744
6546.263877649539	0.902026355266571
6546.305336816538	0.908964216709137
6546.346795983538	0.9136973023414612
6546.388255150538	0.9154022336006165
6546.429714317537	0.9152725338935852
6546.471173484537	0.9141637682914734
6546.5126326515365	0.9125921726226807
6546.554091818536	0.9098752737045288
6546.595550985536	0.9057098031044006
6546.637010152535	0.9033001661300659
6546.678469319535	0.9054343104362488
6546.719928486535	0.9079912304878235
6546.761387653534	0.9063459038734436
6546.802846820534	0.9042226076126099
6546.8443059875335	0.9069133996963501
6546.885765154533	0.9137635231018066
6546.927224321533	0.9211862087249756
6546.968683488532	0.9236849546432495
6547.010142655532	0.9177311658859253
6547.051601822532	0.908376157283783
6547.093060989531	0.901922881603241
6547.134520156531	0.8977925777435303
6547.175979323531	0.8948586583137512
6547.21743849053	0.8986967206001282
6547.25889765753	0.9113638401031494
6547.300356824529	0.9177465438842773
6547.341815991529	0.9059399366378784
6547.383275158529	0.8899467587471008
6547.424734325528	0.8860161900520325
6547.466193492528	0.8918449282646179
6547.507652659528	0.8992658257484436
6547.549111826527	0.901197612285614
6547.590570993527	0.8947953581809998
6547.6320301605265	0.887424647808075
6547.673489327526	0.8864786028862
6547.714948494526	0.8909318447113037
6547.756407661525	0.8966243863105774
6547.797866828525	0.8981917500495911
6547.839325995525	0.8938604593276978
6547.880785162524	0.8912404179573059
6547.922244329524	0.8955581784248352
6547.9637034965235	0.9001015424728394
6548.005162663523	0.8990963697433472
6548.046621830523	0.896589994430542
6548.088080997522	0.8962011337280273
6548.129540164522	0.8945276141166687
6548.170999331522	0.8888887763023376
6548.212458498521	0.8819670081138611
6548.253917665521	0.87679523229599
6548.295376832521	0.8743123412132263
6548.33683599952	0.873781144618988
6548.37829516652	0.8721266388893127
6548.419754333519	0.8681161403656006
6548.461213500519	0.8649991750717163
6548.502672667519	0.8658391833305359
6548.544131834518	0.8713008165359497
6548.585591001518	0.8799523711204529
6548.627050168518	0.8879070281982422
6548.668509335517	0.8924015760421753
6548.709968502517	0.8935890793800354
6548.7514276695165	0.892610490322113
6548.792886836516	0.8907460570335388
6548.834346003516	0.8895857930183411
6548.875805170515	0.8912285566329956
6548.917264337515	0.8956483602523804
6548.958723504515	0.8991498351097107
6549.000182671514	0.9003742337226868
6549.041641838514	0.9028463363647461
6549.0831010055135	0.9074639081954956
6549.124560172513	0.9096041917800903
6549.166019339513	0.9078203439712524
6549.207478506512	0.9070383310317993
6549.248937673512	0.9084859490394592
6549.290396840512	0.9059934616088867
6549.331856007511	0.8999835848808289
6549.373315174511	0.9022567272186279
6549.414774341511	0.9140892028808594
6549.45623350851	0.9199126362800598
6549.49769267551	0.913878321647644
6549.539151842509	0.9063293933868408
6549.580611009509	0.9043546915054321
6549.622070176509	0.9077186584472656
6549.663529343508	0.9138600826263428
6549.704988510508	0.9188573360443115
6549.746447677508	0.9199567437171936
6549.787906844507	0.9158890247344971
6549.829366011507	0.9098392128944397
6549.8708251785065	0.909991979598999
6549.912284345506	0.9157646298408508
6549.953743512506	0.9159140586853027
6549.995202679505	0.9089968204498291
6550.036661846505	0.9057436585426331
6550.078121013505	0.9088107943534851
6550.119580180504	0.9107484221458435
6550.161039347504	0.9103235006332397
6550.2024985145035	0.913892924785614
6550.243957681503	0.9209209084510803
6550.285416848503	0.9232466816902161
6550.326876015502	0.9188985824584961
6550.368335182502	0.9125714302062988
6550.409794349502	0.9095010161399841
6550.451253516501	0.914713978767395
6550.492712683501	0.9239040017127991
6550.534171850501	0.9245619773864746
6550.5756310175	0.9164854288101196
6550.6170901845	0.910715639591217
6550.6585493514995	0.9100999236106873
6550.700008518499	0.9098899364471436
6550.741467685499	0.9107878804206848
6550.782926852498	0.9181119203567505
6550.824386019498	0.9276741743087769
6550.865845186498	0.927994966506958
6550.907304353497	0.9210647344589233
6550.948763520497	0.9191140532493591
6550.9902226874965	0.9217112064361572
6551.031681854496	0.9191067218780518
6551.073141021496	0.9137471318244934
6551.114600188495	0.9164033532142639
6551.156059355495	0.9233040809631348
6551.197518522495	0.9211745262145996
6551.238977689494	0.912140965461731
6551.280436856494	0.9083703756332397
6551.3218960234935	0.9108717441558838
6551.363355190493	0.9132340550422668
6551.404814357493	0.9127772450447083
6551.446273524492	0.9097594022750854
6551.487732691492	0.9080820083618164
6551.529191858492	0.9128292798995972
6551.570651025491	0.9192240238189697
6551.612110192491	0.9180060029029846
6551.653569359491	0.9132807850837708
6551.69502852649	0.9154639840126038
6551.73648769349	0.9217037558555603
6551.7779468604895	0.9228956699371338
6551.819406027489	0.9204603433609009
6551.860865194489	0.9205775856971741
6551.902324361488	0.9215242266654968
6551.943783528488	0.9186215400695801
6551.985242695488	0.9155048727989197
6552.026701862487	0.9185227155685425
6552.068161029487	0.9250307679176331
6552.1096201964865	0.9283308386802673
6552.151079363486	0.9240027666091919
6552.192538530486	0.9106285572052002
6552.233997697485	0.8960921764373779
6552.275456864485	0.8899828195571899
6552.316916031485	0.8884598016738892
6552.358375198484	0.8837295174598694
6552.399834365484	0.8787708878517151
6552.4412935324835	0.8791244029998779
6552.482752699483	0.8808668851852417
6552.524211866483	0.8783854842185974
6552.565671033482	0.8765046000480652
6552.607130200482	0.8819565176963806
6552.648589367482	0.8922695517539978
6552.690048534481	0.901586651802063
6552.731507701481	0.9053261280059814
6552.772966868481	0.9021748900413513
6552.814426035481	0.8996407985687256
6552.855885202481	0.9049410820007324
6552.89734436948	0.9137210845947266
6552.93880353648	0.9196600914001465
6552.98026270348	0.9238675236701965
6553.021721870479	0.9287546277046204
6553.063181037479	0.9331181049346924
6553.1046402044785	0.9357251524925232
6553.146099371478	0.9386536478996277
6553.187558538478	0.9429518580436707
6553.229017705477	0.9438762068748474
6553.270476872477	0.9388126730918884
6553.311936039477	0.9353646039962769
6553.353395206476	0.9385417699813843
6553.394854373476	0.9393582344055176
6553.436313540476	0.9307740926742554
6553.477772707475	0.919640302658081
6553.519231874475	0.9141291975975037
6553.5606910414745	0.9166152477264404
6553.602150208474	0.9255593419075012
6553.643609375474	0.9349580407142639
6553.685068542473	0.9395723938941956
6553.726527709473	0.9379863739013672
6553.767986876473	0.9328020811080933
6553.809446043472	0.9324293732643127
6553.850905210472	0.9400635957717896
6553.8923643774715	0.9465122222900391
6553.933823544471	0.9464645981788635
6553.975282711471	0.9468777775764465
6554.01674187847	0.9519035816192627
6554.05820104547	0.9560872912406921
6554.09966021247	0.9565162658691406
6554.141119379469	0.9578920006752014
6554.182578546469	0.9623186588287354
6554.2240377134685	0.965424120426178
6554.265496880468	0.9644030332565308
6554.306956047468	0.9604945182800293
6554.348415214467	0.9568770527839661
6554.389874381467	0.9585765600204468
6554.431333548467	0.9656095504760742
6554.472792715466	0.9705930352210999
6554.514251882466	0.9711031913757324
6554.555711049466	0.9730823040008545
6554.597170216465	0.9780473113059998
6554.638629383465	0.980048656463623
6554.6800885504645	0.9776567220687866
6554.721547717464	0.9763104915618896
6554.763006884464	0.9785481691360474
6554.804466051463	0.9824031591415405
6554.845925218463	0.9859912991523743
6554.887384385463	0.9882036447525024
6554.928843552462	0.9895164370536804
6554.970302719462	0.9920064806938171
6555.0117618864615	0.9957562685012817
6555.053221053461	0.9985901117324829
6555.094680220461	1.0005309581756592
6555.13613938746	1.0040128231048584
6555.17759855446	1.0077577829360962
6555.21905772146	1.0068182945251465
6555.260516888459	1.0040953159332275
6555.301976055459	1.0097159147262573
6555.3434352224585	1.0209285020828247
6555.384894389458	1.0235406160354614
6555.426353556458	1.0174068212509155
6555.467812723457	1.0146403312683105
6555.509271890457	1.0180060863494873
6555.550731057457	1.0221590995788574
6555.592190224456	1.0254437923431396
6555.633649391456	1.0293211936950684
6555.675108558456	1.032955527305603
6555.716567725455	1.034035563468933
6555.758026892455	1.0355457067489624
6555.7994860594545	1.0435878038406372
6555.840945226454	1.054646611213684
6555.882404393454	1.059338927268982
6555.923863560453	1.058661699295044
6555.965322727453	1.0600359439849854
6556.006781894453	1.06419837474823
6556.048241061452	1.0677450895309448
6556.089700228452	1.0695672035217285
6556.1311593954515	1.0702461004257202
6556.172618562451	1.072245478630066
6556.214077729451	1.0782393217086792
6556.25553689645	1.084418773651123
6556.29699606345	1.0847705602645874
6556.33845523045	1.08314049243927
6556.379914397449	1.0871323347091675
6556.421373564449	1.0942362546920776
6556.4628327314485	1.0979102849960327
6556.504291898448	1.098866581916809
6556.545751065448	1.1009995937347412
6556.587210232447	1.1057090759277344
6556.628669399447	1.112708568572998
6556.670128566447	1.1194944381713867
6556.711587733446	1.1232972145080566
6556.753046900446	1.1247410774230957
6556.794506067446	1.126298189163208
6556.835965234445	1.1317224502563477
6556.877424401445	1.1426420211791992
6556.9188835684445	1.1506587266921997
6556.960342735444	1.1473535299301147
6557.001801902444	1.1387916803359985
6557.043261069443	1.1347992420196533
6557.084720236443	1.1379640102386475
6557.126179403443	1.147592306137085
6557.167638570442	1.161658763885498
6557.209097737442	1.1766602993011475
6557.2505569044415	1.186405897140503
6557.292016071441	1.1882455348968506
6557.333475238441	1.191239833831787
6557.37493440544	1.20318603515625
6557.41639357244	1.2186306715011597
6557.45785273944	1.230327844619751
6557.499311906439	1.2369459867477417
6557.540771073439	1.2409157752990723
6557.582230240439	1.2494556903839111
6557.623689407438	1.2648980617523193
6557.665148574438	1.275207281112671
6557.706607741437	1.274449348449707
6557.748066908437	1.2780156135559082
6557.789526075437	1.2955312728881836
6557.830985242436	1.3140076398849487
6557.872444409436	1.3237662315368652
6557.913903576436	1.3321926593780518
6557.955362743435	1.3450199365615845
6557.996821910435	1.3576774597167969
6558.0382810774345	1.3673328161239624
6558.079740244434	1.3781217336654663
6558.121199411434	1.3920515775680542
6558.162658578433	1.4052633047103882
6558.204117745433	1.4164836406707764
6558.245576912433	1.4303009510040283
6558.287036079432	1.4478766918182373
6558.328495246432	1.4634966850280762
6558.3699544134315	1.4776263236999512
6558.411413580431	1.5013829469680786
6558.452872747431	1.534301996231079
6558.49433191443	1.5583677291870117
6558.53579108143	1.568261981010437
6558.57725024843	1.5777455568313599
6558.618709415429	1.5951937437057495
6558.660168582429	1.6193387508392334
6558.701627749429	1.6458189487457275
6558.743086916428	1.6683424711227417
6558.784546083428	1.6864382028579712
6558.826005250427	1.7061362266540527
6558.867464417427	1.7287544012069702
6558.908923584427	1.7500208616256714
6558.950382751426	1.7690768241882324
6558.991841918426	1.788940191268921
6559.033301085426	1.81171715259552
6559.074760252425	1.8382455110549927
6559.116219419425	1.8644351959228516
6559.1576785864245	1.8823391199111938
6559.199137753424	1.8969058990478516
6559.240596920424	1.923388123512268
6559.282056087423	1.9579249620437622
6559.323515254423	1.9817352294921875
6559.364974421423	1.995112419128418
6559.406433588422	2.0128557682037354
6559.447892755422	2.0375101566314697
6559.4893519224215	2.0623958110809326
6559.530811089421	2.084322452545166
6559.572270256421	2.1029257774353027
6559.61372942342	2.1197283267974854
6559.65518859042	2.1367721557617188
6559.69664775742	2.1491494178771973
6559.738106924419	2.1497609615325928
6559.779566091419	2.1497933864593506
6559.821025258419	2.167778253555298
6559.862484425418	2.1943955421447754
6559.903943592418	2.2073774337768555
6559.945402759417	2.206791877746582
6559.986861926417	2.20401668548584
6560.028321093417	2.2031679153442383
6560.069780260416	2.2041327953338623
6560.111239427416	2.2039687633514404
6560.152698594416	2.200235605239868
6560.194157761415	2.2006139755249023
6560.235616928415	2.2132656574249268
6560.2770760954145	2.2267239093780518
6560.318535262414	2.226775884628296
6560.359994429414	2.225102663040161
6560.401453596413	2.238339900970459
6560.442912763413	2.2593748569488525
6560.484371930413	2.2744321823120117
6560.525831097412	2.2812559604644775
6560.567290264412	2.283930778503418
6560.6087494314115	2.2917532920837402
6560.650208598411	2.310563325881958
6560.691667765411	2.3295695781707764
6560.73312693241	2.338473081588745
6560.77458609941	2.346479892730713
6560.81604526641	2.3619022369384766
6560.857504433409	2.372762441635132
6560.898963600409	2.369753837585449
6560.940422767409	2.3659133911132812
6560.981881934408	2.3737504482269287
6561.023341101408	2.389232635498047
6561.064800268407	2.40332293510437
6561.106259435407	2.406543016433716
6561.147718602407	2.396742820739746
6561.189177769406	2.3870763778686523
6561.230636936406	2.3851914405822754
6561.272096103406	2.3801217079162598
6561.313555270405	2.3647072315216064
6561.355014437405	2.346892833709717
6561.3964736044045	2.333359956741333
6561.437932771404	2.322904109954834
6561.479391938404	2.3128106594085693
6561.520851105403	2.3008460998535156
6561.562310272403	2.2852017879486084
6561.603769439403	2.2642221450805664
6561.645228606402	2.2414798736572266
6561.686687773402	2.2282440662384033
6561.7281469404015	2.2248613834381104
6561.769606107401	2.2150869369506836
6561.811065274401	2.193523645401001
6561.8525244414	2.1718192100524902
6561.8939836084	2.1587748527526855
6561.9354427754	2.1568775177001953
6561.976901942399	2.1602783203125
6562.018361109399	2.1547863483428955
6562.059820276399	2.136871814727783
6562.101279443398	2.1153628826141357
6562.142738610398	2.098731279373169
6562.1841977773975	2.0935158729553223
6562.225656944397	2.095310926437378
6562.267116111397	2.089763641357422
6562.308575278396	2.075481414794922
6562.350034445396	2.0634188652038574
6562.391493612396	2.0569870471954346
6562.432952779395	2.0523335933685303
6562.474411946395	2.0473856925964355
6562.5158711133945	2.041938543319702
6562.557330280394	2.0359604358673096
6562.598789447394	2.0296523571014404
6562.640248614393	2.0256595611572266
6562.681707781393	2.0277862548828125
6562.723166948393	2.0323235988616943
6562.764626115392	2.0312392711639404
6562.806085282392	2.0262484550476074
6562.8475444493915	2.0248546600341797
6562.889003616391	2.0281224250793457
6562.930462783391	2.0327491760253906
6562.97192195039	2.0335092544555664
6563.01338111739	2.025787115097046
6563.05484028439	2.0164833068847656
6563.096299451389	2.016446828842163
6563.137758618389	2.02109432220459
6563.179217785389	2.0201425552368164
6563.220676952388	2.017239570617676
6563.262136119388	2.0206403732299805
6563.3035952863875	2.026927947998047
6563.345054453387	2.0291318893432617
6563.386513620387	2.028571367263794
6563.427972787386	2.0298218727111816
6563.469431954386	2.0358481407165527
6563.510891121386	2.0472819805145264
6563.552350288385	2.0591259002685547
6563.593809455385	2.0660383701324463
6563.6352686223845	2.068439483642578
6563.676727789384	2.0692694187164307
6563.718186956384	2.072371244430542
6563.759646123383	2.0793514251708984
6563.801105290383	2.085043430328369
6563.842564457383	2.083899974822998
6563.884023624382	2.0747742652893066
6563.925482791382	2.0628561973571777
6563.9669419583815	2.0656802654266357
6564.008401125381	2.090918779373169
6564.049860292381	2.114886522293091
6564.09131945938	2.1218602657318115
6564.13277862638	2.1334896087646484
6564.17423779338	2.164323091506958
6564.215696960379	2.1945202350616455
6564.257156127379	2.209824800491333
6564.298615294379	2.2224836349487305
6564.340074461378	2.241204261779785
6564.381533628378	2.2578980922698975
6564.4229927953775	2.266444683074951
6564.464451962377	2.2693309783935547
6564.505911129377	2.271878242492676
6564.547370296376	2.281646490097046
6564.588829463376	2.296459436416626
6564.630288630376	2.299452543258667
6564.671747797375	2.2879433631896973
6564.713206964375	2.2816035747528076
6564.7546661313745	2.2872536182403564
6564.796125298374	2.2912371158599854
6564.837584465374	2.2868082523345947
6564.879043632373	2.278898000717163
6564.920502799373	2.2694318294525146
6564.961961966373	2.2552175521850586
6565.003421133372	2.2388644218444824
6565.044880300372	2.229487895965576
6565.0863394673715	2.227707624435425
6565.127798634371	2.225414991378784
6565.169257801371	2.218592882156372
6565.21071696837	2.2077574729919434
6565.25217613537	2.194916248321533
6565.29363530237	2.1830098628997803
6565.335094469369	2.1751227378845215
6565.376553636369	2.174018621444702
6565.418012803369	2.1763031482696533
6565.459471970368	2.17427921295166
6565.500931137368	2.1663119792938232
6565.5423903043675	2.1555557250976562
6565.583849471367	2.147550582885742
6565.625308638367	2.148089647293091
6565.666767805366	2.1507294178009033
6565.708226972366	2.1431806087493896
6565.749686139366	2.130202293395996
6565.791145306365	2.124237060546875
6565.832604473365	2.11924147605896
6565.8740636403645	2.1017603874206543
6565.915522807364	2.0769429206848145
6565.956981974364	2.057894229888916
6565.998441141363	2.0467886924743652
6566.039900308363	2.0391223430633545
6566.081359475363	2.024866819381714
6566.122818642362	1.9966504573822021
6566.164277809362	1.9703055620193481
6566.205736976362	1.962827205657959
6566.247196143361	1.9548197984695435
6566.288655310361	1.9231516122817993
6566.33011447736	1.885806679725647
6566.37157364436	1.866512656211853
6566.41303281136	1.8548583984375
6566.454491978359	1.834909200668335
6566.495951145359	1.8121538162231445
6566.537410312359	1.794522762298584
6566.578869479358	1.7764512300491333
6566.620328646358	1.7527507543563843
6566.6617878133575	1.7299541234970093
6566.703246980357	1.7133941650390625
6566.744706147357	1.697404384613037
6566.786165314356	1.6773536205291748
6566.827624481356	1.6574857234954834
6566.869083648356	1.6419175863265991
6566.910542815355	1.6301734447479248
6566.952001982355	1.618590235710144
6566.9934611493545	1.5994040966033936
6567.034920316354	1.5719398260116577
6567.076379483354	1.5491739511489868
6567.117838650353	1.53744375705719
6567.159297817353	1.528032898902893
6567.200756984353	1.5144734382629395
6567.242216151352	1.4980627298355103
6567.283675318352	1.4811604022979736
6567.325134485352	1.465591549873352
6567.366593652351	1.4517111778259277
6567.408052819351	1.4380918741226196
6567.44951198635	1.4241715669631958
6567.49097115335	1.4108150005340576
6567.53243032035	1.3972971439361572
6567.573889487349	1.38088059425354
6567.615348654349	1.3626993894577026
6567.656807821349	1.3480792045593262
6567.698266988348	1.3371961116790771
6567.739726155348	1.3249343633651733
6567.7811853223475	1.3128622770309448
6567.822644489347	1.308680772781372
6567.864103656347	1.3077727556228638
6567.905562823346	1.2955348491668701
6567.947021990346	1.2763270139694214
6567.988481157346	1.2687878608703613
6568.029940324345	1.2702202796936035
6568.071399491345	1.2627670764923096
6568.1128586583445	1.245543122291565
6568.154317825344	1.2292678356170654
6568.195776992344	1.217086672782898
6568.237236159343	1.2072415351867676
6568.278695326343	1.2004255056381226
6568.320154493343	1.1981412172317505
6568.361613660342	1.1970707178115845
6568.403072827342	1.1917788982391357
6568.444531994342	1.1808702945709229
6568.485991161341	1.1658685207366943
6568.527450328341	1.1516242027282715
6568.56890949534	1.1433703899383545
6568.61036866234	1.140128254890442
6568.65182782934	1.1376570463180542
6568.693286996339	1.1307461261749268
6568.734746163339	1.1170265674591064
6568.776205330339	1.10673189163208
6568.817664497338	1.10945463180542
6568.859123664338	1.1141586303710938
6568.9005828313375	1.1085283756256104
6568.942041998337	1.1018975973129272
6568.983501165337	1.104482889175415
6569.024960332336	1.1064696311950684
6569.066419499336	1.0980957746505737
6569.107878666336	1.087142825126648
6569.149337833335	1.08222234249115
6569.190797000335	1.0808333158493042
6569.2322561673345	1.0785917043685913
6569.273715334334	1.0741064548492432
6569.315174501334	1.0681226253509521
6569.356633668333	1.064219355583191
6569.398092835333	1.0636730194091797
6569.439552002333	1.0620455741882324
6569.481011169332	1.0568432807922363
6569.522470336332	1.051240086555481
6569.563929503332	1.0472677946090698
6569.605388670331	1.0431463718414307
6569.646847837331	1.0378326177597046
6569.68830700433	1.0324493646621704
6569.72976617133	1.027933120727539
6569.77122533833	1.0244624614715576
6569.812684505329	1.021695613861084
6569.854143672329	1.0187994241714478
6569.895602839329	1.0160120725631714
6569.937062006328	1.014952301979065
6569.978521173328	1.0142793655395508
6570.0199803403275	1.0091289281845093
6570.061439507327	1.0017452239990234
6570.102898674327	1.002029299736023
6570.144357841326	1.0088512897491455
6570.185817008326	1.0102485418319702
6570.227276175326	1.00606369972229
6570.268735342325	1.0067379474639893
6570.310194509325	1.0101133584976196
6570.3516536763245	1.004034399986267
6570.393112843324	0.990425169467926
6570.434572010324	0.9815616607666016
6570.476031177323	0.9800414443016052
6570.517490344323	0.9814149141311646
6570.558949511323	0.9829554557800293
6570.600408678322	0.9833675026893616
6570.641867845322	0.9829111695289612
6570.683327012322	0.9823556542396545
6570.724786179321	0.9787939190864563
6570.766245346321	0.9691061973571777
6570.8077045133205	0.9616737961769104
6570.84916368032	0.9670088291168213
6570.89062284732	0.9744105339050293
6570.932082014319	0.9677539467811584
6570.973541181319	0.9551916718482971
6571.015000348319	0.9518507719039917
6571.056459515318	0.9545837640762329
6571.097918682318	0.9550299644470215
6571.1393778493175	0.9550847411155701
6571.180837016317	0.9580070972442627
6571.222296183317	0.9579864740371704
6571.263755350316	0.9505895376205444
6571.305214517316	0.9455297589302063
6571.346673684316	0.9502478837966919
6571.388132851315	0.9526430368423462
6571.429592018315	0.9426754713058472
6571.4710511853145	0.9307857155799866
6571.512510352314	0.9274835586547852
6571.553969519314	0.9297618865966797
6571.595428686313	0.9321452975273132
6571.636887853313	0.9320791959762573
6571.678347020313	0.9282293915748596
6571.719806187312	0.9199961423873901
6571.761265354312	0.9089102149009705
6571.802724521312	0.899565577507019
6571.844183688311	0.8947053551673889
6571.885642855311	0.8931543827056885
6571.9271020223105	0.8931168913841248
6571.96856118931	0.89323890209198
6572.01002035631	0.8920862078666687
6572.051479523309	0.8882396221160889
6572.092938690309	0.8827564120292664
6572.134397857309	0.8797491192817688
6572.175857024308	0.8816961646080017
6572.217316191308	0.8887501358985901
6572.2587753583075	0.8969457149505615
6572.300234525307	0.8983859419822693
6572.341693692307	0.8942558169364929
6572.383152859306	0.8946525454521179
6572.424612026306	0.900069534778595
6572.466071193306	0.9019680619239807
6572.507530360305	0.8991460204124451
6572.548989527305	0.8969173431396484
6572.5904486943045	0.8961400985717773
6572.631907861304	0.8941466808319092
6572.673367028304	0.891727864742279
6572.714826195303	0.8919214606285095
6572.756285362303	0.8939359784126282
6572.797744529303	0.8945903182029724
6572.839203696302	0.8926882743835449
6572.880662863302	0.8887156248092651
6572.922122030302	0.8860082626342773
6572.963581197301	0.8884487152099609
6573.005040364301	0.8933874368667603
6573.0464995313005	0.8953665494918823
6573.0879586983	0.8928144574165344
6573.1294178653	0.8869523406028748
6573.170877032299	0.8826581835746765
6573.212336199299	0.8843218684196472
6573.253795366299	0.8875980377197266
6573.295254533298	0.8860606551170349
6573.336713700298	0.8792493939399719
6573.3781728672975	0.8703084588050842
6573.419632034297	0.866116464138031
6573.461091201297	0.871047854423523
6573.502550368296	0.8785861134529114
6573.544009535296	0.8812788724899292
6573.585468702296	0.8789465427398682
6573.626927869295	0.8746263384819031
6573.668387036295	0.8733038306236267
6573.709846203295	0.8775877952575684
6573.751305370294	0.884071409702301
6573.792764537294	0.8879390954971313
6573.834223704293	0.8845148682594299
6573.875682871293	0.8752301335334778
6573.917142038293	0.8723782896995544
6573.958601205292	0.8796308636665344
6574.000060372292	0.8827064633369446
6574.041519539292	0.8756346702575684
6574.082978706291	0.8702198266983032
6574.124437873291	0.871671736240387
6574.1658970402905	0.8716496229171753
6574.20735620729	0.8693171739578247
6574.24881537429	0.8762333989143372
6574.290274541289	0.8894715309143066
6574.331733708289	0.887616753578186
6574.373192875289	0.8692488074302673
6574.414652042288	0.8560265898704529
6574.456111209288	0.8545001745223999
6574.4975703762875	0.8543139100074768
6574.539029543287	0.8506815433502197
6574.580488710287	0.8452001214027405
6574.621947877286	0.8398034572601318
6574.663407044286	0.8362675905227661
6574.704866211286	0.8355129957199097
6574.746325378285	0.8377170562744141
6574.787784545285	0.8402301669120789
6574.829243712285	0.8390297889709473
6574.870702879284	0.8353768587112427
6574.912162046284	0.8338271975517273
6574.953621213283	0.836374044418335
6574.995080380283	0.8430321216583252
6575.036539547283	0.8517120480537415
6575.077998714282	0.8589403629302979
6575.119457881282	0.8601120710372925
6575.160917048282	0.8530174493789673
6575.202376215281	0.8490651249885559
6575.243835382281	0.8601655960083008
6575.2852945492805	0.8730489611625671
6575.32675371628	0.8707510828971863
6575.36821288328	0.8637498021125793
6575.409672050279	0.866998016834259
6575.451131217279	0.8734697103500366
6575.492590384279	0.8726913332939148
6575.534049551278	0.8678218722343445
6575.575508718278	0.8654190301895142
6575.6169678852775	0.8691761493682861
6575.658427052277	0.8776620626449585
6575.699886219277	0.8792405128479004
6575.741345386276	0.8684935569763184
6575.782804553276	0.8596168160438538
6575.824263720276	0.8618375658988953
6575.865722887275	0.8645886778831482
6575.907182054275	0.8603373169898987
6575.948641221275	0.8552612066268921
6575.990100388274	0.8549748063087463
6576.031559555274	0.8596342206001282
6576.073018722273	0.8658400774002075
6576.114477889273	0.8664725422859192
6576.155937056273	0.8611690402030945
6576.197396223272	0.8593705892562866
6576.238855390272	0.8641383647918701
6576.280314557272	0.8690062761306763
6576.321773724271	0.8698991537094116
6576.363232891271	0.8668599128723145
6576.4046920582705	0.8621935844421387
6576.44615122527	0.8598834276199341
6576.48761039227	0.8603574633598328
6576.529069559269	0.8606560826301575
6576.570528726269	0.8598897457122803
6576.611987893269	0.8592016696929932
6576.653447060268	0.8599441647529602
6576.694906227268	0.8631682395935059
6576.7363653942675	0.8647101521492004
6576.777824561267	0.8579245209693909
6576.819283728267	0.8497204184532166
6576.860742895266	0.8538524508476257
6576.902202062266	0.8651195764541626
6576.943661229266	0.8687217235565186
6576.985120396265	0.8651006817817688
6577.026579563265	0.8624069690704346
6577.068038730265	0.8627730011940002
6577.109497897264	0.8649100661277771
6577.150957064264	0.8660814166069031
6577.192416231263	0.86393141746521
6577.233875398263	0.8610958456993103
6577.275334565263	0.8603202700614929
6577.316793732262	0.8560584783554077
6577.358252899262	0.8444800972938538
6577.399712066262	0.8382954597473145
6577.441171233261	0.8480542302131653
6577.482630400261	0.8605937957763672
6577.5240895672605	0.8624399900436401
6577.56554873426	0.8605647087097168
6577.60700790126	0.8624624013900757
6577.648467068259	0.8616301417350769
6577.689926235259	0.8537847399711609
6577.731385402259	0.8471543192863464
6577.772844569258	0.8485983610153198
6577.814303736258	0.8568683862686157
6577.8557629032575	0.8666633367538452
6577.897222070257	0.8690596222877502
6577.938681237257	0.8620665669441223
6577.980140404256	0.8553685545921326
6578.021599571256	0.8539960384368896
6578.063058738256	0.853223979473114
6578.104517905255	0.851569414138794
6578.145977072255	0.8539193868637085
6578.187436239255	0.8596962094306946
6578.228895406254	0.8609766960144043
6578.270354573254	0.8586814403533936
6578.3118137402535	0.8638391494750977
6578.353272907253	0.8741944432258606
6578.394732074253	0.8741633892059326
6578.436191241252	0.8632820248603821
6578.477650408252	0.8549490571022034
6578.519109575252	0.8539385795593262
6578.560568742251	0.8571942448616028
6578.602027909251	0.8605384230613708
6578.6434870762505	0.8597314357757568
6578.68494624325	0.8555368781089783
6578.72640541025	0.8519788384437561
6578.767864577249	0.8516594171524048
6578.809323744249	0.8554412722587585
6578.850782911249	0.8587726950645447
6578.892242078248	0.8557384014129639
6578.933701245248	0.8504272699356079
6578.9751604122475	0.850082516670227
6579.016619579247	0.8513728976249695
6579.058078746247	0.8484687209129333
6579.099537913246	0.8465191721916199
6579.140997080246	0.8518214225769043
6579.182456247246	0.857458770275116
6579.223915414245	0.8553918600082397
6579.265374581245	0.8508669137954712
6579.306833748245	0.8507466912269592
6579.348292915244	0.8523923754692078
6579.389752082244	0.8529272675514221
6579.4312112492435	0.8572599291801453
6579.472670416243	0.8670573830604553
6579.514129583243	0.8714873790740967
6579.555588750242	0.8643524050712585
6579.597047917242	0.8554580211639404
6579.638507084242	0.8523715734481812
6579.679966251241	0.8511195778846741
6579.721425418241	0.8492445945739746
6579.7628845852405	0.851381242275238
6579.80434375224	0.8572993874549866
6579.84580291924	0.8574340343475342
6579.887262086239	0.8506104946136475
6579.928721253239	0.8490574955940247
6579.970180420239	0.854454517364502
6580.011639587238	0.8531829118728638
6580.053098754238	0.8451138138771057
6580.0945579212375	0.8469600081443787
6580.136017088237	0.8583212494850159
6580.177476255237	0.860370934009552
6580.218935422236	0.851405680179596
6580.260394589236	0.846244752407074
6580.301853756236	0.8476245999336243
6580.343312923235	0.8477157354354858
6580.384772090235	0.845987856388092
6580.426231257235	0.8473684191703796
6580.467690424234	0.8510626554489136
6580.509149591234	0.8526668548583984
6580.5506087582335	0.8520947098731995
6580.592067925233	0.851716935634613
6580.633527092233	0.8519190549850464
6580.674986259232	0.8515684008598328
6580.716445426232	0.847334086894989
6580.757904593232	0.8369261622428894
6580.799363760231	0.8285719156265259
6580.840822927231	0.8317010402679443
6580.8822820942305	0.8398180603981018
6580.92374126123	0.8424340486526489
6580.96520042823	0.8400874137878418
6581.006659595229	0.837195098400116
6581.048118762229	0.8363674283027649
6581.089577929229	0.8387724757194519
6581.131037096228	0.8435376286506653
6581.172496263228	0.8485013842582703
6581.2139554302275	0.8500344753265381
6581.255414597227	0.8476177453994751
6581.296873764227	0.8485776782035828
6581.338332931226	0.8560160398483276
6581.379792098226	0.8605654835700989
6581.421251265226	0.857128381729126
6581.462710432225	0.8534064292907715
6581.504169599225	0.8539404273033142
6581.545628766225	0.853762149810791
6581.587087933224	0.8511496782302856
6581.628547100224	0.8516840934753418
6581.6700062672235	0.8562821745872498
6581.711465434223	0.8584376573562622
6581.752924601223	0.8553369641304016
6581.794383768222	0.8495577573776245
6581.835842935222	0.845380961894989
6581.877302102222	0.8479918837547302
6581.918761269221	0.854337215423584
6581.960220436221	0.8539897203445435
6582.0016796032205	0.8491434454917908
6582.04313877022	0.8524254560470581
6582.08459793722	0.8598991632461548
6582.126057104219	0.8558335900306702
6582.167516271219	0.8452227711677551
6582.208975438219	0.8458654284477234
6582.250434605218	0.8537695407867432
6582.291893772218	0.8531247973442078
6582.333352939218	0.8470997214317322
6582.374812106217	0.8477690815925598
6582.416271273217	0.8526883721351624
6582.457730440216	0.8536504507064819
6582.499189607216	0.8528035879135132
6582.540648774216	0.8553645014762878
6582.582107941215	0.8582567572593689
6582.623567108215	0.8567319512367249
6582.665026275215	0.8531073927879333
6582.706485442214	0.8513738512992859
6582.747944609214	0.8517943620681763
6582.7894037762135	0.8533483147621155
6582.830862943213	0.8553599715232849
6582.872322110213	0.8571207523345947
6582.913781277212	0.8577308058738708
6582.955240444212	0.8565167784690857
6582.996699611212	0.8532697558403015
6583.038158778211	0.8484312295913696
6583.079617945211	0.8432556986808777
6583.1210771122105	0.839294970035553
6583.16253627921	0.8383514285087585
6583.20399544621	0.8404222726821899
6583.245454613209	0.8426517844200134
6583.286913780209	0.8443503379821777
6583.328372947209	0.8487130999565125
6583.369832114208	0.8537413477897644
6583.411291281208	0.8501729965209961
6583.452750448208	0.8398318290710449
6583.494209615207	0.8377273082733154
6583.535668782207	0.8453251719474792
6583.577127949206	0.8491772413253784
6583.618587116206	0.8470866084098816
6583.660046283206	0.8481540679931641
6583.701505450205	0.8532652258872986
6583.742964617205	0.8561583757400513
6583.784423784205	0.8557489514350891
6583.825882951204	0.8548105955123901
6583.867342118204	0.8531914353370667
6583.9088012852035	0.849122166633606
6583.950260452203	0.844595193862915
6583.991719619203	0.8433980345726013
6584.033178786202	0.8458600044250488
6584.074637953202	0.8501865267753601
6584.116097120202	0.8539039492607117
6584.157556287201	0.8548739552497864
6584.199015454201	0.8540245890617371
6584.2404746212005	0.8532047271728516
6584.2819337882	0.8520070910453796
6584.3233929552	0.8500841856002808
6584.364852122199	0.8505833148956299
6584.406311289199	0.8550030589103699
6584.447770456199	0.8562483191490173
6584.489229623198	0.8499412536621094
6584.530688790198	0.8458853960037231
6584.572147957198	0.8514139652252197
6584.613607124197	0.8587983846664429
6584.655066291197	0.8612339496612549
6584.696525458196	0.8620933294296265
6584.737984625196	0.8636678457260132
6584.779443792196	0.8616721034049988
6584.820902959195	0.8562135100364685
6584.862362126195	0.8566596508026123
6584.903821293195	0.8632929921150208
6584.945280460194	0.8612198829650879
6584.986739627194	0.8482772707939148
6585.0281987941935	0.8411192297935486
6585.069657961193	0.8453517556190491
6585.111117128193	0.8514277935028076
6585.152576295192	0.8529940247535706
6585.194035462192	0.8488773703575134
6585.235494629192	0.8432151079177856
6585.276953796191	0.8440086245536804
6585.318412963191	0.8497292995452881
6585.3598721301905	0.8514147400856018
6585.40133129719	0.8482932448387146
6585.44279046419	0.8455810546875
6585.484249631189	0.8445972800254822
6585.525708798189	0.8441118001937866
6585.567167965189	0.8444344401359558
6585.608627132188	0.8465014100074768
6585.650086299188	0.8493873476982117
6585.691545466188	0.8514522314071655
6585.733004633187	0.8526701331138611
6585.774463800187	0.8537694811820984
6585.815922967186	0.8553273677825928
6585.857382134186	0.8568690419197083
6585.898841301186	0.853784441947937
6585.940300468185	0.8445291519165039
6585.981759635185	0.8425799012184143
6586.023218802185	0.8568727970123291
6586.064677969184	0.8696083426475525
6586.106137136184	0.8651561141014099
6586.1475963031835	0.8537036776542664
6586.189055470183	0.8464012145996094
6586.230514637183	0.8401046991348267
6586.271973804182	0.8318835496902466
6586.313432971182	0.8259414434432983
6586.354892138182	0.8259159922599792
6586.396351305181	0.8323660492897034
6586.437810472181	0.8413735628128052
6586.4792696391805	0.843323826789856
6586.52072880618	0.8365930318832397
6586.56218797318	0.831031858921051
6586.603647140179	0.8316929340362549
6586.645106307179	0.8360457420349121
6586.686565474179	0.8402062654495239
6586.728024641178	0.8400847315788269
6586.769483808178	0.8366149067878723
6586.810942975178	0.8352041244506836
6586.852402142177	0.838116466999054
6586.893861309177	0.8445205688476562
6586.9353204761765	0.851405143737793
6586.976779643176	0.8546357750892639
6587.018238810176	0.8544840812683105
6587.059697977175	0.8539669513702393
6587.101157144175	0.8535224795341492
6587.142616311175	0.8523387908935547
6587.184075478174	0.8520938158035278
6587.225534645174	0.8546060919761658
6587.2669938121735	0.855200469493866
6587.308452979173	0.8489488959312439
6587.349912146173	0.8437944054603577
6587.391371313172	0.8488680720329285
6587.432830480172	0.8566631078720093
6587.474289647172	0.8570592403411865
6587.515748814171	0.8527030348777771
6587.557207981171	0.849909782409668
6587.5986671481705	0.8525329232215881
6587.64012631517	0.8600890040397644
6587.68158548217	0.8636451363563538
6587.723044649169	0.8584449291229248
6587.764503816169	0.8534471988677979
6587.805962983169	0.8550278544425964
6587.847422150168	0.8584052920341492
6587.888881317168	0.8591346740722656
6587.930340484168	0.8573806285858154
6587.971799651167	0.8550463318824768
6588.013258818167	0.8552075624465942
6588.0547179851665	0.858458399772644
6588.096177152166	0.8621134757995605
6588.137636319166	0.8626003265380859
6588.179095486165	0.8558937907218933
6588.220554653165	0.8472172617912292
6588.262013820165	0.8506328463554382
6588.303472987164	0.8623766899108887
6588.344932154164	0.8628659248352051
6588.3863913211635	0.8517286777496338
6588.427850488163	0.8441303968429565
6588.469309655163	0.8425453305244446
6588.510768822162	0.8404057621955872
6588.552227989162	0.8390832543373108
6588.593687156162	0.8441593050956726
6588.635146323161	0.8528580665588379
6588.676605490161	0.8586962223052979
6588.7180646571605	0.862495481967926
6588.75952382416	0.8674886226654053
6588.80098299116	0.8697783350944519
6588.842442158159	0.864629328250885
6588.883901325159	0.8568122982978821
6588.925360492159	0.8533955216407776
6588.966819659158	0.8557633757591248
6589.008278826158	0.8616895079612732
6589.049737993158	0.8651636242866516
6589.091197160157	0.8618380427360535
6589.132656327157	0.8544837832450867
6589.1741154941565	0.8478333353996277
6589.215574661156	0.8459494709968567
6589.257033828156	0.8498033881187439
6589.298492995155	0.8550625443458557
6589.339952162155	0.8586409687995911
6589.381411329155	0.8619588613510132
6589.422870496154	0.8643165826797485
6589.464329663154	0.8601468801498413
6589.5057888301535	0.8515093922615051
6589.547247997153	0.8515552282333374
6589.588707164153	0.8601034283638
6589.630166331152	0.859813928604126
6589.671625498152	0.8496681451797485
6589.713084665152	0.8472400903701782
6589.754543832151	0.8551352024078369
6589.796002999151	0.8609002232551575
6589.8374621661505	0.8601229190826416
6589.87892133315	0.8561164140701294
6589.92038050015	0.8545642495155334
6589.961839667149	0.8613914847373962
6590.003298834149	0.8709446787834167
6590.044758001149	0.8717426061630249
6590.086217168148	0.8658044934272766
6590.127676335148	0.8620251417160034
6590.169135502148	0.8621649146080017
6590.210594669147	0.8638961315155029
6590.252053836147	0.8635204434394836
6590.2935130031465	0.8585785627365112
6590.334972170146	0.8541374802589417
6590.376431337146	0.8558810949325562
6590.417890504145	0.8609214425086975
6590.459349671145	0.8646807670593262
6590.500808838145	0.867337703704834
6590.542268005144	0.8693600296974182
6590.583727172144	0.867758572101593
6590.6251863391435	0.8620259761810303
6590.666645506143	0.8590287566184998
6590.708104673143	0.8620498776435852
6590.749563840142	0.8641751408576965
6590.791023007142	0.8612053394317627
6590.832482174142	0.8571959733963013
6590.873941341141	0.8555261492729187
6590.915400508141	0.8562225103378296
6590.956859675141	0.8579066395759583
6590.99831884214	0.8581682443618774
6591.03977800914	0.8575915098190308
6591.081237176139	0.8602538704872131
6591.122696343139	0.8646959662437439
6591.164155510139	0.8637936115264893
6591.205614677138	0.8579472303390503
6591.247073844138	0.8543581366539001
6591.288533011138	0.8552417755126953
6591.329992178137	0.8585192561149597
6591.371451345137	0.8625240921974182
6591.4129105121365	0.866051971912384
6591.454369679136	0.8682482242584229
6591.495828846136	0.8683058619499207
6591.537288013135	0.8638434410095215
6591.578747180135	0.8535043597221375
6591.620206347135	0.8457695245742798
6591.661665514134	0.8499600291252136
6591.703124681134	0.857951819896698
6591.7445838481335	0.8582087159156799
6591.786043015133	0.8553720116615295
6591.827502182133	0.8572278618812561
6591.868961349132	0.8615147471427917
6591.910420516132	0.863438606262207
6591.951879683132	0.8605154752731323
6591.993338850131	0.8538241386413574
6592.034798017131	0.85081946849823
6592.076257184131	0.8555811047554016
6592.11771635113	0.8625048995018005
6592.15917551813	0.8649476170539856
6592.200634685129	0.858306348323822
6592.242093852129	0.8452553153038025
6592.283553019129	0.8385107517242432
6592.325012186128	0.8419284224510193
6592.366471353128	0.8454166054725647
6592.407930520128	0.845352292060852
6592.449389687127	0.8481530547142029
6592.490848854127	0.8537953495979309
6592.5323080211265	0.8545827865600586
6592.573767188126	0.8506008386611938
6592.615226355126	0.8493663668632507
6592.656685522125	0.8533768653869629
6592.698144689125	0.8604358434677124
6592.739603856125	0.8657596707344055
6592.781063023124	0.8638185262680054
6592.822522190124	0.8573708534240723
6592.8639813571235	0.8534231185913086
6592.905440524123	0.8512459993362427
6592.946899691123	0.8470005989074707
6592.988358858122	0.8443342447280884
6593.029818025122	0.8481766581535339
6593.071277192122	0.8526877164840698
6593.112736359121	0.8505722880363464
6593.154195526121	0.8468922972679138
6593.195654693121	0.8481141328811646
6593.23711386012	0.8496354222297668
6593.27857302712	0.84676593542099
6593.320032194119	0.8448178172111511
6593.361491361119	0.8481881022453308
6593.402950528119	0.8523312211036682
6593.444409695118	0.8532836437225342
6593.485868862118	0.853055477142334
6593.527328029118	0.8530531525611877
6593.568787196117	0.8510684370994568
6593.610246363117	0.8471296429634094
6593.6517055301165	0.8456548452377319
6593.693164697116	0.8475539684295654
6593.734623864116	0.8482526540756226
6593.776083031115	0.846692681312561
6593.817542198115	0.8466930389404297
6593.859001365115	0.8499528169631958
6593.900460532114	0.8554255366325378
6593.941919699114	0.8593212366104126
6593.9833788661135	0.8561481833457947
6594.024838033113	0.8488215208053589
6594.066297200113	0.8460832238197327
6594.107756367112	0.8467212319374084
6594.149215534112	0.8434445261955261
6594.190674701112	0.8378319144248962
6594.232133868111	0.8363131880760193
6594.273593035111	0.8407843708992004
6594.315052202111	0.8492948412895203
6594.35651136911	0.8532831072807312
6594.39797053611	0.8458700180053711
6594.439429703109	0.8401941657066345
6594.480888870109	0.849837064743042
6594.522348037109	0.8603426814079285
6594.563807204108	0.8559334874153137
6594.605266371108	0.8477731943130493
6594.646725538108	0.8487824201583862
6594.688184705107	0.8541666865348816
6594.729643872107	0.8564345836639404
6594.7711030391065	0.8531378507614136
6594.812562206106	0.8471904397010803
6594.854021373106	0.8492221236228943
6594.895480540105	0.8605465292930603
6594.936939707105	0.8650525212287903
6594.978398874105	0.8563849329948425
6595.019858041104	0.846011757850647
6595.061317208104	0.8418890237808228
6595.1027763751035	0.8441390991210938
6595.144235542103	0.8501247763633728
6595.185694709103	0.8556162118911743
6595.227153876102	0.8579703569412231
6595.268613043102	0.8563282489776611
6595.310072210102	0.852126955986023
6595.351531377101	0.8483622670173645
6595.392990544101	0.8456342220306396
6595.434449711101	0.8430946469306946
6595.4759088781	0.8436146974563599
6595.5173680451	0.8510065674781799
6595.5588272120995	0.8590773940086365
6595.600286379099	0.858390212059021
6595.641745546099	0.8525989651679993
6595.683204713098	0.8502439260482788
6595.724663880098	0.852072536945343
6595.766123047098	0.8552506566047668
6595.807582214097	0.8568097352981567
6595.849041381097	0.8548747897148132
6595.8905005480965	0.8509339094161987
6595.931959715096	0.8478137254714966
6595.973418882096	0.8487644791603088
6596.014878049095	0.8539065718650818
6596.056337216095	0.8563774824142456
6596.097796383095	0.8529969453811646
6596.139255550094	0.8509805798530579
6596.180714717094	0.8538035750389099
6596.2221738840935	0.8549894690513611
6596.263633051093	0.8514255285263062
6596.305092218093	0.8474000096321106
6596.346551385092	0.8454359173774719
6596.388010552092	0.8443647623062134
6596.429469719092	0.8440461754798889
6596.470928886091	0.8459534645080566
6596.512388053091	0.8493338823318481
6596.553847220091	0.8513482213020325
6596.59530638709	0.8521357178688049
6596.63676555409	0.8541605472564697
6596.6782247210895	0.8561928272247314
6596.719683888089	0.8548270463943481
6596.761143055089	0.8523222804069519
6596.802602222088	0.8535367250442505
6596.844061389088	0.8558239340782166
6596.885520556088	0.8537693023681641
6596.926979723087	0.8500466346740723
6596.968438890087	0.8497103452682495
6597.0098980570865	0.8505542874336243
6597.051357224086	0.8489291071891785
6597.092816391086	0.8473532199859619
6597.134275558085	0.8489657044410706
6597.175734725085	0.851893424987793
6597.217193892085	0.8533847332000732
6597.258653059084	0.8527263402938843
6597.300112226084	0.8503991365432739
6597.3415713930835	0.8479993343353271
6597.383030560083	0.8468175530433655
6597.424489727083	0.8470908403396606
6597.465948894082	0.8480913043022156
6597.507408061082	0.8479985594749451
6597.548867228082	0.8465557098388672
6597.590326395081	0.8458629250526428
6597.631785562081	0.8471631407737732
6597.673244729081	0.8502662181854248
6597.71470389608	0.8537513613700867
6597.75616306308	0.8552252650260925
6597.7976222300795	0.8546105623245239
6597.839081397079	0.8538691401481628
6597.880540564079	0.8526504039764404
6597.921999731078	0.8490167856216431
6597.963458898078	0.8455593585968018
6598.004918065078	0.8472845554351807
6598.046377232077	0.8529666066169739
6598.087836399077	0.8577754497528076
6598.1292955660765	0.8586771488189697
6598.170754733076	0.8548183441162109
6598.212213900076	0.8508180379867554
6598.253673067075	0.8516786694526672
6598.295132234075	0.8536180853843689
6598.336591401075	0.8513777256011963
6598.378050568074	0.8465978503227234
6598.419509735074	0.8437969088554382
6598.460968902074	0.8488337397575378
6598.502428069073	0.8616248965263367
6598.543887236073	0.8676648736000061
6598.585346403072	0.859052836894989
6598.626805570072	0.8482553362846375
6598.668264737072	0.8452406525611877
6598.709723904071	0.8474252820014954
6598.751183071071	0.8509384989738464
6598.792642238071	0.8540511727333069
6598.83410140507	0.8561047315597534
6598.87556057207	0.8574376702308655
6598.9170197390695	0.8564889430999756
6598.958478906069	0.8495081067085266
6598.999938073069	0.8390616178512573
6599.041397240068	0.8335545063018799
6599.082856407068	0.8347349166870117
6599.124315574068	0.8384777307510376
6599.165774741067	0.8414137959480286
6599.207233908067	0.8414337635040283
6599.2486930750665	0.8401894569396973
6599.290152242066	0.8411433696746826
6599.331611409066	0.8436661958694458
6599.373070576065	0.845190167427063
6599.414529743065	0.8449646830558777
6599.455988910065	0.8441458940505981
6599.497448077064	0.8483957052230835
6599.538907244064	0.8603609204292297
6599.580366411064	0.8660290837287903
6599.621825578063	0.8547627925872803
6599.663284745063	0.8426461219787598
6599.704743912062	0.8445258736610413
6599.746203079062	0.8514421582221985
6599.787662246062	0.8532018661499023
6599.829121413061	0.8509460687637329
6599.870580580061	0.8488295674324036
6599.912039747061	0.8515529036521912
6599.95349891406	0.8578978180885315
6599.99495808106	0.8575325608253479
6600.0364172480595	0.8501642346382141
6600.077876415059	0.8502830266952515
6600.119335582059	0.8592421412467957
6600.160794749058	0.8618349432945251
6600.202253916058	0.8557829260826111
6600.243713083058	0.8526450991630554
6600.285172250057	0.8550304770469666
6600.326631417057	0.8572250604629517
6600.3680905840565	0.8559119701385498
6600.409549751056	0.850622296333313
6600.451008918056	0.8476290106773376
6600.492468085055	0.8550468683242798
6600.533927252055	0.8647785782814026
6600.575386419055	0.8632107377052307
6600.616845586054	0.855503499507904
6600.658304753054	0.8532447218894958
6600.699763920054	0.8559784293174744
6600.741223087053	0.8587903380393982
6600.782682254053	0.859430193901062
6600.824141421052	0.8572773337364197
6600.865600588052	0.8535005450248718
6600.907059755052	0.8498075604438782
6600.948518922051	0.8474805951118469
6600.989978089051	0.8476591110229492
6601.031437256051	0.8518858551979065
6601.07289642305	0.8578115701675415
6601.11435559005	0.8562612533569336
6601.1558147570495	0.8464779853820801
6601.197273924049	0.8417293429374695
6601.238733091049	0.846548855304718
6601.280192258048	0.8516967296600342
6601.321651425048	0.8528750538825989
6601.363110592048	0.8532111644744873
6601.404569759047	0.853376567363739
6601.446028926047	0.8511286973953247
6601.4874880930465	0.8481608033180237
6601.528947260046	0.8489416837692261
6601.570406427046	0.8503733277320862
6601.611865594045	0.8454629778862
6601.653324761045	0.8409291505813599
6601.694783928045	0.8486524224281311
6601.736243095044	0.8593409657478333
6601.777702262044	0.856698215007782
6601.819161429044	0.8461050391197205
6601.860620596043	0.8403977751731873
6601.902079763043	0.8410457968711853
6601.943538930042	0.8447193503379822
6601.984998097042	0.8479866981506348
6602.026457264042	0.8487738370895386
6602.067916431041	0.8488591909408569
6602.109375598041	0.8503877520561218
6602.150834765041	0.8536522388458252
6602.19229393204	0.856927216053009
6602.23375309904	0.8553653359413147
6602.2752122660395	0.849966287612915
6602.316671433039	0.852304220199585
6602.358130600039	0.8632631897926331
6602.399589767038	0.8665879964828491
6602.441048934038	0.8578685522079468
6602.482508101038	0.8494861125946045
6602.523967268037	0.8469908237457275
6602.565426435037	0.8468837738037109
6602.6068856020365	0.8471074104309082
6602.648344769036	0.8476900458335876
6602.689803936036	0.8490830063819885
6602.731263103035	0.8517976403236389
6602.772722270035	0.8546380996704102
6602.814181437035	0.8555191159248352
6602.855640604034	0.8541100025177002
6602.897099771034	0.8515039682388306
6602.938558938034	0.850889265537262
6602.980018105033	0.8548783659934998
6603.021477272033	0.8593851923942566
6603.0629364390325	0.8596576452255249
6603.104395606032	0.8588464856147766
6603.145854773032	0.8608344793319702
6603.187313940031	0.8631444573402405
6603.228773107031	0.8623899817466736
6603.270232274031	0.8576996326446533
6603.31169144103	0.8510732054710388
6603.35315060803	0.8487619161605835
6603.3946097750295	0.852679967880249
6603.436068942029	0.855903148651123
6603.477528109029	0.8543742895126343
6603.518987276028	0.8506482839584351
6603.560446443028	0.8481799960136414
6603.601905610028	0.8500555157661438
6603.643364777027	0.8547242283821106
6603.684823944027	0.8560230135917664
6603.7262831110265	0.8529335260391235
6603.767742278026	0.8495282530784607
6603.809201445026	0.8501799702644348
6603.850660612025	0.8582068681716919
6603.892119779025	0.8659270405769348
6603.933578946025	0.8607770800590515
6603.975038113024	0.8499172329902649
6604.016497280024	0.8491067290306091
6604.057956447024	0.8553692102432251
6604.099415614023	0.8582956790924072
6604.140874781023	0.858240008354187
6604.1823339480225	0.8590915203094482
6604.223793115022	0.8602016568183899
6604.265252282022	0.8595244288444519
6604.306711449021	0.8554749488830566
6604.348170616021	0.8495497703552246
6604.389629783021	0.8507916331291199
6604.43108895002	0.8606281280517578
6604.47254811702	0.8606347441673279
6604.5140072840195	0.8440850377082825
6604.555466451019	0.8322099447250366
6604.596925618019	0.8365215063095093
6604.638384785018	0.846259355545044
6604.679843952018	0.8523156642913818
6604.721303119018	0.8526411056518555
6604.762762286017	0.8488055467605591
6604.804221453017	0.8449956178665161
6604.8456806200165	0.8427796959877014
6604.887139787016	0.8410149216651917
6604.928598954016	0.8385415077209473
6604.970058121015	0.8346074223518372
6605.011517288015	0.8313515186309814
6605.052976455015	0.8322598338127136
6605.094435622014	0.8362672924995422
6605.135894789014	0.8400312066078186
6605.177353956014	0.8430426716804504
6605.218813123013	0.8459075689315796
6605.260272290013	0.8475730419158936
6605.3017314570125	0.847089946269989
6605.343190624012	0.8464016914367676
6605.384649791012	0.8467170000076294
6605.426108958011	0.8436230421066284
6605.467568125011	0.8355624079704285
6605.509027292011	0.8320221304893494
6605.55048645901	0.8386454582214355
6605.59194562601	0.8476060032844543
6605.6334047930095	0.8522874116897583
6605.674863960009	0.8536700010299683
6605.716323127009	0.8532779812812805
6605.757782294008	0.8509946465492249
6605.799241461008	0.8479263186454773
6605.840700628008	0.8468536138534546
6605.882159795007	0.848300039768219
6605.923618962007	0.8503593802452087
6605.9650781290065	0.8533481955528259
6606.006537296006	0.8594104647636414
6606.047996463006	0.8635897636413574
6606.089455630005	0.8570340871810913
6606.130914797005	0.8470730781555176
6606.172373964005	0.848954975605011
6606.213833131004	0.8576539754867554
6606.255292298004	0.8592216372489929
6606.296751465004	0.8548122048377991
6606.338210632003	0.8515028953552246
6606.379669799003	0.8495086431503296
6606.4211289660025	0.8466833829879761
6606.462588133002	0.842294454574585
6606.504047300002	0.8381415009498596
6606.545506467001	0.8421002626419067
6606.586965634001	0.8555920124053955
6606.628424801001	0.8614926338195801
6606.669883968	0.8517247438430786
6606.711343135	0.8441611528396606
6606.7528023019995	0.8489277958869934
6606.794261468999	0.8546493053436279
6606.835720635999	0.8549649119377136
6606.877179802998	0.8557698726654053
6606.918638969998	0.8582518100738525
6606.960098136998	0.8564398288726807
6607.001557303997	0.8503185510635376
6607.043016470997	0.849416971206665
6607.084475637997	0.8495583534240723
6607.125934804996	0.8489486575126648
6607.167393971996	0.8492915630340576
6607.208853138995	0.8493972420692444
6607.250312305995	0.8495678305625916
6607.291771472995	0.8497210144996643
6607.333230639994	0.8498793840408325
6607.374689806994	0.8500398993492126
6607.416148973994	0.8501975536346436
6607.457608140993	0.8503572940826416
6607.499067307993	0.8505162596702576
6607.5405264749925	0.8506768941879272
6607.581985641992	0.8508368134498596
6607.623444808992	0.8509984016418457
6607.664903975991	0.8511593341827393
6607.706363142991	0.851321816444397
6607.747822309991	0.851483941078186
6607.78928147699	0.8516467213630676
6607.83074064399	0.8518128395080566
6607.8721998109895	0.8519760966300964
6607.913658977989	0.852139949798584
6607.955118144989	0.0
6607.996577311988	0.0
6608.038036478988	0.0
6608.079495645988	0.0
