6473.2151	0.146049958
6473.2151	1.126607894897461
6473.361149958	1.126607894897461
6473.507199916	1.1292598247528076
6473.653249874	1.1316016912460327
6473.799299832	1.1382410526275635
6473.945349789999	1.1504080295562744
6474.091399747999	1.1544432640075684
6474.237449705999	1.1520085334777832
6474.383499663999	1.147086262702942
6474.529549621999	1.1398556232452393
6474.675599579999	1.1311266422271729
6474.821649537998	1.1167182922363281
6474.967699495998	1.0909706354141235
6475.113749453998	1.0611969232559204
6475.259799411998	1.0410706996917725
6475.405849369998	1.0331249237060547
6475.5518993279975	1.036242961883545
6475.697949285997	1.0429575443267822
6475.843999243997	1.04695463180542
6475.990049201997	1.0560524463653564
6476.136099159997	1.071602463722229
6476.282149117997	1.0878998041152954
6476.428199075996	1.108167290687561
6476.574249033996	1.1255488395690918
6476.720298991996	1.1263251304626465
6476.866348949996	1.1213730573654175
6477.012398907996	1.122570276260376
6477.1584488659955	1.123071312904358
6477.304498823995	1.119253158569336
6477.450548781995	1.1151090860366821
6477.596598739995	1.116174340248108
6477.742648697995	1.122427225112915
6477.888698655995	1.1299893856048584
6478.034748613994	1.1404563188552856
6478.180798571994	1.150219202041626
6478.326848529994	1.1501959562301636
6478.472898487994	1.1463284492492676
6478.618948445994	1.1440324783325195
6478.764998403994	1.1403002738952637
6478.911048361993	1.1344598531723022
6479.057098319993	1.1213570833206177
6479.203148277993	1.1073923110961914
6479.349198235993	1.098766803741455
6479.495248193993	1.085996389389038
6479.6412981519925	1.079628348350525
6479.787348109992	1.078818440437317
6479.933398067992	1.07346510887146
6480.079448025992	1.0652326345443726
6480.225497983992	1.0649909973144531
6480.371547941992	1.0737041234970093
6480.517597899991	1.0903030633926392
6480.663647857991	1.107564091682434
6480.809697815991	1.1180897951126099
6480.955747773991	1.1228379011154175
6481.101797731991	1.1276841163635254
6481.2478476899905	1.1292494535446167
6481.39389764799	1.1273435354232788
6481.53994760599	1.1267856359481812
6481.68599756399	1.1282864809036255
6481.83204752199	1.1291708946228027
6481.97809747999	1.129663109779358
6482.124147437989	1.1294924020767212
6482.270197395989	1.1292082071304321
6482.416247353989	1.1310409307479858
6482.562297311989	1.1303706169128418
6482.708347269989	1.1220835447311401
6482.854397227989	1.109542727470398
6483.000447185988	1.094069242477417
6483.146497143988	1.0742653608322144
6483.292547101988	1.0494797229766846
6483.438597059988	1.0324515104293823
6483.584647017988	1.028850793838501
6483.7306969759875	1.0268774032592773
6483.876746933987	1.027193546295166
6484.022796891987	1.0402671098709106
6484.168846849987	1.062399983406067
6484.314896807987	1.0784040689468384
6484.460946765987	1.0907503366470337
6484.606996723986	1.0993810892105103
6484.753046681986	1.0990792512893677
6484.899096639986	1.1015193462371826
6485.045146597986	1.112707495689392
6485.191196555986	1.117024302482605
6485.3372465139855	1.1099375486373901
6485.483296471985	1.1033791303634644
6485.629346429985	1.0997340679168701
6485.775396387985	1.0980619192123413
6485.921446345985	1.1011677980422974
6486.067496303985	1.1059942245483398
6486.213546261984	1.1040308475494385
6486.359596219984	1.094569444656372
6486.505646177984	1.0846818685531616
6486.651696135984	1.0767353773117065
6486.797746093984	1.0725239515304565
6486.943796051984	1.0720829963684082
6487.089846009983	1.0709871053695679
6487.235895967983	1.0724526643753052
6487.381945925983	1.0787793397903442
6487.527995883983	1.080986738204956
6487.674045841983	1.0803933143615723
6487.8200957999825	1.0803660154342651
6487.966145757982	1.078281283378601
6488.112195715982	1.0802065134048462
6488.258245673982	1.0860966444015503
6488.404295631982	1.0875494480133057
6488.550345589982	1.0880049467086792
6488.696395547981	1.0907061100006104
6488.842445505981	1.0888835191726685
6488.988495463981	1.0838464498519897
6489.134545421981	1.078050136566162
6489.280595379981	1.0790528059005737
6489.4266453379805	1.0882582664489746
6489.57269529598	1.1031121015548706
6489.71874525398	1.1176408529281616
6489.86479521198	1.1212810277938843
6490.01084516998	1.1161630153656006
6490.15689512798	1.1079926490783691
6490.302945085979	1.0945208072662354
6490.448995043979	1.0738552808761597
6490.595045001979	1.0505722761154175
6490.741094959979	1.0380353927612305
6490.887144917979	1.0423527956008911
6491.033194875979	1.0573140382766724
6491.179244833978	1.0723615884780884
6491.325294791978	1.0876814126968384
6491.471344749978	1.1037280559539795
6491.617394707978	1.1149523258209229
6491.763444665978	1.1196404695510864
6491.9094946239775	1.124542474746704
6492.055544581977	1.1263846158981323
6492.201594539977	1.1203526258468628
6492.347644497977	1.1111866235733032
6492.493694455977	1.0980738401412964
6492.639744413977	1.0766204595565796
6492.785794371976	1.0549898147583008
6492.931844329976	1.0449596643447876
6493.077894287976	1.0501667261123657
6493.223944245976	1.0649049282073975
6493.369994203976	1.0785808563232422
6493.5160441619755	1.0915210247039795
6493.662094119975	1.1058437824249268
6493.808144077975	1.1150317192077637
6493.954194035975	1.1157681941986084
6494.100243993975	1.113739013671875
6494.246293951975	1.111016035079956
6494.392343909974	1.1106067895889282
6494.538393867974	1.1123360395431519
6494.684443825974	1.1149803400039673
6494.830493783974	1.1170122623443604
6494.976543741974	1.1157824993133545
6495.122593699974	1.1129930019378662
6495.268643657973	1.1079641580581665
6495.414693615973	1.0974304676055908
6495.560743573973	1.0775576829910278
6495.706793531973	1.053475022315979
6495.852843489973	1.0415143966674805
6495.9988934479725	1.045047640800476
6496.144943405972	1.062094807624817
6496.290993363972	1.0887320041656494
6496.437043321972	1.1133323907852173
6496.583093279972	1.1226507425308228
6496.729143237972	1.118422508239746
6496.875193195971	1.1161413192749023
6497.021243153971	1.117605209350586
6497.167293111971	1.1101771593093872
6497.313343069971	1.0987162590026855
6497.459393027971	1.0933129787445068
6497.6054429859705	1.0889338254928589
6497.75149294397	1.0893269777297974
6497.89754290197	1.1030851602554321
6498.04359285997	1.118158221244812
6498.18964281797	1.1220773458480835
6498.33569277597	1.1245263814926147
6498.481742733969	1.1317648887634277
6498.627792691969	1.1358567476272583
6498.773842649969	1.132347583770752
6498.919892607969	1.1320269107818604
6499.065942565969	1.137101173400879
6499.211992523969	1.136741042137146
6499.358042481968	1.1325916051864624
6499.504092439968	1.1342774629592896
6499.650142397968	1.1358463764190674
6499.796192355968	1.1339830160140991
6499.942242313968	1.132248044013977
6500.0882922719675	1.1311453580856323
6500.234342229967	1.1321412324905396
6500.380392187967	1.1370574235916138
6500.526442145967	1.1402302980422974
6500.672492103967	1.1390414237976074
6500.818542061967	1.131177306175232
6500.964592019966	1.1250789165496826
6501.110641977966	1.121138334274292
6501.256691935966	1.118513822555542
6501.402741893966	1.1162256002426147
6501.548791851966	1.115709900856018
6501.6948418099655	1.116665244102478
6501.840891767965	1.1226602792739868
6501.986941725965	1.1314311027526855
6502.132991683965	1.133244514465332
6502.279041641965	1.13105309009552
6502.425091599965	1.128035306930542
6502.571141557964	1.1207388639450073
6502.717191515964	1.117518663406372
6502.863241473964	1.1183127164840698
6503.009291431964	1.1161105632781982
6503.155341389964	1.1095542907714844
6503.3013913479635	1.1058176755905151
6503.447441305963	1.1049747467041016
6503.593491263963	1.107629418373108
6503.739541221963	1.110947847366333
6503.885591179963	1.113108515739441
6504.031641137963	1.1096614599227905
6504.1776910959625	1.1028536558151245
6504.323741053962	1.0999470949172974
6504.469791011962	1.1024636030197144
6504.615840969962	1.1087737083435059
6504.761890927962	1.116703987121582
6504.907940885962	1.1186519861221313
6505.053990843961	1.1151875257492065
6505.200040801961	1.119564175605774
6505.346090759961	1.128147840499878
6505.492140717961	1.1284760236740112
6505.638190675961	1.1241791248321533
6505.7842406339605	1.1205224990844727
6505.93029059196	1.1179972887039185
6506.07634054996	1.1174554824829102
6506.22239050796	1.1180946826934814
6506.36844046596	1.1198397874832153
6506.51449042396	1.1224734783172607
6506.660540381959	1.123834490776062
6506.806590339959	1.1215903759002686
6506.952640297959	1.1158500909805298
6507.098690255959	1.111619234085083
6507.244740213959	1.1126168966293335
6507.3907901719585	1.1161001920700073
6507.536840129958	1.1145939826965332
6507.682890087958	1.1091609001159668
6507.828940045958	1.1104449033737183
6507.974990003958	1.1133759021759033
6508.121039961958	1.1035597324371338
6508.2670899199575	1.0886468887329102
6508.413139877957	1.082531213760376
6508.559189835957	1.085361361503601
6508.705239793957	1.0893667936325073
6508.851289751957	1.0923597812652588
6508.997339709957	1.1021313667297363
6509.143389667956	1.1147714853286743
6509.289439625956	1.123352289199829
6509.435489583956	1.1276124715805054
6509.581539541956	1.1272869110107422
6509.727589499956	1.1275335550308228
6509.8736394579555	1.1273844242095947
6510.019689415955	1.1237828731536865
6510.165739373955	1.1169623136520386
6510.311789331955	1.1087965965270996
6510.457839289955	1.1101648807525635
6510.603889247955	1.1207189559936523
6510.749939205954	1.126312017440796
6510.895989163954	1.1284455060958862
6511.042039121954	1.1293449401855469
6511.188089079954	1.1278717517852783
6511.334139037954	1.1251931190490723
6511.4801889959535	1.1185519695281982
6511.626238953953	1.1103873252868652
6511.772288911953	1.101343035697937
6511.918338869953	1.0869860649108887
6512.064388827953	1.0779221057891846
6512.210438785953	1.0845026969909668
6512.3564887439525	1.0915863513946533
6512.502538701952	1.0925414562225342
6512.648588659952	1.099632978439331
6512.794638617952	1.113053560256958
6512.940688575952	1.1214467287063599
6513.086738533952	1.120667576789856
6513.232788491951	1.1178045272827148
6513.378838449951	1.113937258720398
6513.524888407951	1.1053838729858398
6513.670938365951	1.0972055196762085
6513.816988323951	1.0957344770431519
6513.9630382819505	1.0902187824249268
6514.10908823995	1.0760389566421509
6514.25513819795	1.0551306009292603
6514.40118815595	1.0374807119369507
6514.54723811395	1.0240793228149414
6514.69328807195	1.0121983289718628
6514.839338029949	1.0180875062942505
6514.985387987949	1.0371345281600952
6515.131437945949	1.058213710784912
6515.277487903949	1.0795730352401733
6515.423537861949	1.0890333652496338
6515.5695878199485	1.0843080282211304
6515.715637777948	1.070865511894226
6515.861687735948	1.0536988973617554
6516.007737693948	1.0342881679534912
6516.153787651948	1.0150424242019653
6516.299837609948	0.9925023913383484
6516.4458875679475	0.9699791669845581
6516.591937525947	0.9623250365257263
6516.737987483947	0.972409725189209
6516.884037441947	0.99610835313797
6517.030087399947	1.026644229888916
6517.176137357947	1.0494189262390137
6517.322187315946	1.065185546875
6517.468237273946	1.0791940689086914
6517.614287231946	1.0855317115783691
6517.760337189946	1.0827370882034302
6517.906387147946	1.0814472436904907
6518.0524371059455	1.088595986366272
6518.198487063945	1.0982916355133057
6518.344537021945	1.1027473211288452
6518.490586979945	1.1006520986557007
6518.636636937945	1.099317193031311
6518.782686895945	1.095770001411438
6518.928736853944	1.0769116878509521
6519.074786811944	1.0574090480804443
6519.220836769944	1.0524646043777466
6519.366886727944	1.0518755912780762
6519.512936685944	1.055354118347168
6519.6589866439435	1.0682144165039062
6519.805036601943	1.0831191539764404
6519.951086559943	1.0954300165176392
6520.097136517943	1.1048974990844727
6520.243186475943	1.107973575592041
6520.389236433943	1.1079331636428833
6520.5352863919425	1.1114641427993774
6520.681336349942	1.115441918373108
6520.827386307942	1.1197001934051514
6520.973436265942	1.1236321926116943
6521.119486223942	1.1201800107955933
6521.265536181942	1.1159471273422241
6521.411586139941	1.1156671047210693
6521.557636097941	1.1117026805877686
6521.703686055941	1.106050968170166
6521.849736013941	1.1016666889190674
6521.995785971941	1.1011090278625488
6522.1418359299405	1.1033121347427368
6522.28788588794	1.103317141532898
6522.43393584594	1.1013303995132446
6522.57998580394	1.101704716682434
6522.72603576194	1.105470895767212
6522.87208571994	1.108166217803955
6523.018135677939	1.1022379398345947
6523.164185635939	1.0909674167633057
6523.310235593939	1.0816943645477295
6523.456285551939	1.0676285028457642
6523.602335509939	1.0529870986938477
6523.7483854679385	1.0484509468078613
6523.894435425938	1.0526542663574219
6524.040485383938	1.0645807981491089
6524.186535341938	1.0816727876663208
6524.332585299938	1.0978196859359741
6524.478635257938	1.105663537979126
6524.6246852159375	1.110227108001709
6524.770735173937	1.119034767150879
6524.916785131937	1.1258330345153809
6525.062835089937	1.1228445768356323
6525.208885047937	1.1199367046356201
6525.354935005937	1.1205300092697144
6525.500984963936	1.1236388683319092
6525.647034921936	1.1255308389663696
6525.793084879936	1.1177127361297607
6525.939134837936	1.109977126121521
6526.085184795936	1.1106098890304565
6526.2312347539355	1.1166821718215942
6526.377284711935	1.122075080871582
6526.523334669935	1.125631332397461
6526.669384627935	1.1256340742111206
6526.815434585935	1.1197662353515625
6526.961484543935	1.1147820949554443
6527.107534501934	1.1115320920944214
6527.253584459934	1.107276439666748
6527.399634417934	1.1049104928970337
6527.545684375934	1.106994867324829
6527.691734333934	1.1129205226898193
6527.8377842919335	1.1165030002593994
6527.983834249933	1.1187278032302856
6528.129884207933	1.1176589727401733
6528.275934165933	1.1109837293624878
6528.421984123933	1.1089340448379517
6528.568034081933	1.1141692399978638
6528.7140840399325	1.1176280975341797
6528.860133997932	1.1146894693374634
6529.006183955932	1.1107102632522583
6529.152233913932	1.1088359355926514
6529.298283871932	1.1063905954360962
6529.444333829932	1.108437180519104
6529.590383787931	1.1145977973937988
6529.736433745931	1.1174098253250122
6529.882483703931	1.1143370866775513
6530.028533661931	1.1083495616912842
6530.174583619931	1.104536533355713
6530.3206335779305	1.1028306484222412
6530.46668353593	1.099374532699585
6530.61273349393	1.096954107284546
6530.75878345193	1.098446249961853
6530.90483340993	1.1029170751571655
6531.05088336793	1.109792947769165
6531.196933325929	1.1121352910995483
6531.342983283929	1.1083379983901978
6531.489033241929	1.105141282081604
6531.635083199929	1.1015993356704712
6531.781133157929	1.0929388999938965
6531.9271831159285	1.0762931108474731
6532.073233073928	1.0550580024719238
6532.219283031928	1.0444624423980713
6532.365332989928	1.0449626445770264
6532.511382947928	1.0493919849395752
6532.657432905928	1.0613000392913818
6532.8034828639275	1.0792397260665894
6532.949532821927	1.096288800239563
6533.095582779927	1.1040219068527222
6533.241632737927	1.1052671670913696
6533.387682695927	1.1036759614944458
6533.533732653927	1.0985759496688843
6533.679782611926	1.089306354522705
6533.825832569926	1.0751692056655884
6533.971882527926	1.0620388984680176
6534.117932485926	1.0644315481185913
6534.263982443926	1.074055552482605
6534.4100324019255	1.0861462354660034
6534.556082359925	1.09784996509552
6534.702132317925	1.0981227159500122
6534.848182275925	1.0920190811157227
6534.994232233925	1.090635895729065
6535.140282191925	1.0901674032211304
6535.286332149924	1.0948724746704102
6535.432382107924	1.1018253564834595
6535.578432065924	1.0997591018676758
6535.724482023924	1.0956158638000488
6535.870531981924	1.095765471458435
6536.0165819399235	1.0971866846084595
6536.162631897923	1.096605896949768
6536.308681855923	1.0926425457000732
6536.454731813923	1.084054946899414
6536.600781771923	1.0785309076309204
6536.746831729923	1.0814577341079712
6536.892881687922	1.0891931056976318
6537.038931645922	1.0899943113327026
6537.184981603922	1.0871740579605103
6537.331031561922	1.0938327312469482
6537.477081519922	1.098478078842163
6537.623131477922	1.0964511632919312
6537.769181435921	1.094758152961731
6537.915231393921	1.0952706336975098
6538.061281351921	1.0977450609207153
6538.207331309921	1.100941777229309
6538.353381267921	1.107054352760315
6538.4994312259205	1.1095401048660278
6538.64548118392	1.1076689958572388
6538.79153114192	1.1069297790527344
6538.93758109992	1.1064075231552124
6539.08363105792	1.105960488319397
6539.22968101592	1.1043843030929565
6539.375730973919	1.0999531745910645
6539.521780931919	1.0952554941177368
6539.667830889919	1.0947680473327637
6539.813880847919	1.0945353507995605
6539.959930805919	1.0933842658996582
6540.1059807639185	1.0948623418807983
6540.252030721918	1.0973989963531494
6540.398080679918	1.0921263694763184
6540.544130637918	1.0865079164505005
6540.690180595918	1.0892949104309082
6540.836230553918	1.0926517248153687
6540.982280511917	1.0903871059417725
6541.128330469917	1.0887335538864136
6541.274380427917	1.0902683734893799
6541.420430385917	1.0905728340148926
6541.566480343917	1.08677339553833
6541.712530301917	1.0798561573028564
6541.858580259916	1.0674457550048828
6542.004630217916	1.0557758808135986
6542.150680175916	1.0534842014312744
6542.296730133916	1.056222915649414
6542.442780091916	1.0565346479415894
6542.5888300499155	1.0594054460525513
6542.734880007915	1.0648796558380127
6542.880929965915	1.0666533708572388
6543.026979923915	1.0659542083740234
6543.173029881915	1.063146948814392
6543.319079839915	1.046897292137146
6543.465129797914	1.0223920345306396
6543.611179755914	1.0049692392349243
6543.757229713914	0.9955383539199829
6543.903279671914	0.9883780479431152
6544.049329629914	0.9929230213165283
6544.1953795879135	1.0111141204833984
6544.341429545913	1.031681776046753
6544.487479503913	1.0479509830474854
6544.633529461913	1.0598150491714478
6544.779579419913	1.0663386583328247
6544.925629377913	1.0688858032226562
6545.071679335912	1.0662777423858643
6545.217729293912	1.0632894039154053
6545.363779251912	1.0639557838439941
6545.509829209912	1.0627723932266235
6545.655879167912	1.0571786165237427
6545.801929125912	1.0550569295883179
6545.947979083911	1.0594277381896973
6546.094029041911	1.0608057975769043
6546.240078999911	1.0573772192001343
6546.386128957911	1.0557905435562134
6546.532178915911	1.0601415634155273
6546.6782288739105	1.063211441040039
6546.82427883191	1.0609090328216553
6546.97032878991	1.0589823722839355
6547.11637874791	1.0545212030410767
6547.26242870591	1.0446301698684692
6547.40847866391	1.0309176445007324
6547.554528621909	1.0216169357299805
6547.700578579909	1.0220340490341187
6547.846628537909	1.0242700576782227
6547.992678495909	1.0215951204299927
6548.138728453909	1.0161224603652954
6548.2847784119085	1.007017970085144
6548.430828369908	0.9945104122161865
6548.576878327908	0.9861336350440979
6548.722928285908	0.9865877628326416
6548.868978243908	0.995716392993927
6549.015028201908	1.0128116607666016
6549.161078159907	1.0286812782287598
6549.307128117907	1.0375943183898926
6549.453178075907	1.0443682670593262
6549.599228033907	1.0495940446853638
6549.745277991907	1.051072359085083
6549.891327949907	1.0486351251602173
6550.037377907906	1.0477718114852905
6550.183427865906	1.0466922521591187
6550.329477823906	1.0432319641113281
6550.475527781906	1.0397522449493408
6550.621577739906	1.0393915176391602
6550.7676276979055	1.0414886474609375
6550.913677655905	1.044988989830017
6551.059727613905	1.045736312866211
6551.205777571905	1.0427311658859253
6551.351827529905	1.0375474691390991
6551.497877487905	1.0342742204666138
6551.643927445904	1.032362461090088
6551.789977403904	1.024244785308838
6551.936027361904	1.0101293325424194
6552.082077319904	0.9964743256568909
6552.228127277904	0.980768620967865
6552.3741772359035	0.9572740197181702
6552.520227193903	0.9379340410232544
6552.666277151903	0.9395331740379333
6552.812327109903	0.9523699879646301
6552.958377067903	0.966041088104248
6553.104427025903	0.9761635065078735
6553.250476983902	0.9813397526741028
6553.396526941902	0.9832582473754883
6553.542576899902	0.981162965297699
6553.688626857902	0.9754935503005981
6553.834676815902	0.9715682864189148
6553.980726773902	0.9676803946495056
6554.126776731901	0.9694546461105347
6554.272826689901	0.9772405028343201
6554.418876647901	0.9793258905410767
6554.564926605901	0.9776325225830078
6554.710976563901	0.9765878915786743
6554.8570265219005	0.9737192392349243
6555.0030764799	0.9744805097579956
6555.1491264379	0.976001501083374
6555.2951763959	0.9719730615615845
6555.4412263539	0.9686682820320129
6555.5872763119	0.9674351811408997
6555.733326269899	0.9610891342163086
6555.879376227899	0.9574203491210938
6556.025426185899	0.9594411849975586
6556.171476143899	0.9564786553382874
6556.317526101899	0.9487749338150024
6556.4635760598985	0.9449349045753479
6556.609626017898	0.9354320764541626
6556.755675975898	0.9179794192314148
6556.901725933898	0.8998939394950867
6557.047775891898	0.8848732709884644
6557.193825849898	0.879524827003479
6557.339875807897	0.8837198615074158
6557.485925765897	0.8902771472930908
6557.631975723897	0.893273115158081
6557.778025681897	0.8932740688323975
6557.924075639897	0.8877395987510681
6558.070125597897	0.8824602961540222
6558.216175555896	0.8804629445075989
6558.362225513896	0.8725653886795044
6558.508275471896	0.8680693507194519
6558.654325429896	0.8730831742286682
6558.800375387896	0.8759424686431885
6558.9464253458955	0.8722295165061951
6559.092475303895	0.8734336495399475
6559.238525261895	0.8774389028549194
6559.384575219895	0.8773423433303833
6559.530625177895	0.8780582547187805
6559.676675135895	0.8801084160804749
6559.822725093894	0.8838884830474854
6559.968775051894	0.8850777745246887
6560.114825009894	0.8760719299316406
6560.260874967894	0.8659959435462952
6560.406924925894	0.8600589632987976
6560.5529748838935	0.8584587574005127
6560.699024841893	0.8597275018692017
6560.845074799893	0.8551040291786194
6560.991124757893	0.8482804894447327
6561.137174715893	0.8493037223815918
6561.283224673893	0.8518128395080566
6561.429274631892	0.8478747606277466
6561.575324589892	0.8394599556922913
6561.721374547892	0.8301689028739929
6561.867424505892	0.8245882391929626
6562.013474463892	0.8200703263282776
6562.159524421892	0.8113278150558472
6562.305574379891	0.8002066612243652
6562.451624337891	0.7892970442771912
6562.597674295891	0.7827897667884827
6562.743724253891	0.7787823677062988
6562.889774211891	0.774774968624115
6563.0358241698905	0.771284818649292
6563.18187412789	0.765153706073761
6563.32792408589	0.7581570744514465
6563.47397404389	0.7558615803718567
6563.62002400189	0.7545853853225708
6563.76607395989	0.7482463121414185
6563.912123917889	0.7378250360488892
6564.058173875889	0.729496419429779
6564.204223833889	0.7300611138343811
6564.350273791889	0.7424266934394836
6564.496323749889	0.7605319619178772
6564.6423737078885	0.7750664353370667
6564.788423665888	0.7844246625900269
6564.934473623888	0.79095059633255
6565.080523581888	0.7990429997444153
6565.226573539888	0.8116424083709717
6565.372623497888	0.8246160745620728
6565.518673455887	0.8346991539001465
6565.664723413887	0.8449629545211792
6565.810773371887	0.8572754859924316
6565.956823329887	0.8669026494026184
6566.102873287887	0.8697436451911926
6566.2489232458865	0.8703016042709351
6566.394973203886	0.8718414902687073
6566.541023161886	0.871568500995636
6566.687073119886	0.8684248328208923
6566.833123077886	0.8656600713729858
6566.979173035886	0.8668953776359558
6567.1252229938855	0.8668853640556335
6567.271272951885	0.8613951206207275
6567.417322909885	0.8606805205345154
6567.563372867885	0.8663645386695862
6567.709422825885	0.8647365570068359
6567.855472783885	0.8608766794204712
6568.001522741884	0.8596572279930115
6568.147572699884	0.8567347526550293
6568.293622657884	0.8518915176391602
6568.439672615884	0.8463905453681946
6568.585722573884	0.8465984463691711
6568.7317725318835	0.8536769151687622
6568.877822489883	0.8601451516151428
6569.023872447883	0.866890013217926
6569.169922405883	0.8738492727279663
6569.315972363883	0.876835823059082
6569.462022321883	0.8764880299568176
6569.608072279882	0.8789746761322021
6569.754122237882	0.8880578279495239
6569.900172195882	0.8973255157470703
6570.046222153882	0.9041901230812073
6570.192272111882	0.9129436612129211
6570.3383220698815	0.9191494584083557
6570.484372027881	0.920656144618988
6570.630421985881	0.9192590713500977
6570.776471943881	0.9193482398986816
6570.922521901881	0.9210801720619202
6571.068571859881	0.9250543117523193
6571.2146218178805	0.9287153482437134
6571.36067177588	0.9311448335647583
6571.50672173388	0.9284182786941528
6571.65277169188	0.9205853939056396
6571.79882164988	0.909816324710846
6571.94487160788	0.9009643197059631
6572.090921565879	0.9008992910385132
6572.236971523879	0.9126926064491272
6572.383021481879	0.927958607673645
6572.529071439879	0.9398071765899658
6572.675121397879	0.949571430683136
6572.8211713558785	0.9531855583190918
6572.967221313878	0.9546005129814148
6573.113271271878	0.9629851579666138
6573.259321229878	0.9707971215248108
6573.405371187878	0.9733926057815552
6573.551421145878	0.973513662815094
6573.697471103877	0.9712720513343811
6573.843521061877	0.97215735912323
6573.989571019877	0.9766460061073303
6574.135620977877	0.9785234332084656
6574.281670935877	0.97339928150177
6574.4277208938765	0.9578807353973389
6574.573770851876	0.939007580280304
6574.719820809876	0.9226980805397034
6574.865870767876	0.9188385605812073
6575.011920725876	0.9311709403991699
6575.157970683876	0.9472140073776245
6575.3040206418755	0.9640068411827087
6575.450070599875	0.9794361591339111
6575.596120557875	0.9914179444313049
6575.742170515875	1.006472110748291
6575.888220473875	1.0120865106582642
6576.034270431875	1.0031076669692993
6576.180320389874	1.0010600090026855
6576.326370347874	1.005765438079834
6576.472420305874	1.0073199272155762
6576.618470263874	1.0053850412368774
6576.764520221874	1.0048202276229858
6576.9105701798735	1.0069411993026733
6577.056620137873	1.007926344871521
6577.202670095873	1.009453296661377
6577.348720053873	1.0157361030578613
6577.494770011873	1.0163792371749878
6577.640819969873	1.0144635438919067
6577.786869927872	1.0121610164642334
6577.932919885872	1.0084435939788818
6578.078969843872	1.0099103450775146
6578.225019801872	1.0140074491500854
6578.371069759872	1.0155380964279175
6578.5171197178715	1.015350580215454
6578.663169675871	1.0114392042160034
6578.809219633871	1.0078870058059692
6578.955269591871	1.0052063465118408
6579.101319549871	1.004978895187378
6579.247369507871	1.009588599205017
6579.3934194658705	1.0116170644760132
6579.53946942387	1.0109285116195679
6579.68551938187	1.0108516216278076
6579.83156933987	1.0112838745117188
6579.97761929787	1.0119656324386597
6580.12366925587	1.016735315322876
6580.269719213869	1.0180398225784302
6580.415769171869	1.0153743028640747
6580.561819129869	1.010582447052002
6580.707869087869	1.0023646354675293
6580.853919045869	0.9990821480751038
6580.9999690038685	1.0034106969833374
6581.146018961868	1.0046330690383911
6581.292068919868	1.007601022720337
6581.438118877868	1.0172178745269775
6581.584168835868	1.0235562324523926
6581.730218793868	1.0216904878616333
6581.876268751867	1.0212459564208984
6582.022318709867	1.0251123905181885
6582.168368667867	1.0258994102478027
6582.314418625867	1.0260201692581177
6582.460468583867	1.029257893562317
6582.6065185418665	1.0316553115844727
6582.752568499866	1.0312836170196533
6582.898618457866	1.027185082435608
6583.044668415866	1.0211824178695679
6583.190718373866	1.0168739557266235
6583.336768331866	1.017586588859558
6583.4828182898655	1.0219783782958984
6583.628868247865	1.025577187538147
6583.774918205865	1.0298634767532349
6583.920968163865	1.0326768159866333
6584.067018121865	1.034608244895935
6584.213068079865	1.0392178297042847
6584.359118037864	1.0390944480895996
6584.505167995864	1.030984878540039
6584.651217953864	1.030678153038025
6584.797267911864	1.0369055271148682
6584.943317869864	1.0418287515640259
6585.0893678278635	1.0410476922988892
6585.235417785863	1.035274863243103
6585.381467743863	1.0307191610336304
6585.527517701863	1.0312342643737793
6585.673567659863	1.0309046506881714
6585.819617617863	1.0282174348831177
6585.965667575862	1.0243864059448242
6586.111717533862	1.0207444429397583
6586.257767491862	1.014270544052124
6586.403817449862	1.006832242012024
6586.549867407862	1.0058273077011108
6586.6959173658615	1.011553168296814
6586.841967323861	1.0149565935134888
6586.988017281861	1.0185989141464233
6587.134067239861	1.0263361930847168
6587.280117197861	1.0326594114303589
6587.426167155861	1.037499189376831
6587.5722171138605	1.0389703512191772
6587.71826707186	1.0373711585998535
6587.86431702986	1.040335774421692
6588.01036698786	1.0456492900848389
6588.15641694586	1.045635461807251
6588.30246690386	1.040886402130127
6588.448516861859	1.0397093296051025
6588.594566819859	1.0375549793243408
6588.740616777859	1.0356838703155518
6588.886666735859	1.0408689975738525
6589.032716693859	1.0500606298446655
6589.1787666518585	1.0500743389129639
6589.324816609858	1.0457899570465088
6589.470866567858	1.0457782745361328
6589.616916525858	1.0450190305709839
6589.762966483858	1.0455503463745117
6589.909016441858	1.0486857891082764
6590.055066399857	1.047579288482666
6590.201116357857	1.0452516078948975
6590.347166315857	1.046892523765564
6590.493216273857	1.0480073690414429
6590.639266231857	1.0484439134597778
6590.7853161898565	1.0496734380722046
6590.931366147856	1.0492008924484253
6591.077416105856	1.0470385551452637
6591.223466063856	1.0441027879714966
6591.369516021856	1.042210340499878
6591.515565979856	1.0453745126724243
6591.6616159378555	1.0477299690246582
6591.807665895855	1.043898105621338
6591.953715853855	1.042285442352295
6592.099765811855	1.0457370281219482
6592.245815769855	1.0462274551391602
6592.391865727855	1.045884132385254
6592.537915685854	1.0484809875488281
6592.683965643854	1.046370029449463
6592.830015601854	1.0413408279418945
6592.976065559854	1.0428483486175537
6593.122115517854	1.043729305267334
6593.2681654758535	1.043995976448059
6593.414215433853	1.0449628829956055
6593.560265391853	1.044303059577942
6593.706315349853	1.0468167066574097
6593.852365307853	1.046631097793579
6593.998415265853	1.0381240844726562
6594.144465223852	1.0370757579803467
6594.290515181852	1.043579339981079
6594.436565139852	1.045190691947937
6594.582615097852	1.0406574010849
6594.728665055852	1.0400242805480957
6594.8747150138515	1.043247103691101
6595.020764971851	1.044244408607483
6595.166814929851	1.0460331439971924
6595.312864887851	1.0437983274459839
6595.458914845851	1.0436230897903442
6595.604964803851	1.0469890832901
6595.7510147618505	1.0475789308547974
6595.89706471985	1.046173095703125
6596.04311467785	1.040352463722229
6596.18916463585	1.0314610004425049
6596.33521459385	1.029592514038086
6596.48126455185	1.0342782735824585
6596.627314509849	1.0353924036026
6596.773364467849	1.0321677923202515
6596.919414425849	1.0330913066864014
6597.065464383849	1.0402969121932983
6597.211514341849	1.0451536178588867
6597.3575642998485	1.04816734790802
6597.503614257848	1.0478191375732422
6597.649664215848	1.0447696447372437
6597.795714173848	1.045410394668579
6597.941764131848	1.0477242469787598
6598.087814089848	1.0492002964019775
6598.233864047847	1.0501315593719482
6598.379914005847	1.0453602075576782
6598.525963963847	1.0395452976226807
6598.672013921847	1.0400866270065308
6598.818063879847	1.0431711673736572
6598.9641138378465	1.039135456085205
6599.110163795846	1.0291320085525513
6599.256213753846	1.0219128131866455
6599.402263711846	1.0211780071258545
6599.548313669846	1.0247766971588135
6599.694363627846	1.0248658657073975
6599.840413585845	1.02643620967865
6599.986463543845	1.03160560131073
6600.132513501845	1.034302830696106
6600.278563459845	1.0374921560287476
6600.424613417845	1.040655255317688
6600.570663375845	1.0425879955291748
6600.716713333844	1.0444471836090088
6600.862763291844	1.0453968048095703
6601.008813249844	1.0447338819503784
6601.154863207844	1.0406489372253418
6601.300913165844	1.0346909761428833
6601.4469631238435	1.0314357280731201
6601.593013081843	1.0306260585784912
6601.739063039843	1.0322340726852417
6601.885112997843	1.032013177871704
6602.031162955843	1.031849980354309
6602.177212913843	1.0346373319625854
6602.323262871842	1.0356762409210205
6602.469312829842	1.0369354486465454
6602.615362787842	1.038789987564087
6602.761412745842	1.034170389175415
6602.907462703842	1.0285098552703857
6603.0535126618415	1.0345269441604614
6603.199562619841	1.0441910028457642
6603.345612577841	1.0454585552215576
6603.491662535841	1.0421981811523438
6603.637712493841	1.0398348569869995
6603.783762451841	1.0372540950775146
6603.92981240984	1.033174991607666
6604.07586236784	1.0339735746383667
6604.22191232584	1.0393240451812744
6604.36796228384	1.039254069328308
6604.51401224184	1.0359750986099243
6604.66006219984	1.0381053686141968
6604.806112157839	1.0405076742172241
6604.952162115839	1.0420722961425781
6605.098212073839	1.040558099746704
6605.244262031839	1.0344641208648682
6605.390311989839	1.032418966293335
6605.5363619478385	1.0358068943023682
6605.682411905838	1.0396313667297363
6605.828461863838	1.037437915802002
6605.974511821838	1.0349527597427368
6606.120561779838	1.034535527229309
6606.266611737838	1.0372482538223267
6606.412661695837	1.0449289083480835
6606.558711653837	1.049670696258545
6606.704761611837	1.0436218976974487
6606.850811569837	1.0354726314544678
6606.996861527837	1.0336438417434692
6607.1429114858365	1.0384328365325928
6607.288961443836	1.0406595468521118
6607.435011401836	1.0413769483566284
6607.581061359836	1.045291781425476
6607.727111317836	1.0483938455581665
6607.873161275836	1.0493062734603882
6608.019211233835	1.0528268814086914
6608.165261191835	1.0531346797943115
6608.311311149835	1.0513319969177246
6608.457361107835	1.0504335165023804
6608.603411065835	1.0458290576934814
6608.749461023835	1.0382620096206665
6608.895510981834	1.0365464687347412
6609.041560939834	1.040202021598816
6609.187610897834	1.0457631349563599
6609.333660855834	1.049453854560852
6609.479710813834	1.0486595630645752
6609.6257607718335	1.0471601486206055
6609.771810729833	1.0426923036575317
6609.917860687833	1.040954351425171
6610.063910645833	1.0430302619934082
6610.209960603833	1.0431602001190186
6610.356010561833	1.0431973934173584
6610.502060519832	1.0449793338775635
6610.648110477832	1.0461786985397339
6610.794160435832	1.0459964275360107
6610.940210393832	1.044984221458435
6611.086260351832	1.0398766994476318
6611.2323103098315	1.0351654291152954
6611.378360267831	1.034345269203186
6611.524410225831	1.033139705657959
6611.670460183831	1.034192442893982
6611.816510141831	1.0338184833526611
6611.962560099831	1.0296987295150757
6612.10861005783	1.0301426649093628
6612.25466001583	1.037442922592163
6612.40070997383	1.0419646501541138
6612.54675993183	1.0397593975067139
6612.69280988983	1.040201187133789
6612.83885984783	1.0441960096359253
6612.984909805829	1.044735312461853
6613.130959763829	1.039322018623352
6613.277009721829	1.038002371788025
6613.423059679829	1.0438135862350464
6613.569109637829	1.042059302330017
6613.7151595958285	1.0356534719467163
6613.861209553828	1.036423683166504
6614.007259511828	1.0341392755508423
6614.153309469828	1.0253264904022217
6614.299359427828	1.0265275239944458
6614.445409385828	1.032805323600769
6614.591459343827	1.031211256980896
6614.737509301827	1.0300703048706055
6614.883559259827	1.0366674661636353
6615.029609217827	1.0431503057479858
6615.175659175827	1.0421838760375977
6615.3217091338265	1.037704586982727
6615.467759091826	1.0346451997756958
6615.613809049826	1.032158374786377
6615.759859007826	1.031746506690979
6615.905908965826	1.0350912809371948
6616.051958923826	1.0388177633285522
6616.198008881825	1.0408660173416138
6616.344058839825	1.0398051738739014
6616.490108797825	1.03647780418396
6616.636158755825	1.0339139699935913
6616.782208713825	1.0349472761154175
6616.928258671825	1.037999153137207
6617.074308629824	1.0345444679260254
6617.220358587824	1.0295933485031128
6617.366408545824	1.0316025018692017
6617.512458503824	1.0348502397537231
6617.658508461824	1.0373722314834595
6617.8045584198235	1.040709137916565
6617.950608377823	1.0380991697311401
6618.096658335823	1.0326157808303833
6618.242708293823	1.0326169729232788
6618.388758251823	1.0332337617874146
6618.534808209823	1.0307632684707642
6618.680858167822	1.0263324975967407
6618.826908125822	1.023180365562439
6618.972958083822	1.0245165824890137
6619.119008041822	1.0285223722457886
6619.265057999822	1.030271291732788
6619.4111079578215	1.0313762426376343
6619.557157915821	1.0321273803710938
6619.703207873821	1.0334869623184204
6619.849257831821	1.034603476524353
6619.995307789821	1.0325080156326294
6620.141357747821	1.0285547971725464
6620.28740770582	1.0318928956985474
6620.43345766382	1.0343149900436401
6620.57950762182	1.0287190675735474
6620.72555757982	1.0224004983901978
6620.87160753782	1.0214933156967163
6621.01765749582	1.0238063335418701
6621.163707453819	1.0270997285842896
6621.309757411819	1.0296030044555664
6621.455807369819	1.0317401885986328
6621.601857327819	1.0337231159210205
6621.747907285819	1.030962347984314
6621.8939572438185	1.029640793800354
6622.040007201818	1.032954454421997
6622.186057159818	1.0350414514541626
6622.332107117818	1.0338746309280396
6622.478157075818	1.0334547758102417
6622.624207033818	1.0306847095489502
6622.770256991817	1.0253437757492065
6622.916306949817	1.0235487222671509
6623.062356907817	1.0258311033248901
6623.208406865817	1.0307453870773315
6623.354456823817	1.0320310592651367
6623.5005067818165	1.0302850008010864
6623.646556739816	1.0294958353042603
6623.792606697816	1.0272876024246216
6623.938656655816	1.0248734951019287
6624.084706613816	1.0273652076721191
6624.230756571816	1.0271154642105103
6624.376806529815	1.0299865007400513
6624.522856487815	1.0353717803955078
6624.668906445815	1.0334224700927734
6624.814956403815	1.0306217670440674
6624.961006361815	1.0327407121658325
6625.107056319815	1.0342257022857666
6625.253106277814	1.0330004692077637
6625.399156235814	1.0339956283569336
6625.545206193814	1.0341784954071045
6625.691256151814	1.0342371463775635
6625.837306109814	1.0353710651397705
6625.9833560678135	1.0331553220748901
6626.129406025813	1.0315858125686646
6626.275455983813	1.0336816310882568
6626.421505941813	1.0257683992385864
6626.567555899813	1.0273605585098267
6626.713605857813	1.0289627313613892
6626.859655815812	1.0287349224090576
6627.005705773812	1.0285513401031494
6627.151755731812	1.0276257991790771
6627.297805689812	1.0281717777252197
6627.443855647812	1.0326346158981323
6627.5899056058115	1.0342271327972412
6627.735955563811	1.0259932279586792
6627.882005521811	1.0187900066375732
6628.028055479811	1.0219264030456543
6628.174105437811	1.0280309915542603
6628.320155395811	1.0292301177978516
6628.46620535381	1.0250704288482666
6628.61225531181	1.02039635181427
6628.75830526981	1.018646478652954
6628.90435522781	1.0172810554504395
6629.05040518581	1.0155830383300781
6629.1964551438095	1.0161582231521606
6629.342505101809	1.0210821628570557
6629.488555059809	1.0279146432876587
6629.634605017809	1.0300474166870117
6629.780654975809	1.0228760242462158
6629.926704933809	1.0124688148498535
6630.0727548918085	1.0116811990737915
6630.218804849808	1.0200304985046387
6630.364854807808	1.0254929065704346
6630.510904765808	1.0285030603408813
6630.656954723808	1.033247947692871
6630.803004681808	1.0363370180130005
6630.949054639807	1.034506916999817
6631.095104597807	1.0268117189407349
6631.241154555807	1.0212504863739014
6631.387204513807	1.0250935554504395
6631.533254471807	1.0324944257736206
6631.6793044298065	1.0339372158050537
6631.825354387806	1.0273923873901367
6631.971404345806	1.0216457843780518
6632.117454303806	1.022585153579712
6632.263504261806	1.0264922380447388
6632.409554219806	1.0261688232421875
6632.555604177805	1.0252726078033447
6632.701654135805	1.0254520177841187
6632.847704093805	1.0267705917358398
6632.993754051805	1.024749994277954
6633.139804009805	1.0250810384750366
6633.2858539678045	1.0254393815994263
6633.431903925804	1.02924644947052
6633.577953883804	1.0323607921600342
6633.724003841804	1.0317645072937012
6633.870053799804	1.0335907936096191
6634.016103757804	1.034774899482727
6634.1621537158035	1.0312939882278442
6634.308203673803	1.027483582496643
6634.454253631803	1.0270907878875732
6634.600303589803	1.0253056287765503
6634.746353547803	1.0218133926391602
6634.892403505803	1.0221822261810303
6635.038453463802	1.0249103307724
6635.184503421802	1.0238118171691895
6635.330553379802	1.0221168994903564
6635.476603337802	1.0242313146591187
6635.622653295802	1.027398705482483
6635.7687032538015	1.0282042026519775
6635.914753211801	1.0214744806289673
6636.060803169801	1.0166709423065186
6636.206853127801	1.0225300788879395
6636.352903085801	1.0285961627960205
6636.498953043801	1.0287965536117554
6636.6450030018	1.029540777206421
6636.7910529598	1.0250179767608643
6636.9371029178	1.0200929641723633
6637.0831528758	1.0234949588775635
6637.2292028338	1.0245691537857056
6637.3752527917995	1.0180513858795166
6637.521302749799	1.015254020690918
6637.667352707799	1.0164251327514648
6637.813402665799	1.0154000520706177
6637.959452623799	1.0147705078125
6638.105502581799	1.01963472366333
6638.2515525397985	1.0223804712295532
6638.397602497798	1.022115707397461
6638.543652455798	1.0200531482696533
6638.689702413798	1.018464207649231
6638.835752371798	1.0203520059585571
6638.981802329798	1.0226961374282837
6639.127852287797	1.0238685607910156
6639.273902245797	1.020608901977539
6639.419952203797	1.0140098333358765
6639.566002161797	1.0088098049163818
6639.712052119797	1.0074368715286255
6639.8581020777965	1.0093133449554443
6640.004152035796	1.012093186378479
6640.150201993796	1.013414740562439
6640.296251951796	1.0130289793014526
6640.442301909796	1.0156488418579102
6640.588351867796	1.0228183269500732
6640.734401825795	1.0286504030227661
6640.880451783795	1.0291638374328613
6641.026501741795	1.0252655744552612
6641.172551699795	1.023558259010315
6641.318601657795	1.0259112119674683
6641.4646516157945	1.02713942527771
6641.610701573794	1.0258355140686035
6641.756751531794	1.0278680324554443
6641.902801489794	1.0248448848724365
6642.048851447794	1.0147199630737305
6642.194901405794	1.008494257926941
6642.3409513637935	1.0063413381576538
6642.487001321793	1.0064430236816406
6642.633051279793	1.0091770887374878
6642.779101237793	1.0113409757614136
6642.925151195793	1.0110241174697876
6643.071201153793	1.008560299873352
6643.217251111792	1.0102458000183105
6643.363301069792	1.0133000612258911
6643.509351027792	1.0109570026397705
6643.655400985792	1.0111640691757202
6643.801450943792	1.017600178718567
6643.9475009017915	1.0233036279678345
6644.093550859791	1.0267504453659058
6644.239600817791	1.0289356708526611
6644.385650775791	1.0251517295837402
6644.531700733791	1.0147901773452759
6644.677750691791	1.0070550441741943
6644.82380064979	1.0030888319015503
6644.96985060779	1.0033855438232422
6645.11590056579	1.0044116973876953
6645.26195052379	1.0032304525375366
6645.40800048179	1.0048770904541016
6645.5540504397895	1.0122196674346924
6645.700100397789	1.0139371156692505
6645.846150355789	1.013228416442871
6645.992200313789	1.0177760124206543
6646.138250271789	1.0204377174377441
6646.284300229789	1.0219262838363647
6646.4303501877885	1.028576135635376
6646.576400145788	1.0317434072494507
6646.722450103788	1.022125482559204
6646.868500061788	1.0107311010360718
6647.014550019788	1.0109716653823853
6647.160599977788	1.0162078142166138
6647.306649935787	1.014787197113037
6647.452699893787	1.0106799602508545
6647.598749851787	1.011508584022522
6647.744799809787	1.0111485719680786
6647.890849767787	1.0064111948013306
6648.0368997257865	1.0043801069259644
