6499.9308185	0.174835556
6499.93081850319	1.1078933477401733
6500.10565405919	1.0293081998825073
6500.28048961519	1.0475687980651855
6500.45532517119	1.0467008352279663
6500.630160727191	1.050309658050537
6500.804996283191	1.0479501485824585
6500.979831839191	1.0493711233139038
6501.154667395192	1.0471361875534058
6501.329502951192	1.0430864095687866
6501.504338507192	1.0384222269058228
6501.6791740631925	1.0430831909179688
6501.854009619193	1.0474967956542969
6502.028845175193	1.0443273782730103
6502.203680731193	1.0446058511734009
6502.378516287194	1.0397757291793823
6502.553351843194	1.0361361503601074
6502.728187399194	1.0323094129562378
6502.9030229551945	1.033295750617981
6503.077858511195	1.0355479717254639
6503.252694067195	1.0385210514068604
6503.427529623195	1.0337692499160767
6503.602365179196	1.0275280475616455
6503.777200735196	1.0212817192077637
6503.952036291196	1.0200145244598389
6504.1268718471965	1.0195636749267578
6504.301707403197	1.0218836069107056
6504.476542959197	1.031794548034668
6504.651378515197	1.0391627550125122
6504.826214071198	1.0371050834655762
6505.001049627198	1.0413398742675781
6505.175885183198	1.0397783517837524
6505.350720739199	1.0411220788955688
6505.525556295199	1.0397229194641113
6505.700391851199	1.0351901054382324
6505.875227407199	1.0426162481307983
6506.0500629632	1.045255422592163
6506.2248985192	1.0396180152893066
6506.3997340752	1.0395971536636353
6506.574569631201	1.0383411645889282
6506.749405187201	1.0358730554580688
6506.924240743201	1.0349668264389038
6507.099076299201	1.0323091745376587
6507.273911855202	1.0344905853271484
6507.448747411202	1.034698486328125
6507.623582967202	1.0308207273483276
6507.798418523203	1.0310192108154297
6507.973254079203	1.0328612327575684
6508.148089635203	1.031110167503357
6508.3229251912035	1.010412573814392
6508.497760747204	0.9909794926643372
6508.672596303204	0.9956682324409485
6508.847431859204	1.0088907480239868
6509.022267415205	1.027174472808838
6509.197102971205	1.0426338911056519
6509.371938527205	1.03995943069458
6509.5467740832055	1.0429081916809082
6509.721609639206	1.034499168395996
6509.896445195206	1.046403169631958
6510.071280751206	1.04585599899292
6510.246116307207	1.0447524785995483
6510.420951863207	1.0433673858642578
6510.595787419207	1.045037865638733
6510.7706229752075	1.0413931608200073
6510.945458531208	1.043452262878418
6511.120294087208	1.038016438484192
6511.295129643208	1.0401967763900757
6511.469965199209	1.0407681465148926
6511.644800755209	1.0307537317276
6511.819636311209	1.0072684288024902
6511.9944718672095	0.9946909546852112
6512.16930742321	0.9963061213493347
6512.34414297921	1.0031181573867798
6512.51897853521	1.023062825202942
6512.693814091211	1.0395159721374512
6512.868649647211	1.0412380695343018
6513.043485203211	1.0387582778930664
6513.218320759212	1.0346708297729492
6513.393156315212	1.030869483947754
6513.567991871212	1.027458667755127
6513.742827427212	1.0257998704910278
6513.917662983213	1.025299072265625
6514.092498539213	1.0154478549957275
6514.267334095213	1.0003811120986938
6514.442169651214	0.9671235680580139
6514.617005207214	0.9266965389251709
6514.791840763214	0.9382403492927551
6514.9666763192145	0.9712885618209839
6515.141511875215	1.0068055391311646
6515.316347431215	1.0227770805358887
6515.491182987215	1.014501690864563
6515.666018543216	0.993899405002594
6515.840854099216	0.988235592842102
6516.015689655216	0.987205982208252
6516.1905252112165	0.9559123516082764
6516.365360767217	0.8874730467796326
6516.540196323217	0.8560141921043396
6516.715031879217	0.8848963379859924
6516.889867435218	0.9230273365974426
6517.064702991218	0.9624075293540955
6517.239538547218	0.9877191185951233
6517.4143741032185	1.0194404125213623
6517.589209659219	1.0189100503921509
6517.764045215219	1.0075979232788086
6517.938880771219	0.9969584345817566
6518.11371632722	1.0019222497940063
6518.28855188322	1.0169204473495483
6518.46338743922	1.0213581323623657
6518.6382229952205	1.017650842666626
6518.813058551221	1.0177395343780518
6518.987894107221	1.0057373046875
6519.162729663221	0.9768746495246887
6519.337565219222	0.9559370279312134
6519.512400775222	0.9695886373519897
6519.687236331222	0.9941827058792114
6519.862071887223	1.0171812772750854
6520.036907443223	1.0281600952148438
6520.211742999223	1.0337251424789429
6520.386578555223	1.0395015478134155
6520.561414111224	1.0363506078720093
6520.736249667224	1.038832664489746
6520.911085223224	1.0357391834259033
6521.085920779225	1.0362647771835327
6521.260756335225	1.0436238050460815
6521.435591891225	1.0354795455932617
6521.610427447225	1.0279728174209595
6521.785263003226	1.0271652936935425
6521.960098559226	1.0216199159622192
6522.134934115226	1.016046166419983
6522.309769671227	1.0198510885238647
6522.484605227227	1.0265858173370361
6522.659440783227	1.0303356647491455
6522.8342763392275	1.0273927450180054
6523.009111895228	1.0186208486557007
6523.183947451228	1.0176388025283813
6523.358783007228	1.0068423748016357
6523.533618563229	0.9757739305496216
6523.708454119229	0.9581319093704224
6523.883289675229	0.9700314998626709
6524.0581252312295	0.9909786581993103
6524.23296078723	1.0108234882354736
6524.40779634323	1.0282824039459229
6524.58263189923	1.0306487083435059
6524.757467455231	1.0321035385131836
6524.932303011231	1.0324797630310059
6525.107138567231	1.0363003015518188
6525.2819741232315	1.0288007259368896
6525.456809679232	1.0288902521133423
6525.631645235232	1.0281914472579956
6525.806480791232	1.02963125705719
6525.981316347233	1.034006953239441
6526.156151903233	1.0306618213653564
6526.330987459233	1.031249761581421
6526.505823015234	1.034743309020996
6526.680658571234	1.0349407196044922
6526.855494127234	1.0328054428100586
6527.030329683234	1.0305863618850708
6527.205165239235	1.0343544483184814
6527.380000795235	1.029981017112732
6527.554836351235	1.022861361503601
6527.729671907236	1.0258057117462158
6527.904507463236	1.0290477275848389
6528.079343019236	1.0324430465698242
6528.254178575236	1.0310118198394775
6528.429014131237	1.0313411951065063
6528.603849687237	1.03685462474823
6528.778685243237	1.0355104207992554
6528.953520799238	1.0328974723815918
6529.128356355238	1.0309160947799683
6529.303191911238	1.029395580291748
6529.4780274672385	1.030846357345581
6529.652863023239	1.0311588048934937
6529.827698579239	1.0312271118164062
6530.002534135239	1.029985785484314
6530.17736969124	1.0237810611724854
6530.35220524724	1.0139199495315552
6530.52704080324	1.0113621950149536
6530.7018763592405	1.015001893043518
6530.876711915241	1.0160460472106934
6531.051547471241	1.0221270322799683
6531.226383027241	1.0294148921966553
6531.401218583242	1.0283430814743042
6531.576054139242	1.0239404439926147
6531.750889695242	1.0262784957885742
6531.9257252512425	1.0057355165481567
6532.100560807243	0.9660096168518066
6532.275396363243	0.948229968547821
6532.450231919243	0.9748494029045105
6532.625067475244	0.9957623481750488
6532.799903031244	1.0067368745803833
6532.974738587244	1.023699402809143
6533.1495741432445	1.0235810279846191
6533.324409699245	1.0283277034759521
6533.499245255245	1.0166622400283813
6533.674080811245	1.0048812627792358
6533.848916367246	0.9812331199645996
6534.023751923246	0.9883821606636047
6534.198587479246	0.9950973391532898
6534.373423035247	1.0027244091033936
6534.548258591247	1.006373643875122
6534.723094147247	1.0060464143753052
6534.897929703247	1.0063879489898682
6535.072765259248	1.0161939859390259
6535.247600815248	1.0212568044662476
6535.422436371248	1.022566795349121
6535.597271927249	1.0245893001556396
6535.772107483249	1.0161818265914917
6535.946943039249	1.0174652338027954
6536.121778595249	1.020486831665039
6536.29661415125	1.0130037069320679
6536.47144970725	0.9958929419517517
6536.64628526325	0.9926900863647461
6536.821120819251	1.0029064416885376
6536.995956375251	1.0134142637252808
6537.170791931251	1.0126049518585205
6537.3456274872515	1.014164686203003
6537.520463043252	1.0272802114486694
6537.695298599252	1.0222057104110718
6537.870134155252	1.0158090591430664
6538.044969711253	1.016688585281372
6538.219805267253	1.0200152397155762
6538.394640823253	1.0182980298995972
6538.5694763792535	1.016931414604187
6538.744311935254	1.0160486698150635
6538.919147491254	1.0182820558547974
6539.093983047254	1.0136559009552002
6539.268818603255	1.0136815309524536
6539.443654159255	1.013716220855713
6539.618489715255	1.0114805698394775
6539.7933252712555	1.0116912126541138
6539.968160827256	1.012853980064392
6540.142996383256	1.0116537809371948
6540.317831939256	1.0107245445251465
6540.492667495257	1.0066083669662476
6540.667503051257	1.002419352531433
6540.842338607257	1.0083484649658203
6541.017174163258	1.0086379051208496
6541.192009719258	1.0078058242797852
6541.366845275258	1.0110909938812256
6541.541680831258	1.01363205909729
6541.716516387259	1.0085469484329224
6541.891351943259	0.9866733551025391
6542.066187499259	0.9695890545845032
6542.24102305526	0.9710149168968201
6542.41585861126	0.9795591235160828
6542.59069416726	0.9851452112197876
6542.76552972326	0.9880555868148804
6542.940365279261	0.9900054335594177
6543.115200835261	0.9981011748313904
6543.290036391261	0.9964054822921753
6543.464871947262	0.9660874009132385
6543.639707503262	0.911652147769928
6543.814543059262	0.8866163492202759
6543.9893786152625	0.9164974689483643
6544.164214171263	0.9500817060470581
6544.339049727263	0.9696704745292664
6544.513885283263	0.9845152497291565
6544.688720839264	0.9925377368927002
6544.863556395264	0.9896876215934753
6545.038391951264	0.9934924840927124
6545.2132275072645	0.9904177188873291
6545.388063063265	0.9802026748657227
6545.562898619265	0.9678190350532532
6545.737734175265	0.969637393951416
6545.912569731266	0.9757745862007141
6546.087405287266	0.9802886843681335
6546.262240843266	0.9843748211860657
6546.4370763992665	0.9826332926750183
6546.611911955267	0.9861035346984863
6546.786747511267	0.9846364259719849
6546.961583067267	0.9814221858978271
6547.136418623268	0.9800871014595032
6547.311254179268	0.9673370122909546
6547.486089735268	0.9392545819282532
6547.6609252912685	0.9381041526794434
6547.835760847269	0.9536985158920288
6548.010596403269	0.9515543580055237
6548.185431959269	0.9373531341552734
6548.36026751527	0.9054908156394958
6548.53510307127	0.8939389586448669
6548.70993862727	0.9209551215171814
6548.884774183271	0.9338309168815613
6549.059609739271	0.9495536088943481
6549.234445295271	0.9589101672172546
6549.409280851271	0.9630402326583862
6549.584116407272	0.9689345955848694
6549.758951963272	0.9717535972595215
6549.933787519272	0.9673592448234558
6550.108623075273	0.9650781154632568
6550.283458631273	0.9633387327194214
6550.458294187273	0.9639648795127869
6550.6331297432735	0.9633258581161499
6550.807965299274	0.9612327814102173
6550.982800855274	0.9548014402389526
6551.157636411274	0.9526881575584412
6551.332471967275	0.9582110643386841
6551.507307523275	0.950678825378418
6551.682143079275	0.9389602541923523
6551.8569786352755	0.933244526386261
6552.031814191276	0.9236906170845032
6552.206649747276	0.8962786197662354
6552.381485303276	0.8511217832565308
6552.556320859277	0.8501923084259033
6552.731156415277	0.8821635246276855
6552.905991971277	0.8976412415504456
6553.0808275272775	0.903282880783081
6553.255663083278	0.9124096632003784
6553.430498639278	0.9013557434082031
6553.605334195278	0.882963240146637
6553.780169751279	0.8898738622665405
6553.955005307279	0.8961198925971985
6554.129840863279	0.892821192741394
6554.3046764192795	0.8963531255722046
6554.47951197528	0.8929924368858337
6554.65434753128	0.8869221806526184
6554.82918308728	0.8829516172409058
6555.004018643281	0.8786539435386658
6555.178854199281	0.8833720088005066
6555.353689755281	0.8776612281799316
6555.528525311282	0.8737547993659973
6555.703360867282	0.8704959154129028
6555.878196423282	0.8690134882926941
6556.053031979282	0.8639357089996338
6556.227867535283	0.8607251644134521
6556.402703091283	0.8529799580574036
6556.577538647283	0.8496923446655273
6556.752374203284	0.8294292688369751
6556.927209759284	0.801368772983551
6557.102045315284	0.800852358341217
6557.276880871284	0.8090690970420837
6557.451716427285	0.8173421025276184
6557.626551983285	0.822939932346344
6557.801387539285	0.8191878199577332
6557.976223095286	0.817109227180481
6558.151058651286	0.8322122097015381
6558.325894207286	0.8420910835266113
6558.5007297632865	0.8479026556015015
6558.675565319287	0.8676238656044006
6558.850400875287	0.8886563181877136
6559.025236431287	0.9009037017822266
6559.200071987288	0.9211376905441284
6559.374907543288	0.9391165971755981
6559.549743099288	0.9618769288063049
6559.7245786552885	0.9776703715324402
6559.899414211289	0.9887898564338684
6560.074249767289	0.9895911812782288
6560.249085323289	0.9824341535568237
6560.42392087929	0.9833270907402039
6560.59875643529	0.98316890001297
6560.77359199129	0.9695190191268921
6560.9484275472905	0.9489235281944275
6561.123263103291	0.9360131621360779
6561.298098659291	0.9250807762145996
6561.472934215291	0.9106306433677673
6561.647769771292	0.9024558067321777
6561.822605327292	0.8946255445480347
6561.997440883292	0.8887605667114258
6562.172276439293	0.8829483985900879
6562.347111995293	0.8862228393554688
6562.521947551293	0.8925635814666748
6562.696783107293	0.8978329300880432
6562.871618663294	0.910444974899292
6563.046454219294	0.9232569336891174
6563.221289775294	0.9347838759422302
6563.396125331295	0.9461320042610168
6563.570960887295	0.9649540781974792
6563.745796443295	0.956365168094635
6563.920631999295	0.930863082408905
6564.095467555296	0.9412099719047546
6564.270303111296	0.9598403573036194
6564.445138667296	0.9638802409172058
6564.619974223297	0.9584426283836365
6564.794809779297	0.9564226269721985
6564.969645335297	0.947058916091919
6565.1444808912975	0.9263591170310974
6565.319316447298	0.9037287831306458
6565.494152003298	0.8882009387016296
6565.668987559298	0.8725277781486511
6565.843823115299	0.8608577847480774
6566.018658671299	0.8506729602813721
6566.193494227299	0.8408874869346619
6566.3683297832995	0.8335724472999573
6566.5431653393	0.8313148617744446
6566.7180008953	0.8297621011734009
6566.8928364513	0.8321189284324646
6567.067672007301	0.8324107527732849
6567.242507563301	0.831721305847168
6567.417343119301	0.8349732160568237
6567.5921786753015	0.8382746577262878
6567.767014231302	0.839603066444397
6567.941849787302	0.8443961143493652
6568.116685343302	0.849485456943512
6568.291520899303	0.8500509858131409
6568.466356455303	0.8442326188087463
6568.641192011303	0.8399310111999512
6568.8160275673035	0.8452387452125549
6568.990863123304	0.8569904565811157
6569.165698679304	0.8588442802429199
6569.340534235304	0.8681071400642395
6569.515369791305	0.8803954124450684
6569.690205347305	0.8883205652236938
6569.865040903305	0.8913392424583435
6570.039876459306	0.8942407965660095
6570.214712015306	0.8949139714241028
6570.389547571306	0.8939117193222046
6570.564383127306	0.8987153768539429
6570.739218683307	0.8997002243995667
6570.914054239307	0.9047064185142517
6571.088889795307	0.9120016694068909
6571.263725351308	0.9164406061172485
6571.438560907308	0.9169431924819946
6571.613396463308	0.9024125933647156
6571.788232019308	0.874851405620575
6571.963067575309	0.872938334941864
6572.137903131309	0.8937211632728577
6572.312738687309	0.9061728119850159
6572.48757424331	0.917606770992279
6572.66240979931	0.9350090026855469
6572.83724535531	0.9420144557952881
6573.0120809113105	0.9401113986968994
6573.186916467311	0.9420225024223328
6573.361752023311	0.9393863677978516
6573.536587579311	0.9447405934333801
6573.711423135312	0.9466081261634827
6573.886258691312	0.9489357471466064
6574.061094247312	0.9523512125015259
6574.2359298033125	0.9464498162269592
6574.410765359313	0.9199709892272949
6574.585600915313	0.8765143156051636
6574.760436471313	0.8727004528045654
6574.935272027314	0.9123762845993042
6575.110107583314	0.9297299385070801
6575.284943139314	0.9390054941177368
6575.4597786953145	0.9574548006057739
6575.634614251315	0.9596639275550842
6575.809449807315	0.9641491770744324
6575.984285363315	0.9600899815559387
6576.159120919316	0.9567813873291016
6576.333956475316	0.9592627882957458
6576.508792031316	0.9609957337379456
6576.683627587317	0.9656142592430115
6576.858463143317	0.9654030203819275
6577.033298699317	0.9746876358985901
6577.208134255317	0.977063000202179
6577.382969811318	0.9749676585197449
6577.557805367318	0.9776179790496826
6577.732640923318	0.9761696457862854
6577.907476479319	0.97652268409729
6578.082312035319	0.9779388904571533
6578.257147591319	0.9797645807266235
6578.431983147319	0.9804765582084656
6578.60681870332	0.9846768975257874
6578.78165425932	0.9703463315963745
6578.95648981532	0.9730667471885681
6579.131325371321	0.9826058745384216
6579.306160927321	0.9789150953292847
6579.480996483321	0.9777734875679016
6579.6558320393215	0.9857516288757324
6579.830667595322	0.9902756810188293
6580.005503151322	0.9838730096817017
6580.180338707322	0.9878355264663696
6580.355174263323	0.9832629561424255
6580.530009819323	0.9602617621421814
6580.704845375323	0.9673813581466675
6580.8796809313235	0.977812647819519
6581.054516487324	0.9822008609771729
6581.229352043324	0.9924788475036621
6581.404187599324	0.9899501204490662
6581.579023155325	0.9916256666183472
6581.753858711325	0.9876006841659546
6581.928694267325	0.9904182553291321
6582.1035298233255	0.9858126044273376
6582.278365379326	0.9849645495414734
6582.453200935326	0.9900038838386536
6582.628036491326	0.987104058265686
6582.802872047327	0.9959167838096619
6582.977707603327	0.985967755317688
6583.152543159327	0.9750327467918396
6583.3273787153275	0.9763824939727783
6583.502214271328	0.9798204898834229
6583.677049827328	0.9953126907348633
6583.851885383328	0.9939630031585693
6584.026720939329	0.9973215460777283
6584.201556495329	0.9937289357185364
6584.376392051329	1.0045387744903564
6584.55122760733	1.0081150531768799
6584.72606316333	1.0064809322357178
6584.90089871933	0.9994862675666809
6585.07573427533	0.9977609515190125
6585.250569831331	0.9960517287254333
6585.425405387331	0.9915987849235535
6585.600240943331	0.9954217076301575
6585.775076499332	1.0016893148422241
6585.949912055332	1.0088365077972412
6586.124747611332	0.9977427124977112
6586.2995831673325	0.9670013189315796
6586.474418723333	0.9673380255699158
6586.649254279333	0.9703337550163269
6586.824089835333	0.9837969541549683
6586.998925391334	0.9920549988746643
6587.173760947334	1.0020251274108887
6587.348596503334	1.0083404779434204
6587.5234320593345	1.0124586820602417
6587.698267615335	1.0061545372009277
6587.873103171335	1.0032298564910889
6588.047938727335	1.01170015335083
6588.222774283336	1.0032211542129517
6588.397609839336	0.995940625667572
6588.572445395336	1.0032000541687012
6588.7472809513365	1.002060055732727
6588.922116507337	1.0013164281845093
6589.096952063337	1.0038381814956665
6589.271787619337	1.0109926462173462
6589.446623175338	1.007016658782959
6589.621458731338	1.0020674467086792
6589.796294287338	1.0067038536071777
6589.9711298433385	1.0108256340026855
6590.145965399339	1.0147366523742676
6590.320800955339	1.015807867050171
6590.495636511339	1.010028600692749
6590.67047206734	1.0052335262298584
6590.84530762334	1.0052504539489746
6591.02014317934	1.0070642232894897
6591.194978735341	1.0074219703674316
6591.369814291341	1.0091898441314697
6591.544649847341	1.0093557834625244
6591.719485403341	1.0060230493545532
6591.894320959342	1.00757896900177
6592.069156515342	1.0082570314407349
6592.243992071342	1.0086085796356201
6592.418827627343	1.0092167854309082
6592.593663183343	1.0044254064559937
6592.768498739343	1.0020947456359863
6592.943334295343	1.0062330961227417
6593.118169851344	1.0075322389602661
6593.293005407344	1.0082980394363403
6593.467840963344	1.013121247291565
6593.642676519345	1.0093687772750854
6593.817512075345	1.0091947317123413
6593.992347631345	1.0016651153564453
6594.1671831873455	0.9961021542549133
6594.342018743346	1.0032254457473755
6594.516854299346	1.005622386932373
6594.691689855346	0.9980896711349487
6594.866525411347	1.0077623128890991
6595.041360967347	1.0153778791427612
6595.216196523347	1.0097118616104126
6595.3910320793475	1.0070359706878662
6595.565867635348	1.0112595558166504
6595.740703191348	1.0124090909957886
6595.915538747348	1.009378433227539
6596.090374303349	1.0086840391159058
6596.265209859349	1.0093625783920288
6596.440045415349	1.0079087018966675
6596.6148809713495	1.0073949098587036
6596.78971652735	1.003329873085022
6596.96455208335	1.0011683702468872
6597.13938763935	1.0116511583328247
6597.314223195351	1.0062737464904785
6597.489058751351	1.0099127292633057
6597.663894307351	1.0093220472335815
6597.838729863352	1.0080775022506714
6598.013565419352	1.0053503513336182
6598.188400975352	1.0054726600646973
6598.363236531352	1.0024763345718384
6598.538072087353	1.0098375082015991
6598.712907643353	1.0063074827194214
6598.887743199353	0.9975625276565552
6599.062578755354	0.9872250556945801
6599.237414311354	0.984946072101593
6599.412249867354	0.9914652705192566
6599.587085423354	0.9936773777008057
6599.761920979355	1.0020246505737305
6599.936756535355	1.0047483444213867
6600.111592091355	0.9980708360671997
6600.286427647356	0.9990125894546509
6600.461263203356	0.9966295957565308
6600.636098759356	1.004708170890808
6600.8109343153565	1.0126876831054688
6600.985769871357	1.0084481239318848
6601.160605427357	1.0083547830581665
6601.335440983357	1.0091140270233154
6601.510276539358	0.9987707138061523
6601.685112095358	0.9905250072479248
6601.859947651358	0.9964540004730225
6602.0347832073585	0.9982879161834717
6602.209618763359	0.9941151738166809
6602.384454319359	0.9940208792686462
6602.559289875359	0.9999160766601562
6602.73412543136	1.005044937133789
6602.90896098736	1.008812665939331
6603.08379654336	1.0051194429397583
6603.2586320993605	1.007139801979065
6603.433467655361	1.0099873542785645
6603.608303211361	1.0079315900802612
6603.783138767361	1.002894639968872
6603.957974323362	1.0070613622665405
6604.132809879362	1.011595368385315
6604.307645435362	1.0099987983703613
6604.4824809913625	1.0088396072387695
6604.657316547363	1.0048149824142456
6604.832152103363	1.0055996179580688
6605.006987659363	1.0040583610534668
6605.181823215364	0.9956591725349426
6605.356658771364	0.9958698749542236
6605.531494327364	0.9986749291419983
6605.706329883365	1.0101782083511353
6605.881165439365	1.0073206424713135
6606.056000995365	1.0104947090148926
6606.230836551365	1.0134150981903076
6606.405672107366	1.0071531534194946
6606.580507663366	1.0048822164535522
6606.755343219366	1.0052415132522583
6606.930178775367	1.0105631351470947
6607.105014331367	1.0119131803512573
6607.279849887367	1.0079092979431152
6607.454685443367	0.997913122177124
6607.629520999368	1.000365972518921
6607.804356555368	1.0076254606246948
6607.979192111368	1.0072848796844482
6608.154027667369	1.0095100402832031
6608.328863223369	1.0087358951568604
6608.503698779369	1.0085430145263672
6608.6785343353695	1.0096420049667358
6608.85336989137	1.0067949295043945
6609.02820544737	1.0079960823059082
6609.20304100337	1.0015132427215576
6609.377876559371	1.000162959098816
6609.552712115371	1.0070585012435913
6609.727547671371	0.9994159936904907
6609.9023832273715	1.0029126405715942
6610.077218783372	1.0070604085922241
6610.252054339372	1.0063097476959229
6610.426889895372	1.0198854207992554
6610.601725451373	1.011853575706482
6610.776561007373	1.0062528848648071
6610.951396563373	1.0093538761138916
6611.1262321193735	1.0052536725997925
6611.301067675374	0.9999989867210388
6611.475903231374	1.0018235445022583
6611.650738787374	1.0050880908966064
6611.825574343375	1.002104640007019
6612.000409899375	0.9990630149841309
6612.175245455375	0.9928205609321594
6612.350081011376	0.9934133291244507
6612.524916567376	0.9958578944206238
6612.699752123376	0.9987761378288269
6612.874587679376	0.9991219639778137
6613.049423235377	1.002497673034668
6613.224258791377	1.0056740045547485
6613.399094347377	0.9999023079872131
6613.573929903378	1.003103494644165
6613.748765459378	1.0050479173660278
6613.923601015378	1.004626989364624
6614.098436571378	1.0033196210861206
6614.273272127379	1.0028918981552124
6614.448107683379	1.0103224515914917
6614.622943239379	1.0126582384109497
6614.79777879538	1.010418176651001
6614.97261435138	1.0090363025665283
6615.14744990738	1.006003737449646
6615.3222854633805	1.0012884140014648
6615.497121019381	1.0004160404205322
6615.671956575381	1.0040560960769653
6615.846792131381	1.0001658201217651
6616.021627687382	0.9963297247886658
6616.196463243382	1.004596471786499
6616.371298799382	1.0044578313827515
6616.5461343553825	0.9978967905044556
6616.720969911383	1.0055475234985352
6616.895805467383	1.0113722085952759
6617.070641023383	1.0048595666885376
6617.245476579384	1.0004518032073975
6617.420312135384	1.004859447479248
6617.595147691384	1.0072873830795288
6617.7699832473845	1.0011005401611328
6617.944818803385	0.9983658790588379
6618.119654359385	1.0015466213226318
6618.294489915385	1.0050846338272095
6618.469325471386	1.0035544633865356
6618.644161027386	1.0049000978469849
6618.818996583386	1.0060031414031982
6618.9938321393865	1.004809021949768
6619.168667695387	1.0033557415008545
6619.343503251387	1.0072245597839355
6619.518338807387	1.0157963037490845
6619.693174363388	1.0144028663635254
6619.868009919388	0.9971669316291809
6620.042845475388	0.9898504018783569
6620.217681031389	0.9944864511489868
6620.392516587389	0.9989597797393799
6620.567352143389	0.9930412769317627
6620.742187699389	0.9946497082710266
6620.91702325539	0.9975945949554443
6621.09185881139	0.9987974166870117
6621.26669436739	1.0042294263839722
6621.441529923391	1.0004101991653442
6621.616365479391	1.0001059770584106
6621.791201035391	1.0086100101470947
6621.9660365913915	0.9964925646781921
6622.140872147392	0.9956775307655334
6622.315707703392	0.9956867694854736
6622.490543259392	0.9965384602546692
6622.665378815393	1.001374363899231
6622.840214371393	1.000871181488037
6623.015049927393	1.0049694776535034
6623.1898854833935	1.0053566694259644
6623.364721039394	0.999840259552002
6623.539556595394	0.9925969243049622
6623.714392151394	1.000108242034912
6623.889227707395	0.9990634322166443
6624.064063263395	0.9964726567268372
6624.238898819395	0.9975165724754333
6624.4137343753955	0.99726802110672
6624.588569931396	0.9925827980041504
6624.763405487396	0.9968807697296143
6624.938241043396	1.0020709037780762
6625.113076599397	0.9987606406211853
6625.287912155397	1.00142502784729
6625.462747711397	1.003321886062622
6625.6375832673975	1.0019474029541016
6625.812418823398	1.0044664144515991
6625.987254379398	0.9975464940071106
6626.162089935398	0.9920137524604797
6626.336925491399	0.9950470328330994
6626.511761047399	0.9997873306274414
6626.686596603399	1.003452181816101
6626.8614321594	1.0081560611724854
6627.0362677154	1.0000159740447998
6627.2111032714	1.0034297704696655
6627.3859388274	0.99620121717453
6627.560774383401	0.9986153244972229
6627.735609939401	0.9999170899391174
6627.910445495401	1.004431128501892
6628.085281051402	0.9979344606399536
6628.260116607402	0.999817967414856
6628.434952163402	1.0036839246749878
6628.609787719402	1.0022493600845337
6628.784623275403	1.0032854080200195
6628.959458831403	0.9966816306114197
6629.134294387403	0.9982564449310303
6629.309129943404	1.0048737525939941
6629.483965499404	1.0048673152923584
6629.658801055404	1.0053718090057373
6629.8336366114045	1.0045684576034546
6630.008472167405	1.0066547393798828
6630.183307723405	1.002113699913025
6630.358143279405	0.9982775449752808
6630.532978835406	0.9973771572113037
6630.707814391406	0.9958072900772095
6630.882649947406	1.0039558410644531
6631.0574855034065	1.002420425415039
6631.232321059407	1.001186728477478
6631.407156615407	1.0041956901550293
6631.581992171407	1.0082905292510986
6631.756827727408	1.000580072402954
6631.931663283408	0.998704195022583
6632.106498839408	0.9970592260360718
6632.2813343954085	0.9991737604141235
6632.456169951409	1.0064924955368042
6632.631005507409	0.995567798614502
6632.805841063409	0.9957947134971619
6632.98067661941	0.9975932240486145
6633.15551217541	1.0036695003509521
6633.33034773141	0.9941717386245728
6633.505183287411	0.9997294545173645
6633.680018843411	1.001879096031189
6633.854854399411	0.9994017481803894
6634.029689955411	1.0020252466201782
6634.204525511412	1.0047248601913452
6634.379361067412	1.0062271356582642
6634.554196623412	0.9964593052864075
6634.729032179413	0.9926880598068237
6634.903867735413	0.9943448901176453
6635.078703291413	0.993679940700531
6635.253538847413	0.9980760812759399
6635.428374403414	1.0013948678970337
6635.603209959414	1.003294825553894
6635.778045515414	1.0041238069534302
6635.952881071415	1.0030065774917603
6636.127716627415	1.006347894668579
6636.302552183415	1.005603551864624
6636.4773877394155	0.993893563747406
6636.652223295416	0.9979244470596313
6636.827058851416	0.9983483552932739
6637.001894407416	0.9991305470466614
6637.176729963417	0.9963470697402954
6637.351565519417	0.9937738180160522
6637.526401075417	0.99850994348526
6637.7012366314175	1.0002741813659668
6637.876072187418	0.9999586343765259
6638.050907743418	1.007521629333496
6638.225743299418	1.0039397478103638
6638.400578855419	1.0033063888549805
6638.575414411419	0.9983435273170471
6638.750249967419	0.9976112842559814
6638.9250855234195	1.0055996179580688
6639.09992107942	1.0051110982894897
6639.27475663542	1.0015281438827515
6639.44959219142	0.9994280934333801
6639.624427747421	1.0030412673950195
6639.799263303421	1.0010480880737305
6639.974098859421	0.999706506729126
6640.1489344154215	1.0015207529067993
6640.323769971422	1.0072883367538452
6640.498605527422	1.0037904977798462
6640.673441083422	1.0017590522766113
6640.848276639423	1.0073909759521484
6641.023112195423	1.0011146068572998
6641.197947751423	0.9988128542900085
6641.372783307424	0.9999117851257324
6641.547618863424	0.9981217980384827
6641.722454419424	0.9984080195426941
6641.897289975424	0.99656081199646
6642.072125531425	0.9950175881385803
6642.246961087425	0.9931050539016724
6642.421796643425	0.9934272766113281
6642.596632199426	0.9967734217643738
6642.771467755426	0.9875248670578003
6642.946303311426	0.9949184060096741
6643.121138867426	1.0025904178619385
6643.295974423427	1.001808524131775
6643.470809979427	1.0001496076583862
6643.645645535427	0.9971094131469727
6643.820481091428	0.9910774230957031
6643.995316647428	0.9986581206321716
6644.170152203428	0.9967674016952515
6644.3449877594285	0.9960424304008484
6644.519823315429	1.0029494762420654
6644.694658871429	1.0070011615753174
6644.869494427429	1.0039604902267456
6645.04432998343	0.9998360872268677
6645.21916553943	1.0031306743621826
6645.39400109543	1.0049704313278198
6645.5688366514305	0.9980450868606567
6645.743672207431	1.0038615465164185
6645.918507763431	1.0043530464172363
6646.093343319431	1.0010462999343872
6646.268178875432	1.0003196001052856
6646.443014431432	1.0045478343963623
6646.617849987432	1.0032329559326172
6646.7926855434325	1.0006998777389526
6646.967521099433	1.00459623336792
6647.142356655433	0.9922096729278564
6647.317192211433	0.9945704936981201
6647.492027767434	1.0002827644348145
6647.666863323434	0.9921291470527649
6647.841698879434	0.9975523352622986
6648.016534435435	0.9918868541717529
6648.191369991435	0.991049587726593
6648.366205547435	0.9965940713882446
6648.541041103435	0.9953691959381104
6648.715876659436	0.9998666644096375
6648.890712215436	0.9989408850669861
6649.065547771436	0.9967278242111206
6649.240383327437	0.9968383312225342
6649.415218883437	0.9967755079269409
6649.590054439437	0.9988678693771362
6649.764889995437	1.0012197494506836
6649.939725551438	0.9980257749557495
6650.114561107438	0.9981815218925476
6650.289396663438	1.0020169019699097
6650.464232219439	1.0023328065872192
6650.639067775439	1.0025402307510376
6650.813903331439	1.0013294219970703
6650.9887388874395	0.9978094100952148
6651.16357444344	0.9947503209114075
6651.33840999944	0.997315526008606
6651.51324555544	0.9979708194732666
6651.688081111441	0.9995359182357788
6651.862916667441	0.9958783388137817
6652.037752223441	0.9979899525642395
6652.2125877794415	0.9925054907798767
6652.387423335442	0.997373640537262
6652.562258891442	0.9970391988754272
6652.737094447442	0.9973406791687012
6652.911930003443	0.9973902702331543
6653.086765559443	0.99969083070755
6653.261601115443	0.9982971549034119
6653.4364366714435	1.0051862001419067
6653.611272227444	0.9993801116943359
6653.786107783444	0.9904013276100159
6653.960943339444	0.9949106574058533
6654.135778895445	0.9912675619125366
6654.310614451445	0.9922596216201782
6654.485450007445	0.9979853630065918
6654.6602855634455	0.9986920952796936
6654.835121119446	0.9921236634254456
6655.009956675446	0.9918886423110962
6655.184792231446	0.9923169016838074
6655.359627787447	0.9946973323822021
6655.534463343447	1.0005066394805908
6655.709298899447	1.0008955001831055
6655.884134455448	0.9958631992340088
6656.058970011448	0.9962002635002136
6656.233805567448	0.9901415705680847
6656.408641123448	0.9904090762138367
6656.583476679449	0.9961643218994141
6656.758312235449	0.9929772615432739
6656.933147791449	0.9938921928405762
6657.10798334745	0.993975818157196
6657.28281890345	0.9947559833526611
6657.45765445945	0.9962354898452759
6657.6324900154505	0.9956177473068237
6657.807325571451	0.99592524766922
6657.982161127451	0.992668867111206
6658.156996683451	0.9950778484344482
6658.331832239452	0.99338698387146
6658.506667795452	0.9894701242446899
6658.681503351452	0.9927805066108704
6658.8563389074525	0.986713171005249
6659.031174463453	0.9935728311538696
6659.206010019453	1.0003807544708252
6659.380845575453	0.9930121898651123
6659.555681131454	0.998049795627594
6659.730516687454	1.001266360282898
6659.905352243454	0.9971262812614441
6660.0801877994545	0.9905832409858704
6660.255023355455	0.9942335486412048
6660.429858911455	0.9970581531524658
6660.604694467455	0.9983978271484375
6660.779530023456	0.9936297535896301
6660.954365579456	0.9934220314025879
6661.129201135456	0.9971798658370972
6661.3040366914565	0.994147002696991
6661.478872247457	0.9931765794754028
6661.653707803457	0.9888473749160767
6661.828543359457	0.9862069487571716
6662.003378915458	0.9888535737991333
6662.178214471458	0.9889922738075256
6662.353050027458	0.9855960011482239
6662.527885583459	0.9828909039497375
6662.702721139459	0.9837107062339783
6662.877556695459	0.9898088574409485
6663.052392251459	0.9919171929359436
6663.22722780746	0.9890429973602295
6663.40206336346	0.9918089509010315
6663.57689891946	0.9860515594482422
6663.751734475461	0.9877799153327942
6663.926570031461	0.9968793392181396
6664.101405587461	0.9900621175765991
6664.276241143461	0.9889364838600159
6664.451076699462	0.9890710115432739
6664.625912255462	0.9868581891059875
6664.800747811462	0.9841625094413757
6664.975583367463	0.9921482801437378
6665.150418923463	0.9860591888427734
6665.325254479463	0.9900191426277161
6665.5000900354635	0.9938860535621643
6665.674925591464	0.9944817423820496
6665.849761147464	0.9921736121177673
6666.024596703464	0.9926534295082092
6666.199432259465	1.001224160194397
6666.374267815465	0.9984169006347656
6666.549103371465	1.0002434253692627
6666.7239389274655	1.0021121501922607
6666.898774483466	0.9892823696136475
6667.073610039466	0.9867010712623596
6667.248445595466	0.988389790058136
6667.423281151467	0.9923998713493347
6667.598116707467	1.0038572549819946
6667.772952263467	1.0014795064926147
6667.9477878194675	0.9977142214775085
6668.122623375468	0.9901512861251831
6668.297458931468	0.9867361187934875
6668.472294487468	0.9883206486701965
6668.647130043469	0.9898130297660828
6668.821965599469	0.9983463883399963
6668.996801155469	0.9906439781188965
6669.17163671147	0.9872423410415649
6669.34647226747	0.9840267300605774
6669.52130782347	0.9883249998092651
6669.69614337947	0.9924603700637817
6669.870978935471	0.9917237162590027
6670.045814491471	0.9920714497566223
6670.220650047471	0.9944596290588379
6670.395485603472	0.9941521883010864
6670.570321159472	0.9950268864631653
6670.745156715472	0.9904447197914124
6670.919992271472	0.9939922094345093
6671.094827827473	0.9923827648162842
6671.269663383473	0.9967790842056274
6671.444498939473	0.9925596714019775
6671.619334495474	0.994629442691803
6671.794170051474	0.986494243144989
6671.969005607474	0.9903578758239746
6672.1438411634745	0.9926843643188477
6672.318676719475	0.9923931956291199
6672.493512275475	0.9916356801986694
6672.668347831475	0.9917553663253784
6672.843183387476	0.9854705333709717
6673.018018943476	0.9886809587478638
6673.192854499476	0.9997685551643372
6673.3676900554765	0.99167400598526
6673.542525611477	0.990213930606842
6673.717361167477	0.9880345463752747
6673.892196723477	0.9839848279953003
6674.067032279478	0.9832126498222351
6674.241867835478	0.9886221885681152
6674.416703391478	0.9838760495185852
6674.5915389474785	0.9788410663604736
6674.766374503479	0.9757711887359619
6674.941210059479	0.9719125628471375
6675.116045615479	0.9733169078826904
6675.29088117148	0.9785745143890381
6675.46571672748	0.9755916595458984
6675.64055228348	0.9680113196372986
6675.8153878394805	0.9712622165679932
6675.990223395481	0.9666416645050049
6676.165058951481	0.9594854712486267
6676.339894507481	0.9586344957351685
6676.514730063482	0.9560767412185669
6676.689565619482	0.9579094052314758
6676.864401175482	0.9545080065727234
6677.039236731483	0.9503821134567261
6677.214072287483	0.9546808004379272
6677.388907843483	0.9512478709220886
6677.563743399483	0.9576286673545837
6677.738578955484	0.9578626751899719
6677.913414511484	0.9530966281890869
6678.088250067484	0.9562598466873169
6678.263085623485	0.9545027613639832
6678.437921179485	0.9582945704460144
6678.612756735485	0.9566118717193604
6678.787592291485	0.9613683819770813
6678.962427847486	0.9638994932174683
6679.137263403486	0.9632475972175598
6679.312098959486	0.9628604650497437
6679.486934515487	0.965324342250824
6679.661770071487	0.9727569818496704
6679.836605627487	0.9704198241233826
6680.0114411834875	0.9699193239212036
6680.186276739488	0.9700504541397095
6680.361112295488	0.974463939666748
6680.535947851488	0.9779048562049866
6680.710783407489	0.9852679371833801
6680.885618963489	0.9878508448600769
6681.060454519489	0.9902465343475342
6681.2352900754895	0.9894985556602478
6681.41012563149	0.9917965531349182
6681.58496118749	0.9946701526641846
6681.75979674349	0.9951485991477966
6681.934632299491	0.9882999658584595
6682.109467855491	0.9913984537124634
6682.284303411491	0.995475172996521
6682.4591389674915	0.9878596663475037
6682.633974523492	0.991725742816925
6682.808810079492	0.9957895874977112
6682.983645635492	0.9970058798789978
6683.158481191493	0.9898518919944763
6683.333316747493	0.991075336933136
6683.508152303493	1.0000922679901123
6683.682987859494	0.9960345029830933
6683.857823415494	0.9917677044868469
6684.032658971494	0.9905461072921753
6684.207494527494	0.9885493516921997
6684.382330083495	0.9963058233261108
6684.557165639495	0.9969620108604431
6684.732001195495	0.9921790361404419
6684.906836751496	0.997350811958313
6685.081672307496	1.0004258155822754
6685.256507863496	0.9978763461112976
6685.431343419496	0.9982340931892395
6685.606178975497	0.991654098033905
6685.781014531497	0.9925127029418945
6685.955850087497	0.9906792044639587
6686.130685643498	1.003600001335144
6686.305521199498	0.9926071763038635
6686.480356755498	0.9973168969154358
6686.6551923114985	0.9935289621353149
6686.830027867499	0.9994151592254639
6687.004863423499	1.0013532638549805
6687.179698979499	0.00761692738160491
6687.3545345355	0.007617854978889227
