6469.32129647	0.174042698
6469.32129647281	0.989680290222168
6469.49533917081	1.0102081298828125
6469.66938186881	0.967584490776062
6469.84342456681	0.965186595916748
6470.01746726481	1.0124889612197876
6470.19150996281	1.047704815864563
6470.36555266081	1.0319746732711792
6470.53959535881	1.0367106199264526
6470.71363805681	1.0464040040969849
6470.88768075481	1.0454984903335571
6471.06172345281	1.046184778213501
6471.23576615081	1.0456122159957886
6471.40980884881	1.0488990545272827
6471.58385154681	1.0506625175476074
6471.75789424481	1.0534484386444092
6471.93193694281	1.0481693744659424
6472.10597964081	1.0203418731689453
6472.28002233881	1.0111042261123657
6472.45406503681	1.0191482305526733
6472.62810773481	1.0224393606185913
6472.80215043281	1.0195592641830444
6472.97619313081	1.012941598892212
6473.15023582881	1.023818016052246
6473.32427852681	1.0312138795852661
6473.49832122481	1.0272548198699951
6473.67236392281	1.0344594717025757
6473.84640662081	1.0356425046920776
6474.02044931881	1.0364820957183838
6474.19449201681	1.0371677875518799
6474.36853471481	1.031855821609497
6474.54257741281	1.02852463722229
6474.71662011081	1.0231616497039795
6474.89066280881	0.9958963990211487
6475.06470550681	0.9739314317703247
6475.23874820481	0.983088493347168
6475.41279090281	0.9952903389930725
6475.58683360081	0.984555721282959
6475.76087629881	0.9723843932151794
6475.93491899681	0.9976813197135925
6476.10896169481	1.0292959213256836
6476.28300439281	1.0376784801483154
6476.45704709081	1.0361801385879517
6476.63108978881	1.0382028818130493
6476.80513248681	1.024944543838501
6476.97917518481	1.0231784582138062
6477.15321788281	1.022807240486145
6477.32726058081	1.0303324460983276
6477.50130327881	1.0296515226364136
6477.67534597681	1.0365687608718872
6477.84938867481	1.049201250076294
6478.02343137281	1.0463380813598633
6478.19747407081	1.0356889963150024
6478.37151676881	1.037405252456665
6478.54555946681	1.0370091199874878
6478.71960216481	1.0365782976150513
6478.89364486281	1.0337539911270142
6479.06768756081	1.0212889909744263
6479.24173025881	1.0185233354568481
6479.41577295681	1.0269927978515625
6479.58981565481	1.027588963508606
6479.76385835281	1.003358244895935
6479.93790105081	0.982965886592865
6480.11194374881	0.9894263744354248
6480.28598644681	1.0200916528701782
6480.46002914481	1.0314351320266724
6480.63407184281	1.0394434928894043
6480.80811454081	1.0440895557403564
6480.98215723881	1.0315321683883667
6481.15619993681	1.0401512384414673
6481.33024263481	1.0442196130752563
6481.50428533281	1.0363627672195435
6481.67832803081	1.0351958274841309
6481.85237072881	1.035253643989563
6482.02641342681	1.0369629859924316
6482.2004561248095	1.0478662252426147
6482.37449882281	1.048449993133545
6482.5485415208095	1.0443047285079956
6482.72258421881	1.0444198846817017
6482.89662691681	1.0258477926254272
6483.07066961481	0.9908836483955383
6483.24471231281	0.9855606555938721
6483.41875501081	1.0010426044464111
6483.59279770881	0.9934347867965698
6483.76684040681	0.9894059896469116
6483.94088310481	0.998085081577301
6484.11492580281	1.0223388671875
6484.28896850081	1.0278147459030151
6484.46301119881	1.0325340032577515
6484.63705389681	1.0265566110610962
6484.81109659481	1.0272630453109741
6484.98513929281	1.0366384983062744
6485.15918199081	1.037038803100586
6485.33322468881	1.0223253965377808
6485.50726738681	1.0147757530212402
6485.68131008481	1.0226566791534424
6485.85535278281	1.0422595739364624
6486.02939548081	1.0384286642074585
6486.20343817881	1.0335617065429688
6486.37748087681	1.041555404663086
6486.55152357481	1.0269832611083984
6486.72556627281	1.0087984800338745
6486.89960897081	1.0245682001113892
6487.07365166881	1.037216067314148
6487.24769436681	1.0254582166671753
6487.42173706481	1.0298413038253784
6487.59577976281	1.0294182300567627
6487.76982246081	1.025113582611084
6487.94386515881	1.0330785512924194
6488.11790785681	1.0358210802078247
6488.29195055481	1.037893295288086
6488.46599325281	1.0380905866622925
6488.64003595081	1.0434290170669556
6488.81407864881	1.0314048528671265
6488.98812134681	1.02178156375885
6489.16216404481	1.0201282501220703
6489.33620674281	1.0337446928024292
6489.51024944081	1.04400634765625
6489.68429213881	1.0465843677520752
6489.85833483681	1.0422273874282837
6490.03237753481	1.0484267473220825
6490.20642023281	1.038281798362732
6490.38046293081	1.0315942764282227
6490.55450562881	1.001183271408081
6490.72854832681	0.9598690867424011
6490.90259102481	0.9796085357666016
6491.07663372281	1.0250372886657715
6491.25067642081	1.0434565544128418
6491.42471911881	1.0428094863891602
6491.59876181681	1.038641095161438
6491.77280451481	1.0343265533447266
6491.94684721281	1.0301706790924072
6492.12088991081	1.041499137878418
6492.29493260881	1.039298415184021
6492.46897530681	1.0290617942810059
6492.64301800481	1.0165061950683594
6492.81706070281	0.9799016714096069
6492.99110340081	0.9806199073791504
6493.16514609881	1.0033029317855835
6493.33918879681	1.0161669254302979
6493.51323149481	1.026953935623169
6493.68727419281	1.0319902896881104
6493.86131689081	1.0341006517410278
6494.03535958881	1.035042405128479
6494.20940228681	1.0236787796020508
6494.38344498481	1.0248637199401855
6494.55748768281	1.0275518894195557
6494.73153038081	1.0244686603546143
6494.9055730788095	1.037942886352539
6495.07961577681	1.0334349870681763
6495.2536584748095	1.0232913494110107
6495.42770117281	1.0335581302642822
6495.6017438708095	1.0070916414260864
6495.77578656881	0.9599428176879883
6495.9498292668095	0.9672700762748718
6496.12387196481	1.008976936340332
6496.2979146628095	1.0248831510543823
6496.47195736081	1.0308672189712524
6496.64600005881	1.0483590364456177
6496.82004275681	1.0376389026641846
6496.99408545481	1.02956223487854
6497.16812815281	1.0311305522918701
6497.34217085081	1.018409252166748
6497.51621354881	1.0108944177627563
6497.69025624681	1.0211598873138428
6497.86429894481	1.0334035158157349
6498.03834164281	1.0331709384918213
6498.21238434081	1.0322706699371338
6498.38642703881	1.031803846359253
6498.56046973681	1.0278223752975464
6498.73451243481	1.0355333089828491
6498.90855513281	1.0411297082901
6499.08259783081	1.0439127683639526
6499.25664052881	1.0317859649658203
6499.43068322681	1.0397465229034424
6499.60472592481	1.0411664247512817
6499.77876862281	1.0206313133239746
6499.95281132081	1.0240821838378906
6500.12685401881	1.031875491142273
6500.30089671681	1.0212045907974243
6500.47493941481	1.025199055671692
6500.64898211281	1.0320342779159546
6500.82302481081	1.0289101600646973
6500.99706750881	1.0390474796295166
6501.17111020681	1.0397865772247314
6501.34515290481	1.0221816301345825
6501.51919560281	1.017318844795227
6501.69323830081	1.0257476568222046
6501.86728099881	1.032122015953064
6502.04132369681	1.0268577337265015
6502.21536639481	1.031267762184143
6502.38940909281	1.033983588218689
6502.56345179081	1.020052433013916
6502.73749448881	1.0187945365905762
6502.91153718681	1.0272200107574463
6503.08557988481	1.0231400728225708
6503.25962258281	1.0233174562454224
6503.43366528081	1.0175262689590454
6503.60770797881	1.0242481231689453
6503.78175067681	1.03070068359375
6503.95579337481	1.0213156938552856
6504.12983607281	1.0164738893508911
6504.30387877081	1.00672447681427
6504.47792146881	1.0063210725784302
6504.65196416681	1.031421422958374
6504.82600686481	1.0225951671600342
6505.00004956281	1.0188171863555908
6505.17409226081	1.0260928869247437
6505.34813495881	1.0270872116088867
6505.52217765681	1.017014503479004
6505.69622035481	1.0136425495147705
6505.87026305281	1.0255213975906372
6506.04430575081	1.0179027318954468
6506.21834844881	1.0128002166748047
6506.39239114681	1.0221366882324219
6506.56643384481	1.0222716331481934
6506.74047654281	1.0223276615142822
6506.91451924081	1.0217336416244507
6507.08856193881	1.0229052305221558
6507.26260463681	1.0262446403503418
6507.43664733481	1.024733066558838
6507.6106900328095	1.0056065320968628
6507.78473273081	1.011736273765564
6507.9587754288095	1.0130053758621216
6508.13281812681	1.0134607553482056
6508.3068608248095	1.0180860757827759
6508.48090352281	0.990108847618103
6508.6549462208095	0.990601658821106
6508.82898891881	1.005275011062622
6509.0030316168095	1.0170540809631348
6509.17707431481	1.0300331115722656
6509.3511170128095	1.0257459878921509
6509.52515971081	1.0200560092926025
6509.6992024088095	1.0242323875427246
6509.87324510681	1.0200766324996948
6510.0472878048095	1.0156457424163818
6510.22133050281	1.0217115879058838
6510.39537320081	1.0187355279922485
6510.56941589881	1.0200438499450684
6510.74345859681	1.017325758934021
6510.91750129481	1.0185339450836182
6511.09154399281	1.019161343574524
6511.26558669081	1.0181736946105957
6511.43962938881	1.0103999376296997
6511.61367208681	1.0079283714294434
6511.78771478481	1.0100458860397339
6511.96175748281	0.9930409789085388
6512.13580018081	0.9890812039375305
6512.30984287881	1.005051851272583
6512.48388557681	1.0137971639633179
6512.65792827481	1.0208569765090942
6512.83197097281	1.0243685245513916
6513.00601367081	1.0211206674575806
6513.18005636881	1.0165752172470093
6513.35409906681	1.0153625011444092
6513.52814176481	1.009773850440979
6513.70218446281	1.0057631731033325
6513.87622716081	1.029402256011963
6514.05026985881	1.0073444843292236
6514.22431255681	0.9912959933280945
6514.39835525481	0.9884285926818848
6514.57239795281	0.9622132778167725
6514.74644065081	0.9358019232749939
6514.92048334881	0.9657749533653259
6515.09452604681	1.0039089918136597
6515.26856874481	1.0144509077072144
6515.44261144281	1.0098456144332886
6515.61665414081	0.991426944732666
6515.79069683881	0.9923611879348755
6515.96473953681	0.9951358437538147
6516.13878223481	1.0053205490112305
6516.31282493281	0.961307942867279
6516.48686763081	0.8868904709815979
6516.66091032881	0.9093639254570007
6516.83495302681	0.9889764189720154
6517.00899572481	0.9965366125106812
6517.18303842281	0.9822084903717041
6517.35708112081	0.9977229237556458
6517.53112381881	1.0135987997055054
6517.70516651681	1.0129164457321167
6517.87920921481	0.9988465309143066
6518.05325191281	0.9937565326690674
6518.22729461081	0.9990479350090027
6518.40133730881	1.0040910243988037
6518.57538000681	1.0092767477035522
6518.74942270481	1.000157356262207
6518.92346540281	0.9904455542564392
6519.09750810081	0.9871091842651367
6519.27155079881	0.966594934463501
6519.44559349681	0.9556168913841248
6519.61963619481	0.9798606634140015
6519.79367889281	1.010176420211792
6519.96772159081	1.016548991203308
6520.14176428881	1.019081473350525
6520.31580698681	1.0069407224655151
6520.48984968481	1.006667971611023
6520.6638923828095	1.010770320892334
6520.83793508081	1.0109485387802124
6521.0119777788095	1.0096726417541504
6521.18602047681	1.002987027168274
6521.3600631748095	1.0007857084274292
6521.53410587281	1.006643295288086
6521.7081485708095	1.002084732055664
6521.88219126881	1.002667784690857
6522.0562339668095	1.0001745223999023
6522.23027666481	0.9877415895462036
6522.4043193628095	1.0018048286437988
6522.57836206081	1.0057443380355835
6522.7524047588095	1.009427785873413
6522.92644745681	1.0056653022766113
6523.100490154809	1.0031988620758057
6523.27453285281	0.9953187704086304
6523.448575550809	0.9851827621459961
6523.62261824881	0.9740623235702515
6523.79666094681	0.9495491981506348
6523.97070364481	0.9604796767234802
6524.14474634281	0.9900291562080383
6524.31878904081	1.0060780048370361
6524.49283173881	1.003574252128601
6524.66687443681	1.0055712461471558
6524.84091713481	1.0104635953903198
6525.01495983281	1.0088093280792236
6525.18900253081	1.0083706378936768
6525.36304522881	1.0066982507705688
6525.53708792681	1.000051736831665
6525.71113062481	0.9952064156532288
6525.88517332281	0.9942059516906738
6526.05921602081	1.0019798278808594
6526.23325871881	1.009747862815857
6526.40730141681	1.0030272006988525
6526.58134411481	1.0089219808578491
6526.75538681281	1.0117437839508057
6526.92942951081	1.002150058746338
6527.10347220881	1.0101368427276611
6527.27751490681	1.0039342641830444
6527.45155760481	0.9966833591461182
6527.62560030281	0.9959174990653992
6527.79964300081	0.9969755411148071
6527.97368569881	0.9928705096244812
6528.14772839681	0.9968030452728271
6528.32177109481	1.0025668144226074
6528.49581379281	1.0120470523834229
6528.66985649081	1.000950574874878
6528.84389918881	0.9979038834571838
6529.01794188681	1.0016380548477173
6529.19198458481	0.9998226761817932
6529.36602728281	0.9955471754074097
6529.54006998081	0.9959647059440613
6529.71411267881	0.9979218244552612
6529.88815537681	0.9984167814254761
6530.06219807481	1.0078450441360474
6530.23624077281	0.9930932521820068
6530.41028347081	0.9895551800727844
6530.58432616881	0.9844240546226501
6530.75836886681	0.9900856018066406
6530.93241156481	0.9912219643592834
6531.10645426281	0.9984863996505737
6531.28049696081	1.0032202005386353
6531.45453965881	0.9967635869979858
6531.62858235681	0.9936274886131287
6531.80262505481	0.9926435351371765
6531.97666775281	0.9795049428939819
6532.15071045081	0.9589206576347351
6532.32475314881	0.9387449622154236
6532.49879584681	0.9652566909790039
6532.67283854481	0.9828208684921265
6532.84688124281	0.9841582179069519
6533.02092394081	0.989753007888794
6533.19496663881	0.9835219979286194
6533.3690093368095	0.985343337059021
6533.54305203481	0.9796496033668518
6533.7170947328095	0.9776106476783752
6533.89113743081	0.9698478579521179
6534.0651801288095	0.9614992737770081
6534.23922282681	0.9672918319702148
6534.4132655248095	0.9809728860855103
6534.58730822281	0.982721745967865
6534.7613509208095	0.9755837917327881
6534.93539361881	0.9875788688659668
6535.1094363168095	0.9836145639419556
6535.28347901481	0.9893423318862915
6535.4575217128095	1.0025465488433838
6535.63156441081	0.9929440021514893
6535.805607108809	0.9954013228416443
6535.97964980681	0.9967334866523743
6536.153692504809	0.9932159185409546
6536.32773520281	0.976436972618103
6536.501777900809	0.9741425514221191
6536.67582059881	0.9686385989189148
6536.849863296809	0.9746357798576355
6537.02390599481	0.991682767868042
6537.19794869281	0.9776183366775513
6537.37199139081	0.9722129106521606
6537.54603408881	0.9822096228599548
6537.72007678681	0.9891158938407898
6537.89411948481	0.9897036552429199
6538.06816218281	0.9896610379219055
6538.24220488081	0.9866544008255005
6538.41624757881	0.9777444005012512
6538.59029027681	0.9872555136680603
6538.76433297481	0.9829894304275513
6538.93837567281	0.9879451394081116
6539.11241837081	0.9796606302261353
6539.28646106881	0.9727992415428162
6539.46050376681	0.9740763902664185
6539.63454646481	0.9759941697120667
6539.80858916281	0.9809435606002808
6539.98263186081	0.9806322455406189
6540.15667455881	0.9775569438934326
6540.33071725681	0.9679478406906128
6540.50475995481	0.9771952033042908
6540.67880265281	0.9777307510375977
6540.85284535081	0.9739515781402588
6541.02688804881	0.9671725034713745
6541.20093074681	0.968168318271637
6541.37497344481	0.9707264304161072
6541.54901614281	0.9759054183959961
6541.72305884081	0.9772163033485413
6541.89710153881	0.9650823473930359
6542.07114423681	0.9544128179550171
6542.24518693481	0.9402791857719421
6542.41922963281	0.9473972320556641
6542.59327233081	0.9593040943145752
6542.76731502881	0.9640011787414551
6542.94135772681	0.9662216901779175
6543.11540042481	0.9681308269500732
6543.28944312281	0.9631777405738831
6543.46348582081	0.9559118151664734
6543.63752851881	0.9237492680549622
6543.81157121681	0.8861201405525208
6543.98561391481	0.9018727540969849
6544.15965661281	0.9367594718933105
6544.33369931081	0.9521557688713074
6544.50774200881	0.955245852470398
6544.68178470681	0.9501616954803467
6544.85582740481	0.9544455409049988
6545.02987010281	0.9534594416618347
6545.20391280081	0.9405691027641296
6545.37795549881	0.9456250071525574
6545.55199819681	0.9456382989883423
6545.72604089481	0.937055230140686
6545.90008359281	0.9361905455589294
6546.0741262908095	0.943764865398407
6546.24816898881	0.9399997591972351
6546.4222116868095	0.9385626316070557
6546.59625438481	0.950201690196991
6546.7702970828095	0.9423202872276306
6546.94433978081	0.9403634071350098
6547.1183824788095	0.9384877681732178
6547.29242517681	0.9377017021179199
6547.4664678748095	0.9256551861763
6547.64051057281	0.9036471247673035
6547.8145532708095	0.9200606942176819
6547.98859596881	0.9410675764083862
6548.1626386668095	0.9415363073348999
6548.33668136481	0.9172967076301575
6548.5107240628095	0.876650333404541
6548.68476676081	0.8852664828300476
6548.858809458809	0.9220025539398193
6549.03285215681	0.9225698709487915
6549.206894854809	0.9224240183830261
6549.38093755281	0.9392375946044922
6549.554980250809	0.9440445899963379
6549.72902294881	0.9332232475280762
6549.903065646809	0.925423800945282
6550.07710834481	0.9272017478942871
6550.251151042809	0.9278047680854797
6550.42519374081	0.9266300797462463
6550.599236438809	0.9277905821800232
6550.77327913681	0.9298434257507324
6550.94732183481	0.9219719767570496
6551.12136453281	0.912791907787323
6551.29540723081	0.9147425889968872
6551.46944992881	0.9112198948860168
6551.64349262681	0.9108366966247559
6551.81753532481	0.906119704246521
6551.99157802281	0.8976125717163086
6552.16562072081	0.903032124042511
6552.33966341881	0.8917189836502075
6552.51370611681	0.848846971988678
6552.68774881481	0.849272608757019
6552.86179151281	0.8796346783638
6553.03583421081	0.8818643093109131
6553.20987690881	0.8838633894920349
6553.38391960681	0.8880131244659424
6553.55796230481	0.8755620121955872
6553.73200500281	0.8678136467933655
6553.90604770081	0.8734988570213318
6554.08009039881	0.8706666827201843
6554.25413309681	0.8768466711044312
6554.42817579481	0.8803600072860718
6554.60221849281	0.8783960938453674
6554.77626119081	0.8715010285377502
6554.95030388881	0.8603190779685974
6555.12434658681	0.866567075252533
6555.29838928481	0.8629887700080872
6555.47243198281	0.8560680747032166
6555.64647468081	0.8523401618003845
6555.82051737881	0.8449645042419434
6555.99456007681	0.8389136791229248
6556.16860277481	0.8417216539382935
6556.34264547281	0.8400593400001526
6556.51668817081	0.8431472182273865
6556.69073086881	0.826798141002655
6556.86477356681	0.8121547698974609
6557.03881626481	0.7971314191818237
6557.21285896281	0.7876765727996826
6557.38690166081	0.8101692199707031
6557.56094435881	0.8121722936630249
6557.73498705681	0.7963039875030518
6557.90902975481	0.7838563323020935
6558.08307245281	0.7664988040924072
6558.25711515081	0.7734531164169312
6558.43115784881	0.7780938148498535
6558.60520054681	0.7790625691413879
6558.77924324481	0.7744863629341125
6558.95328594281	0.778408944606781
6559.1273286408095	0.7822068929672241
6559.30137133881	0.7796940803527832
6559.4754140368095	0.785467803478241
6559.64945673481	0.7801370620727539
6559.8234994328095	0.7864747643470764
6559.99754213081	0.8036090731620789
6560.1715848288095	0.8055590987205505
6560.34562752681	0.8081575632095337
6560.5196702248095	0.8178840279579163
6560.69371292281	0.8308408856391907
6560.8677556208095	0.8376469612121582
6561.04179831881	0.8424559831619263
6561.2158410168095	0.8413586616516113
6561.38988371481	0.8425021767616272
6561.563926412809	0.8327715396881104
6561.73796911081	0.8160238265991211
6561.912011808809	0.8044053912162781
6562.08605450681	0.7857357859611511
6562.260097204809	0.7806379199028015
6562.43413990281	0.7610058188438416
6562.608182600809	0.754679262638092
6562.78222529881	0.7552436590194702
6562.956267996809	0.755222499370575
6563.13031069481	0.7548994421958923
6563.304353392809	0.7414979338645935
6563.47839609081	0.7384630441665649
6563.652438788809	0.7433345317840576
6563.82648148681	0.75282222032547
6564.000524184809	0.7332080602645874
6564.17456688281	0.7530239224433899
6564.348609580809	0.7822211980819702
6564.52265227881	0.8080214262008667
6564.69669497681	0.8184102773666382
6564.87073767481	0.8348894715309143
6565.04478037281	0.8278204798698425
6565.21882307081	0.8343585729598999
6565.39286576881	0.8318319320678711
6565.56690846681	0.8287663459777832
6565.74095116481	0.8286972641944885
6565.91499386281	0.8277159333229065
6566.08903656081	0.819803774356842
6566.26307925881	0.8014430999755859
6566.43712195681	0.7929994463920593
6566.61116465481	0.7877275347709656
6566.78520735281	0.7762371897697449
6566.95925005081	0.780048668384552
6567.13329274881	0.7760420441627502
6567.30733544681	0.7711940407752991
6567.48137814481	0.7758615612983704
6567.65542084281	0.7789658904075623
6567.82946354081	0.780369758605957
6568.00350623881	0.7792378664016724
6568.17754893681	0.7808270454406738
6568.35159163481	0.7917687892913818
6568.52563433281	0.7895491123199463
6568.69967703081	0.7884397506713867
6568.87371972881	0.7912845015525818
6569.04776242681	0.8008509874343872
6569.22180512481	0.7975026965141296
6569.39584782281	0.8110615015029907
6569.56989052081	0.8279759883880615
6569.74393321881	0.8206238150596619
6569.91797591681	0.8130757212638855
6570.09201861481	0.8223602771759033
6570.26606131281	0.8422497510910034
6570.44010401081	0.8434605598449707
6570.61414670881	0.8261746764183044
6570.78818940681	0.8488487601280212
6570.96223210481	0.8401880264282227
6571.13627480281	0.8536967039108276
6571.31031750081	0.8546255230903625
6571.48436019881	0.8568315505981445
6571.65840289681	0.8559476137161255
6571.8324455948095	0.8424561023712158
6572.00648829281	0.8220838308334351
6572.1805309908095	0.8360682129859924
6572.35457368881	0.8686130046844482
6572.5286163868095	0.8735935688018799
6572.70265908481	0.8802370429039001
6572.8767017828095	0.8784975409507751
6573.05074448081	0.8773794770240784
6573.2247871788095	0.8795514106750488
6573.39882987681	0.8777381777763367
6573.5728725748095	0.8759153485298157
6573.74691527281	0.894572377204895
6573.9209579708095	0.8940880298614502
6574.09500066881	0.8887621760368347
6574.2690433668095	0.8836373090744019
6574.44308606481	0.8927677869796753
6574.617128762809	0.866557240486145
6574.79117146081	0.8327805399894714
6574.965214158809	0.8718286156654358
6575.13925685681	0.9002234935760498
6575.313299554809	0.9080995917320251
6575.48734225281	0.9102463722229004
6575.661384950809	0.9091504812240601
6575.83542764881	0.9090691804885864
6576.009470346809	0.9028444886207581
6576.18351304481	0.8974417448043823
6576.357555742809	0.9088132977485657
6576.53159844081	0.9172652363777161
6576.705641138809	0.9078730940818787
6576.87968383681	0.9116753935813904
6577.053726534809	0.9127142429351807
6577.22776923281	0.9146488904953003
6577.401811930809	0.9134526252746582
6577.57585462881	0.9148104190826416
6577.74989732681	0.9096646904945374
6577.92394002481	0.9160853028297424
6578.097982722809	0.9155163764953613
6578.27202542081	0.9158951640129089
6578.44606811881	0.9163486957550049
6578.62011081681	0.9136213064193726
6578.79415351481	0.9180902242660522
6578.96819621281	0.9266330003738403
6579.14223891081	0.9182614088058472
6579.31628160881	0.9243718981742859
6579.49032430681	0.9234866499900818
6579.66436700481	0.9206082224845886
6579.83840970281	0.9221212267875671
6580.01245240081	0.9291120171546936
6580.18649509881	0.9321682453155518
6580.36053779681	0.9275440573692322
6580.53458049481	0.9250283241271973
6580.70862319281	0.905573844909668
6580.88266589081	0.9041812419891357
6581.05670858881	0.9257047772407532
6581.23075128681	0.9294260740280151
6581.40479398481	0.9264737963676453
6581.57883668281	0.9281710982322693
6581.75287938081	0.91622394323349
6581.92692207881	0.9217174053192139
6582.10096477681	0.9313082098960876
6582.27500747481	0.9241021871566772
6582.44905017281	0.9239823818206787
6582.62309287081	0.9265860915184021
6582.79713556881	0.921954333782196
6582.97117826681	0.9220612049102783
6583.14522096481	0.9236047267913818
6583.31926366281	0.9252309799194336
6583.49330636081	0.9235125780105591
6583.66734905881	0.9217633605003357
6583.84139175681	0.918389081954956
6584.01543445481	0.9218915700912476
6584.18947715281	0.9257410764694214
6584.36351985081	0.9323943853378296
6584.53756254881	0.9399082064628601
6584.71160524681	0.9344189763069153
6584.8856479448095	0.9257102608680725
6585.05969064281	0.9315075874328613
6585.2337333408095	0.9295061826705933
6585.40777603881	0.92646324634552
6585.5818187368095	0.9237672686576843
6585.75586143481	0.9186444282531738
6585.9299041328095	0.9211071729660034
6586.10394683081	0.9274842143058777
6586.2779895288095	0.92327880859375
6586.45203222681	0.9058030247688293
6586.6260749248095	0.9130395650863647
6586.80011762281	0.9275907874107361
6586.9741603208095	0.9263505339622498
6587.14820301881	0.9280359745025635
6587.322245716809	0.9320263862609863
6587.49628841481	0.9391524195671082
6587.670331112809	0.9323209524154663
6587.84437381081	0.9257435202598572
6588.018416508809	0.9284184575080872
6588.19245920681	0.9311785697937012
6588.366501904809	0.9314814209938049
6588.54054460281	0.9375327825546265
6588.714587300809	0.9398942589759827
6588.88862999881	0.9321668148040771
6589.062672696809	0.9315783977508545
6589.23671539481	0.9276459813117981
6589.410758092809	0.92818284034729
6589.58480079081	0.9347624778747559
6589.758843488809	0.9389525651931763
6589.93288618681	0.9287717938423157
6590.106928884809	0.9315304756164551
6590.28097158281	0.9275288581848145
6590.455014280809	0.9338855743408203
6590.62905697881	0.9351980090141296
6590.803099676809	0.9218804836273193
6590.97714237481	0.9232273697853088
6591.151185072809	0.9392768740653992
6591.32522777081	0.9294490814208984
6591.49927046881	0.9216635227203369
6591.67331316681	0.941567599773407
6591.84735586481	0.9437021613121033
6592.02139856281	0.9269344210624695
6592.19544126081	0.9293897151947021
6592.36948395881	0.9423863291740417
6592.54352665681	0.9366250038146973
6592.71756935481	0.9236934781074524
6592.89161205281	0.9338823556900024
6593.06565475081	0.9260443449020386
6593.23969744881	0.9255374670028687
6593.41374014681	0.9280575513839722
6593.58778284481	0.9271275997161865
6593.76182554281	0.9270304441452026
6593.93586824081	0.9209681153297424
6594.10991093881	0.9293228387832642
6594.28395363681	0.9187156558036804
6594.45799633481	0.9294412732124329
6594.63203903281	0.9285100102424622
6594.80608173081	0.9242220520973206
6594.98012442881	0.9232996702194214
6595.15416712681	0.931465744972229
6595.32820982481	0.9393458962440491
6595.50225252281	0.9298974871635437
6595.67629522081	0.9277269244194031
6595.85033791881	0.9268121123313904
6596.02438061681	0.9230343103408813
6596.19842331481	0.9342230558395386
6596.37246601281	0.930359423160553
6596.54650871081	0.9292728900909424
6596.72055140881	0.930261492729187
6596.89459410681	0.9297899603843689
6597.06863680481	0.92962247133255
6597.24267950281	0.942784309387207
6597.41672220081	0.9363735914230347
6597.5907648988095	0.926143229007721
6597.76480759681	0.9366216659545898
6597.9388502948095	0.9329253435134888
6598.11289299281	0.9285337924957275
6598.2869356908095	0.9264671206474304
6598.46097838881	0.9255867004394531
6598.6350210868095	0.9288370609283447
6598.80906378481	0.9305337071418762
6598.9831064828095	0.9244029521942139
6599.15714918081	0.9193161725997925
6599.3311918788095	0.9189310073852539
6599.50523457681	0.9294746518135071
6599.6792772748095	0.9205766916275024
6599.85331997281	0.912344753742218
6600.027362670809	0.9257611036300659
6600.20140536881	0.9243050813674927
6600.375448066809	0.9259830117225647
6600.54949076481	0.9252745509147644
6600.723533462809	0.9303210973739624
6600.89757616081	0.937595546245575
6601.071618858809	0.9366058111190796
6601.24566155681	0.9352638721466064
6601.419704254809	0.9307100772857666
6601.59374695281	0.9288314580917358
6601.767789650809	0.931769847869873
6601.94183234881	0.9183375239372253
6602.115875046809	0.9268972277641296
6602.28991774481	0.929288387298584
6602.463960442809	0.921957790851593
6602.63800314081	0.9354559779167175
6602.812045838809	0.9398182034492493
6602.98608853681	0.9285598397254944
6603.160131234809	0.9394912719726562
6603.33417393281	0.9327746629714966
6603.508216630809	0.9263975620269775
6603.68225932881	0.9291148781776428
6603.856302026809	0.9283087253570557
6604.03034472481	0.933499813079834
6604.204387422809	0.930785596370697
6604.37843012081	0.9290591478347778
6604.552472818809	0.9341696500778198
6604.72651551681	0.9244376420974731
6604.900558214809	0.922910749912262
6605.07460091281	0.9254810214042664
6605.24864361081	0.9245890974998474
6605.42268630881	0.9221243858337402
6605.59672900681	0.9168724417686462
6605.77077170481	0.9348190426826477
6605.94481440281	0.9330223798751831
6606.11885710081	0.9334105253219604
6606.29289979881	0.9272611141204834
6606.46694249681	0.9263426065444946
6606.64098519481	0.9187957048416138
6606.81502789281	0.9268820881843567
6606.98907059081	0.9309976100921631
6607.16311328881	0.9217490553855896
6607.33715598681	0.922855794429779
6607.51119868481	0.9185371994972229
6607.68524138281	0.9176587462425232
6607.85928408081	0.9209918975830078
6608.03332677881	0.9297010898590088
6608.20736947681	0.9311333894729614
6608.38141217481	0.9274884462356567
6608.55545487281	0.9278361201286316
6608.72949757081	0.9276828169822693
6608.90354026881	0.9178286790847778
6609.07758296681	0.9217190742492676
6609.25162566481	0.9195573329925537
6609.42566836281	0.922228217124939
6609.59971106081	0.9232041239738464
6609.77375375881	0.9255219101905823
6609.94779645681	0.9242319464683533
6610.12183915481	0.9206362962722778
6610.2958818528095	0.9182506203651428
6610.46992455081	0.9296901226043701
6610.6439672488095	0.9271435737609863
6610.81800994681	0.9158238172531128
6610.9920526448095	0.9215750694274902
6611.16609534281	0.9310119152069092
6611.3401380408095	0.910932719707489
6611.51418073881	0.9156250357627869
6611.6882234368095	0.9276700615882874
6611.86226613481	0.9217743873596191
6612.0363088328095	0.9146548509597778
6612.21035153081	0.9186081290245056
6612.3843942288095	0.9111106991767883
6612.55843692681	0.9103958606719971
6612.7324796248095	0.9189822673797607
6612.90652232281	0.9215539693832397
6613.080565020809	0.9122180342674255
6613.25460771881	0.9169665575027466
6613.428650416809	0.9221527576446533
6613.60269311481	0.9224027991294861
6613.776735812809	0.9266363978385925
6613.95077851081	0.9119739532470703
6614.124821208809	0.909473180770874
6614.29886390681	0.9108043909072876
6614.472906604809	0.9032164216041565
6614.64694930281	0.910922646522522
6614.820992000809	0.9212077856063843
6614.99503469881	0.9159915447235107
6615.169077396809	0.9128913283348083
6615.34312009481	0.914976179599762
6615.517162792809	0.9131837487220764
6615.69120549081	0.9143480062484741
6615.865248188809	0.9256455302238464
6616.03929088681	0.9111552238464355
6616.213333584809	0.9094000458717346
6616.38737628281	0.9190887212753296
6616.561418980809	0.9078996777534485
6616.73546167881	0.9136249423027039
6616.909504376809	0.9197043776512146
6617.08354707481	0.9186450242996216
6617.257589772809	0.9119613170623779
6617.43163247081	0.9059640169143677
6617.605675168809	0.915803074836731
6617.77971786681	0.9041130542755127
6617.953760564809	0.9003254771232605
6618.12780326281	0.9115318655967712
6618.30184596081	0.9097014665603638
6618.47588865881	0.9138487577438354
6618.649931356809	0.9112220406532288
6618.82397405481	0.9095340967178345
6618.99801675281	0.9066957235336304
6619.17205945081	0.9031475186347961
6619.34610214881	0.9031216502189636
6619.52014484681	0.9039601683616638
6619.69418754481	0.9149114489555359
6619.86823024281	0.9121645092964172
6620.04227294081	0.9056946635246277
6620.21631563881	0.912123441696167
6620.39035833681	0.9084806442260742
6620.56440103481	0.8951026797294617
6620.73844373281	0.9031467437744141
6620.91248643081	0.9023645520210266
6621.08652912881	0.9080420136451721
6621.26057182681	0.9004244208335876
6621.43461452481	0.8918631672859192
6621.60865722281	0.9001221656799316
6621.78269992081	0.9098831415176392
6621.95674261881	0.8990334272384644
6622.13078531681	0.8949719071388245
6622.30482801481	0.903657853603363
6622.47887071281	0.9028722047805786
6622.65291341081	0.905240535736084
6622.82695610881	0.9008467793464661
6623.00099880681	0.9073470830917358
6623.17504150481	0.9082342386245728
6623.3490842028095	0.9068160653114319
6623.52312690081	0.9084773063659668
6623.6971695988095	0.9033072590827942
6623.87121229681	0.9013227820396423
6624.0452549948095	0.9096242785453796
6624.21929769281	0.9042248129844666
6624.3933403908095	0.8992160558700562
6624.56738308881	0.8938302397727966
6624.7414257868095	0.8990121483802795
6624.91546848481	0.8991248607635498
6625.0895111828095	0.9071155786514282
6625.26355388081	0.888665497303009
6625.4375965788095	0.9021245837211609
6625.61163927681	0.9037625193595886
6625.785681974809	0.894874632358551
6625.95972467281	0.8998714089393616
6626.133767370809	0.8993523120880127
6626.30781006881	0.8952894806861877
6626.481852766809	0.8934305310249329
6626.65589546481	0.89384925365448
6626.829938162809	0.8909262418746948
6627.00398086081	0.8970931768417358
6627.178023558809	0.8993398547172546
6627.35206625681	0.8907082676887512
6627.526108954809	0.8937371373176575
6627.70015165281	0.8954400420188904
6627.874194350809	0.8898196816444397
6628.04823704881	0.8891286849975586
6628.222279746809	0.8890605568885803
6628.39632244481	0.8936368227005005
6628.570365142809	0.8932453393936157
6628.74440784081	0.8892313241958618
6628.918450538809	0.8910934925079346
6629.09249323681	0.8936505913734436
6629.266535934809	0.8968798518180847
6629.44057863281	0.8899255990982056
6629.614621330809	0.889540433883667
6629.78866402881	0.8857901692390442
6629.962706726809	0.8864185214042664
6630.13674942481	0.8885239958763123
6630.310792122809	0.8951376676559448
6630.48483482081	0.892123281955719
6630.658877518809	0.8908389210700989
6630.83292021681	0.8944820165634155
6631.006962914809	0.8830476403236389
6631.18100561281	0.8875566720962524
6631.355048310809	0.8888648748397827
6631.52909100881	0.8853725790977478
6631.703133706809	0.8859530091285706
6631.87717640481	0.8863466382026672
6632.05121910281	0.8830606937408447
6632.22526180081	0.8829817771911621
6632.399304498809	0.8873894214630127
6632.57334719681	0.8876231908798218
6632.74738989481	0.8916162848472595
6632.92143259281	0.8897339701652527
6633.09547529081	0.8759198188781738
6633.26951798881	0.881947934627533
6633.44356068681	0.895788311958313
6633.61760338481	0.8873426914215088
6633.79164608281	0.884479820728302
6633.96568878081	0.8853591084480286
6634.13973147881	0.8836958408355713
6634.31377417681	0.889750063419342
6634.48781687481	0.8805139660835266
6634.66185957281	0.8817033171653748
6634.83590227081	0.8822951912879944
6635.00994496881	0.8902782201766968
6635.18398766681	0.8849625587463379
6635.35803036481	0.8869603872299194
6635.53207306281	0.8805415034294128
6635.70611576081	0.8828456401824951
6635.88015845881	0.8819345235824585
6636.0542011568095	0.8839470744132996
6636.22824385481	0.8818305134773254
6636.4022865528095	0.8823202848434448
6636.57632925081	0.8839105367660522
6636.7503719488095	0.8757617473602295
6636.92441464681	0.8737716674804688
6637.0984573448095	0.8781286478042603
6637.27250004281	0.8788629174232483
6637.4465427408095	0.8758335709571838
6637.62058543881	0.87296462059021
6637.7946281368095	0.876311719417572
6637.96867083481	0.8741555213928223
6638.1427135328095	0.8761913776397705
6638.31675623081	0.8766253590583801
6638.490798928809	0.876474142074585
6638.66484162681	0.8728576302528381
6638.838884324809	0.8795389533042908
6639.01292702281	0.8681930303573608
6639.186969720809	0.8669573664665222
6639.36101241881	0.8757053017616272
6639.535055116809	0.8779404759407043
6639.70909781481	0.8756320476531982
6639.883140512809	0.8796004056930542
6640.05718321081	0.8770816326141357
6640.231225908809	0.8718262314796448
6640.40526860681	0.870940625667572
6640.579311304809	0.8646921515464783
6640.75335400281	0.8693839907646179
6640.927396700809	0.8708788752555847
6641.10143939881	0.87654709815979
6641.275482096809	0.8703421950340271
6641.44952479481	0.8614474534988403
6641.623567492809	0.8749096393585205
6641.79761019081	0.8722876310348511
6641.971652888809	0.8697609901428223
6642.14569558681	0.8691860437393188
6642.319738284809	0.860773503780365
6642.49378098281	0.8669660091400146
6642.667823680809	0.8670806288719177
6642.84186637881	0.8697654008865356
6643.015909076809	0.8728634119033813
6643.18995177481	0.8672327399253845
6643.363994472809	0.8623344898223877
6643.53803717081	0.8621989488601685
6643.712079868809	0.8616496324539185
6643.88612256681	0.8655657172203064
6644.060165264809	0.8659421801567078
6644.23420796281	0.8621281385421753
6644.408250660809	0.8619310855865479
6644.58229335881	0.8623176217079163
6644.756336056809	0.8702260851860046
6644.93037875481	0.869222104549408
6645.104421452809	0.8653972148895264
6645.27846415081	0.8559634685516357
6645.452506848809	0.8567448258399963
6645.62654954681	0.8622949123382568
6645.80059224481	0.8615009784698486
6645.97463494281	0.866352915763855
6646.148677640809	0.8624164462089539
6646.32272033881	0.8632184267044067
6646.49676303681	0.8645322322845459
6646.67080573481	0.8658550977706909
6646.84484843281	0.864086925983429
6647.01889113081	0.8635320067405701
6647.19293382881	0.8610671162605286
6647.36697652681	0.8621309399604797
6647.54101922481	0.8613290786743164
6647.71506192281	0.8599511384963989
6647.88910462081	0.8587404489517212
6648.06314731881	0.8627411723136902
6648.23719001681	0.8620957136154175
6648.41123271481	0.85799640417099
6648.58527541281	0.8603358268737793
6648.7593181108095	0.8578487634658813
6648.93336080881	0.8496265411376953
6649.1074035068095	0.8557257056236267
6649.28144620481	0.8657643795013428
6649.4554889028095	0.8562521934509277
6649.62953160081	0.8569198846817017
6649.8035742988095	0.861183762550354
6649.97761699681	0.8533746600151062
6650.1516596948095	0.845025360584259
6650.32570239281	0.8549582362174988
6650.4997450908095	0.8537411093711853
6650.67378778881	0.8578271865844727
6650.8478304868095	0.849088191986084
6651.02187318481	0.8373993039131165
6651.1959158828095	0.8551240563392639
6651.36995858081	0.8541868329048157
6651.544001278809	0.8509087562561035
6651.71804397681	0.8491816520690918
6651.892086674809	0.8548399209976196
6652.06612937281	0.843890905380249
6652.240172070809	0.8436185717582703
6652.41421476881	0.8492497801780701
6652.588257466809	0.8433257937431335
6652.76230016481	0.8503220081329346
6652.936342862809	0.8529268503189087
6653.11038556081	0.8483157157897949
6653.284428258809	0.8436703681945801
6653.45847095681	0.8512828946113586
6653.632513654809	0.8516255021095276
6653.80655635281	0.8527862429618835
6653.980599050809	0.859505832195282
6654.15464174881	0.8445436358451843
6654.328684446809	0.8373450040817261
6654.50272714481	0.8516270518302917
6654.676769842809	0.8496667742729187
6654.85081254081	0.8450791835784912
6655.024855238809	0.8414965867996216
6655.19889793681	0.8434804677963257
6655.372940634809	0.8495984673500061
6655.54698333281	0.8482811450958252
6655.721026030809	0.8541222810745239
6655.89506872881	0.8470315933227539
6656.069111426809	0.8447008728981018
6656.24315412481	0.8366469740867615
6656.417196822809	0.8347426652908325
6656.59123952081	0.8364441990852356
6656.765282218809	0.8413944244384766
6656.93932491681	0.8499668836593628
6657.113367614809	0.8419296741485596
6657.28741031281	0.8405131697654724
6657.461453010809	0.8389289975166321
6657.63549570881	0.8448976874351501
6657.809538406809	0.8448664546012878
6657.98358110481	0.8416587710380554
6658.157623802809	0.8442522883415222
6658.33166650081	0.8368968963623047
6658.505709198809	0.8289216160774231
6658.67975189681	0.8263746500015259
6658.853794594809	0.8297275304794312
