6487.86349487	0.0579142779998
6487.86349486853	1.0521913766860962
6487.92140914653	1.0412492752075195
6487.97932342453	1.0337438583374023
6488.03723770253	1.0335392951965332
6488.095151980529	1.0343035459518433
6488.153066258529	1.0365134477615356
6488.210980536529	1.0371326208114624
6488.268894814529	1.0279475450515747
6488.3268090925285	1.017220377922058
6488.384723370528	1.02325439453125
6488.442637648528	1.0333850383758545
6488.500551926528	1.0241998434066772
6488.558466204528	1.0145857334136963
6488.616380482527	1.0306602716445923
6488.674294760527	1.049248456954956
6488.732209038527	1.0538665056228638
6488.790123316527	1.0542746782302856
6488.848037594526	1.044223666191101
6488.905951872526	1.0279210805892944
6488.963866150526	1.0234929323196411
6489.021780428526	1.0298070907592773
6489.0796947065255	1.0412956476211548
6489.137608984525	1.0582318305969238
6489.195523262525	1.0551836490631104
6489.253437540525	1.0397179126739502
6489.311351818525	1.031973958015442
6489.369266096524	1.0227134227752686
6489.427180374524	1.0200799703598022
6489.485094652524	1.0287832021713257
6489.543008930524	1.0279191732406616
6489.600923208523	1.0129928588867188
6489.658837486523	1.013911247253418
6489.716751764523	1.0365644693374634
6489.774666042523	1.05356764793396
6489.8325803205225	1.0656062364578247
6489.890494598522	1.0733646154403687
6489.948408876522	1.0627659559249878
6490.006323154522	1.0570242404937744
6490.064237432522	1.0682224035263062
6490.122151710521	1.073135256767273
6490.180065988521	1.066811203956604
6490.237980266521	1.0588113069534302
6490.295894544521	1.059414267539978
6490.3538088225205	1.0646034479141235
6490.41172310052	1.0693705081939697
6490.46963737852	1.0729775428771973
6490.52755165652	1.0789120197296143
6490.58546593452	1.0827062129974365
6490.643380212519	1.0654808282852173
6490.701294490519	1.0435786247253418
6490.759208768519	1.0302832126617432
6490.817123046519	1.015032410621643
6490.875037324518	0.9900524616241455
6490.932951602518	0.9631724953651428
6490.990865880518	0.9283581972122192
6491.048780158518	0.8898865580558777
6491.1066944365175	0.8715630173683167
6491.164608714517	0.870578408241272
6491.222522992517	0.8998515605926514
6491.280437270517	0.9481950998306274
6491.338351548517	0.9713439345359802
6491.396265826516	0.9804437756538391
6491.454180104516	1.0045695304870605
6491.512094382516	1.0275334119796753
6491.570008660516	1.0484156608581543
6491.627922938515	1.0736894607543945
6491.685837216515	1.070774793624878
6491.743751494515	1.0458934307098389
6491.801665772515	1.0392199754714966
6491.8595800505145	1.0491894483566284
6491.917494328514	1.0561443567276
6491.975408606514	1.0615321397781372
6492.033322884514	1.0695427656173706
6492.091237162514	1.074040412902832
6492.149151440513	1.0773991346359253
6492.207065718513	1.0835456848144531
6492.264979996513	1.0828629732131958
6492.322894274513	1.0704594850540161
6492.3808085525125	1.059351921081543
6492.438722830512	1.0533033609390259
6492.496637108512	1.0508205890655518
6492.554551386512	1.0530236959457397
6492.612465664512	1.0554733276367188
6492.670379942511	1.0616744756698608
6492.728294220511	1.060556173324585
6492.786208498511	1.0478767156600952
6492.844122776511	1.0321826934814453
6492.90203705451	1.0096906423568726
6492.95995133251	0.9851230382919312
6493.01786561051	0.9805762767791748
6493.07577988851	0.9828856587409973
6493.1336941665095	0.9526544809341431
6493.191608444509	0.9186500310897827
6493.249522722509	0.9024258852005005
6493.307437000509	0.8949200510978699
6493.365351278509	0.9152878522872925
6493.423265556508	0.9438166618347168
6493.481179834508	0.957037091255188
6493.539094112508	0.9615178108215332
6493.597008390508	0.9791116118431091
6493.654922668507	1.006945252418518
6493.712836946507	1.0193240642547607
6493.770751224507	1.0225492715835571
6493.828665502507	1.0297284126281738
6493.8865797805065	1.0372509956359863
6493.944494058506	1.0461153984069824
6494.002408336506	1.0558617115020752
6494.060322614506	1.0622026920318604
6494.118236892506	1.0658811330795288
6494.176151170505	1.0689024925231934
6494.234065448505	1.0731134414672852
6494.291979726505	1.0721789598464966
6494.349894004505	1.058289885520935
6494.407808282504	1.0461386442184448
6494.465722560504	1.0356301069259644
6494.523636838504	1.027693271636963
6494.581551116504	1.0318219661712646
6494.6394653945035	1.028009057044983
6494.697379672503	1.0132653713226318
6494.755293950503	1.0056350231170654
6494.813208228503	1.008475422859192
6494.871122506503	1.0115413665771484
6494.929036784502	1.0249384641647339
6494.986951062502	1.0422348976135254
6495.044865340502	1.0579737424850464
6495.102779618502	1.073764681816101
6495.1606938965015	1.0762877464294434
6495.218608174501	1.078170895576477
6495.276522452501	1.0777171850204468
6495.334436730501	1.0751715898513794
6495.392351008501	1.065766453742981
6495.4502652865	1.0541902780532837
6495.5081795645	1.0459030866622925
6495.5660938425	1.0340818166732788
6495.6240081205	1.0372408628463745
6495.681922398499	1.044404149055481
6495.739836676499	1.0245823860168457
6495.797750954499	0.9898892045021057
6495.855665232499	0.9678954482078552
6495.9135795104985	0.9528857469558716
6495.971493788498	0.9246359467506409
6496.029408066498	0.8945450186729431
6496.087322344498	0.8813191652297974
6496.145236622498	0.8788968920707703
6496.203150900497	0.8777320384979248
6496.261065178497	0.8754236102104187
6496.318979456497	0.8907641172409058
6496.376893734497	0.9240718483924866
6496.434808012496	0.953332245349884
6496.492722290496	0.9780243635177612
6496.550636568496	0.9985622763633728
6496.608550846496	1.0128720998764038
6496.6664651244955	1.0233690738677979
6496.724379402495	1.0287953615188599
6496.782293680495	1.0384724140167236
6496.840207958495	1.058804988861084
6496.898122236495	1.066042423248291
6496.956036514494	1.0428162813186646
6497.013950792494	1.0344592332839966
6497.071865070494	1.0710090398788452
6497.129779348494	1.091909646987915
6497.1876936264935	1.0775504112243652
6497.245607904493	1.0649827718734741
6497.303522182493	1.0585334300994873
6497.361436460493	1.0555416345596313
6497.4193507384925	1.056148886680603
6497.477265016492	1.052536129951477
6497.535179294492	1.0325651168823242
6497.593093572492	1.0108662843704224
6497.651007850492	0.9931957721710205
6497.708922128491	0.9802008867263794
6497.766836406491	0.9857648015022278
6497.824750684491	0.9949906468391418
6497.882664962491	0.9904278516769409
6497.9405792404905	0.9827908277511597
6497.99849351849	0.9819291830062866
6498.05640779649	0.9831458926200867
6498.11432207449	0.9948757290840149
6498.17223635249	1.0113147497177124
6498.230150630489	1.0306586027145386
6498.288064908489	1.0518972873687744
6498.345979186489	1.049730658531189
6498.403893464489	1.037877082824707
6498.461807742488	1.0341380834579468
6498.519722020488	1.0334171056747437
6498.577636298488	1.045562982559204
6498.635550576488	1.0722370147705078
6498.6934648544875	1.065966248512268
6498.751379132487	1.0316855907440186
6498.809293410487	1.0263721942901611
6498.867207688487	1.0411791801452637
6498.925121966487	1.0407097339630127
6498.983036244486	1.0297235250473022
6499.040950522486	1.0235190391540527
6499.098864800486	1.0205309391021729
6499.156779078486	1.025808334350586
6499.214693356485	1.043424367904663
6499.272607634485	1.0514698028564453
6499.330521912485	1.0447126626968384
6499.388436190485	1.0421302318572998
6499.4463504684845	1.0412781238555908
6499.504264746484	1.0433071851730347
6499.562179024484	1.0568265914916992
6499.620093302484	1.065105676651001
6499.678007580484	1.0640442371368408
6499.735921858483	1.0643539428710938
6499.793836136483	1.067891001701355
6499.851750414483	1.0680866241455078
6499.909664692483	1.054910659790039
6499.9675789704825	1.045893669128418
6500.025493248482	1.057429552078247
6500.083407526482	1.0680959224700928
6500.141321804482	1.0693724155426025
6500.199236082482	1.070662498474121
6500.257150360481	1.0498936176300049
6500.315064638481	1.0285193920135498
6500.372978916481	1.03291654586792
6500.430893194481	1.0371315479278564
6500.48880747248	1.0394099950790405
6500.54672175048	1.0430082082748413
6500.60463602848	1.0463978052139282
6500.66255030648	1.0516360998153687
6500.7204645844795	1.0482771396636963
6500.778378862479	1.0377954244613647
6500.836293140479	1.0369067192077637
6500.894207418479	1.04147469997406
6500.952121696479	1.0520139932632446
6501.010035974478	1.0642515420913696
6501.067950252478	1.064591884613037
6501.125864530478	1.0553945302963257
6501.183778808478	1.0552666187286377
6501.241693086477	1.0595018863677979
6501.299607364477	1.0638786554336548
6501.357521642477	1.0705569982528687
6501.415435920477	1.0714503526687622
6501.4733501984765	1.0662974119186401
6501.531264476476	1.0697225332260132
6501.589178754476	1.0787632465362549
6501.647093032476	1.0719971656799316
6501.705007310476	1.0430617332458496
6501.762921588475	1.0282799005508423
6501.820835866475	1.0310909748077393
6501.878750144475	1.0293726921081543
6501.936664422475	1.0333361625671387
6501.994578700474	1.0312423706054688
6502.052492978474	1.0155000686645508
6502.110407256474	1.013458251953125
6502.168321534474	1.027309536933899
6502.2262358124735	1.034407377243042
6502.284150090473	1.0307570695877075
6502.342064368473	1.0301011800765991
6502.399978646473	1.0370700359344482
6502.457892924473	1.0446715354919434
6502.515807202472	1.0495213270187378
6502.573721480472	1.052441120147705
6502.631635758472	1.0460318326950073
6502.689550036472	1.0384690761566162
6502.7474643144715	1.0478559732437134
6502.805378592471	1.0512068271636963
6502.863292870471	1.0396850109100342
6502.921207148471	1.0308057069778442
6502.979121426471	1.0145835876464844
6503.03703570447	0.9999315142631531
6503.09494998247	1.022871732711792
6503.15286426047	1.053214192390442
6503.21077853847	1.051830530166626
6503.268692816469	1.0465840101242065
6503.326607094469	1.0516480207443237
6503.384521372469	1.0573620796203613
6503.442435650469	1.0564897060394287
6503.5003499284685	1.0564368963241577
6503.558264206468	1.0552122592926025
6503.616178484468	1.052310585975647
6503.674092762468	1.0497164726257324
6503.732007040468	1.0467060804367065
6503.789921318467	1.0515292882919312
6503.847835596467	1.062788724899292
6503.905749874467	1.0492305755615234
6503.963664152467	1.020048975944519
6504.021578430466	1.0147430896759033
6504.079492708466	1.025519847869873
6504.137406986466	1.0291798114776611
6504.195321264466	1.0297752618789673
6504.2532355424655	1.0308020114898682
6504.311149820465	1.0320311784744263
6504.369064098465	1.0260363817214966
6504.426978376465	1.0096068382263184
6504.484892654465	1.0017169713974
6504.542806932464	1.0022592544555664
6504.600721210464	1.010535478591919
6504.658635488464	1.02936589717865
6504.716549766464	1.0423294305801392
6504.7744640444635	1.0472387075424194
6504.832378322463	1.0607043504714966
6504.890292600463	1.0838745832443237
6504.948206878463	1.0910216569900513
6505.0061211564625	1.0781062841415405
6505.064035434462	1.0618199110031128
6505.121949712462	1.0424896478652954
6505.179863990462	1.0275263786315918
6505.237778268462	1.0253088474273682
6505.295692546461	1.0367615222930908
6505.353606824461	1.073695182800293
6505.411521102461	1.0976990461349487
6505.469435380461	1.0561914443969727
6505.5273496584605	1.0221624374389648
6505.58526393646	1.052816390991211
6505.64317821446	1.0776976346969604
6505.70109249246	1.0559921264648438
6505.75900677046	1.0358210802078247
6505.816921048459	1.0378602743148804
6505.874835326459	1.0400075912475586
6505.932749604459	1.0474828481674194
6505.990663882459	1.056227445602417
6506.048578160458	1.0526885986328125
6506.106492438458	1.0416828393936157
6506.164406716458	1.0282950401306152
6506.222320994458	1.0141887664794922
6506.2802352724575	1.0140056610107422
6506.338149550457	1.020146131515503
6506.396063828457	1.0367650985717773
6506.453978106457	1.0557746887207031
6506.511892384457	1.0614714622497559
6506.569806662456	1.0656358003616333
6506.627720940456	1.0642621517181396
6506.685635218456	1.0566281080245972
6506.743549496456	1.0403316020965576
6506.801463774455	1.0214486122131348
6506.859378052455	1.0114351511001587
6506.917292330455	1.0070219039916992
6506.975206608455	1.014451265335083
6507.0331208864545	1.0363044738769531
6507.091035164454	1.049073576927185
6507.148949442454	1.052054524421692
6507.206863720454	1.0527287721633911
6507.264777998454	1.0529329776763916
6507.322692276453	1.052037000656128
6507.380606554453	1.045323371887207
6507.438520832453	1.039971113204956
6507.496435110453	1.0387719869613647
6507.5543493884525	1.0450791120529175
6507.612263666452	1.0642156600952148
6507.670177944452	1.0692890882492065
6507.728092222452	1.0502420663833618
6507.786006500452	1.0426758527755737
6507.843920778451	1.055178165435791
6507.901835056451	1.0616521835327148
6507.959749334451	1.0596598386764526
6508.017663612451	1.0551764965057373
6508.07557789045	1.0451245307922363
6508.13349216845	1.0378473997116089
6508.19140644645	1.0420069694519043
6508.24932072445	1.0438355207443237
6508.3072350024495	1.0251630544662476
6508.365149280449	1.015714406967163
6508.423063558449	1.0375051498413086
6508.480977836449	1.0457842350006104
6508.538892114449	1.0232274532318115
6508.596806392448	1.0050890445709229
6508.654720670448	0.9980408549308777
6508.712634948448	0.9909573197364807
6508.770549226448	0.9748594760894775
6508.828463504447	0.967490017414093
6508.886377782447	0.9834704995155334
6508.944292060447	1.0027015209197998
6509.002206338447	1.0115355253219604
6509.0601206164465	1.023654580116272
6509.118034894446	1.0350005626678467
6509.175949172446	1.0362496376037598
6509.233863450446	1.0457572937011719
6509.291777728446	1.0531076192855835
6509.349692006445	1.0618761777877808
6509.407606284445	1.0732523202896118
6509.465520562445	1.0709054470062256
6509.523434840445	1.0609657764434814
6509.581349118444	1.0457864999771118
6509.639263396444	1.026990532875061
6509.697177674444	1.0223896503448486
6509.755091952444	1.0268810987472534
6509.8130062304435	1.0366190671920776
6509.870920508443	1.0501463413238525
6509.928834786443	1.0616058111190796
6509.986749064443	1.074586272239685
6510.044663342443	1.072832703590393
6510.102577620442	1.0586118698120117
6510.160491898442	1.0545058250427246
6510.218406176442	1.0533775091171265
6510.276320454442	1.0533207654953003
6510.3342347324415	1.0586433410644531
6510.392149010441	1.0544897317886353
6510.450063288441	1.036729097366333
6510.507977566441	1.038735270500183
6510.565891844441	1.0678614377975464
6510.62380612244	1.0664119720458984
6510.68172040044	1.0244427919387817
6510.73963467844	1.0085704326629639
6510.79754895644	1.0206166505813599
6510.855463234439	1.0309035778045654
6510.913377512439	1.0409613847732544
6510.971291790439	1.0488169193267822
6511.029206068439	1.0558969974517822
6511.0871203464385	1.053007960319519
6511.145034624438	1.0370094776153564
6511.202948902438	1.031915545463562
6511.260863180438	1.046999454498291
6511.318777458438	1.0564619302749634
6511.376691736437	1.054449439048767
6511.434606014437	1.0523910522460938
6511.492520292437	1.0414336919784546
6511.550434570437	1.0306986570358276
6511.608348848436	1.0267659425735474
6511.666263126436	1.0255640745162964
6511.724177404436	1.03914475440979
6511.782091682436	1.0519946813583374
6511.8400059604355	1.0571856498718262
6511.897920238435	1.0516557693481445
6511.955834516435	1.0112636089324951
6512.013748794435	0.9720497727394104
6512.071663072435	0.9532420039176941
6512.129577350434	0.9418512582778931
6512.187491628434	0.9600414037704468
6512.245405906434	0.9814596772193909
6512.303320184434	0.969325840473175
6512.3612344624335	0.9566090703010559
6512.419148740433	0.978532612323761
6512.477063018433	1.0040969848632812
6512.534977296433	0.9994213581085205
6512.5928915744325	0.9877446293830872
6512.650805852432	1.0009022951126099
6512.708720130432	1.0190485715866089
6512.766634408432	1.0309377908706665
6512.824548686432	1.0420246124267578
6512.882462964431	1.0377517938613892
6512.940377242431	1.024685263633728
6512.998291520431	1.0344336032867432
6513.056205798431	1.04952871799469
6513.1141200764305	1.0481863021850586
6513.17203435443	1.0445092916488647
6513.22994863243	1.0441452264785767
6513.28786291043	1.045627474784851
6513.34577718843	1.0538796186447144
6513.403691466429	1.0691981315612793
6513.461605744429	1.0701570510864258
6513.519520022429	1.052473545074463
6513.577434300429	1.0476624965667725
6513.635348578428	1.0577281713485718
6513.693262856428	1.051255226135254
6513.751177134428	1.0276647806167603
6513.809091412428	1.0267510414123535
6513.8670056904275	1.0512115955352783
6513.924919968427	1.0531086921691895
6513.982834246427	1.028061032295227
6514.040748524427	1.0253584384918213
6514.098662802427	1.047561764717102
6514.156577080426	1.0474807024002075
6514.214491358426	1.0265408754348755
6514.272405636426	1.01234769821167
6514.330319914426	1.0008938312530518
6514.388234192425	0.9907276034355164
6514.446148470425	0.986811637878418
6514.504062748425	0.9755443334579468
6514.561977026425	0.9579481482505798
6514.6198913044245	0.9391396641731262
6514.677805582424	0.9126662015914917
6514.735719860424	0.8875536322593689
6514.793634138424	0.8741387724876404
6514.851548416424	0.8587304949760437
6514.909462694423	0.8253578543663025
6514.967376972423	0.8216661214828491
6515.025291250423	0.866500735282898
6515.083205528423	0.9091424345970154
6515.1411198064225	0.9354161024093628
6515.199034084422	0.9607301950454712
6515.256948362422	0.9986812472343445
6515.314862640422	1.0279533863067627
6515.372776918422	1.022992730140686
6515.430691196421	1.014691948890686
6515.488605474421	1.0195202827453613
6515.546519752421	1.0244829654693604
6515.604434030421	1.0266156196594238
6515.66234830842	1.02595853805542
6515.72026258642	1.0114535093307495
6515.77817686442	0.9939318299293518
6515.83609114242	0.9952306151390076
6515.8940054204195	0.9971493482589722
6515.951919698419	0.9740923047065735
6516.009833976419	0.9496508836746216
6516.067748254419	0.9525166749954224
6516.125662532419	0.9634249806404114
6516.183576810418	0.9761087894439697
6516.241491088418	0.9879602789878845
6516.299405366418	0.9870023727416992
6516.357319644418	0.9683676362037659
6516.415233922417	0.934939980506897
6516.473148200417	0.8945717811584473
6516.531062478417	0.8418592810630798
6516.588976756417	0.7842077016830444
6516.6468910344165	0.7435290813446045
6516.704805312416	0.7167407870292664
6516.762719590416	0.720672070980072
6516.820633868416	0.7529305815696716
6516.878548146416	0.7872121334075928
6516.936462424415	0.8215684294700623
6516.994376702415	0.8467484712600708
6517.052290980415	0.8626943826675415
6517.110205258415	0.890305757522583
6517.168119536414	0.9296660423278809
6517.226033814414	0.944653332233429
6517.283948092414	0.9412599802017212
6517.341862370414	0.9461089372634888
6517.3997766484135	0.9537813663482666
6517.457690926413	0.9688891768455505
6517.515605204413	0.9963753819465637
6517.573519482413	1.0130149126052856
6517.631433760413	1.0130228996276855
6517.689348038412	1.0164302587509155
6517.747262316412	1.0283238887786865
6517.805176594412	1.023229718208313
6517.863090872412	0.9999099969863892
6517.9210051504115	0.9857058525085449
6517.978919428411	0.9809617400169373
6518.036833706411	0.9752882719039917
6518.094747984411	0.9698556065559387
6518.152662262411	0.9662103056907654
6518.21057654041	0.9646115899085999
6518.26849081841	0.9667502641677856
6518.32640509641	0.9721583127975464
6518.38431937441	0.9792130589485168
6518.442233652409	0.9850522875785828
6518.500147930409	0.9957855939865112
6518.558062208409	1.016589641571045
6518.615976486409	1.028502106666565
6518.6738907644085	1.0148444175720215
6518.731805042408	1.0063406229019165
6518.789719320408	1.0297141075134277
6518.847633598408	1.0473005771636963
6518.905547876408	1.0446538925170898
6518.963462154407	1.0327365398406982
6519.021376432407	1.01141357421875
6519.079290710407	0.9968129396438599
6519.137204988407	0.9871686697006226
6519.195119266406	0.9812878966331482
6519.253033544406	0.9900639653205872
6519.310947822406	0.991889476776123
6519.368862100406	0.963786244392395
6519.4267763784055	0.9349762797355652
6519.484690656405	0.9335457682609558
6519.542604934405	0.933312177658081
6519.600519212405	0.920985221862793
6519.658433490405	0.9134952425956726
6519.716347768404	0.9282630085945129
6519.774262046404	0.951457679271698
6519.832176324404	0.9675595164299011
6519.890090602404	0.9827893376350403
6519.9480048804035	1.0021477937698364
6520.005919158403	1.0153743028640747
6520.063833436403	1.0086125135421753
6520.121747714403	0.9983124136924744
6520.1796619924025	1.0225309133529663
6520.237576270402	1.052864909172058
6520.295490548402	1.052358865737915
6520.353404826402	1.0466179847717285
6520.411319104402	1.044493317604065
6520.469233382401	1.0430185794830322
6520.527147660401	1.035309910774231
6520.585061938401	1.0232399702072144
6520.642976216401	1.0253627300262451
6520.7008904944005	1.0333009958267212
6520.7588047724	1.0306388139724731
6520.8167190504	1.0264396667480469
6520.8746333284	1.0262155532836914
6520.9325476064	1.0295863151550293
6520.990461884399	1.0393966436386108
6521.048376162399	1.0509076118469238
6521.106290440399	1.0550919771194458
6521.164204718399	1.0551059246063232
6521.222118996398	1.0489403009414673
6521.280033274398	1.0387848615646362
6521.337947552398	1.0257760286331177
6521.395861830398	1.0080045461654663
6521.4537761083975	1.0119577646255493
6521.511690386397	1.0349926948547363
6521.569604664397	1.0404675006866455
6521.627518942397	1.0325472354888916
6521.685433220397	1.0234839916229248
6521.743347498396	1.0128636360168457
6521.801261776396	1.0109878778457642
6521.859176054396	1.0191442966461182
6521.917090332396	1.027397632598877
6521.975004610395	1.035345196723938
6522.032918888395	1.0355530977249146
6522.090833166395	1.0249710083007812
6522.148747444395	1.0156725645065308
6522.2066617223945	1.006481647491455
6522.264576000394	1.0005172491073608
6522.322490278394	1.0023431777954102
6522.380404556394	1.0031328201293945
6522.438318834394	1.001110553741455
6522.496233112393	0.9993541240692139
6522.554147390393	0.9948410391807556
6522.612061668393	0.9978899955749512
6522.669975946393	1.0181214809417725
6522.7278902243925	1.0208256244659424
6522.785804502392	0.988243818283081
6522.843718780392	0.9770355224609375
6522.901633058392	1.0045899152755737
6522.959547336392	1.0261356830596924
6523.017461614391	1.0448843240737915
6523.075375892391	1.0493510961532593
6523.133290170391	1.0218759775161743
6523.191204448391	0.9958637952804565
6523.24911872639	0.9768050312995911
6523.30703300439	0.960027277469635
6523.36494728239	0.951277494430542
6523.42286156039	0.9458167552947998
6523.4807758383895	0.9478736519813538
6523.538690116389	0.9533181190490723
6523.596604394389	0.9541816115379333
6523.654518672389	0.9528940916061401
6523.712432950389	0.953355073928833
6523.770347228388	0.9466975331306458
6523.828261506388	0.9168230891227722
6523.886175784388	0.8904485702514648
6523.944090062388	0.8930721282958984
6524.002004340387	0.9025663733482361
6524.059918618387	0.903246283531189
6524.117832896387	0.9091222882270813
6524.175747174387	0.933918833732605
6524.2336614523865	0.9641809463500977
6524.291575730386	1.0042451620101929
6524.349490008386	1.037451982498169
6524.407404286386	1.0132968425750732
6524.465318564386	0.9827537536621094
6524.523232842385	0.9876521229743958
6524.581147120385	0.9978163242340088
6524.639061398385	0.9961970448493958
6524.696975676385	0.9931596517562866
6524.754889954384	1.0256596803665161
6524.812804232384	1.0660173892974854
6524.870718510384	1.0548275709152222
6524.928632788384	1.0272375345230103
6524.9865470663835	1.029767632484436
6525.044461344383	1.0389244556427002
6525.102375622383	1.0351355075836182
6525.160289900383	1.0352215766906738
6525.218204178383	1.0382481813430786
6525.276118456382	1.037983775138855
6525.334032734382	1.0330785512924194
6525.391947012382	1.027071237564087
6525.449861290382	1.024764895439148
6525.5077755683815	1.0242007970809937
6525.565689846381	1.0154075622558594
6525.623604124381	1.0008347034454346
6525.681518402381	1.000636339187622
6525.739432680381	1.0068442821502686
6525.79734695838	0.9905070662498474
6525.85526123638	0.9607448577880859
6525.91317551438	0.9812411665916443
6525.97108979238	1.0377740859985352
6526.029004070379	1.0497435331344604
6526.086918348379	1.035269856452942
6526.144832626379	1.0354984998703003
6526.202746904379	1.0408223867416382
6526.2606611823785	1.0353018045425415
6526.318575460378	1.0217710733413696
6526.376489738378	1.018048644065857
6526.434404016378	1.0208637714385986
6526.492318294378	1.0248162746429443
6526.550232572377	1.033631682395935
6526.608146850377	1.02519690990448
6526.666061128377	1.0007729530334473
6526.723975406377	0.9950870871543884
6526.781889684376	1.0063610076904297
6526.839803962376	1.0118935108184814
6526.897718240376	1.013610601425171
6526.955632518376	1.0184391736984253
6527.0135467963755	1.0258389711380005
6527.071461074375	1.0315266847610474
6527.129375352375	1.0327786207199097
6527.187289630375	1.031664490699768
6527.245203908375	1.028485655784607
6527.303118186374	1.0249956846237183
6527.361032464374	1.0222275257110596
6527.418946742374	1.0195754766464233
6527.476861020374	1.0185840129852295
6527.5347752983735	1.0162301063537598
6527.592689576373	1.0088413953781128
6527.650603854373	1.0070838928222656
6527.708518132373	1.0163960456848145
6527.7664324103725	1.01908278465271
6527.824346688372	1.013831615447998
6527.882260966372	1.0104469060897827
6527.940175244372	1.0030741691589355
6527.998089522372	1.0097570419311523
6528.056003800371	1.0449211597442627
6528.113918078371	1.0625357627868652
6528.171832356371	1.0348049402236938
6528.229746634371	1.0154972076416016
6528.2876609123705	1.0258526802062988
6528.34557519037	1.0285485982894897
6528.40348946837	1.0217089653015137
6528.46140374637	1.0245720148086548
6528.51931802437	1.0365660190582275
6528.577232302369	1.0439242124557495
6528.635146580369	1.0489517450332642
6528.693060858369	1.047921895980835
6528.750975136369	1.0236979722976685
6528.808889414368	1.0065666437149048
6528.866803692368	1.0246695280075073
6528.924717970368	1.0385011434555054
6528.982632248368	1.0318373441696167
6529.0405465263675	1.0293129682540894
6529.098460804367	1.0408761501312256
6529.156375082367	1.0462702512741089
6529.214289360367	1.0220050811767578
6529.272203638367	1.0012215375900269
6529.330117916366	1.0195263624191284
6529.388032194366	1.0372482538223267
6529.445946472366	1.0369237661361694
6529.503860750366	1.0382883548736572
6529.561775028365	1.0489590167999268
6529.619689306365	1.0557862520217896
6529.677603584365	1.0319762229919434
6529.735517862365	1.0091243982315063
6529.7934321403645	1.0282526016235352
6529.851346418364	1.049120306968689
6529.909260696364	1.0429083108901978
6529.967174974364	1.0355929136276245
6530.025089252364	1.0219076871871948
6530.083003530363	1.0068528652191162
6530.140917808363	1.0123040676116943
6530.198832086363	1.024300456047058
6530.256746364363	1.0130879878997803
6530.3146606423625	0.9951940774917603
6530.372574920362	0.9901546239852905
6530.430489198362	0.9895315170288086
6530.488403476362	0.9950628280639648
6530.546317754362	1.0009064674377441
6530.604232032361	0.9896597266197205
6530.662146310361	0.9756489992141724
6530.720060588361	0.9892876148223877
6530.777974866361	1.0082855224609375
6530.83588914436	1.0148664712905884
6530.89380342236	1.020219326019287
6530.95171770036	1.0254977941513062
6531.00963197836	1.0296764373779297
6531.0675462563595	1.0381778478622437
6531.125460534359	1.048825979232788
6531.183374812359	1.0488485097885132
6531.241289090359	1.0431382656097412
6531.299203368359	1.0442969799041748
6531.357117646358	1.047871708869934
6531.415031924358	1.0402451753616333
6531.472946202358	1.0289684534072876
6531.530860480358	1.0294617414474487
6531.588774758357	1.031914472579956
6531.646689036357	1.0401805639266968
6531.704603314357	1.0503722429275513
6531.762517592357	1.046766757965088
6531.8204318703565	1.0375585556030273
6531.878346148356	1.0310341119766235
6531.936260426356	1.0275700092315674
6531.994174704356	1.0141321420669556
6532.052088982356	0.9921229481697083
6532.110003260355	0.9789441823959351
6532.167917538355	0.9729424715042114
6532.225831816355	0.9540303349494934
6532.283746094355	0.9248999953269958
6532.341660372354	0.9096415638923645
6532.399574650354	0.9039217233657837
6532.457488928354	0.8957245945930481
6532.515403206354	0.8864269852638245
6532.5733174843535	0.8894239068031311
6532.631231762353	0.9061474204063416
6532.689146040353	0.9468691945075989
6532.747060318353	1.0058393478393555
6532.804974596353	1.031220555305481
6532.862888874352	1.0278615951538086
6532.920803152352	1.0246108770370483
6532.978717430352	1.0228856801986694
6533.036631708352	1.017630696296692
6533.0945459863515	1.0039430856704712
6533.152460264351	1.0091018676757812
6533.210374542351	1.0402297973632812
6533.268288820351	1.0487550497055054
6533.326203098351	1.032251238822937
6533.38411737635	1.0362951755523682
6533.44203165435	1.057754397392273
6533.49994593235	1.0654970407485962
6533.55786021035	1.0596929788589478
6533.615774488349	1.0565024614334106
6533.673688766349	1.0578473806381226
6533.731603044349	1.0417280197143555
6533.789517322349	0.9986659288406372
6533.8474316003485	0.9797784686088562
6533.905345878348	0.9973587989807129
6533.963260156348	0.9932159185409546
6534.021174434348	0.967563271522522
6534.079088712348	0.9597662687301636
6534.137002990347	0.9671168327331543
6534.194917268347	0.9683356881141663
6534.252831546347	0.9639241099357605
6534.310745824347	0.9667878150939941
6534.368660102346	0.9790571331977844
6534.426574380346	0.9888543486595154
6534.484488658346	0.9924024939537048
6534.542402936346	0.9999508261680603
6534.6003172143455	1.0111690759658813
6534.658231492345	1.0184805393218994
6534.716145770345	1.017165184020996
6534.774060048345	1.014130711555481
6534.831974326345	1.012226939201355
6534.889888604344	1.0144952535629272
6534.947802882344	1.0270472764968872
6535.005717160344	1.035178780555725
6535.063631438344	1.0410798788070679
6535.1215457163435	1.0427765846252441
6535.179459994343	1.024287223815918
6535.237374272343	1.017418384552002
6535.295288550343	1.0499097108840942
6535.353202828343	1.063270926475525
6535.411117106342	1.0437222719192505
6535.469031384342	1.0260568857192993
6535.526945662342	1.0082417726516724
6535.584859940342	0.99624103307724
6535.642774218341	1.003898024559021
6535.700688496341	1.0181714296340942
6535.758602774341	1.0300121307373047
6535.816517052341	1.0401893854141235
6535.8744313303405	1.0453907251358032
6535.93234560834	1.0444691181182861
6535.99025988634	1.025159478187561
6536.04817416434	1.0107918977737427
6536.10608844234	1.0346237421035767
6536.164002720339	1.0546303987503052
6536.221916998339	1.0168455839157104
6536.279831276339	0.9879012703895569
6536.337745554339	1.0050691366195679
6536.395659832338	1.02347731590271
6536.453574110338	1.0268198251724243
6536.511488388338	1.0198755264282227
6536.569402666338	0.9992119073867798
6536.6273169443375	0.9783040285110474
6536.685231222337	0.9822331070899963
6536.743145500337	0.985872745513916
6536.801059778337	0.9664106369018555
6536.858974056337	0.951878547668457
6536.916888334336	0.9669284224510193
6536.974802612336	0.9865283370018005
6537.032716890336	1.0080963373184204
6537.090631168336	1.0291998386383057
6537.148545446335	1.0111668109893799
6537.206459724335	0.9885331392288208
6537.264374002335	1.0049395561218262
6537.322288280335	1.0247334241867065
6537.3802025583345	1.0382294654846191
6537.438116836334	1.0519214868545532
6537.496031114334	1.0347627401351929
6537.553945392334	1.0127019882202148
6537.611859670334	1.0316590070724487
6537.669773948333	1.0542360544204712
6537.727688226333	1.0344178676605225
6537.785602504333	1.0057945251464844
6537.843516782333	0.986049234867096
6537.9014310603325	0.9702283143997192
6537.959345338332	0.9790564775466919
6538.017259616332	1.000233769416809
6538.075173894332	1.0102941989898682
6538.133088172332	1.015845537185669
6538.191002450331	1.0229578018188477
6538.248916728331	1.0314589738845825
6538.306831006331	1.0012249946594238
6538.364745284331	0.9580227732658386
6538.42265956233	0.970405101776123
6538.48057384033	1.0016125440597534
6538.53848811833	1.012752890586853
6538.59640239633	1.0212703943252563
6538.6543166743295	1.0408846139907837
6538.712230952329	1.0600031614303589
6538.770145230329	1.05427086353302
6538.828059508329	1.0371686220169067
6538.885973786329	1.0316786766052246
6538.943888064328	1.0283945798873901
6539.001802342328	1.0142340660095215
6539.059716620328	0.9927327036857605
6539.117630898328	0.9990622401237488
6539.175545176327	1.0182089805603027
6539.233459454327	1.0201624631881714
6539.291373732327	1.0184069871902466
6539.349288010327	1.0166555643081665
6539.4072022883265	1.012412428855896
6539.465116566326	1.0170183181762695
6539.523030844326	1.0251803398132324
6539.580945122326	1.0326441526412964
6539.638859400326	1.040505051612854
6539.696773678325	1.0328925848007202
6539.754687956325	1.0145394802093506
6539.812602234325	1.0143334865570068
6539.870516512325	1.0260728597640991
6539.9284307903245	1.0218628644943237
6539.986345068324	1.0109442472457886
6540.044259346324	1.0143322944641113
6540.102173624324	1.0243198871612549
6540.1600879023235	1.0189915895462036
6540.218002180323	1.0039833784103394
6540.275916458323	1.011353850364685
6540.333830736323	1.0304124355316162
6540.391745014323	1.0349315404891968
6540.449659292322	1.0345946550369263
6540.507573570322	1.0202306509017944
6540.565487848322	0.9954308271408081
6540.623402126322	0.9897712469100952
6540.6813164043215	0.9967238903045654
6540.739230682321	1.0000561475753784
6540.797144960321	1.0006992816925049
6540.855059238321	1.0162841081619263
6540.912973516321	1.0372694730758667
6540.97088779432	1.0402504205703735
6541.02880207232	1.0382378101348877
6541.08671635032	1.0346144437789917
6541.14463062832	1.0242083072662354
6541.202544906319	1.0263615846633911
6541.260459184319	1.0418645143508911
6541.318373462319	1.0390160083770752
6541.376287740319	1.0165048837661743
6541.4342020183185	1.0250352621078491
6541.492116296318	1.0566494464874268
6541.550030574318	1.0454907417297363
6541.607944852318	1.0085912942886353
6541.665859130318	0.9966374635696411
6541.723773408317	1.0010730028152466
6541.781687686317	0.992894172668457
6541.839601964317	0.9729170799255371
6541.897516242317	0.9711917042732239
6541.955430520316	0.9882290959358215
6542.013344798316	0.9955771565437317
6542.071259076316	0.9995783567428589
6542.129173354316	0.9875691533088684
6542.1870876323155	0.958929181098938
6542.245001910315	0.9509258270263672
6542.302916188315	0.9637295007705688
6542.360830466315	0.9647617936134338
6542.418744744315	0.9545989036560059
6542.476659022314	0.9617313742637634
6542.534573300314	0.9799148440361023
6542.592487578314	0.986466646194458
6542.650401856314	0.986556351184845
6542.7083161343135	0.992379903793335
6542.766230412313	1.0023049116134644
6542.824144690313	1.0041751861572266
6542.882058968313	1.0001565217971802
6542.939973246313	1.0020596981048584
6542.997887524312	1.0036494731903076
6543.055801802312	1.0109288692474365
6543.113716080312	1.0269943475723267
6543.171630358312	1.0299503803253174
6543.229544636311	1.0165939331054688
6543.287458914311	1.0146111249923706
6543.345373192311	1.0218679904937744
6543.403287470311	1.025755763053894
6543.4612017483105	1.0318310260772705
6543.51911602631	1.020067572593689
6543.57703030431	0.9900307059288025
6543.63494458231	0.9613751769065857
6543.69285886031	0.9372940063476562
6543.750773138309	0.9031403064727783
6543.808687416309	0.8555823564529419
6543.866601694309	0.8251395225524902
6543.924515972309	0.8081820011138916
6543.982430250308	0.8014266490936279
6544.040344528308	0.8165000081062317
6544.098258806308	0.8499237895011902
6544.156173084308	0.9000961184501648
6544.2140873623075	0.9318748712539673
6544.272001640307	0.9326335191726685
6544.329915918307	0.9503597021102905
6544.387830196307	0.9917259812355042
6544.445744474307	0.9999433159828186
6544.503658752306	0.9760751128196716
6544.561573030306	0.9679010510444641
6544.619487308306	0.972690224647522
6544.677401586306	0.980095624923706
6544.735315864305	0.992904007434845
6544.793230142305	0.999772846698761
6544.851144420305	0.9947666525840759
6544.909058698305	0.989974319934845
6544.9669729763045	0.9926531314849854
6545.024887254304	0.9897497296333313
6545.082801532304	0.9749904870986938
6545.140715810304	0.9701616764068604
6545.198630088304	0.9833669066429138
6545.256544366303	0.989797830581665
6545.314458644303	0.9783519506454468
6545.372372922303	0.970946192741394
6545.430287200303	0.9768908023834229
6545.4882014783025	0.9779367446899414
6545.546115756302	0.9757207632064819
6545.604030034302	0.9735007882118225
6545.661944312302	0.9700865149497986
6545.719858590302	0.9742502570152283
6545.777772868301	0.9847134947776794
6545.835687146301	0.9838191866874695
6545.893601424301	0.9650606513023376
6545.951515702301	0.9505396485328674
6546.0094299803	0.9392754435539246
6546.0673442583	0.9464816451072693
6546.1252585363	0.9865062236785889
6546.1831728143	1.0056871175765991
6546.2410870922995	0.9939078688621521
6546.299001370299	0.9823701977729797
6546.356915648299	0.964138925075531
6546.414829926299	0.9622568488121033
6546.472744204299	0.9892804622650146
6546.530658482298	1.000403881072998
6546.588572760298	0.9907135367393494
6546.646487038298	0.9902519583702087
6546.704401316298	0.9967846274375916
6546.762315594297	0.9972618818283081
6546.820229872297	0.9932703375816345
6546.878144150297	0.9950556755065918
6546.936058428297	0.9954672455787659
6546.9939727062965	0.9935742020606995
6547.051886984296	0.9952661395072937
6547.109801262296	0.9956993460655212
6547.167715540296	0.9915368556976318
6547.225629818296	0.9960347414016724
6547.283544096295	1.0167416334152222
6547.341458374295	1.0245273113250732
6547.399372652295	1.0105031728744507
6547.457286930295	0.9933590888977051
6547.5152012082945	0.9743907451629639
6547.573115486294	0.942747175693512
6547.631029764294	0.890174150466919
6547.688944042294	0.8623738884925842
6547.7468583202935	0.8800718784332275
6547.804772598293	0.8976685404777527
6547.862686876293	0.9094976782798767
6547.920601154293	0.9225295186042786
6547.978515432293	0.9304975867271423
6548.036429710292	0.938420295715332
6548.094343988292	0.9523738026618958
6548.152258266292	0.9653145670890808
6548.210172544292	0.972900390625
6548.2680868222915	0.9773402214050293
6548.326001100291	0.9762986898422241
6548.383915378291	0.9624881148338318
6548.441829656291	0.9315986037254333
6548.499743934291	0.8931801915168762
6548.55765821229	0.8479419350624084
6548.61557249029	0.8164347410202026
6548.67348676829	0.8177410960197449
6548.73140104629	0.8330561518669128
6548.789315324289	0.8600057363510132
6548.847229602289	0.8926324844360352
6548.905143880289	0.9252117276191711
6548.963058158289	0.9483253359794617
6549.0209724362885	0.9526587128639221
6549.078886714288	0.9549877047538757
6549.136800992288	0.9500491619110107
6549.194715270288	0.951301634311676
6549.252629548288	0.9748426675796509
6549.310543826287	0.986059844493866
6549.368458104287	0.9645006656646729
6549.426372382287	0.9564014077186584
6549.484286660287	0.9845690131187439
6549.542200938286	0.9936908483505249
6549.600115216286	0.9677216410636902
6549.658029494286	0.9560421705245972
6549.715943772286	0.9620169401168823
6549.7738580502855	0.9669495820999146
6549.831772328285	0.9830042719841003
6549.889686606285	0.98041170835495
6549.947600884285	0.9228211045265198
6550.005515162285	0.8922644853591919
6550.063429440284	0.9343010187149048
6550.121343718284	0.9602872729301453
6550.179257996284	0.9584397077560425
6550.237172274284	0.9565656781196594
6550.2950865522835	0.9360466599464417
6550.353000830283	0.9295015335083008
6550.410915108283	0.9676455855369568
6550.468829386283	0.9892812967300415
6550.526743664283	0.9728214144706726
6550.584657942282	0.9639903903007507
6550.642572220282	0.9755878448486328
6550.700486498282	0.9758905172348022
6550.758400776282	0.9490967392921448
6550.816315054281	0.9319407343864441
6550.874229332281	0.9424903392791748
6550.932143610281	0.9532268643379211
6550.990057888281	0.9497771859169006
6551.0479721662805	0.9477086067199707
6551.10588644428	0.952010452747345
6551.16380072228	0.957466721534729
6551.22171500028	0.9697344899177551
6551.27962927828	0.9792299866676331
6551.337543556279	0.9799591898918152
6551.395457834279	0.9782407283782959
6551.453372112279	0.9718912839889526
6551.511286390279	0.9635973572731018
6551.569200668278	0.9529266357421875
6551.627114946278	0.9488866329193115
6551.685029224278	0.9619494080543518
6551.742943502278	0.966951310634613
6551.8008577802775	0.9578949809074402
6551.858772058277	0.9462734460830688
6551.916686336277	0.9211947917938232
6551.974600614277	0.9088952541351318
6552.032514892277	0.9306414723396301
6552.090429170276	0.9409241080284119
6552.148343448276	0.9183159470558167
6552.206257726276	0.9074341654777527
6552.264172004276	0.9197952747344971
6552.322086282275	0.9196579456329346
6552.380000560275	0.8964763283729553
6552.437914838275	0.8676610589027405
6552.495829116275	0.8257076740264893
6552.5537433942745	0.777945339679718
6552.611657672274	0.7379322052001953
6552.669571950274	0.7267817258834839
6552.727486228274	0.7705785632133484
6552.785400506274	0.8194547891616821
6552.843314784273	0.853839099407196
6552.901229062273	0.8837617039680481
6552.959143340273	0.89959317445755
6553.017057618273	0.9150776863098145
6553.0749718962725	0.9370257258415222
6553.132886174272	0.9482877254486084
6553.190800452272	0.944541871547699
6553.248714730272	0.9417235255241394
6553.306629008272	0.9418859481811523
6553.364543286271	0.9342761635780334
6553.422457564271	0.9144100546836853
6553.480371842271	0.893855631351471
6553.538286120271	0.8683624863624573
6553.59620039827	0.8527721762657166
6553.65411467627	0.8618068695068359
6553.71202895427	0.8604565262794495
6553.76994323227	0.8485084772109985
6553.8278575102695	0.8496807813644409
6553.885771788269	0.8671036958694458
6553.943686066269	0.8856027722358704
6554.001600344269	0.9033509492874146
6554.059514622269	0.919090747833252
6554.117428900268	0.9225555062294006
6554.175343178268	0.9194976687431335
6554.233257456268	0.9156389832496643
6554.291171734268	0.9108792543411255
6554.349086012267	0.9028991460800171
6554.407000290267	0.9039813280105591
6554.464914568267	0.9190763235092163
6554.522828846267	0.9291462302207947
6554.5807431242665	0.9405931234359741
6554.638657402266	0.9370282292366028
6554.696571680266	0.8970603942871094
6554.754485958266	0.8822718262672424
6554.812400236266	0.9211301803588867
6554.870314514265	0.9315136075019836
6554.928228792265	0.890554666519165
6554.986143070265	0.8736051917076111
6555.044057348265	0.8917027115821838
6555.1019716262645	0.9027822613716125
6555.159885904264	0.9116354584693909
6555.217800182264	0.9129148125648499
6555.275714460264	0.8971583843231201
6555.3336287382635	0.8826299905776978
6555.391543016263	0.8750617504119873
6555.449457294263	0.867329478263855
6555.507371572263	0.8580054044723511
6555.565285850263	0.8590076565742493
6555.623200128262	0.8868501782417297
6555.681114406262	0.9056982398033142
6555.739028684262	0.9030701518058777
6555.796942962262	0.8941602110862732
6555.8548572402615	0.8774810433387756
6555.912771518261	0.874958872795105
6555.970685796261	0.886863648891449
6556.028600074261	0.8944119811058044
6556.086514352261	0.8956334590911865
6556.14442863026	0.8948385715484619
6556.20234290826	0.8893453478813171
6556.26025718626	0.8844788670539856
6556.31817146426	0.8804512619972229
6556.376085742259	0.8768276572227478
6556.434000020259	0.879033088684082
6556.491914298259	0.8714523911476135
6556.549828576259	0.8544808626174927
6556.6077428542585	0.8381391167640686
6556.665657132258	0.8190339207649231
6556.723571410258	0.8151390552520752
6556.781485688258	0.8274484276771545
6556.839399966258	0.8398192524909973
6556.897314244257	0.8506898283958435
6556.955228522257	0.8442479372024536
6557.013142800257	0.820077121257782
6557.071057078257	0.7886253595352173
6557.128971356256	0.750762939453125
6557.186885634256	0.7347805500030518
6557.244799912256	0.7465422749519348
6557.302714190256	0.7774702906608582
6557.3606284682555	0.8299862146377563
6557.418542746255	0.8558441996574402
6557.476457024255	0.8454544544219971
6557.534371302255	0.8370258212089539
6557.592285580255	0.8264613151550293
6557.650199858254	0.8235654234886169
6557.708114136254	0.8362160921096802
6557.766028414254	0.8354290127754211
6557.823942692254	0.8167276382446289
6557.8818569702535	0.8067721128463745
6557.939771248253	0.8113925457000732
6557.997685526253	0.8043313026428223
6558.055599804253	0.7834517955780029
6558.113514082253	0.7770994305610657
6558.171428360252	0.7813869118690491
6558.229342638252	0.7922440767288208
6558.287256916252	0.817307710647583
6558.345171194252	0.8162488341331482
6558.403085472251	0.7879334688186646
6558.460999750251	0.7713144421577454
6558.518914028251	0.7635224461555481
6558.576828306251	0.7662234306335449
6558.6347425842505	0.7772598266601562
6558.69265686225	0.7882092595100403
6558.75057114025	0.8002140522003174
6558.80848541825	0.8094882965087891
6558.86639969625	0.8187720775604248
6558.924313974249	0.815138041973114
6558.982228252249	0.7979364395141602
6559.040142530249	0.7877573370933533
6559.098056808249	0.7823973298072815
6559.155971086248	0.7801342606544495
6559.213885364248	0.7827571034431458
6559.271799642248	0.7826963067054749
6559.329713920248	0.7836226224899292
6559.3876281982475	0.7818806171417236
6559.445542476247	0.7708584070205688
6559.503456754247	0.7742930054664612
6559.561371032247	0.7936042547225952
6559.619285310247	0.8028703927993774
6559.677199588246	0.8006501197814941
6559.735113866246	0.7891317009925842
6559.793028144246	0.7625783681869507
6559.850942422246	0.7588691711425781
6559.908856700245	0.7828397750854492
6559.966770978245	0.7742521166801453
6560.024685256245	0.7434846758842468
6560.082599534245	0.7271776795387268
6560.1405138122445	0.7137215733528137
6560.198428090244	0.7021920084953308
6560.256342368244	0.6967613697052002
6560.314256646244	0.686501681804657
6560.372170924244	0.6760216951370239
6560.430085202243	0.6644166707992554
6560.487999480243	0.6470350027084351
6560.545913758243	0.6510624885559082
6560.603828036243	0.6745805740356445
6560.6617423142425	0.6668145656585693
6560.719656592242	0.63401198387146
6560.777570870242	0.6363313794136047
6560.835485148242	0.6630222201347351
6560.893399426242	0.6593466997146606
6560.951313704241	0.639330267906189
6561.009227982241	0.6304800510406494
6561.067142260241	0.6218216419219971
6561.125056538241	0.6236594319343567
6561.18297081624	0.6361989378929138
6561.24088509424	0.6350090503692627
6561.29879937224	0.6263028383255005
6561.35671365024	0.6258305311203003
6561.4146279282395	0.6290788054466248
6561.472542206239	0.6342377662658691
6561.530456484239	0.6421768069267273
6561.588370762239	0.6478196382522583
6561.646285040239	0.6569351553916931
6561.704199318238	0.6455657482147217
6561.762113596238	0.6190707087516785
6561.820027874238	0.6321903467178345
6561.877942152238	0.6625816226005554
6561.935856430237	0.6706185340881348
6561.993770708237	0.6655645966529846
6562.051684986237	0.6375507712364197
6562.109599264237	0.5987873673439026
6562.1675135422365	0.5895521640777588
6562.225427820236	0.5939038395881653
6562.283342098236	0.6067734360694885
6562.341256376236	0.632997989654541
6562.399170654236	0.6214767694473267
6562.457084932235	0.5900741219520569
6562.514999210235	0.6139787435531616
6562.572913488235	0.6623365879058838
6562.630827766235	0.6536329984664917
6562.6887420442345	0.6242738366127014
6562.746656322234	0.6343799829483032
6562.804570600234	0.6535771489143372
6562.862484878234	0.6566748023033142
6562.9203991562335	0.6541187763214111
6562.978313434233	0.6553333401679993
6563.036227712233	0.6557636857032776
6563.094141990233	0.6530361771583557
6563.152056268233	0.6469065546989441
6563.209970546232	0.6397114992141724
6563.267884824232	0.6343073844909668
6563.325799102232	0.6064255833625793
6563.383713380232	0.5734994411468506
6563.4416276582315	0.5811938643455505
6563.499541936231	0.6031088829040527
6563.557456214231	0.6262492537498474
6563.615370492231	0.6505257487297058
6563.673284770231	0.6501441597938538
6563.73119904823	0.643013060092926
6563.78911332623	0.6536857485771179
6563.84702760423	0.6643029451370239
6563.90494188223	0.6591302156448364
6563.962856160229	0.6492082476615906
6564.020770438229	0.6140937209129333
6564.078684716229	0.5731484889984131
6564.136598994229	0.5755910873413086
6564.1945132722285	0.597550630569458
6564.252427550228	0.6300223469734192
6564.310341828228	0.6654443144798279
6564.368256106228	0.6814266443252563
6564.426170384228	0.6941920518875122
6564.484084662227	0.7161133885383606
6564.541998940227	0.7315008640289307
6564.599913218227	0.7247933745384216
6564.657827496227	0.7140148282051086
6564.715741774226	0.7074737548828125
6564.773656052226	0.7104394435882568
6564.831570330226	0.7461323738098145
6564.889484608226	0.7792765498161316
6564.9473988862255	0.784637451171875
6565.005313164225	0.7838748097419739
6565.063227442225	0.7762176394462585
6565.121141720225	0.7696792483329773
6565.179055998225	0.7876148819923401
6565.236970276224	0.8027353882789612
6565.294884554224	0.7759687304496765
6565.352798832224	0.7514787912368774
6565.410713110224	0.7797249555587769
6565.4686273882235	0.8098137974739075
6565.526541666223	0.7970934510231018
6565.584455944223	0.7846346497535706
6565.642370222223	0.8049588203430176
6565.700284500223	0.8177847266197205
6565.758198778222	0.8032890558242798
6565.816113056222	0.7918276786804199
6565.874027334222	0.8051725625991821
6565.931941612222	0.8174070119857788
6565.989855890221	0.7986546754837036
6566.047770168221	0.7855024337768555
6566.105684446221	0.8062131404876709
6566.163598724221	0.8217691779136658
6566.2215130022205	0.8107698559761047
6566.27942728022	0.8035739064216614
6566.33734155822	0.8076845407485962
6566.39525583622	0.8150659799575806
6566.45317011422	0.8376287221908569
6566.511084392219	0.8508754372596741
6566.568998670219	0.8168647289276123
6566.626912948219	0.7920308709144592
6566.684827226219	0.8056831955909729
6566.742741504218	0.8183197379112244
6566.800655782218	0.8304840922355652
6566.858570060218	0.8410887122154236
6566.916484338218	0.8307928442955017
6566.9743986162175	0.8249213695526123
6567.032312894217	0.8441177010536194
6567.090227172217	0.8562848567962646
6567.148141450217	0.8623307347297668
6567.206055728217	0.8611969947814941
6567.263970006216	0.8407564163208008
6567.321884284216	0.8311809301376343
6567.379798562216	0.8530846238136292
6567.437712840216	0.8628670573234558
6567.495627118215	0.8464970588684082
6567.553541396215	0.8469165563583374
6567.611455674215	0.8651689887046814
6567.669369952215	0.8660978078842163
6567.7272842302145	0.8423830270767212
6567.785198508214	0.8291140794754028
6567.843112786214	0.8341946601867676
6567.901027064214	0.8311483860015869
6567.958941342214	0.8170892596244812
6568.016855620213	0.8143966197967529
6568.074769898213	0.8189089298248291
6568.132684176213	0.8317890763282776
6568.190598454213	0.8658245205879211
6568.2485127322125	0.8813655376434326
6568.306427010212	0.8646219968795776
6568.364341288212	0.8587225675582886
6568.422255566212	0.8640229105949402
6568.480169844212	0.864420473575592
6568.538084122211	0.8655096292495728
6568.595998400211	0.85875004529953
6568.653912678211	0.8385308980941772
6568.711826956211	0.8340198993682861
6568.76974123421	0.8552719354629517
6568.82765551221	0.855088472366333
6568.88556979021	0.833301842212677
6568.94348406821	0.8305136561393738
6569.0013983462095	0.8419074416160583
6569.059312624209	0.8594064116477966
6569.117226902209	0.8846936225891113
6569.175141180209	0.8913153409957886
6569.233055458209	0.8791015148162842
6569.290969736208	0.8758944272994995
6569.348884014208	0.8766769766807556
6569.406798292208	0.8743046522140503
6569.464712570208	0.872657060623169
6569.522626848207	0.8796200156211853
6569.580541126207	0.8912703990936279
6569.638455404207	0.8942353129386902
6569.696369682207	0.8949605822563171
6569.7542839602065	0.890900194644928
6569.812198238206	0.8787365555763245
6569.870112516206	0.8880758881568909
6569.928026794206	0.9097251296043396
6569.985941072206	0.9234272241592407
6570.043855350205	0.9334280490875244
6570.101769628205	0.9366150498390198
6570.159683906205	0.9357514977455139
6570.217598184205	0.9281628131866455
6570.2755124622045	0.9168065786361694
6570.333426740204	0.9063373804092407
6570.391341018204	0.8948655128479004
6570.449255296204	0.893243670463562
6570.5071695742035	0.8958491086959839
6570.565083852203	0.8818482160568237
6570.622998130203	0.859306812286377
6570.680912408203	0.8688051700592041
6570.738826686203	0.8976292610168457
6570.796740964202	0.9169023036956787
6570.854655242202	0.9308568239212036
6570.912569520202	0.9372519850730896
6570.970483798202	0.9410058259963989
6571.0283980762015	0.9333311319351196
6571.086312354201	0.9222725629806519
6571.144226632201	0.9172561168670654
6571.202140910201	0.9161310195922852
6571.260055188201	0.9200674295425415
6571.3179694662	0.9247561097145081
6571.3758837442	0.9366118311882019
6571.4337980222	0.9500311017036438
6571.4917123002	0.930030107498169
6571.549626578199	0.8989040851593018
6571.607540856199	0.8951759934425354
6571.665455134199	0.8937729597091675
6571.723369412199	0.8908663988113403
6571.7812836901985	0.8871939182281494
6571.839197968198	0.8647211790084839
6571.897112246198	0.8378733396530151
6571.955026524198	0.8165032267570496
6572.012940802198	0.7984076142311096
6572.070855080197	0.8007063865661621
6572.128769358197	0.8117774128913879
6572.186683636197	0.8292776346206665
6572.244597914197	0.847335159778595
6572.302512192196	0.8745850920677185
6572.360426470196	0.9031126499176025
6572.418340748196	0.8985283970832825
6572.476255026196	0.8936353921890259
6572.5341693041955	0.9274756908416748
6572.592083582195	0.9567705392837524
6572.649997860195	0.9490840435028076
6572.707912138195	0.9408721923828125
6572.765826416195	0.9436026215553284
6572.823740694194	0.9478405714035034
6572.881654972194	0.9654926061630249
6572.939569250194	0.978845477104187
6572.997483528194	0.9744247794151306
6573.0553978061935	0.967208206653595
6573.113312084193	0.9489164352416992
6573.171226362193	0.9319183230400085
6573.229140640193	0.9439657926559448
6573.287054918193	0.9532006978988647
6573.344969196192	0.9448877573013306
6573.402883474192	0.9389535784721375
6573.460797752192	0.9316141605377197
6573.518712030192	0.9304894208908081
6573.576626308191	0.9368121027946472
6573.634540586191	0.9447155594825745
6573.692454864191	0.9507357478141785
6573.750369142191	0.9556933045387268
6573.8082834201905	0.9557898044586182
6573.86619769819	0.9607549905776978
6573.92411197619	0.9829786419868469
6573.98202625419	0.9992256760597229
6574.03994053219	0.9972060918807983
6574.097854810189	0.9869000911712646
6574.155769088189	0.9663929343223572
6574.213683366189	0.951087474822998
6574.271597644189	0.9554471969604492
6574.329511922188	0.949583888053894
6574.387426200188	0.9235973358154297
6574.445340478188	0.9110719561576843
6574.503254756188	0.9166077375411987
6574.5611690341875	0.9072890877723694
6574.619083312187	0.8815949559211731
6574.676997590187	0.8383731842041016
6574.734911868187	0.7667144536972046
6574.792826146187	0.7396243214607239
6574.850740424186	0.7829001545906067
6574.908654702186	0.8135980367660522
6574.966568980186	0.8199954032897949
6575.024483258186	0.8569204807281494
6575.082397536185	0.9193793535232544
6575.140311814185	0.9427553415298462
6575.198226092185	0.9332712888717651
6575.256140370185	0.928706705570221
6575.3140546481845	0.9258407354354858
6575.371968926184	0.925347626209259
6575.429883204184	0.9259247779846191
6575.487797482184	0.922215461730957
6575.545711760184	0.9171130061149597
6575.603626038183	0.9224898815155029
6575.661540316183	0.9360001087188721
6575.719454594183	0.9395612478256226
6575.777368872183	0.938768744468689
6575.8352831501825	0.9444475769996643
6575.893197428182	0.955496072769165
6575.951111706182	0.957308828830719
6576.009025984182	0.9475476741790771
6576.066940262182	0.9520354866981506
6576.124854540181	0.9652289152145386
6576.182768818181	0.9604835510253906
6576.240683096181	0.9463558793067932
6576.298597374181	0.9434099793434143
6576.35651165218	0.9460760951042175
6576.41442593018	0.9375638961791992
6576.47234020818	0.9236460328102112
6576.53025448618	0.9241040945053101
6576.5881687641795	0.9328371286392212
6576.646083042179	0.9397670030593872
6576.703997320179	0.9456188678741455
6576.761911598179	0.9700655937194824
6576.819825876179	1.0045599937438965
6576.877740154178	0.9824770092964172
6576.935654432178	0.9429805874824524
6576.993568710178	0.9405018091201782
6577.051482988178	0.9458823800086975
6577.109397266177	0.9455692768096924
6577.167311544177	0.9460014700889587
6577.225225822177	0.9348146915435791
6577.283140100177	0.9216898083686829
6577.3410543781765	0.9349498152732849
6577.398968656176	0.9509289264678955
6577.456882934176	0.9625818729400635
6577.514797212176	0.971705973148346
6577.572711490176	0.955388069152832
6577.630625768175	0.9363250732421875
6577.688540046175	0.9281314015388489
6577.746454324175	0.9257937073707581
6577.804368602175	0.943600594997406
6577.8622828801745	0.962371289730072
6577.920197158174	0.9425776600837708
6577.978111436174	0.9247511625289917
6578.036025714174	0.9580205678939819
6578.093939992174	0.9812408089637756
6578.151854270173	0.9617382884025574
6578.209768548173	0.9447256922721863
6578.267682826173	0.9362466335296631
6578.325597104173	0.9326872229576111
6578.383511382172	0.9430118203163147
6578.441425660172	0.9542187452316284
6578.499339938172	0.9512171745300293
6578.557254216172	0.9492911696434021
6578.6151684941715	0.9623168706893921
6578.673082772171	0.9678784608840942
6578.730997050171	0.9598171710968018
6578.788911328171	0.9543726444244385
6578.846825606171	0.9528855085372925
6578.90473988417	0.9562662839889526
6578.96265416217	0.9792219996452332
6579.02056844017	0.9884532690048218
6579.07848271817	0.9535592198371887
6579.136396996169	0.9396780729293823
6579.194311274169	0.9695045351982117
6579.252225552169	0.9824522733688354
6579.310139830169	0.977300226688385
6579.3680541081685	0.9690655469894409
6579.425968386168	0.9485512375831604
6579.483882664168	0.9467893838882446
6579.541796942168	0.9715908169746399
6579.599711220168	0.9829217195510864
6579.657625498167	0.9750894904136658
6579.715539776167	0.9761367440223694
6579.773454054167	0.9867226481437683
6579.831368332167	0.9898855090141296
6579.889282610166	0.9856961369514465
6579.947196888166	0.9798001050949097
6580.005111166166	0.9725151658058167
6580.063025444166	0.971878707408905
6580.1209397221655	0.9762495756149292
6580.178854000165	0.9845890402793884
6580.236768278165	1.0004163980484009
6580.294682556165	1.0060408115386963
6580.352596834165	1.0012695789337158
6580.410511112164	0.9821299314498901
6580.468425390164	0.9494841694831848
6580.526339668164	0.9238734841346741
6580.584253946164	0.9080494046211243
6580.6421682241635	0.8861268758773804
6580.700082502163	0.858786404132843
6580.757996780163	0.8786924481391907
6580.815911058163	0.9333695769309998
6580.873825336163	0.9567253589630127
6580.931739614162	0.9614280462265015
6580.989653892162	0.963809609413147
6581.047568170162	0.9642943739891052
6581.105482448162	0.9562645554542542
6581.163396726161	0.9432277679443359
6581.221311004161	0.9428441524505615
6581.279225282161	0.9455944299697876
6581.337139560161	0.9566441178321838
6581.3950538381605	0.9730187654495239
6581.45296811616	0.9831929802894592
6581.51088239416	0.9920519590377808
6581.56879667216	0.9889293909072876
6581.62671095016	0.9829798340797424
6581.684625228159	0.9853016138076782
6581.742539506159	0.9891733527183533
6581.800453784159	0.9983329772949219
6581.858368062159	1.00856614112854
6581.916282340158	1.001857876777649
6581.974196618158	0.9950627684593201
6582.032110896158	0.9781875014305115
6582.090025174158	0.957316517829895
6582.1479394521575	0.9576154947280884
6582.205853730157	0.9569166898727417
6582.263768008157	0.9517832398414612
6582.321682286157	0.9503245949745178
6582.379596564157	0.9533741474151611
6582.437510842156	0.9597500562667847
6582.495425120156	0.987127959728241
6582.553339398156	1.0070427656173706
6582.611253676156	0.9937256574630737
6582.6691679541555	0.9818520545959473
6582.727082232155	0.9802082777023315
6582.784996510155	0.9747574329376221
6582.842910788155	0.9652495980262756
6582.9008250661545	0.959618330001831
6582.958739344154	0.9573996067047119
6583.016653622154	0.9539225101470947
6583.074567900154	0.9499059915542603
6583.132482178154	0.9461191296577454
6583.190396456153	0.9477618932723999
6583.248310734153	0.9338288307189941
6583.306225012153	0.8871896862983704
6583.364139290153	0.8738677501678467
6583.4220535681525	0.9147200584411621
6583.479967846152	0.9501103758811951
6583.537882124152	0.9716641306877136
6583.595796402152	0.9795026779174805
6583.653710680152	0.9711475968360901
6583.711624958151	0.9681631922721863
6583.769539236151	0.9699693918228149
6583.827453514151	0.9731480479240417
6583.885367792151	0.9865836501121521
6583.94328207015	0.9938929080963135
6584.00119634815	0.9904258847236633
6584.05911062615	0.9938863515853882
6584.11702490415	1.004700779914856
6584.1749391821495	1.005963683128357
6584.232853460149	0.9956461787223816
6584.290767738149	0.9944671988487244
6584.348682016149	1.0013025999069214
6584.406596294149	1.0048550367355347
6584.464510572148	1.0082906484603882
6584.522424850148	1.0117509365081787
6584.580339128148	1.0080825090408325
6584.638253406148	1.0074940919876099
6584.696167684147	1.0108063220977783
6584.754081962147	0.9900234937667847
6584.811996240147	0.9544948935508728
6584.869910518147	0.9562385082244873
6584.9278247961465	0.978944718837738
6584.985739074146	0.9781860113143921
6585.043653352146	0.9747679829597473
6585.101567630146	0.9598541259765625
6585.159481908146	0.9418036937713623
6585.217396186145	0.9418339133262634
6585.275310464145	0.9471306204795837
6585.333224742145	0.9519006609916687
6585.391139020145	0.9563084244728088
6585.4490532981445	0.9647645950317383
6585.506967576144	0.9728560447692871
6585.564881854144	0.9838429689407349
6585.622796132144	0.9955785274505615
6585.680710410144	0.997383177280426
6585.738624688143	0.997072160243988
6585.796538966143	0.9917670488357544
6585.854453244143	0.9857341647148132
6585.912367522143	0.9932131767272949
6585.970281800142	0.997856855392456
6586.028196078142	1.000913143157959
6586.086110356142	1.0024824142456055
6586.144024634142	0.9772261381149292
6586.2019389121415	0.9539418816566467
6586.259853190141	0.9465450048446655
6586.317767468141	0.9393927454948425
6586.375681746141	0.9310192465782166
6586.433596024141	0.926277220249176
6586.49151030214	0.9288888573646545
6586.54942458014	0.9301102757453918
6586.60733885814	0.9131761789321899
6586.66525313614	0.9103626012802124
6586.723167414139	0.9523670673370361
6586.781081692139	0.988919198513031
6586.838995970139	0.9962595701217651
6586.896910248139	1.0031063556671143
6586.9548245261385	0.9953020215034485
6587.012738804138	0.9952465891838074
6587.070653082138	1.0262823104858398
6587.128567360138	1.0311503410339355
6587.186481638138	1.0021013021469116
6587.244395916137	0.9876995086669922
6587.302310194137	0.9923701882362366
6587.360224472137	0.9911882877349854
6587.418138750137	0.9867106080055237
6587.476053028136	0.9853711128234863
6587.533967306136	0.9862441420555115
6587.591881584136	0.9733604192733765
6587.649795862136	0.9513033628463745
6587.7077101401355	0.950689971446991
6587.765624418135	0.9662232398986816
6587.823538696135	0.981667697429657
6587.881452974135	0.9992862343788147
6587.939367252135	1.0017179250717163
6587.997281530134	0.9844071269035339
6588.055195808134	0.989741325378418
6588.113110086134	1.0088835954666138
6588.171024364134	1.0115007162094116
6588.2289386421335	1.0070950984954834
6588.286852920133	0.9943215250968933
6588.344767198133	0.9763569235801697
6588.402681476133	0.9898697733879089
6588.460595754133	1.0220047235488892
6588.518510032132	1.0230839252471924
6588.576424310132	1.0121256113052368
6588.634338588132	0.9992570281028748
6588.692252866132	0.9801651835441589
6588.750167144131	0.9947168827056885
6588.808081422131	1.0264943838119507
6588.865995700131	1.0142707824707031
6588.923909978131	0.9901825785636902
6588.9818242561305	0.981907308101654
6589.03973853413	0.9799582362174988
6589.09765281213	0.9936119318008423
6589.15556709013	1.0100458860397339
6589.21348136813	1.0038057565689087
6589.271395646129	0.9920051097869873
6589.329309924129	0.9967261552810669
6589.387224202129	0.9997428059577942
6589.445138480129	1.002673864364624
6589.503052758128	1.0095793008804321
6589.560967036128	0.9889219999313354
6589.618881314128	0.9751030206680298
6589.676795592128	1.0109951496124268
6589.7347098701275	1.040618658065796
6589.792624148127	1.0413165092468262
6589.850538426127	1.0355381965637207
6589.908452704127	1.0114225149154663
6589.966366982127	0.987119734287262
6590.024281260126	0.9779188632965088
6590.082195538126	0.9786052107810974
6590.140109816126	1.006453514099121
6590.198024094126	1.0255368947982788
6590.2559383721255	1.0132558345794678
6590.313852650125	1.002725601196289
6590.371766928125	0.9931416511535645
6590.429681206125	0.9916092157363892
6590.4875954841245	1.0097399950027466
6590.545509762124	1.0177503824234009
6590.603424040124	1.0026037693023682
6590.661338318124	0.9863508343696594
6590.719252596124	0.9755441546440125
6590.777166874123	0.9751664400100708
6590.835081152123	0.9862175583839417
6590.892995430123	1.005702257156372
6590.950909708123	1.0306410789489746
6591.0088239861225	1.0400711297988892
6591.066738264122	1.0312339067459106
6591.124652542122	1.0157355070114136
6591.182566820122	1.0046086311340332
6591.240481098122	0.9869964718818665
6591.298395376121	0.9658807516098022
6591.356309654121	0.9783727526664734
6591.414223932121	1.0115315914154053
6591.472138210121	1.0213234424591064
6591.53005248812	1.0199323892593384
6591.58796676612	1.0141128301620483
6591.64588104412	0.9941340684890747
6591.70379532212	1.0049301385879517
6591.7617096001195	1.035766363143921
6591.819623878119	1.016585111618042
6591.877538156119	0.97579026222229
6591.935452434119	0.9832345843315125
6591.993366712119	1.004470944404602
6592.051280990118	0.9986644983291626
6592.109195268118	0.9894242882728577
6592.167109546118	0.9923915266990662
6592.225023824118	0.9978644847869873
6592.282938102117	0.9927853941917419
6592.340852380117	0.9821100234985352
6592.398766658117	1.0062280893325806
6592.456680936117	1.0351202487945557
6592.5145952141165	1.0276353359222412
6592.572509492116	1.0147706270217896
6592.630423770116	1.0230745077133179
6592.688338048116	1.0290307998657227
6592.746252326116	1.0122003555297852
6592.804166604115	1.0028527975082397
6592.862080882115	1.0136115550994873
6592.919995160115	1.0141031742095947
6592.977909438115	0.9991985559463501
6593.0358237161145	0.9876896739006042
6593.093737994114	0.9879398345947266
6593.151652272114	0.9946860671043396
6593.209566550114	1.0166858434677124
6593.267480828114	1.0342514514923096
6593.325395106113	1.0290758609771729
6593.383309384113	1.0243452787399292
6593.441223662113	1.0314781665802002
6593.499137940113	1.0262333154678345
6593.557052218112	0.9943948984146118
6593.614966496112	0.9843490719795227
6593.672880774112	1.016628384590149
6593.730795052112	1.023683786392212
6593.7887093301115	0.9908749461174011
6593.846623608111	0.9790824055671692
6593.904537886111	0.9941120743751526
6593.962452164111	0.9938287734985352
6594.020366442111	0.9730724096298218
6594.07828072011	0.9735015034675598
6594.13619499811	0.9936864972114563
6594.19410927611	0.9891634583473206
6594.25202355411	0.9710718989372253
6594.309937832109	0.9570454359054565
6594.367852110109	0.9404407143592834
6594.425766388109	0.9478356838226318
6594.483680666109	0.9700013995170593
6594.5415949441085	0.9943557977676392
6594.599509222108	1.0243362188339233
6594.657423500108	1.0309078693389893
6594.715337778108	1.0222413539886475
6594.773252056108	1.0122613906860352
6594.831166334107	1.0030033588409424
6594.889080612107	0.9858975410461426
6594.946994890107	0.9655047059059143
6595.004909168107	0.9768989682197571
6595.062823446106	0.998199462890625
6595.120737724106	1.0003573894500732
6595.178652002106	0.9992361664772034
6595.236566280106	0.9936390519142151
6595.2944805581055	0.9853700995445251
6595.352394836105	0.9877042174339294
6595.410309114105	0.9935407638549805
6595.468223392105	0.9960638880729675
6595.526137670105	0.997397243976593
6595.584051948104	1.011278510093689
6595.641966226104	1.0224357843399048
6595.699880504104	1.0040507316589355
6595.757794782104	0.9855272769927979
6595.8157090601035	0.9940623044967651
6595.873623338103	1.0006903409957886
6595.931537616103	0.9872339963912964
6595.989451894103	0.9797048568725586
6596.047366172103	0.9967910647392273
6596.105280450102	1.006130576133728
6596.163194728102	0.9906401634216309
6596.221109006102	0.9883036017417908
6596.279023284102	1.006742238998413
6596.336937562101	1.0242046117782593
6596.394851840101	1.0500353574752808
6596.452766118101	1.0539451837539673
6596.510680396101	1.021553874015808
6596.5685946741005	0.9992566108703613
6596.6265089521	0.993273138999939
6596.6844232301	0.984036386013031
6596.7423375081	0.9687982201576233
6596.8002517861	0.9775239825248718
6596.858166064099	1.0136911869049072
6596.916080342099	1.0168029069900513
6596.973994620099	0.9854227900505066
6597.031908898099	0.9847004413604736
6597.089823176098	1.0073797702789307
6597.147737454098	1.009513020515442
6597.205651732098	0.9987746477127075
6597.263566010098	0.9916760325431824
6597.3214802880975	0.9870864748954773
6597.379394566097	0.9781166315078735
6597.437308844097	0.9696032404899597
6597.495223122097	0.9695501923561096
6597.553137400097	0.975580096244812
6597.611051678096	0.9894517660140991
6597.668965956096	1.0057651996612549
6597.726880234096	1.016357660293579
6597.784794512096	1.0238162279129028
6597.8427087900955	1.033176064491272
6597.900623068095	1.04331374168396
6597.958537346095	1.0515769720077515
6598.016451624095	1.0514312982559204
6598.0743659020945	1.0216195583343506
6598.132280180094	0.9900979995727539
6598.190194458094	0.9960300922393799
6598.248108736094	1.009106993675232
6598.306023014094	1.011553406715393
6598.363937292093	1.0115821361541748
6598.421851570093	1.0179530382156372
6598.479765848093	1.0243064165115356
6598.537680126093	1.0228124856948853
6598.5955944040925	1.0183173418045044
6598.653508682092	1.0009446144104004
6598.711422960092	0.9914835095405579
6598.769337238092	1.0005966424942017
6598.827251516092	1.0098892450332642
6598.885165794091	1.0241851806640625
6598.943080072091	1.0270346403121948
6599.000994350091	1.0011532306671143
6599.058908628091	0.9799454212188721
6599.11682290609	0.9728742837905884
6599.17473718409	0.9569556713104248
6599.23265146209	0.9294161796569824
6599.29056574009	0.9187315106391907
6599.3484800180895	0.9365944862365723
6599.406394296089	0.9543470144271851
6599.464308574089	0.963034451007843
6599.522222852089	0.9757522940635681
6599.580137130089	0.9948928356170654
6599.638051408088	0.9990593791007996
6599.695965686088	0.9902292490005493
6599.753879964088	0.9936423897743225
6599.811794242088	0.9997040629386902
6599.869708520087	1.0047833919525146
6599.927622798087	1.0106215476989746
6599.985537076087	1.016200065612793
6600.043451354087	1.0268616676330566
6600.1013656320865	1.0307953357696533
6600.159279910086	1.029089093208313
6600.217194188086	1.0155547857284546
6600.275108466086	0.9970746040344238
6600.333022744086	1.0106866359710693
6600.390937022085	1.0347663164138794
6600.448851300085	1.0194816589355469
6600.506765578085	0.9900702834129333
6600.564679856085	0.9773208498954773
6600.6225941340845	0.9701019525527954
6600.680508412084	0.9859830737113953
6600.738422690084	1.0032302141189575
6600.796336968084	0.9990947246551514
6600.854251246084	0.9957430362701416
6600.912165524083	1.0118240118026733
6600.970079802083	1.0287638902664185
6601.027994080083	1.028011679649353
6601.085908358083	1.0220906734466553
6601.143822636082	1.0123196840286255
6601.201736914082	1.0042415857315063
6601.259651192082	1.0015348196029663
6601.317565470082	0.999405026435852
6601.3754797480815	0.9988914728164673
6601.433394026081	0.9949583411216736
6601.491308304081	0.9778250455856323
6601.549222582081	0.9722958207130432
6601.607136860081	0.9923932552337646
6601.66505113808	1.0056178569793701
6601.72296541608	1.0174740552902222
6601.78087969408	1.0049312114715576
6601.83879397208	0.9584999680519104
6601.896708250079	0.9341329336166382
6601.954622528079	0.9319462776184082
6602.012536806079	0.9346150755882263
6602.070451084079	0.9491397142410278
6602.1283653620785	0.9468004107475281
6602.186279640078	0.9201139807701111
6602.244193918078	0.9256638884544373
6602.302108196078	0.9574723243713379
6602.360022474078	0.9789723753929138
6602.417936752077	0.9957585334777832
6602.475851030077	0.9999665021896362
6602.533765308077	0.995275616645813
6602.591679586077	0.99224454164505
6602.649593864076	0.989196240901947
6602.707508142076	0.9975484013557434
6602.765422420076	1.0113998651504517
6602.823336698076	1.0025923252105713
6602.8812509760755	0.9840835332870483
6602.939165254075	0.9958822727203369
6602.997079532075	1.0131986141204834
6603.054993810075	1.0141026973724365
6603.112908088075	1.0124253034591675
6603.170822366074	1.0147277116775513
6603.228736644074	1.0172110795974731
6603.286650922074	1.0076204538345337
6603.344565200074	0.9942362308502197
6603.4024794780735	0.9911805987358093
6603.460393756073	0.9879726767539978
6603.518308034073	0.9918020367622375
6603.576222312073	0.9981396794319153
6603.634136590073	0.9791547060012817
6603.692050868072	0.9730668663978577
6603.749965146072	1.0075998306274414
6603.807879424072	1.029813528060913
6603.865793702072	1.0154024362564087
6603.923707980071	1.0098615884780884
6603.981622258071	1.025394082069397
6604.039536536071	1.0254008769989014
6604.097450814071	0.9948552250862122
6604.1553650920705	0.9830090403556824
6604.21327937007	0.9982039332389832
6604.27119364807	1.0051929950714111
6604.32910792607	1.0045217275619507
6604.38702220407	1.0033602714538574
6604.444936482069	0.9995137453079224
6604.502850760069	0.9994372725486755
6604.560765038069	1.0075719356536865
6604.618679316069	1.0005992650985718
6604.676593594068	0.9747805595397949
6604.734507872068	0.9777318835258484
6604.792422150068	1.0064680576324463
6604.850336428068	0.9886924624443054
6604.9082507060675	0.9407976865768433
6604.966164984067	0.943217396736145
6605.024079262067	0.9701815843582153
6605.081993540067	0.9808454513549805
6605.139907818067	0.9865962862968445
6605.197822096066	0.9941084384918213
6605.255736374066	1.000948190689087
6605.313650652066	0.984992265701294
6605.371564930066	0.9656375050544739
6605.4294792080655	0.989316999912262
6605.487393486065	1.0172401666641235
6605.545307764065	1.0060646533966064
6605.603222042065	0.9916306734085083
6605.6611363200645	0.9797555804252625
6605.719050598064	0.9683794379234314
6605.776964876064	0.9746978878974915
6605.834879154064	0.9850085377693176
6605.892793432064	0.9993866086006165
6605.950707710063	1.0075587034225464
6606.008621988063	0.9973773956298828
6606.066536266063	0.9880138039588928
6606.124450544063	0.9829533696174622
6606.1823648220625	0.9818087816238403
6606.240279100062	1.0019638538360596
6606.298193378062	1.0189428329467773
6606.356107656062	1.018057107925415
6606.414021934062	1.0180972814559937
6606.471936212061	1.003305196762085
6606.529850490061	1.0010793209075928
6606.587764768061	1.0172315835952759
6606.645679046061	1.0160245895385742
6606.70359332406	1.0020369291305542
6606.76150760206	0.9994785785675049
6606.81942188006	1.0103756189346313
6606.87733615806	1.0005481243133545
6606.9352504360595	0.9713323712348938
6606.993164714059	0.9763491153717041
6607.051078992059	1.0091150999069214
6607.108993270059	1.0084195137023926
6607.166907548059	0.989909291267395
6607.224821826058	1.0108482837677002
6607.282736104058	1.0521178245544434
6607.340650382058	1.0495641231536865
6607.398564660058	1.025631308555603
6607.456478938057	1.0218784809112549
6607.514393216057	1.0244693756103516
6607.572307494057	1.0215941667556763
6607.630221772057	1.0166783332824707
6607.6881360500565	1.0141781568527222
6607.746050328056	1.016831874847412
6607.803964606056	1.0323123931884766
6607.861878884056	1.0451172590255737
6607.919793162056	1.0310242176055908
6607.977707440055	1.0134743452072144
6608.035621718055	1.0057883262634277
6608.093535996055	1.00313401222229
6608.151450274055	1.0158764123916626
6608.2093645520545	1.03006911277771
6608.267278830054	1.0400038957595825
6608.325193108054	1.0389217138290405
6608.383107386054	1.0227125883102417
6608.441021664054	0.9994429349899292
6608.498935942053	0.9473701119422913
6608.556850220053	0.9308733344078064
6608.614764498053	0.9881353378295898
6608.672678776053	1.0197771787643433
6608.730593054052	1.0009431838989258
6608.788507332052	1.0025787353515625
6608.846421610052	1.0247334241867065
6608.904335888052	1.0211870670318604
6608.9622501660515	0.9877843856811523
6609.020164444051	0.9881341457366943
6609.078078722051	1.0252623558044434
6609.135993000051	1.0328820943832397
6609.193907278051	1.0160744190216064
6609.25182155605	1.020674228668213
6609.30973583405	1.0354198217391968
6609.36765011205	1.0293065309524536
6609.42556439005	1.0131241083145142
6609.483478668049	1.0127285718917847
6609.541392946049	1.0177291631698608
6609.599307224049	1.0097907781600952
6609.657221502049	0.9971793293952942
6609.7151357800485	1.0001198053359985
6609.773050058048	1.0072423219680786
6609.830964336048	1.0058223009109497
6609.888878614048	1.0039399862289429
6609.946792892048	1.0039615631103516
6610.004707170047	1.003658413887024
6610.062621448047	0.9934782385826111
6610.120535726047	0.9849903583526611
6610.178450004047	0.9976415634155273
6610.236364282046	1.0171051025390625
6610.294278560046	1.0308449268341064
6610.352192838046	1.0398263931274414
6610.410107116046	1.0421347618103027
6610.4680213940455	1.0385890007019043
6610.525935672045	1.021667242050171
6610.583849950045	1.0071183443069458
6610.641764228045	1.0006511211395264
6610.699678506045	0.9954915642738342
6610.757592784044	1.000764012336731
6610.815507062044	1.0005760192871094
6610.873421340044	0.9891887307167053
6610.931335618044	0.9903568029403687
6610.9892498960435	1.009192943572998
6611.047164174043	1.0129584074020386
6611.105078452043	0.9999210834503174
6611.162992730043	1.0000985860824585
6611.220907008043	1.011763572692871
6611.278821286042	0.9963483810424805
6611.336735564042	0.9577445387840271
6611.394649842042	0.9549058675765991
6611.452564120042	0.9744346737861633
6611.510478398041	0.9943662285804749
6611.568392676041	1.0150344371795654
6611.626306954041	1.017281413078308
6611.684221232041	1.0101157426834106
6611.7421355100405	1.011207103729248
6611.80004978804	1.012262225151062
6611.85796406604	1.0063141584396362
6611.91587834404	0.9981889724731445
6611.97379262204	0.9906670451164246
6612.031706900039	0.9862574934959412
6612.089621178039	0.9885371923446655
6612.147535456039	0.9959226846694946
6612.205449734039	1.0058197975158691
6612.263364012038	1.010812759399414
6612.321278290038	0.9883347749710083
6612.379192568038	0.9664371609687805
6612.437106846038	0.9684634208679199
6612.4950211240375	0.9723625779151917
6612.552935402037	0.9816898107528687
6612.610849680037	1.001420021057129
6612.668763958037	1.0368216037750244
6612.726678236037	1.0559102296829224
6612.784592514036	1.0340641736984253
6612.842506792036	1.0263426303863525
6612.900421070036	1.0438858270645142
6612.958335348036	1.0499885082244873
6613.0162496260355	1.0422160625457764
6613.074163904035	1.0340851545333862
6613.132078182035	1.0233490467071533
6613.189992460035	1.0140501260757446
6613.2479067380345	1.0103038549423218
6613.305821016034	1.0071406364440918
6613.363735294034	1.007873773574829
6613.421649572034	1.0186491012573242
6613.479563850034	1.0341734886169434
6613.537478128033	1.0360777378082275
6613.595392406033	1.0289678573608398
6613.653306684033	1.0194584131240845
6613.711220962033	1.0075016021728516
6613.7691352400325	1.0029252767562866
6613.827049518032	1.0045115947723389
6613.884963796032	1.0002167224884033
6613.942878074032	0.9965407252311707
6614.000792352032	1.0073652267456055
6614.058706630031	1.0184285640716553
6614.116620908031	1.0112590789794922
6614.174535186031	1.0038551092147827
6614.232449464031	1.0184108018875122
6614.29036374203	1.029406189918518
6614.34827802003	1.0204222202301025
6614.40619229803	1.010922908782959
6614.46410657603	1.009526252746582
6614.5220208540295	1.010961890220642
6614.579935132029	1.0161736011505127
6614.637849410029	1.0152360200881958
6614.695763688029	1.0017600059509277
6614.753677966029	0.9942296147346497
6614.811592244028	0.9999919533729553
6614.869506522028	0.9991142749786377
6614.927420800028	0.9954540133476257
6614.985335078028	0.9922724366188049
6615.043249356027	0.9816392660140991
6615.101163634027	0.9926375150680542
6615.159077912027	1.0330768823623657
6615.216992190027	1.0398380756378174
6615.2749064680265	1.012595295906067
6615.332820746026	1.0112650394439697
6615.390735024026	1.026666283607483
6615.448649302026	1.0205318927764893
6615.506563580026	1.0050398111343384
6615.564477858025	1.0146905183792114
6615.622392136025	1.0359015464782715
6615.680306414025	1.0288420915603638
6615.738220692025	1.012467384338379
6615.7961349700245	1.012755274772644
6615.854049248024	1.0168546438217163
6615.911963526024	1.0100032091140747
6615.969877804024	1.0022913217544556
6616.027792082024	1.0159645080566406
6616.085706360023	1.0339765548706055
6616.143620638023	1.037231206893921
6616.201534916023	1.0341404676437378
6616.259449194023	1.0320581197738647
6616.317363472022	1.0265233516693115
6616.375277750022	1.0094939470291138
6616.433192028022	0.9985466003417969
6616.491106306022	1.007481575012207
6616.5490205840215	1.0048962831497192
6616.606934862021	0.9656562209129333
6616.664849140021	0.9482486844062805
6616.722763418021	0.979098379611969
6616.780677696021	0.990386962890625
6616.83859197402	0.9709320068359375
6616.89650625202	0.972283661365509
6616.95442053002	1.0086979866027832
6617.01233480802	1.0037944316864014
6617.070249086019	0.9493403434753418
6617.128163364019	0.9630064368247986
6617.186077642019	1.0252420902252197
6617.243991920019	1.0451734066009521
6617.3019061980185	1.0416162014007568
6617.359820476018	1.0234887599945068
6617.417734754018	1.0016775131225586
6617.475649032018	0.9935060739517212
6617.533563310018	0.9895249605178833
6617.591477588017	0.9964461922645569
6617.649391866017	1.007668137550354
6617.707306144017	1.013962745666504
6617.765220422017	1.0183403491973877
6617.823134700016	1.0188751220703125
6617.881048978016	1.0173858404159546
6617.938963256016	1.0224692821502686
6617.996877534016	1.0197840929031372
6618.0547918120155	0.9997606873512268
6618.112706090015	0.9826775789260864
6618.170620368015	0.9910963177680969
6618.228534646015	0.9968234300613403
6618.286448924015	0.9838284254074097
6618.344363202014	0.9771231412887573
6618.402277480014	0.9881787896156311
6618.460191758014	0.9968430995941162
6618.518106036014	0.9946657419204712
6618.5760203140135	1.0024420022964478
6618.633934592013	1.0273847579956055
6618.691848870013	1.0374611616134644
6618.749763148013	1.022080421447754
6618.807677426013	1.0188124179840088
6618.865591704012	1.0320433378219604
6618.923505982012	1.0287971496582031
6618.981420260012	1.0097346305847168
6619.039334538012	0.997532308101654
6619.097248816011	0.992792010307312
6619.155163094011	1.0032968521118164
6619.213077372011	1.0244765281677246
6619.270991650011	1.0191444158554077
6619.3289059280105	1.0020002126693726
6619.38682020601	1.012938141822815
6619.44473448401	1.0263010263442993
6619.50264876201	1.018997311592102
6619.56056304001	1.0073904991149902
6619.618477318009	0.9965686202049255
6619.676391596009	0.9888870716094971
6619.734305874009	0.9838622808456421
6619.792220152009	0.9823412299156189
6619.850134430008	1.0005054473876953
6619.908048708008	1.018216609954834
6619.965962986008	1.0103543996810913
6620.023877264008	1.0061863660812378
6620.0817915420075	1.0252803564071655
6620.139705820007	1.0364481210708618
6620.197620098007	1.0239636898040771
6620.255534376007	1.0142959356307983
6620.313448654007	1.013951301574707
6620.371362932006	1.0135812759399414
6620.429277210006	1.0223042964935303
6620.487191488006	1.0219216346740723
6620.545105766006	1.002396583557129
6620.6030200440055	0.9955291748046875
6620.660934322005	1.0075366497039795
6620.718848600005	1.0107598304748535
6620.776762878005	1.0042340755462646
6620.834677156005	1.0099397897720337
6620.892591434004	1.0238927602767944
6620.950505712004	1.015482783317566
6621.008419990004	0.9939712882041931
6621.066334268004	1.0072728395462036
6621.124248546003	1.0353124141693115
6621.182162824003	1.0326948165893555
6621.240077102003	1.020901083946228
6621.297991380003	1.0161736011505127
6621.3559056580025	1.0136570930480957
6621.413819936002	1.0124562978744507
6621.471734214002	1.0122979879379272
6621.529648492002	1.012853741645813
6621.587562770002	1.008103609085083
6621.645477048001	0.999451756477356
6621.703391326001	0.996487557888031
6621.761305604001	1.0146832466125488
6621.819219882001	1.0288203954696655
6621.87713416	1.0113277435302734
6621.935048438	0.9986104965209961
6621.992962716	1.0080827474594116
6622.050876994	1.0111595392227173
6622.1087912719995	1.014330267906189
6622.166705549999	1.0098956823349
6622.224619827999	0.9808963537216187
6622.282534105999	0.9790956377983093
6622.340448383999	1.0115357637405396
6622.398362661998	1.0225166082382202
6622.456276939998	1.0131617784500122
6622.514191217998	1.0099639892578125
6622.572105495998	1.0096325874328613
6622.630019773997	1.0049231052398682
6622.687934051997	0.9938697814941406
6622.745848329997	0.9981993436813354
6622.803762607997	1.013508915901184
6622.8616768859965	1.0005178451538086
6622.919591163996	0.9778871536254883
6622.977505441996	0.9940691590309143
6623.035419719996	1.0188955068588257
6623.093333997996	0.99440598487854
6623.151248275995	0.9647969007492065
6623.209162553995	0.9788877964019775
6623.267076831995	0.9968276619911194
6623.324991109995	1.0041885375976562
6623.3829053879945	1.009677529335022
6623.440819665994	0.9902461171150208
6623.498733943994	0.9699189066886902
6623.556648221994	0.9906861186027527
6623.614562499994	1.001747965812683
6623.672476777993	0.9682667255401611
6623.730391055993	0.9571763873100281
6623.788305333993	0.9854040145874023
6623.846219611993	1.001609206199646
6623.904133889992	1.0026493072509766
6623.962048167992	1.0103312730789185
6624.019962445992	1.0152690410614014
6624.077876723992	1.0188487768173218
6624.1357910019915	1.0240339040756226
6624.193705279991	1.0141805410385132
6624.251619557991	0.9981272220611572
6624.309533835991	0.9871838688850403
6624.367448113991	0.9778832793235779
6624.42536239199	0.9895135760307312
6624.48327666999	1.010525107383728
6624.54119094799	1.0127989053726196
6624.59910522599	1.0080208778381348
6624.657019503989	1.0111795663833618
6624.714933781989	1.0133495330810547
6624.772848059989	0.9965462684631348
6624.830762337989	0.9761348366737366
6624.8886766159885	0.9811956286430359
6624.946590893988	0.9972826838493347
6625.004505171988	1.0058597326278687
6625.062419449988	1.0106345415115356
6625.120333727988	1.017162561416626
6625.178248005987	1.0203056335449219
6625.236162283987	1.0007009506225586
6625.294076561987	0.9841035008430481
6625.351990839987	0.983798086643219
6625.409905117986	0.9821357727050781
6625.467819395986	0.9854210615158081
6625.525733673986	0.9860275983810425
6625.583647951986	0.9833369851112366
6625.6415622299855	0.9942044019699097
6625.699476507985	1.0239646434783936
6625.757390785985	1.0326803922653198
6625.815305063985	1.0096540451049805
6625.873219341985	1.0005241632461548
6625.931133619984	1.0086708068847656
6625.989047897984	0.9918625950813293
6626.046962175984	0.9607776999473572
6626.104876453984	0.9486560225486755
6626.1627907319835	0.9480630159378052
6626.220705009983	0.9660392999649048
6626.278619287983	0.9908009767532349
6626.336533565983	1.0038630962371826
6626.394447843983	1.0078308582305908
6626.452362121982	1.0084470510482788
6626.510276399982	1.0054856538772583
6626.568190677982	0.9857281446456909
6626.626104955982	0.9664080739021301
6626.684019233981	0.9737436175346375
6626.741933511981	0.9849846363067627
6626.799847789981	0.9849176406860352
6626.857762067981	0.9854476451873779
6626.9156763459805	0.985895574092865
6626.97359062398	0.9813359379768372
6627.03150490198	0.9683566689491272
6627.08941917998	0.9627841114997864
6627.14733345798	0.9696377515792847
6627.205247735979	0.9852480292320251
6627.263162013979	1.0181382894515991
6627.321076291979	1.0225834846496582
6627.378990569979	0.9903598427772522
6627.436904847978	0.9768832921981812
6627.494819125978	0.9692606925964355
6627.552733403978	0.975659191608429
6627.610647681978	1.0019758939743042
6627.6685619599775	0.9918357729911804
6627.726476237977	0.960320770740509
6627.784390515977	0.9747937321662903
6627.842304793977	1.0090945959091187
6627.900219071977	1.0063456296920776
6627.958133349976	0.9918558597564697
6628.016047627976	1.0021601915359497
6628.073961905976	1.01842200756073
6628.131876183976	0.9868248105049133
6628.1897904619755	0.9551145434379578
6628.247704739975	0.9796887040138245
6628.305619017975	1.0060925483703613
6628.363533295975	1.0166751146316528
6628.421447573975	1.0230399370193481
6628.479361851974	1.0230073928833008
6628.537276129974	1.0187751054763794
6628.595190407974	1.014128565788269
6628.653104685974	1.007749080657959
6628.711018963973	1.0015498399734497
6628.768933241973	1.0024147033691406
6628.826847519973	1.0171724557876587
6628.884761797973	1.0254757404327393
6628.9426760759725	1.015928030014038
6629.000590353972	1.009342908859253
6629.058504631972	1.0119125843048096
6629.116418909972	1.00661301612854
6629.174333187972	0.9931555390357971
6629.232247465971	0.9939587712287903
6629.290161743971	1.004726767539978
6629.348076021971	1.0096535682678223
6629.405990299971	1.009402871131897
6629.46390457797	1.002415418624878
6629.52181885597	0.9930423498153687
6629.57973313397	0.9921643733978271
6629.63764741197	0.9949512481689453
6629.6955616899695	0.9904392957687378
6629.753475967969	0.9843719601631165
6629.811390245969	0.99660325050354
6629.869304523969	1.0103455781936646
6629.927218801969	1.005231261253357
6629.985133079968	1.002315878868103
6630.043047357968	1.0123631954193115
6630.100961635968	1.0158913135528564
6630.158875913968	1.0095371007919312
6630.216790191967	0.9964723587036133
6630.274704469967	0.9626887440681458
6630.332618747967	0.9422650337219238
6630.390533025967	0.9473850727081299
6630.4484473039665	0.9670737385749817
6630.506361581966	1.0110489130020142
6630.564275859966	1.0200058221817017
6630.622190137966	0.9847918152809143
6630.680104415966	0.9835890531539917
6630.738018693965	1.0090194940567017
6630.795932971965	1.0044430494308472
6630.853847249965	0.9806391000747681
6630.911761527965	0.972327709197998
6630.9696758059645	0.9731701612472534
6631.027590083964	0.9829179644584656
6631.085504361964	0.9982289671897888
6631.143418639964	1.0114980936050415
6631.201332917964	1.0259766578674316
6631.259247195963	1.0191831588745117
6631.317161473963	1.0064948797225952
6631.375075751963	1.0095113515853882
6631.432990029963	1.0129010677337646
6631.490904307962	1.0201460123062134
6631.548818585962	1.0253125429153442
6631.606732863962	1.0131242275238037
6631.664647141962	0.9991770386695862
6631.7225614199615	0.9859889149665833
6631.780475697961	0.9829167127609253
6631.838389975961	1.0058159828186035
6631.896304253961	1.0193475484848022
6631.954218531961	1.0152201652526855
6632.01213280996	1.0059868097305298
6632.07004708796	0.9891394376754761
6632.12796136596	0.9771741628646851
6632.18587564396	0.9698505997657776
6632.243789921959	0.9705082774162292
6632.301704199959	0.9769688248634338
6632.359618477959	0.9966797232627869
6632.417532755959	1.0308494567871094
6632.4754470339585	1.0198938846588135
6632.533361311958	0.9871227741241455
6632.591275589958	0.9886491298675537
6632.649189867958	0.996985912322998
6632.707104145958	1.011508822441101
6632.765018423957	1.0219099521636963
6632.822932701957	0.9991365671157837
6632.880846979957	0.9803807139396667
6632.938761257957	0.9842332005500793
6632.9966755359565	0.9961611032485962
6633.054589813956	1.0236034393310547
6633.112504091956	1.0452516078948975
6633.170418369956	1.033511757850647
6633.2283326479555	1.0138658285140991
6633.286246925955	1.0055104494094849
6633.344161203955	0.9924553036689758
6633.402075481955	0.975964367389679
6633.459989759955	0.9646977186203003
6633.517904037954	0.959570050239563
6633.575818315954	0.9686098694801331
6633.633732593954	0.9929712414741516
6633.691646871954	1.0183757543563843
6633.7495611499535	1.041009783744812
6633.807475427953	1.0257760286331177
6633.865389705953	0.9802321195602417
6633.923303983953	0.9772526025772095
6633.981218261953	0.9988501071929932
6634.039132539952	0.9823605418205261
6634.097046817952	0.9560794234275818
6634.154961095952	0.9769030213356018
6634.212875373952	1.0082371234893799
6634.270789651951	1.0050052404403687
6634.328703929951	0.9951052665710449
6634.386618207951	0.9816680550575256
6634.444532485951	0.9681162238121033
6634.5024467639505	0.9754113554954529
6634.56036104195	0.9853173494338989
6634.61827531995	0.992710292339325
6634.67618959795	1.0031304359436035
6634.73410387595	1.0280786752700806
6634.792018153949	1.0421613454818726
6634.849932431949	1.0322706699371338
6634.907846709949	1.0163397789001465
6634.965760987949	0.9835459589958191
6635.023675265948	0.9638445973396301
6635.081589543948	0.966794490814209
6635.139503821948	0.9824861288070679
6635.197418099948	1.0119024515151978
6635.2553323779475	1.0121850967407227
6635.313246655947	0.9892033338546753
6635.371160933947	0.9955318570137024
6635.429075211947	1.012623906135559
6635.486989489947	1.01305091381073
6635.544903767946	1.0116488933563232
6635.602818045946	1.0009443759918213
6635.660732323946	0.9885649085044861
6635.718646601946	1.0008265972137451
6635.7765608799455	1.0162794589996338
6635.834475157945	1.0003743171691895
6635.892389435945	0.9806588292121887
6635.950303713945	0.9788373708724976
6636.008217991945	0.9727423191070557
6636.066132269944	0.958578884601593
6636.124046547944	0.958612859249115
6636.181960825944	0.9937241077423096
6636.239875103944	1.012763261795044
6636.297789381943	0.9915276169776917
6636.355703659943	0.9819595217704773
6636.413617937943	0.9840396046638489
6636.471532215943	0.9822478890419006
6636.5294464939425	0.9856627583503723
6636.587360771942	0.9766086339950562
6636.645275049942	0.9576907157897949
6636.703189327942	0.9498589038848877
6636.761103605942	0.9446117281913757
6636.819017883941	0.9537568688392639
6636.876932161941	0.9724825620651245
6636.934846439941	0.9812914133071899
6636.992760717941	0.9871657490730286
6637.05067499594	0.9956880211830139
6637.10858927394	0.9993801116943359
6637.16650355194	0.9899535179138184
6637.22441782994	0.9814250469207764
6637.2823321079395	0.9867981672286987
6637.340246385939	0.9954507946968079
6637.398160663939	0.9870720505714417
6637.456074941939	0.9796040058135986
6637.513989219939	0.990090012550354
6637.571903497938	0.9984293580055237
6637.629817775938	0.9883700013160706
6637.687732053938	0.9915677905082703
6637.745646331938	1.016989827156067
6637.803560609937	1.0214518308639526
6637.861474887937	1.0045433044433594
6637.919389165937	0.9917399287223816
6637.977303443937	0.9822782874107361
6638.0352177219365	0.9707511067390442
6638.093131999936	0.9590821862220764
6638.151046277936	0.9745458364486694
6638.208960555936	1.004310965538025
6638.266874833936	0.9965527057647705
6638.324789111935	0.9752145409584045
6638.382703389935	0.9784809947013855
6638.440617667935	0.9881553649902344
6638.498531945935	0.9960213899612427
6638.5564462239345	1.0028287172317505
6638.614360501934	1.0076274871826172
6638.672274779934	1.009799599647522
6638.730189057934	0.9904301166534424
6638.788103335934	0.9711883664131165
6638.846017613933	0.9636920690536499
6638.903931891933	0.9614695906639099
6638.961846169933	0.9747369885444641
6639.019760447933	0.0
6639.077674725932	0.0
6639.135589003932	0.0
6639.193503281932	0.0
