6215.43397123	0.4835
6215.4339712337	0.8726213574409485
6215.9174712337	0.8706009984016418
6216.4009712337	0.8819406032562256
6216.8844712337	0.8955758213996887
6217.367971233701	0.8993696570396423
6217.851471233701	0.9048087000846863
6218.334971233701	0.9215056896209717
6218.8184712337015	0.9303988814353943
6219.301971233702	0.9160385727882385
6219.785471233702	0.9047895073890686
6220.268971233702	0.9215239882469177
6220.752471233703	0.9416277408599854
6221.235971233703	0.9368057250976562
6221.719471233703	0.9187180995941162
6222.2029712337035	0.906139075756073
6222.686471233704	0.900650143623352
6223.169971233704	0.8987872004508972
6223.653471233704	0.8965314030647278
6224.136971233705	0.8911687135696411
6224.620471233705	0.8867715001106262
6225.103971233705	0.8875613212585449
6225.587471233705	0.8887903094291687
6226.070971233706	0.8847067356109619
6226.554471233706	0.8782308101654053
6227.037971233706	0.8745666742324829
6227.5214712337065	0.8763682246208191
6228.004971233707	0.8848661184310913
6228.488471233707	0.8983799815177917
6228.971971233707	0.9125285148620605
6229.455471233708	0.9138315916061401
6229.938971233708	0.89151531457901
6230.422471233708	0.8672184348106384
6230.905971233708	0.8671004176139832
6231.389471233709	0.8765732049942017
6231.872971233709	0.8714231252670288
6232.356471233709	0.8595244884490967
6232.83997123371	0.8584792613983154
6233.32347123371	0.8708590269088745
6233.80697123371	0.8929768800735474
6234.29047123371	0.9188424944877625
6234.773971233711	0.9408761858940125
6235.257471233711	0.9470022320747375
6235.740971233711	0.9274237155914307
6236.2244712337115	0.9001606106758118
6236.707971233712	0.8910442590713501
6237.191471233712	0.8983638882637024
6237.674971233712	0.9090538620948792
6238.158471233713	0.9146893620491028
6238.641971233713	0.9108478426933289
6239.125471233713	0.9071621894836426
6239.608971233713	0.9169389605522156
6240.092471233714	0.9322139024734497
6240.575971233714	0.9370502829551697
6241.059471233714	0.9319751262664795
6241.5429712337145	0.9251512289047241
6242.026471233715	0.9217193722724915
6242.509971233715	0.923902153968811
6242.993471233715	0.9221189022064209
6243.476971233716	0.9037492275238037
6243.960471233716	0.8824538588523865
6244.443971233716	0.882445752620697
6244.9274712337165	0.8985558152198792
6245.410971233717	0.9115914106369019
6245.894471233717	0.9197247624397278
6246.377971233717	0.9297358393669128
6246.861471233718	0.9372169971466064
6247.344971233718	0.9328495264053345
6247.828471233718	0.9230132102966309
6248.311971233718	0.9216049313545227
6248.795471233719	0.9253045916557312
6249.278971233719	0.9220643639564514
6249.762471233719	0.9175697565078735
6250.2459712337195	0.9263995885848999
6250.72947123372	0.9395623803138733
6251.21297123372	0.9355887770652771
6251.69647123372	0.921200692653656
6252.179971233721	0.9190835356712341
6252.663471233721	0.9237377643585205
6253.146971233721	0.9128533601760864
6253.630471233721	0.8894254565238953
6254.113971233722	0.8726528286933899
6254.597471233722	0.8667522072792053
6255.080971233722	0.8655925393104553
6255.5644712337225	0.867954432964325
6256.047971233723	0.8758450150489807
6256.531471233723	0.8832057118415833
6257.014971233723	0.8793129920959473
6257.498471233724	0.8723852038383484
6257.981971233724	0.8831378817558289
6258.465471233724	0.9071397185325623
6258.9489712337245	0.9216564893722534
6259.432471233725	0.921256422996521
6259.915971233725	0.9144557118415833
6260.399471233725	0.9087622761726379
6260.882971233726	0.9097835421562195
6261.366471233726	0.9131369590759277
6261.849971233726	0.9072415232658386
6262.333471233726	0.8959730863571167
6262.816971233727	0.8955885171890259
6263.300471233727	0.9079805016517639
6263.783971233727	0.9226012229919434
6264.2674712337275	0.9349135160446167
6264.750971233728	0.9459207057952881
6265.234471233728	0.9492140412330627
6265.717971233728	0.9324212670326233
6266.201471233729	0.9045546054840088
6266.684971233729	0.8932648301124573
6267.168471233729	0.9010720252990723
6267.6519712337295	0.9066724181175232
6268.13547123373	0.9034439921379089
6268.61897123373	0.9000110626220703
6269.10247123373	0.8997882604598999
6269.585971233731	0.9001601934432983
6270.069471233731	0.8986981511116028
6270.552971233731	0.8937647342681885
6271.036471233731	0.8911290764808655
6271.519971233732	0.9034312963485718
6272.003471233732	0.9226968288421631
6272.486971233732	0.9199094772338867
6272.9704712337325	0.8971316814422607
6273.453971233733	0.8902905583381653
6273.937471233733	0.9045320153236389
6274.420971233733	0.9093061089515686
6274.904471233734	0.8986690640449524
6275.387971233734	0.8965893387794495
6275.871471233734	0.9001710414886475
6276.354971233734	0.8740543127059937
6276.838471233735	0.8206862211227417
6277.321971233735	0.7888398170471191
6277.805471233735	0.7950801253318787
6278.2889712337355	0.8131953477859497
6278.772471233736	0.8288047313690186
6279.255971233736	0.8464129567146301
6279.739471233736	0.8605893850326538
6280.222971233737	0.8518721461296082
6280.706471233737	0.8235185146331787
6281.189971233737	0.8088404536247253
6281.6734712337375	0.8191732168197632
6282.156971233738	0.8337143063545227
6282.640471233738	0.8416223526000977
6283.123971233738	0.8494358658790588
6283.607471233739	0.8603311777114868
6284.090971233739	0.8706521987915039
6284.574471233739	0.8788513541221619
6285.057971233739	0.8872064352035522
6285.54147123374	0.8978316187858582
6286.02497123374	0.9120330810546875
6286.50847123374	0.9267192482948303
6286.9919712337405	0.9326058626174927
6287.475471233741	0.9265766143798828
6287.958971233741	0.9156452417373657
6288.442471233741	0.9077405333518982
6288.925971233742	0.9103837013244629
6289.409471233742	0.921990156173706
6289.892971233742	0.9269927144050598
6290.376471233742	0.9177278876304626
6290.859971233743	0.9016788601875305
6291.343471233743	0.8863554000854492
6291.826971233743	0.8763159513473511
6292.310471233744	0.8749333620071411
6292.793971233744	0.8841776847839355
6293.277471233744	0.8998106122016907
6293.760971233744	0.9074869751930237
6294.244471233745	0.9008103013038635
6294.727971233745	0.8893699645996094
6295.211471233745	0.8810427784919739
6295.6949712337455	0.8769451379776001
6296.178471233746	0.8755372762680054
6296.661971233746	0.8720760345458984
6297.145471233746	0.8635861277580261
6297.628971233747	0.8511889576911926
6298.112471233747	0.8390253782272339
6298.595971233747	0.8358296751976013
6299.079471233747	0.845954418182373
6299.562971233748	0.8640467524528503
6300.046471233748	0.8835744261741638
6300.529971233748	0.8985207676887512
6301.0134712337485	0.9054998159408569
6301.496971233749	0.9063225388526917
6301.980471233749	0.9024445414543152
6302.463971233749	0.8928623795509338
6302.94747123375	0.880176305770874
6303.43097123375	0.8753500580787659
6303.91447123375	0.8833084106445312
6304.3979712337505	0.8932046890258789
6304.881471233751	0.8942787051200867
6305.364971233751	0.8814858198165894
6305.848471233751	0.858551025390625
6306.331971233752	0.8468475341796875
6306.815471233752	0.8596031665802002
6307.298971233752	0.8845406174659729
6307.782471233752	0.9058498740196228
6308.265971233753	0.9096556901931763
6308.749471233753	0.8908231258392334
6309.232971233753	0.8643747568130493
6309.7164712337535	0.849039614200592
6310.199971233754	0.8638686537742615
6310.683471233754	0.9106410145759583
6311.166971233754	0.9475733637809753
6311.650471233755	0.947024405002594
6312.133971233755	0.9384337663650513
6312.617471233755	0.9459002017974854
6313.100971233755	0.9513841867446899
6313.584471233756	0.9401330947875977
6314.067971233756	0.9275603890419006
6314.551471233756	0.9270561337471008
6315.034971233757	0.9305358529090881
6315.518471233757	0.9302434325218201
6316.001971233757	0.9311597943305969
6316.485471233757	0.9391067624092102
6316.968971233758	0.9551396369934082
6317.452471233758	0.9748384952545166
6317.935971233758	0.9805209636688232
6318.4194712337585	0.9629964828491211
6318.902971233759	0.9469084143638611
6319.386471233759	0.9503321647644043
6319.869971233759	0.9489688277244568
6320.35347123376	0.9245479106903076
6320.83697123376	0.9064639210700989
6321.32047123376	0.9199836850166321
6321.80397123376	0.943584680557251
6322.287471233761	0.9522975087165833
6322.770971233761	0.9443157911300659
6323.254471233761	0.9253270626068115
6323.7379712337615	0.9083775877952576
6324.221471233762	0.9035195708274841
6324.704971233762	0.9044793248176575
6325.188471233762	0.9036909937858582
6325.671971233763	0.9027611613273621
6326.155471233763	0.9042822122573853
6326.638971233763	0.9065119028091431
6327.1224712337635	0.906792163848877
6327.605971233764	0.9029761552810669
6328.089471233764	0.8942245244979858
6328.572971233764	0.8840144872665405
6329.056471233765	0.8783450722694397
6329.539971233765	0.8886404037475586
6330.023471233765	0.9195845127105713
6330.506971233765	0.9442071914672852
6330.990471233766	0.9372943043708801
6331.473971233766	0.9140707850456238
6331.957471233766	0.8980240821838379
6332.4409712337665	0.9016757011413574
6332.924471233767	0.9269003868103027
6333.407971233767	0.9438090920448303
6333.891471233767	0.9275227785110474
6334.374971233768	0.9124701023101807
6334.858471233768	0.9334540367126465
6335.341971233768	0.9533427953720093
6335.825471233768	0.9310728311538696
6336.308971233769	0.9007570743560791
6336.792471233769	0.9048376083374023
6337.275971233769	0.9228073358535767
6337.75947123377	0.9233113527297974
6338.24297123377	0.9124746322631836
6338.72647123377	0.905414342880249
6339.20997123377	0.9054945111274719
6339.693471233771	0.9118220210075378
6340.176971233771	0.9206021428108215
6340.660471233771	0.9279076457023621
6341.1439712337715	0.9337884783744812
6341.627471233772	0.9392990469932556
6342.110971233772	0.9440812468528748
6342.594471233772	0.9463839530944824
6343.077971233773	0.9396283626556396
6343.561471233773	0.9197613000869751
6344.044971233773	0.9043630361557007
6344.528471233773	0.912470817565918
6345.011971233774	0.9315536022186279
6345.495471233774	0.9409582614898682
6345.978971233774	0.9355324506759644
6346.4624712337745	0.9187396168708801
6346.945971233775	0.9114652872085571
6347.429471233775	0.9324843883514404
6347.912971233775	0.9530845880508423
6348.396471233776	0.936843991279602
6348.879971233776	0.9032456874847412
6349.363471233776	0.8867365121841431
6349.8469712337765	0.8871311545372009
6350.330471233777	0.8922526836395264
6350.813971233777	0.8968380689620972
6351.297471233777	0.8997071385383606
6351.780971233778	0.908378541469574
6352.264471233778	0.9300730228424072
6352.747971233778	0.9487811326980591
6353.231471233778	0.9445986747741699
6353.714971233779	0.931847333908081
6354.198471233779	0.9340013265609741
6354.681971233779	0.9437733888626099
6355.1654712337795	0.9443163275718689
6355.64897123378	0.9396389126777649
6356.13247123378	0.940123438835144
6356.61597123378	0.9398902058601379
6357.099471233781	0.929783046245575
6357.582971233781	0.9261276721954346
6358.066471233781	0.9494902491569519
6358.549971233781	0.9724522233009338
6359.033471233782	0.9557390213012695
6359.516971233782	0.9265701770782471
6360.000471233782	0.9327554702758789
6360.4839712337825	0.9550638794898987
6360.967471233783	0.9503075480461121
6361.450971233783	0.9241648316383362
6361.934471233783	0.902941882610321
6362.417971233784	0.897720217704773
6362.901471233784	0.9100803136825562
6363.384971233784	0.924027144908905
6363.8684712337845	0.9194834232330322
6364.351971233785	0.909757137298584
6364.835471233785	0.9197250604629517
6365.318971233785	0.9372533559799194
6365.802471233786	0.9365867972373962
6366.285971233786	0.9299771785736084
6366.769471233786	0.9439523816108704
6367.252971233786	0.9651581048965454
6367.736471233787	0.9645682573318481
6368.219971233787	0.952479362487793
6368.703471233787	0.9555280208587646
6369.1869712337875	0.9657688140869141
6369.670471233788	0.9606951475143433
6370.153971233788	0.9498168230056763
6370.637471233788	0.956096887588501
6371.120971233789	0.9697916507720947
6371.604471233789	0.9669021368026733
6372.087971233789	0.9549729824066162
6372.571471233789	0.955985963344574
6373.05497123379	0.9648540616035461
6373.53847123379	0.9638760089874268
6374.02197123379	0.9593380093574524
6374.505471233791	0.9682175517082214
6374.988971233791	0.979023814201355
6375.472471233791	0.9675053954124451
6375.955971233791	0.944729745388031
6376.439471233792	0.9392906427383423
6376.922971233792	0.9497241973876953
6377.406471233792	0.9579477310180664
6377.8899712337925	0.95783531665802
6378.373471233793	0.9512068033218384
6378.856971233793	0.9465306997299194
6379.340471233793	0.9549100995063782
6379.823971233794	0.9743891954421997
6380.307471233794	0.9947420358657837
6380.790971233794	1.0021151304244995
6381.274471233794	0.9833092093467712
6381.757971233795	0.9561145901679993
6382.241471233795	0.9548737406730652
6382.724971233795	0.9825958013534546
6383.2084712337955	1.0218758583068848
6383.691971233796	1.051655888557434
6384.175471233796	1.0512701272964478
6384.658971233796	1.0273995399475098
6385.142471233797	1.0032681226730347
6385.625971233797	0.9877000451087952
6386.109471233797	0.9794675707817078
6386.5929712337975	0.9749906063079834
6387.076471233798	0.9697290658950806
6387.559971233798	0.9638646245002747
6388.043471233798	0.9605116248130798
6388.526971233799	0.9589336514472961
6389.010471233799	0.9561907052993774
6389.493971233799	0.9561655521392822
6389.977471233799	0.9664296507835388
6390.4609712338	0.979699969291687
6390.9444712338	0.9795946478843689
6391.4279712338	0.9691245555877686
6391.9114712338005	0.964291512966156
6392.394971233801	0.9668258428573608
6392.878471233801	0.9682260155677795
6393.361971233801	0.9656442403793335
6393.845471233802	0.9606079459190369
6394.328971233802	0.9540941715240479
6394.812471233802	0.9464666843414307
6395.295971233802	0.9367611408233643
6395.779471233803	0.9235127568244934
6396.262971233803	0.9127198457717896
6396.746471233803	0.9152550101280212
6397.229971233804	0.9300768375396729
6397.713471233804	0.9472835659980774
6398.196971233804	0.9632704257965088
6398.680471233804	0.9792064428329468
6399.163971233805	0.989354133605957
6399.647471233805	0.9833201169967651
6400.130971233805	0.9657824039459229
6400.6144712338055	0.9527284502983093
6401.097971233806	0.9472688436508179
6401.581471233806	0.942054808139801
6402.064971233806	0.9345415234565735
6402.548471233807	0.9265883564949036
6403.031971233807	0.922020673751831
6403.515471233807	0.9259209632873535
6403.998971233807	0.9402905702590942
6404.482471233808	0.9637967348098755
6404.965971233808	0.981107234954834
6405.449471233808	0.967373788356781
6405.9329712338085	0.9367520213127136
6406.416471233809	0.9345251321792603
6406.899971233809	0.9615519046783447
6407.383471233809	0.9805284142494202
6407.86697123381	0.9795456528663635
6408.35047123381	0.9701269865036011
6408.83397123381	0.9569613337516785
6409.3174712338105	0.9380702972412109
6409.800971233811	0.9198859930038452
6410.284471233811	0.9160317182540894
6410.767971233811	0.9293216466903687
6411.251471233812	0.9524363875389099
6411.734971233812	0.9753844738006592
6412.218471233812	0.986774206161499
6412.701971233812	0.9854077696800232
6413.185471233813	0.979575514793396
6413.668971233813	0.9797267913818359
6414.152471233813	0.9969202280044556
6414.6359712338135	1.0226390361785889
6415.119471233814	1.0312150716781616
6415.602971233814	1.024484395980835
6416.086471233814	1.0298917293548584
6416.569971233815	1.042443037033081
6417.053471233815	1.0263948440551758
6417.536971233815	0.9868178367614746
6418.020471233815	0.9685460925102234
6418.503971233816	0.9832675457000732
6418.987471233816	1.0080300569534302
6419.470971233816	1.0199320316314697
6419.954471233817	0.9994391798973083
6420.437971233817	0.9575195908546448
6420.921471233817	0.9341296553611755
6421.404971233817	0.9391587972640991
6421.888471233818	0.9508578777313232
6422.371971233818	0.9606848359107971
6422.855471233818	0.9752658605575562
6423.3389712338185	0.9920570850372314
6423.822471233819	0.9984372854232788
6424.305971233819	0.9891567230224609
6424.789471233819	0.9676063060760498
6425.27297123382	0.948040246963501
6425.75647123382	0.9543597102165222
6426.23997123382	0.9785525798797607
6426.72347123382	0.9795958995819092
6427.206971233821	0.9572609663009644
6427.690471233821	0.9559051990509033
6428.173971233821	0.979689359664917
6428.6574712338215	0.9873342514038086
6429.140971233822	0.9725415110588074
6429.624471233822	0.9695370197296143
6430.107971233822	0.9840382933616638
6430.591471233823	0.9880363941192627
6431.074971233823	0.9739609360694885
6431.558471233823	0.9592350125312805
6432.0419712338235	0.9529314637184143
6432.525471233824	0.9528391361236572
6433.008971233824	0.9585989713668823
6433.492471233824	0.9726048707962036
6433.975971233825	0.9886495471000671
6434.459471233825	0.9909480214118958
6434.942971233825	0.9772465825080872
6435.426471233825	0.9614790081977844
6435.909971233826	0.9522143006324768
6436.393471233826	0.9502899646759033
6436.876971233826	0.9538752436637878
6437.3604712338265	0.9587429761886597
6437.843971233827	0.962011456489563
6438.327471233827	0.9626956582069397
6438.810971233827	0.9619755148887634
6439.294471233828	0.9634202122688293
6439.777971233828	0.9710270166397095
6440.261471233828	0.9888193607330322
6440.744971233828	1.0103223323822021
6441.228471233829	1.0167843103408813
6441.711971233829	1.0060322284698486
6442.195471233829	0.9969829320907593
6442.6789712338295	0.9938960075378418
6443.16247123383	0.9812257885932922
6443.64597123383	0.9584782719612122
6444.12947123383	0.9455626606941223
6444.612971233831	0.9524282217025757
6445.096471233831	0.974346399307251
6445.579971233831	1.000153660774231
6446.0634712338315	1.0124539136886597
6446.546971233832	1.0083743333816528
6447.030471233832	1.003976583480835
6447.513971233832	1.0041879415512085
6447.997471233833	0.9978221654891968
6448.480971233833	0.986663281917572
6448.964471233833	0.9906386733055115
6449.447971233833	1.0120881795883179
6449.931471233834	1.02867591381073
6450.414971233834	1.0287902355194092
6450.898471233834	1.0177738666534424
6451.3819712338345	1.0033637285232544
6451.865471233835	0.9944427013397217
6452.348971233835	0.998552143573761
6452.832471233835	1.0210522413253784
6453.315971233836	1.0567017793655396
6453.799471233836	1.086460828781128
6454.282971233836	1.0965783596038818
6454.7664712338365	1.0823957920074463
6455.249971233837	1.0504016876220703
6455.733471233837	1.0209373235702515
6456.216971233837	1.0050965547561646
6456.700471233838	0.9994670748710632
6457.183971233838	1.00185227394104
6457.667471233838	1.01351797580719
6458.150971233838	1.0295727252960205
6458.634471233839	1.0363155603408813
6459.117971233839	1.02839195728302
6459.601471233839	1.0132989883422852
6460.0849712338395	0.9973784685134888
6460.56847123384	0.9836096167564392
6461.05197123384	0.9774215817451477
6461.53547123384	0.9879376292228699
6462.018971233841	1.009512186050415
6462.502471233841	1.0152143239974976
6462.985971233841	1.0010985136032104
6463.469471233841	0.999038577079773
6463.952971233842	1.0187302827835083
6464.436471233842	1.0327668190002441
6464.919971233842	1.0257062911987305
6465.4034712338425	1.0049525499343872
6465.886971233843	0.9813870191574097
6466.370471233843	0.967584490776062
6466.853971233843	0.9677321314811707
6467.337471233844	0.9732980728149414
6467.820971233844	0.9773907661437988
6468.304471233844	0.9775307178497314
6468.7879712338445	0.9713645577430725
6469.271471233845	0.9561734795570374
6469.754971233845	0.9366704225540161
6470.238471233845	0.9286452531814575
6470.721971233846	0.9350715279579163
6471.205471233846	0.9378606677055359
6471.688971233846	0.9307333827018738
6472.172471233846	0.9286878705024719
6472.655971233847	0.9373443722724915
6473.139471233847	0.9445835947990417
6473.622971233847	0.9424119591712952
6474.1064712338475	0.9320762753486633
6474.589971233848	0.9153031706809998
6475.073471233848	0.8931068181991577
6475.556971233848	0.8697962760925293
6476.040471233849	0.8548597097396851
6476.523971233849	0.8557668328285217
6477.007471233849	0.8758026361465454
6477.490971233849	0.9030148386955261
6477.97447123385	0.9023920297622681
6478.45797123385	0.8695023655891418
6478.94147123385	0.8522880673408508
6479.424971233851	0.8696978688240051
6479.908471233851	0.8853182196617126
6480.391971233851	0.8834558725357056
6480.875471233851	0.8912606239318848
6481.358971233852	0.9137880802154541
6481.842471233852	0.9131161570549011
6482.325971233852	0.8806566596031189
6482.8094712338525	0.862929105758667
6483.292971233853	0.8816825151443481
6483.776471233853	0.9082692861557007
6484.259971233853	0.9239720106124878
6484.743471233854	0.9355543851852417
6485.226971233854	0.9425250291824341
6485.710471233854	0.9279764890670776
6486.193971233854	0.8967624306678772
6486.677471233855	0.8925921320915222
6487.160971233855	0.9323105812072754
6487.644471233855	0.9806655049324036
6488.1279712338555	1.0093051195144653
6488.611471233856	1.0115361213684082
6489.094971233856	0.9939032793045044
6489.578471233856	0.9810718894004822
6490.061971233857	0.9866476058959961
6490.545471233857	1.0018411874771118
6491.028971233857	1.0156669616699219
6491.5124712338575	1.0178948640823364
6491.995971233858	1.0086313486099243
6492.479471233858	1.0054903030395508
6492.962971233858	1.017458200454712
6493.446471233859	1.0351852178573608
6493.929971233859	1.0512109994888306
6494.413471233859	1.0650124549865723
6494.896971233859	1.0708640813827515
6495.38047123386	1.0527993440628052
6495.86397123386	1.0117803812026978
6496.34747123386	0.9801264405250549
6496.8309712338605	0.9728161692619324
6497.314471233861	0.9681133031845093
6497.797971233861	0.9583745002746582
6498.281471233861	0.9681674838066101
6498.764971233862	1.0012418031692505
6499.248471233862	1.0181987285614014
6499.731971233862	1.0004551410675049
6500.215471233862	0.9752618670463562
6500.698971233863	0.9663389921188354
6501.182471233863	0.9812917113304138
6501.665971233863	1.0135834217071533
6502.149471233864	1.0349745750427246
6502.632971233864	1.0294133424758911
6503.116471233864	1.007452130317688
6503.599971233864	0.9827294945716858
6504.083471233865	0.9685330390930176
6504.566971233865	0.9684445858001709
6505.050471233865	0.9686108231544495
6505.5339712338655	0.9639904499053955
6506.017471233866	0.9693022966384888
6506.500971233866	0.9902217984199524
6506.984471233866	1.0117125511169434
6507.467971233867	1.0225666761398315
6507.951471233867	1.0231760740280151
6508.434971233867	1.018970012664795
6508.918471233867	1.021920084953308
6509.401971233868	1.0311615467071533
6509.885471233868	1.0209237337112427
6510.368971233868	0.9837693572044373
6510.8524712338685	0.951502799987793
6511.335971233869	0.9444685578346252
6511.819471233869	0.952911376953125
6512.302971233869	0.9684537649154663
6512.78647123387	0.9921360611915588
6513.26997123387	1.0171149969100952
6513.75347123387	1.0199916362762451
6514.2369712338705	0.9945560693740845
6514.720471233871	0.9702538251876831
6515.203971233871	0.9665404558181763
6515.687471233871	0.9758776426315308
6516.170971233872	0.9884986877441406
6516.654471233872	0.9968212246894836
6517.137971233872	0.9996719360351562
6517.621471233872	1.0074069499969482
6518.104971233873	1.020125389099121
6518.588471233873	1.0160151720046997
6519.071971233873	0.9888494610786438
6519.5554712338735	0.9668229222297668
6520.038971233874	0.9698768854141235
6520.522471233874	0.9941156506538391
6521.005971233874	1.0233137607574463
6521.489471233875	1.023820400238037
6521.972971233875	0.9841713905334473
6522.456471233875	0.9391050934791565
6522.939971233875	0.9181477427482605
6523.423471233876	0.9295867085456848
6523.906971233876	0.9654854536056519
6524.390471233876	0.9923018217086792
6524.873971233876	0.9927639365196228
6525.357471233876	0.9869160652160645
6525.840971233876	0.991552472114563
6526.3244712338765	1.0080885887145996
6526.807971233877	1.0326608419418335
6527.291471233877	1.0550388097763062
6527.774971233877	1.0642226934432983
6528.258471233878	1.0494601726531982
6528.741971233878	1.0121275186538696
6529.225471233878	0.976688802242279
6529.708971233878	0.9604024887084961
6530.192471233879	0.9609005451202393
6530.675971233879	0.9725781083106995
6531.159471233879	0.9884922504425049
6531.6429712338795	1.0001717805862427
6532.12647123388	0.9966912865638733
6532.60997123388	0.9776591658592224
6533.09347123388	0.9634981155395508
6533.576971233881	0.9679015278816223
6534.060471233881	0.9863301515579224
6534.543971233881	1.00568687915802
6535.027471233881	1.0010316371917725
6535.510971233882	0.9686336517333984
6535.994471233882	0.9486273527145386
6536.477971233882	0.9626260995864868
6536.961471233883	0.9854314923286438
6537.444971233883	0.9984473586082458
6537.928471233883	1.007572054862976
6538.411971233883	1.0170555114746094
6538.895471233884	1.0219242572784424
6539.378971233884	1.0203020572662354
6539.862471233884	1.0185357332229614
6540.3459712338845	1.01726496219635
6540.829471233885	1.0040645599365234
6541.312971233885	0.9779625535011292
6541.796471233885	0.9633862376213074
6542.279971233886	0.969767689704895
6542.763471233886	0.9711354374885559
6543.246971233886	0.957176148891449
6543.730471233886	0.9567727446556091
6544.213971233887	0.9830948710441589
6544.697471233887	1.0090548992156982
6545.180971233887	1.015505313873291
6545.6644712338875	1.0088266134262085
6546.147971233888	0.9979314208030701
6546.631471233888	0.9902467727661133
6547.114971233888	0.9879325032234192
6547.598471233889	0.9832448959350586
6548.081971233889	0.9761818647384644
6548.565471233889	0.9842080473899841
6549.0489712338895	1.0123012065887451
6549.53247123389	1.0369056463241577
6550.01597123389	1.0448546409606934
6550.49947123389	1.050276756286621
6550.982971233891	1.0612050294876099
6551.466471233891	1.0670684576034546
6551.949971233891	1.0628197193145752
6552.433471233891	1.0586971044540405
6552.916971233892	1.0627996921539307
6553.400471233892	1.0752707719802856
6553.883971233892	1.095154881477356
6554.3674712338925	1.1213349103927612
6554.850971233893	1.1541187763214111
6555.334471233893	1.1966321468353271
6555.817971233893	1.2480320930480957
6556.301471233894	1.2991743087768555
6556.784971233894	1.355339765548706
6557.268471233894	1.451608419418335
6557.751971233894	1.6100515127182007
6558.235471233895	1.82023286819458
6558.718971233895	2.0788276195526123
6559.202471233895	2.404137134552002
6559.6859712338955	2.7985219955444336
6560.169471233896	3.2284412384033203
6560.652971233896	3.657902479171753
6561.136471233896	4.055140018463135
6561.619971233897	4.38427734375
6562.103471233897	4.600818634033203
6562.586971233897	4.682003974914551
6563.0704712338975	4.648796081542969
6563.553971233898	4.518674373626709
6564.037471233898	4.291689872741699
6564.520971233898	3.97741961479187
6565.004471233899	3.607689380645752
6565.487971233899	3.2154407501220703
6565.971471233899	2.8302488327026367
6566.454971233899	2.4734079837799072
6566.9384712339	2.1511762142181396
6567.4219712339	1.8736152648925781
6567.9054712339	1.6615910530090332
6568.3889712339005	1.5196582078933716
6568.872471233901	1.418949842453003
6569.355971233901	1.339146614074707
6569.839471233901	1.284134864807129
6570.322971233902	1.249963402748108
6570.806471233902	1.2122994661331177
6571.289971233902	1.1644879579544067
6571.7734712339025	1.1378555297851562
6572.256971233903	1.1418107748031616
6572.740471233903	1.1356818675994873
6573.223971233903	1.101019024848938
6573.707471233904	1.0727113485336304
6574.190971233904	1.0693960189819336
6574.674471233904	1.0669353008270264
6575.157971233904	1.050335168838501
6575.641471233905	1.0315173864364624
6576.124971233905	1.022788166999817
6576.608471233905	1.0309665203094482
6577.0919712339055	1.0498677492141724
6577.575471233906	1.0504463911056519
6578.058971233906	1.024192214012146
6578.542471233906	1.0058578252792358
6579.025971233907	1.0135078430175781
6579.509471233907	1.024541974067688
6579.992971233907	1.021899700164795
6580.476471233907	1.0078797340393066
6580.959971233908	0.9881120920181274
6581.443471233908	0.9701157808303833
6581.926971233908	0.9618164300918579
6582.4104712339085	0.9713019728660583
6582.893971233909	0.9957515597343445
6583.377471233909	1.0124322175979614
6583.860971233909	1.0088717937469482
6584.34447123391	0.9957486391067505
6584.82797123391	0.9850258231163025
6585.31147123391	0.9858993291854858
6585.7949712339105	0.9993190169334412
6586.278471233911	1.0118470191955566
6586.761971233911	1.0145212411880493
6587.245471233911	1.0096229314804077
6587.728971233912	1.0018761157989502
6588.212471233912	0.99798983335495
6588.695971233912	0.9996290802955627
6589.179471233912	0.9989869594573975
6589.662971233913	0.9937493205070496
6590.146471233913	0.9933642745018005
6590.629971233913	1.000459909439087
6591.1134712339135	1.0031265020370483
6591.596971233914	0.9950346350669861
6592.080471233914	0.9827672243118286
6592.563971233914	0.9733988642692566
6593.047471233915	0.9722157120704651
6593.530971233915	0.9818461537361145
6594.014471233915	1.0005238056182861
6594.497971233915	1.0242223739624023
6594.981471233916	1.0458226203918457
6595.464971233916	1.0536589622497559
6595.948471233916	1.0290236473083496
6596.431971233917	0.9781839847564697
6596.915471233917	0.9520018100738525
6597.398971233917	0.9726525545120239
6597.882471233917	1.0038098096847534
6598.365971233918	1.0164213180541992
6598.849471233918	1.0054775476455688
6599.332971233918	0.9777770638465881
6599.8164712339185	0.9558756947517395
6600.299971233919	0.9559756517410278
6600.783471233919	0.9801185131072998
6601.266971233919	1.0165573358535767
6601.75047123392	1.032923698425293
6602.23397123392	1.0178996324539185
6602.71747123392	0.9996981620788574
6603.20097123392	0.9931232929229736
6603.684471233921	0.9831148982048035
6604.167971233921	0.9638494253158569
6604.651471233921	0.9503462314605713
6605.1349712339215	0.9515904784202576
6605.618471233922	0.9627344012260437
6606.101971233922	0.9787808060646057
6606.585471233922	0.9969087243080139
6607.068971233923	1.0128940343856812
6607.552471233923	1.0199354887008667
6608.035971233923	1.0180788040161133
6608.5194712339235	1.0190199613571167
6609.002971233924	1.0268661975860596
6609.486471233924	1.0312877893447876
6609.969971233924	1.0260734558105469
6610.453471233925	1.0142356157302856
6610.936971233925	1.0013900995254517
6611.420471233925	0.9956877827644348
6611.903971233925	0.9929872155189514
6612.387471233926	0.9692075252532959
6612.870971233926	0.9274617433547974
6613.354471233926	0.9174285531044006
6613.8379712339265	0.9564499258995056
6614.321471233927	1.0026016235351562
6614.804971233927	1.0205849409103394
6615.288471233927	0.9955884218215942
6615.771971233928	0.9384167790412903
6616.255471233928	0.8969573974609375
6616.738971233928	0.896869957447052
6617.222471233928	0.9228193759918213
6617.705971233929	0.9585422277450562
6618.189471233929	0.9925876259803772
6618.672971233929	1.010783314704895
6619.15647123393	0.9944853186607361
6619.63997123393	0.9459120035171509
6620.12347123393	0.9000124931335449
6620.60697123393	0.8776577115058899
6621.090471233931	0.8731016516685486
6621.573971233931	0.8802233338356018
6622.057471233931	0.8961223363876343
6622.5409712339315	0.9151697158813477
6623.024471233932	0.9273093938827515
6623.507971233932	0.9283137917518616
6623.991471233932	0.92340087890625
6624.474971233933	0.9169697165489197
6624.958471233933	0.9109086394309998
6625.441971233933	0.9103196263313293
6625.925471233933	0.9251424074172974
6626.408971233934	0.9509333968162537
6626.892471233934	0.9616681337356567
6627.375971233934	0.9528936147689819
6627.8594712339345	0.9544398784637451
6628.342971233935	0.9732787013053894
6628.826471233935	0.9788132905960083
6629.309971233935	0.9630188345909119
6629.793471233936	0.9552323818206787
6630.276971233936	0.9673849940299988
6630.760471233936	0.9815389513969421
6631.2439712339365	0.9827037453651428
6631.727471233937	0.9642982482910156
6632.210971233937	0.9401849508285522
6632.694471233937	0.9514758586883545
6633.177971233938	0.9971802234649658
6633.661471233938	1.0141998529434204
6634.144971233938	0.9823998212814331
6634.628471233938	0.9492470026016235
6635.111971233939	0.9441684484481812
6635.595471233939	0.9631478786468506
6636.078971233939	0.9922490119934082
6636.5624712339395	1.0078381299972534
6637.04597123394	0.9984003305435181
6637.52947123394	0.9706118106842041
6638.01297123394	0.9416592717170715
6638.496471233941	0.940361499786377
6638.979971233941	0.9673535823822021
6639.463471233941	0.9842185974121094
6639.946971233941	0.9773555994033813
6640.430471233942	0.9706287980079651
6640.913971233942	0.9757068753242493
6641.397471233942	0.9839838743209839
6641.880971233943	0.9880098104476929
6642.364471233943	0.9840689897537231
6642.847971233943	0.9729869961738586
6643.331471233943	0.9611752033233643
6643.814971233944	0.9524083733558655
6644.298471233944	0.9465064406394958
6644.781971233944	0.9464734792709351
6645.2654712339445	0.9595016241073608
6645.748971233945	0.9812414646148682
6646.232471233945	0.9924935698509216
6646.715971233945	0.9895702600479126
6647.199471233946	0.989764392375946
6647.682971233946	0.9992503523826599
6648.166471233946	1.008316993713379
6648.649971233946	1.0145628452301025
6649.133471233947	1.025815486907959
6649.616971233947	1.0358619689941406
6650.100471233947	1.0209167003631592
6650.5839712339475	0.9855166673660278
6651.067471233948	0.9698485136032104
6651.550971233948	0.9805032014846802
6652.034471233948	0.9806420207023621
6652.517971233949	0.9659325480461121
6653.001471233949	0.9741622805595398
6653.484971233949	1.0054422616958618
6653.9684712339495	1.012142300605774
6654.45197123395	0.9869627952575684
6654.93547123395	0.9739515781402588
6655.41897123395	0.9888358116149902
6655.902471233951	1.0097012519836426
6656.385971233951	1.0196064710617065
6656.869471233951	1.01083505153656
6657.352971233951	0.9885809421539307
6657.836471233952	0.9720793962478638
6658.319971233952	0.9682248830795288
6658.803471233952	0.9685049057006836
6659.2869712339525	0.9646565318107605
6659.770471233953	0.9503913521766663
6660.253971233953	0.9346914291381836
6660.737471233953	0.9429249167442322
6661.220971233954	0.9764973521232605
6661.704471233954	1.0088130235671997
6662.187971233954	1.0206143856048584
6662.671471233954	1.0037883520126343
6663.154971233955	0.9750978946685791
6663.638471233955	0.9764360785484314
6664.121971233955	1.0040829181671143
6664.6054712339555	1.004406213760376
6665.088971233956	0.9738276600837708
6665.572471233956	0.964806079864502
6666.055971233956	0.9864830374717712
6666.539471233957	0.9986950159072876
6667.022971233957	0.9852647185325623
6667.506471233957	0.958981454372406
6667.9899712339575	0.9393182396888733
6668.473471233958	0.9499848484992981
6668.956971233958	0.9877668619155884
6669.440471233958	1.0215109586715698
6669.923971233959	1.0361071825027466
6670.407471233959	1.0350191593170166
6670.890971233959	1.026774287223816
6671.374471233959	1.0236667394638062
6671.85797123396	1.0275312662124634
6672.34147123396	1.0293980836868286
6672.82497123396	1.023208737373352
6673.3084712339605	1.0068176984786987
6673.791971233961	0.9861900806427002
6674.275471233961	0.9747365713119507
6674.758971233961	0.9755635857582092
6675.242471233962	0.9810340404510498
6675.725971233962	0.9812724590301514
6676.209471233962	0.9655439257621765
6676.692971233962	0.9391623139381409
6677.176471233963	0.9226090908050537
6677.659971233963	0.9260032176971436
6678.143471233963	0.9481760859489441
6678.626971233964	0.9773143529891968
6679.110471233964	0.9927732944488525
6679.593971233964	0.9898295402526855
6680.077471233964	0.9792709350585938
6680.560971233965	0.9723327159881592
6681.044471233965	0.9792996644973755
6681.527971233965	0.9975257515907288
6682.0114712339655	1.0128757953643799
6682.494971233966	1.020054817199707
6682.978471233966	1.0221620798110962
6683.461971233966	1.0189887285232544
6683.945471233967	1.007432222366333
6684.428971233967	0.9912988543510437
6684.912471233967	0.9804630875587463
6685.395971233967	0.9809636473655701
6685.879471233968	0.9944832921028137
6686.362971233968	1.0107895135879517
6686.846471233968	1.0109590291976929
6687.3299712339685	1.0031267404556274
6687.813471233969	1.0167752504348755
6688.296971233969	1.0410023927688599
6688.780471233969	1.0324171781539917
6689.26397123397	0.9944902658462524
6689.74747123397	0.9697047472000122
6690.23097123397	0.9705814123153687
6690.7144712339705	0.9832743406295776
6691.197971233971	0.9951209425926208
6691.681471233971	0.9961204528808594
6692.164971233971	0.9902795553207397
6692.648471233972	0.9920170903205872
6693.131971233972	0.9995689392089844
6693.615471233972	0.9986984133720398
6694.098971233972	0.9897263646125793
6694.582471233973	0.9847698211669922
6695.065971233973	0.9924450516700745
6695.549471233973	1.016535758972168
6696.0329712339735	1.0362566709518433
6696.516471233974	1.0157734155654907
6696.999971233974	0.9770238399505615
6697.483471233974	0.9820413589477539
6697.966971233975	1.0213865041732788
6698.450471233975	1.0337498188018799
6698.933971233975	1.012478232383728
6699.417471233975	0.9920386672019958
6699.900971233976	0.985466480255127
6700.384471233976	0.9888680577278137
6700.867971233976	0.999006986618042
6701.351471233977	1.0131607055664062
6701.834971233977	1.025122880935669
6702.318471233977	1.02700936794281
6702.801971233977	1.0216714143753052
6703.285471233978	1.0194551944732666
6703.768971233978	1.0268187522888184
6704.252471233978	1.0453593730926514
6704.7359712339785	1.0530353784561157
6705.219471233979	1.0172691345214844
6705.702971233979	0.9782266020774841
6706.186471233979	1.017372727394104
6706.66997123398	1.1023770570755005
6707.15347123398	1.1299899816513062
6707.63697123398	1.093558430671692
6708.12047123398	1.0507519245147705
6708.603971233981	1.02805495262146
6709.087471233981	1.0280295610427856
6709.570971233981	1.0312100648880005
6710.0544712339815	1.0080223083496094
6710.537971233982	0.9755412340164185
6711.021471233982	0.977649986743927
6711.504971233982	1.015458106994629
6711.988471233983	1.0615321397781372
6712.471971233983	1.084014892578125
6712.955471233983	1.0543267726898193
6713.4389712339835	1.0034040212631226
6713.922471233984	0.9929490685462952
6714.405971233984	1.0144460201263428
6714.889471233984	1.0195258855819702
6715.372971233985	1.0036882162094116
6715.856471233985	0.9888961911201477
6716.339971233985	0.9874008893966675
6716.823471233985	1.0035663843154907
6717.306971233986	1.0250827074050903
6717.790471233986	1.0313658714294434
6718.273971233986	1.0176440477371216
6718.7574712339865	0.9904081225395203
6719.240971233987	0.9730718731880188
6719.724471233987	0.9934446811676025
6720.207971233987	1.0296950340270996
6720.691471233988	1.036978006362915
6721.174971233988	1.0217623710632324
6721.658471233988	1.016287922859192
6722.141971233988	1.0205745697021484
6722.625471233989	1.018768072128296
6723.108971233989	1.015876293182373
6723.592471233989	1.0259751081466675
6724.07597123399	1.0411574840545654
6724.55947123399	1.0434504747390747
6725.04297123399	1.0315485000610352
6725.52647123399	1.0130681991577148
6726.009971233991	0.9946218132972717
6726.493471233991	0.982048749923706
6726.976971233991	0.9796268343925476
6727.4604712339915	0.9897176623344421
6727.943971233992	1.0060234069824219
6728.427471233992	1.0184961557388306
6728.910971233992	1.0226426124572754
6729.394471233993	1.0177843570709229
6729.877971233993	1.0107489824295044
6730.361471233993	1.010448932647705
6730.844971233993	1.0130430459976196
6731.328471233994	1.0099760293960571
6731.811971233994	1.0046674013137817
6732.295471233994	1.005177617073059
6732.7789712339945	1.0107462406158447
6733.262471233995	1.0169103145599365
6733.745971233995	1.0231677293777466
6734.229471233995	1.029999017715454
6734.712971233996	1.0313642024993896
6735.196471233996	1.021499752998352
6735.679971233996	1.0180374383926392
6736.1634712339965	1.042484164237976
6736.646971233997	1.069148063659668
6737.130471233997	1.0585203170776367
6737.613971233997	1.0216848850250244
6738.097471233998	0.9892460107803345
6738.580971233998	0.972011387348175
6739.064471233998	0.970601499080658
6739.547971233998	0.9756988883018494
6740.031471233999	0.976531982421875
6740.514971233999	0.9806565642356873
6740.998471233999	0.9999595284461975
6741.4819712339995	1.024605393409729
6741.965471234	1.0374330282211304
6742.448971234	1.031909704208374
6742.932471234	1.009055495262146
6743.415971234001	0.9895293712615967
6743.899471234001	0.9945937395095825
6744.382971234001	1.001233696937561
6744.866471234001	0.9788174033164978
6745.349971234002	0.9558770060539246
6745.833471234002	0.9726673364639282
6746.316971234002	1.0031203031539917
6746.8004712340025	1.0060575008392334
6747.283971234003	0.9996462464332581
6747.767471234003	1.016121745109558
6748.250971234003	1.0407822132110596
6748.734471234004	1.0479542016983032
6749.217971234004	1.047709584236145
6749.701471234004	1.0561938285827637
6750.1849712340045	1.0515077114105225
6750.668471234005	1.009152889251709
6751.151971234005	0.9636226296424866
6751.635471234005	0.9596462845802307
6752.118971234006	0.9866385459899902
6752.602471234006	1.0156079530715942
6753.085971234006	1.0213537216186523
6753.569471234006	0.9899864792823792
6754.052971234007	0.9585793614387512
6754.536471234007	0.969406008720398
6755.019971234007	1.0056520700454712
6755.5034712340075	1.0346394777297974
6755.986971234008	1.0410923957824707
6756.470471234008	1.0197337865829468
6756.953971234008	0.986420214176178
6757.437471234009	0.9600784182548523
6757.920971234009	0.9422835111618042
6758.404471234009	0.9316569566726685
6758.8879712340095	0.9383043646812439
6759.37147123401	0.9694336652755737
6759.85497123401	1.0030677318572998
6760.33847123401	1.0155839920043945
6760.821971234011	1.015270471572876
6761.305471234011	1.0161664485931396
6761.788971234011	1.01620614528656
6762.272471234011	1.0105916261672974
6762.755971234012	1.0027729272842407
6763.239471234012	0.9980287551879883
6763.722971234012	0.9995601177215576
6764.2064712340125	1.0060640573501587
6764.689971234013	0.999757707118988
6765.173471234013	0.9687501192092896
6765.656971234013	0.9438130855560303
6766.140471234014	0.9545848965644836
6766.623971234014	0.9801267981529236
6767.107471234014	0.9924885034561157
6767.590971234014	0.9885079860687256
6768.074471234015	0.9741874933242798
6768.557971234015	0.9663529992103577
6769.041471234015	0.9796631932258606
6769.5249712340155	1.0100901126861572
6770.008471234016	1.0450005531311035
6770.491971234016	1.0568715333938599
6770.975471234016	1.028353214263916
6771.458971234017	0.9927648901939392
6771.942471234017	0.9841715097427368
6772.425971234017	0.9957880973815918
6772.9094712340175	1.0122910737991333
6773.392971234018	1.0218764543533325
6773.876471234018	1.0169379711151123
6774.359971234018	1.0016965866088867
6774.843471234019	0.9847977757453918
6775.326971234019	0.9809001684188843
6775.810471234019	0.9975224137306213
6776.293971234019	1.0138750076293945
6776.77747123402	1.011130452156067
6777.26097123402	0.9969173073768616
6777.74447123402	0.9826096296310425
6778.2279712340205	0.9736728668212891
6778.711471234021	0.9730270504951477
6779.194971234021	0.979377269744873
6779.678471234021	0.9888722896575928
6780.161971234022	0.9924129843711853
6780.645471234022	0.9846718311309814
6781.128971234022	0.9749552011489868
6781.612471234022	0.971788763999939
6782.095971234023	0.9728860259056091
6782.579471234023	0.9755910038948059
6783.062971234023	0.9821670055389404
6783.546471234024	0.9913952946662903
6784.029971234024	0.9894799590110779
6784.513471234024	0.9731678366661072
6784.996971234024	0.9752671122550964
6785.480471234025	1.0146982669830322
6785.963971234025	1.054333209991455
6786.447471234025	1.0636528730392456
6786.9309712340255	1.0565019845962524
6787.414471234026	1.048146367073059
6787.897971234026	1.0375655889511108
6788.381471234026	1.0216050148010254
6788.864971234027	0.9986041784286499
6789.348471234027	0.9724985957145691
6789.831971234027	0.9608407020568848
6790.315471234027	0.9714804887771606
6790.798971234028	0.9825505018234253
6791.282471234028	0.9770309329032898
6791.765971234028	0.9612643718719482
6792.2494712340285	0.9498633742332458
6792.732971234029	0.9686169624328613
6793.216471234029	1.0219800472259521
6793.699971234029	1.0601991415023804
6794.18347123403	1.051363468170166
6794.66697123403	1.0232133865356445
6795.15047123403	1.002634048461914
6795.6339712340305	0.995245099067688
6796.117471234031	0.9988058805465698
6796.600971234031	1.0001399517059326
6797.084471234031	0.9916324615478516
6797.567971234032	0.9811227321624756
6798.051471234032	0.9797873497009277
6798.534971234032	1.0013608932495117
6799.018471234032	1.0435659885406494
6799.501971234033	1.069966435432434
6799.985471234033	1.05783212184906
6800.468971234033	1.0216761827468872
6800.9524712340335	0.9833402633666992
6801.435971234034	0.9699274897575378
6801.919471234034	0.9878477454185486
6802.402971234034	1.0014671087265015
6802.886471234035	0.9905452728271484
6803.369971234035	0.974296510219574
6803.853471234035	0.9729070663452148
6804.336971234035	0.9994674324989319
6804.820471234036	1.0430965423583984
6805.303971234036	1.0503997802734375
6805.787471234036	1.0113506317138672
6806.270971234037	1.0027589797973633
6806.754471234037	1.0513967275619507
6807.237971234037	1.0786962509155273
6807.721471234037	1.0469155311584473
6808.204971234038	1.0086504220962524
6808.688471234038	0.996487021446228
6809.171971234038	0.993156909942627
6809.6554712340385	0.9861186146736145
6810.138971234039	0.9789078831672668
6810.622471234039	0.9751464128494263
6811.105971234039	0.9759985208511353
6811.58947123404	0.9774643182754517
6812.07297123404	0.9678168892860413
6812.55647123404	0.9468628168106079
6813.03997123404	0.9336736798286438
6813.523471234041	0.9397439360618591
6814.006971234041	0.9618891477584839
6814.490471234041	0.9882577061653137
6814.9739712340415	0.9962704181671143
6815.457471234042	0.986704409122467
6815.940971234042	0.9958093166351318
6816.424471234042	1.0301342010498047
6816.907971234043	1.049208402633667
6817.391471234043	1.0369057655334473
6817.874971234043	1.0170897245407104
6818.3584712340435	1.0052604675292969
6818.841971234044	1.0008872747421265
6819.325471234044	1.001458764076233
6819.808971234044	1.003247618675232
6820.292471234045	1.0017107725143433
6820.775971234045	0.9916750192642212
6821.259471234045	0.9777981042861938
6821.742971234045	0.9771457314491272
6822.226471234046	0.9874324798583984
6822.709971234046	0.981144905090332
6823.193471234046	0.9569339156150818
6823.6769712340465	0.948067843914032
6824.160471234047	0.9685941934585571
6824.643971234047	1.0056333541870117
6825.127471234047	1.0400340557098389
6825.610971234048	1.0478639602661133
6826.094471234048	1.028156042098999
6826.577971234048	1.0072804689407349
6827.061471234048	0.9979391098022461
6827.544971234049	0.9951438307762146
6828.028471234049	0.9966058135032654
6828.511971234049	1.00399911403656
6828.99547123405	1.0156805515289307
6829.47897123405	1.0259897708892822
6829.96247123405	1.0280332565307617
6830.44597123405	1.014420986175537
6830.929471234051	0.990159809589386
6831.412971234051	0.9731320142745972
6831.896471234051	0.9701637029647827
6832.3799712340515	0.9757592082023621
6832.863471234052	0.9849725961685181
6833.346971234052	0.9938429594039917
6833.830471234052	0.9963381886482239
6834.313971234053	0.9851066470146179
6834.797471234053	0.9667028188705444
6835.280971234053	0.9605661630630493
6835.764471234053	0.96906578540802
6836.247971234054	0.9780572056770325
6836.731471234054	0.9832077026367188
6837.214971234054	0.9898020625114441
6837.6984712340545	0.998665452003479
6838.181971234055	1.0061559677124023
6838.665471234055	1.008286952972412
6839.148971234055	1.0015175342559814
6839.632471234056	0.9918158054351807
6840.115971234056	0.9923503994941711
6840.599471234056	0.9972800016403198
6841.0829712340565	0.9859946370124817
6841.566471234057	0.9670293927192688
6842.049971234057	0.9713838696479797
6842.533471234057	0.9910094141960144
6843.016971234058	0.9880141019821167
6843.500471234058	0.969380795955658
6843.983971234058	0.9760637283325195
6844.467471234058	1.0050817728042603
6844.950971234059	1.0198187828063965
6845.434471234059	1.0114136934280396
6845.917971234059	0.9932689070701599
6846.4014712340595	0.9778624176979065
6846.88497123406	0.975625216960907
6847.36847123406	0.9849293828010559
6847.85197123406	0.995527446269989
6848.335471234061	1.0022410154342651
6848.818971234061	1.0037243366241455
6849.302471234061	0.998579740524292
6849.785971234061	0.9859597682952881
6850.269471234062	0.9716120958328247
6850.752971234062	0.9653242230415344
6851.236471234062	0.9708440899848938
6851.7199712340625	0.9869571924209595
6852.203471234063	1.0045216083526611
6852.686971234063	1.010679006576538
6853.170471234063	1.008370280265808
6853.653971234064	1.0091729164123535
6854.137471234064	1.0072474479675293
6854.620971234064	0.9887734651565552
6855.1044712340645	0.9706166982650757
6855.587971234065	0.9840949773788452
6856.071471234065	1.0164005756378174
6856.554971234065	1.031414270401001
6857.038471234066	1.0265713930130005
6857.521971234066	1.0179623365402222
6858.005471234066	1.0087041854858398
6858.488971234066	0.9958168864250183
6858.972471234067	0.9892992973327637
6859.455971234067	1.0030343532562256
6859.939471234067	1.0217698812484741
6860.4229712340675	1.0181633234024048
6860.906471234068	0.9980695843696594
6861.389971234068	0.9832568764686584
6861.873471234068	0.9789298176765442
6862.356971234069	0.9805636405944824
6862.840471234069	0.9761335253715515
6863.323971234069	0.9534105062484741
6863.807471234069	0.9277234077453613
6864.29097123407	0.9241818785667419
6864.77447123407	0.9382980465888977
6865.25797123407	0.9497366547584534
6865.741471234071	0.9287897348403931
6866.224971234071	0.8480690717697144
6866.708471234071	0.7270296216011047
6867.191971234071	0.604722261428833
6867.675471234072	0.5043423771858215
6868.158971234072	0.4403814375400543
6868.642471234072	0.417632520198822
6869.1259712340725	0.4351370632648468
6869.609471234073	0.48347148299217224
6870.092971234073	0.5460621118545532
6870.576471234073	0.5843831896781921
6871.059971234074	0.5640208721160889
6871.543471234074	0.5319539308547974
6872.026971234074	0.5520808100700378
6872.510471234074	0.5902122855186462
6872.993971234075	0.5870151519775391
6873.477471234075	0.5642470121383667
6873.960971234075	0.5669924020767212
6874.4444712340755	0.5944713950157166
6874.927971234076	0.6285303831100464
6875.411471234076	0.6505534648895264
6875.894971234076	0.6488754153251648
6876.378471234077	0.6502851843833923
6876.861971234077	0.6851818561553955
6877.345471234077	0.7307449579238892
6877.8289712340775	0.7534409165382385
6878.312471234078	0.759515643119812
6878.795971234078	0.768376350402832
6879.279471234078	0.7980186343193054
6879.762971234079	0.8575204014778137
6880.246471234079	0.9150215983390808
6880.729971234079	0.9360416531562805
6881.213471234079	0.9355461597442627
6881.69697123408	0.9369456768035889
6882.18047123408	0.9311009645462036
6882.66397123408	0.905727744102478
6883.1474712340805	0.878806471824646
6883.630971234081	0.7910950779914856
6884.114471234081	0.7910950779914856
6884.597971234081	0.7910950779914856
6885.081471234082	0.7910950779914856
